# Program settings for SigmaNu
# Electroweak scheme and input parameters
# Scheme = Complex mass scheme
# alpha_GF = 0.00755898078237864
# Pole masses/widths for particles [GeV]
# mw = 80.35797361
# gw = 2.084298894
# mz = 91.15348062
# gz = 2.494266379
# s^2_thetaw (derived) = (0.222868505240788,-0.00110716741475141)
# charged leptons
# m_e = 0.0005109989461
# m_m = 0.10565837
# m_t = 1.77686
# quarks
# m_d = 0.05
# m_u = 0.05
# m_s = 0.2
# m_c = 1.51
# m_b = 4.92
# m_t = 173
# Ecms (default) = 12350.1

# channel_id = 28
# process  = nu_e A -> W+ e-
-0.99	80.8760287702849
-0.97	9.08860519450796
-0.95	3.27995406219064
-0.93	1.67558995769734
-0.91	1.01460424553069
-0.89	0.679796803073578
-0.87	0.487153850547975
-0.85	0.366255426433324
-0.83	0.285442838951122
-0.81	0.228772664475115
-0.79	0.187506440722089
-0.77	0.156529318590798
-0.75	0.132685797610698
-0.73	0.113943482111984
-0.71	0.0989454380535574
-0.69	0.0867576789864947
-0.67	0.0767202965102254
-0.65	0.0683563213051951
-0.63	0.0613140774675677
-0.61	0.0553296674682181
-0.59	0.050201936767514
-0.57	0.045775389584557
-0.55	0.0419282955010244
-0.53	0.038564259653082
-0.51	0.0356061499470381
-0.49	0.0329916571374051
-0.47	0.0306700046215874
-0.45	0.028599479880783
-0.429999999999999	0.0267455611767721
-0.409999999999999	0.0250794809474941
-0.389999999999999	0.023577113324045
-0.369999999999999	0.0222181048199942
-0.349999999999999	0.0209851892987834
-0.329999999999999	0.0198636438999344
-0.309999999999999	0.0188408537343408
-0.289999999999999	0.0179059611997957
-0.269999999999999	0.0170495816376718
-0.249999999999999	0.0162635713780078
-0.229999999999999	0.0155408374383506
-0.209999999999999	0.0148751805558527
-0.189999999999999	0.0142611650580533
-0.169999999999999	0.0136940104693328
-0.149999999999999	0.0131695008182365
-0.129999999999999	0.012683908436703
-0.109999999999999	0.0122339296846754
-0.0899999999999994	0.0118166305366977
-0.0699999999999994	0.0114294003634128
-0.0499999999999994	0.011069912554865
-0.0299999999999994	0.0107360908827783
-0.00999999999999938	0.0104260806994913
0.0100000000000006	0.0101382242328452
0.0300000000000006	0.00987103936728132
0.0500000000000006	0.00962320140824096
0.0700000000000006	0.00939352741455137
0.0900000000000006	0.0091809627560458
0.110000000000001	0.00898456961398642
0.130000000000001	0.00880351719282837
0.150000000000001	0.00863707345537298
0.170000000000001	0.00848459823084576
0.190000000000001	0.00834553757905252
0.210000000000001	0.0082194193238567
0.230000000000001	0.00810584969776043
0.250000000000001	0.00800451106687862
0.270000000000001	0.00791516073363653
0.290000000000001	0.00783763084396329
0.310000000000001	0.00777182945829254
0.330000000000001	0.00771774288278435
0.350000000000001	0.00767543940117645
0.370000000000001	0.00764507460106344
0.390000000000001	0.00762689855499013
0.410000000000001	0.00762126520134282
0.430000000000001	0.00762864437923189
0.450000000000001	0.00764963711484618
0.470000000000001	0.00768499494706555
0.490000000000001	0.00773564433617835
0.510000000000001	0.00780271754858473
0.530000000000001	0.00788759189171044
0.550000000000001	0.0079919398465888
0.570000000000001	0.00811779359937018
0.590000000000001	0.00826762884506031
0.610000000000001	0.00844447474114964
0.630000000000001	0.0086520598677266
0.650000000000001	0.00889500856086803
0.670000000000001	0.00917910895595043
0.690000000000001	0.00951168509395665
0.710000000000001	0.0099021232972809
0.730000000000001	0.010362632776992
0.750000000000001	0.0109093716128475
0.770000000000001	0.0115641604786201
0.790000000000001	0.0123571759156851
0.810000000000001	0.0133313448998609
0.830000000000001	0.0145498417390581
0.850000000000001	0.0161095827823789
0.870000000000001	0.0181671780927443
0.890000000000001	0.0209931943693333
0.910000000000001	0.0250987688066684
0.930000000000001	0.0315792757238793
0.950000000000001	0.0432827936684169
0.970000000000001	0.0706524417993834
0.990000000000001	0.207676755249425
