# Program settings for SigmaNu
# Electroweak scheme and input parameters
# Scheme = Complex mass scheme
# alpha_GF = 0.00755898078237864
# Pole masses/widths for particles [GeV]
# mw = 80.35797361
# gw = 2.084298894
# mz = 91.15348062
# gz = 2.494266379
# s^2_thetaw (derived) = (0.222868505240788,-0.00110716741475141)
# charged leptons
# m_e = 0.0005109989461
# m_m = 0.10565837
# m_t = 1.77686
# quarks
# m_d = 0.05
# m_u = 0.05
# m_s = 0.2
# m_c = 1.51
# m_b = 4.92
# m_t = 173
# Ecms (default) = 25547.1

# channel_id = 28
# process  = nu_e A -> W+ e-
-0.99	19.1456603849176
-0.97	2.13312515079884
-0.95	0.768488659291641
-0.93	0.392297883222054
-0.91	0.23744673849027
-0.89	0.159050455449112
-0.87	0.113957572589742
-0.85	0.0856649894153064
-0.83	0.0667566118160653
-0.81	0.0534988443189811
-0.79	0.043845824369457
-0.77	0.0366002823489259
-0.75	0.0310237009361973
-0.73	0.0266404761209073
-0.71	0.0231331036543163
-0.69	0.0202830632595738
-0.67	0.0179359715399891
-0.65	0.0159802507678604
-0.63	0.0143336381614686
-0.61	0.0129344070601653
-0.59	0.0117355088894821
-0.57	0.0107005758916394
-0.55	0.00980113854809492
-0.53	0.00901465345183287
-0.51	0.00832308266938596
-0.49	0.00771185513433616
-0.47	0.00716909701988876
-0.45	0.00668505432877315
-0.429999999999999	0.00625165473241557
-0.409999999999999	0.00586217156384722
-0.389999999999999	0.0055109636272026
-0.369999999999999	0.00519327188675136
-0.349999999999999	0.00490505925837817
-0.329999999999999	0.00464288337022172
-0.309999999999999	0.00440379476284972
-0.289999999999999	0.00418525488038026
-0.269999999999999	0.00398506957709425
-0.249999999999999	0.00380133487604595
-0.229999999999999	0.00363239246898427
-0.209999999999999	0.00347679301155128
-0.189999999999999	0.00333326569482964
-0.169999999999999	0.00320069289978703
-0.149999999999999	0.00307808899098972
-0.129999999999999	0.00296458249914765
-0.109999999999999	0.00285940109227156
-0.0899999999999994	0.00276185885290309
-0.0699999999999994	0.00267134547157343
-0.0499999999999994	0.002587317040076
-0.0299999999999994	0.00250928818664467
-0.00999999999999938	0.00243682534205293
0.0100000000000006	0.00236954096342701
0.0300000000000006	0.00230708857318107
0.0500000000000006	0.00224915849548617
0.0700000000000006	0.00219547419316831
0.0900000000000006	0.00214578912486068
0.110000000000001	0.00209988405639797
0.130000000000001	0.00205756477231695
0.150000000000001	0.00201866014350887
0.170000000000001	0.0019830205158602
0.190000000000001	0.00195051639251687
0.210000000000001	0.001921037389536
0.230000000000001	0.00189449145126972
0.250000000000001	0.00187080431829553
0.270000000000001	0.0018499192472933
0.290000000000001	0.00183179698907741
0.310000000000001	0.00181641603867604
0.330000000000001	0.00180377317996335
0.350000000000001	0.00179388435767061
0.370000000000001	0.00178678592204065
0.390000000000001	0.00178253630704022
0.410000000000001	0.0017812182226669
0.430000000000001	0.00178294146757493
0.450000000000001	0.00178784650161769
0.470000000000001	0.00179610896245383
0.490000000000001	0.00180794537012095
0.510000000000001	0.00182362034520518
0.530000000000001	0.00184345577852247
0.550000000000001	0.00186784254780357
0.570000000000001	0.00189725559959749
0.590000000000001	0.00193227353538668
0.610000000000001	0.00197360430932117
0.630000000000001	0.00202211934119807
0.650000000000001	0.00207889940242425
0.670000000000001	0.00214529726161679
0.690000000000001	0.00222302465127521
0.710000000000001	0.00231427528951101
0.730000000000001	0.00242190264503129
0.750000000000001	0.00254968309516794
0.770000000000001	0.0027027164485482
0.790000000000001	0.0028880554025007
0.810000000000001	0.00311573261769793
0.830000000000001	0.00340051285279044
0.850000000000001	0.00376504687548106
0.870000000000001	0.00424593674821784
0.890000000000001	0.00490641786742032
0.910000000000001	0.00586595047552349
0.930000000000001	0.00738053958244928
0.950000000000001	0.0101158228302111
0.970000000000001	0.0165125100186728
0.990000000000001	0.0485370974947626
