# Program settings for SigmaNu
# Electroweak scheme and input parameters
# Scheme = Complex mass scheme
# alpha_GF = 0.00755898078237864
# Pole masses/widths for particles [GeV]
# mw = 80.35797361
# gw = 2.084298894
# mz = 91.15348062
# gz = 2.494266379
# s^2_thetaw (derived) = (0.222868505240788,-0.00110716741475141)
# charged leptons
# m_e = 0.0005109989461
# m_m = 0.10565837
# m_t = 1.77686
# quarks
# m_d = 0.05
# m_u = 0.05
# m_s = 0.2
# m_c = 1.51
# m_b = 4.92
# m_t = 173
# Ecms (default) = 82791.8

# channel_id = 28
# process  = nu_e A -> W+ e-
-0.99	1.82948344548868
-0.97	0.203347673149998
-0.95	0.0732239415639645
-0.93	0.0373716931076472
-0.91	0.0226174512781854
-0.89	0.015148895298263
-0.87	0.01085344208083
-0.85	0.00815852641816453
-0.83	0.00635755978501696
-0.81	0.00509484461165791
-0.79	0.00417548562160015
-0.77	0.0034854331264106
-0.75	0.00295434031498546
-0.73	0.00253690553905274
-0.71	0.00220288716705642
-0.69	0.001931472112997
-0.67	0.00170795636379404
-0.65	0.0015217130692584
-0.63	0.00136490751479095
-0.61	0.00123166093489652
-0.59	0.0011174925448961
-0.57	0.0010189388146863
-0.55	0.000933288442251662
-0.53	0.000858394521292349
-0.51	0.000792539236550977
-0.49	0.000734334945897468
-0.47	0.000682650881102239
-0.45	0.000636558155939969
-0.429999999999999	0.000595288036649759
-0.409999999999999	0.000558199941600664
-0.389999999999999	0.000524756661711876
-0.369999999999999	0.00049450499802223
-0.349999999999999	0.000467060504250074
-0.329999999999999	0.000442095369257431
-0.309999999999999	0.000419328722286474
-0.289999999999999	0.000398518822999917
-0.269999999999999	0.000379456729151895
-0.249999999999999	0.000361961131075261
-0.229999999999999	0.000345874113865537
-0.209999999999999	0.000331057661941557
-0.189999999999999	0.000317390761332251
-0.169999999999999	0.000304766986006947
-0.149999999999999	0.0002930924783991
-0.129999999999999	0.00028228425266639
-0.109999999999999	0.00027226876350378
-0.0899999999999994	0.000262980694564377
-0.0699999999999994	0.000254361929369942
-0.0499999999999994	0.000246360674571139
-0.0299999999999994	0.000238930710998412
-0.00999999999999938	0.000232030752395076
0.0100000000000006	0.000225623895382395
0.0300000000000006	0.000219677147015166
0.0500000000000006	0.00021416101878787
0.0700000000000006	0.000209049177799683
0.0900000000000006	0.000204318147473161
0.110000000000001	0.000199947051530749
0.130000000000001	0.000195917396058114
0.150000000000001	0.000192212885503881
0.170000000000001	0.000188819269220633
0.190000000000001	0.000185724215991111
0.210000000000001	0.000182917214567688
0.230000000000001	0.000180389498953264
0.250000000000001	0.000178133997740003
0.270000000000001	0.000176145307412115
0.290000000000001	0.000174419690260397
0.310000000000001	0.000172955098178282
0.330000000000001	0.000171751224523853
0.350000000000001	0.000170809587145481
0.370000000000001	0.000170133646873141
0.390000000000001	0.000169728967334715
0.410000000000001	0.000169603423686323
0.430000000000001	0.000169767470418416
0.450000000000001	0.000170234481513718
0.470000000000001	0.000171021180536962
0.490000000000001	0.000172148183767565
0.510000000000001	0.000173640687515295
0.530000000000001	0.000175529341230664
0.550000000000001	0.000177851363127374
0.570000000000001	0.000180651976252411
0.590000000000001	0.000183986273413717
0.610000000000001	0.000187921664059596
0.630000000000001	0.00019254112240869
0.650000000000001	0.000197947556624349
0.670000000000001	0.000204269773730133
0.690000000000001	0.000211670760373788
0.710000000000001	0.000220359396632194
0.730000000000001	0.000230607382314413
0.750000000000001	0.000242774294216033
0.770000000000001	0.000257345722817869
0.790000000000001	0.000274993207600198
0.810000000000001	0.000296672032439011
0.830000000000001	0.000323788059279899
0.850000000000001	0.000358498035425833
0.870000000000001	0.0004042871142187
0.890000000000001	0.000467176406013252
0.910000000000001	0.000558540605039174
0.930000000000001	0.000702755844055698
0.950000000000001	0.000963202412046255
0.970000000000001	0.00157227836277471
0.990000000000001	0.00462157647831341
