# Program settings for SigmaNu
# Electroweak scheme and input parameters
# Scheme = Complex mass scheme
# alpha_GF = 0.00755898078237864
# Pole masses/widths for particles [GeV]
# mw = 80.35797361
# gw = 2.084298894
# mz = 91.15348062
# gz = 2.494266379
# s^2_thetaw (derived) = (0.222868505240788,-0.00110716741475141)
# charged leptons
# m_e = 0.0005109989461
# m_m = 0.10565837
# m_t = 1.77686
# quarks
# m_d = 0.05
# m_u = 0.05
# m_s = 0.2
# m_c = 1.51
# m_b = 4.92
# m_t = 173
# Ecms (default) = 2612.14

# channel_id = 28
# process  = nu_e A -> W+ e-
-0.99	1300.73482159562
-0.97	180.923916596619
-0.95	68.3557320820396
-0.93	35.6256476218375
-0.91	21.8152231354609
-0.89	14.7216141292258
-0.87	10.6024175855907
-0.85	8.00041053356147
-0.83	6.25266043197692
-0.81	5.02241035168796
-0.79	4.12386124458802
-0.77	3.44768969900114
-0.75	2.92616404186249
-0.73	2.51550603802592
-0.71	2.18640039834453
-0.69	1.91861815437392
-0.67	1.69783527227741
-0.65	1.51367885522516
-0.63	1.35848797716271
-0.61	1.22650531103818
-0.59	1.11333651977303
-0.57	1.01558064275172
-0.55	0.930572346653252
-0.53	0.856198957060672
-0.51	0.790768465330002
-0.49	0.732912903420468
-0.47	0.681516656528575
-0.45	0.635662620393597
-0.429999999999999	0.594591301727721
-0.409999999999999	0.557669424471872
-0.389999999999999	0.524365598462791
-0.369999999999999	0.494231291638294
-0.349999999999999	0.466885824811537
-0.329999999999999	0.442004445910443
-0.309999999999999	0.419308782256136
-0.289999999999999	0.398559144231204
-0.269999999999999	0.379548281386808
-0.249999999999999	0.362096286240156
-0.229999999999999	0.346046411138629
-0.209999999999999	0.331261616214732
-0.189999999999999	0.317621706302553
-0.169999999999999	0.305020945074614
-0.149999999999999	0.293366058001137
-0.129999999999999	0.28257455378878
-0.109999999999999	0.272573308012324
-0.0899999999999994	0.263297363665128
-0.0699999999999994	0.254688912033612
-0.0499999999999994	0.246696424181789
-0.0299999999999994	0.239273908817706
-0.00999999999999938	0.232380276711887
0.0100000000000006	0.225978795383967
0.0300000000000006	0.220036620649157
0.0500000000000006	0.214524393961963
0.0700000000000006	0.209415896420649
0.0900000000000006	0.204687751889307
0.110000000000001	0.200319173023554
0.130000000000001	0.196291745106616
0.150000000000001	0.192589243559579
0.170000000000001	0.189197481820225
0.190000000000001	0.186104187021173
0.210000000000001	0.183298901567357
0.230000000000001	0.180772909341135
0.250000000000001	0.178519185874646
0.270000000000001	0.176532372449058
0.290000000000001	0.174808774735618
0.310000000000001	0.173346387315934
0.330000000000001	0.172144946245523
0.350000000000001	0.171206012803314
0.370000000000001	0.170533092760584
0.390000000000001	0.170131796987084
0.410000000000001	0.170010051098027
0.430000000000001	0.170178364282674
0.450000000000001	0.170650170650641
0.470000000000001	0.171442260678007
0.490000000000001	0.172575326049093
0.510000000000001	0.17407464897548
0.530000000000001	0.175970977816656
0.550000000000001	0.178301645844874
0.570000000000001	0.181112011282183
0.590000000000001	0.184457327349711
0.610000000000001	0.188405195794328
0.630000000000001	0.193038823825872
0.650000000000001	0.198461405036664
0.670000000000001	0.204802100394596
0.690000000000001	0.212224341211158
0.710000000000001	0.220937574356604
0.730000000000001	0.231214233935979
0.750000000000001	0.243414865609894
0.770000000000001	0.258026365420177
0.790000000000001	0.275722075514564
0.810000000000001	0.297459841247508
0.830000000000001	0.324649291356606
0.850000000000001	0.35945294879448
0.870000000000001	0.40536529688691
0.890000000000001	0.468423561447267
0.910000000000001	0.560032877343208
0.930000000000001	0.70463460752557
0.950000000000001	0.965778640276504
0.970000000000001	1.57648489464577
0.990000000000001	4.63394294400918
