# Program settings for SigmaNu
# Electroweak scheme and input parameters
# Scheme = Complex mass scheme
# alpha_GF = 0.00755898078237864
# Pole masses/widths for particles [GeV]
# mw = 80.35797361
# gw = 2.084298894
# mz = 91.15348062
# gz = 2.494266379
# s^2_thetaw (derived) = (0.222868505240788,-0.00110716741475141)
# charged leptons
# m_e = 0.0005109989461
# m_m = 0.10565837
# m_t = 1.77686
# quarks
# m_d = 0.05
# m_u = 0.05
# m_s = 0.2
# m_c = 1.51
# m_b = 4.92
# m_t = 173
# Ecms (default) = 3328.29

# channel_id = 28
# process  = nu_e A -> W+ e-
-0.99	908.741287145706
-0.97	116.666009919049
-0.95	43.2951180831717
-0.93	22.3869859995476
-0.91	13.6477452395899
-0.89	9.18370408606404
-0.87	6.60093324436988
-0.85	4.97368514450381
-0.83	3.88279473818878
-0.81	3.11606847107718
-0.79	2.55674177295894
-0.77	2.13625439601557
-0.75	1.81220168326349
-0.73	1.55721400130241
-0.71	1.35298548990983
-0.69	1.18689700338692
-0.67	1.05002080305252
-0.65	0.93589671305368
-0.63	0.8397567660322
-0.61	0.758019886308429
-0.59	0.687954240703722
-0.57	0.627446563806331
-0.55	0.574841407202731
-0.53	0.528827097620028
-0.51	0.488353513271456
-0.49	0.452571922941192
-0.47	0.420790372694058
-0.45	0.392440192236114
-0.429999999999999	0.367050562784096
-0.409999999999999	0.344229002968471
-0.389999999999999	0.323646249798297
-0.369999999999999	0.305024438871254
-0.349999999999999	0.288127786083675
-0.329999999999999	0.272755183730898
-0.309999999999999	0.25873427449538
-0.289999999999999	0.245916675694423
-0.269999999999999	0.234174105678063
-0.249999999999999	0.223395222908457
-0.229999999999999	0.213483031890627
-0.209999999999999	0.20435274287724
-0.189999999999999	0.195929997051985
-0.169999999999999	0.188149387790473
-0.149999999999999	0.180953223107875
-0.129999999999999	0.174290485622901
-0.109999999999999	0.168115955101215
-0.0899999999999994	0.162389465481904
-0.0699999999999994	0.157075273681024
-0.0499999999999994	0.152141521738585
-0.0299999999999994	0.147559777280925
-0.00999999999999938	0.143304640000347
0.0100000000000006	0.139353404054427
0.0300000000000006	0.135685768071466
0.0500000000000006	0.132283585903734
0.0700000000000006	0.129130652464708
0.0900000000000006	0.126212519974497
0.110000000000001	0.123516340761707
0.130000000000001	0.121030733464563
0.150000000000001	0.118745670067116
0.170000000000001	0.116652381720877
0.190000000000001	0.114743281758061
0.210000000000001	0.113011904716959
0.230000000000001	0.111452860588447
0.250000000000001	0.110061803870742
0.270000000000001	0.108835417402516
0.290000000000001	0.107771411349236
0.310000000000001	0.106868538163543
0.330000000000001	0.106126624850649
0.350000000000001	0.105546624473271
0.370000000000001	0.105130689565165
0.390000000000001	0.10488227103745
0.410000000000001	0.104806247324713
0.430000000000001	0.104909090020341
0.450000000000001	0.105199074220291
0.470000000000001	0.105686544412057
0.490000000000001	0.106384250267544
0.510000000000001	0.10730777149802
0.530000000000001	0.108476057551153
0.550000000000001	0.109912117187738
0.570000000000001	0.111643906095946
0.590000000000001	0.113705479570764
0.610000000000001	0.116138504854787
0.630000000000001	0.118994268708108
0.650000000000001	0.12233637780898
0.670000000000001	0.12624444545016
0.690000000000001	0.130819209514467
0.710000000000001	0.136189772270872
0.730000000000001	0.142524061789477
0.750000000000001	0.150044318690173
0.770000000000001	0.159050666740928
0.790000000000001	0.169958156162582
0.810000000000001	0.183357206522732
0.830000000000001	0.200116719091655
0.850000000000001	0.221569683105901
0.870000000000001	0.24987011513059
0.890000000000001	0.288739391398807
0.910000000000001	0.345207695061974
0.930000000000001	0.434340807620314
0.950000000000001	0.595311207535097
0.970000000000001	0.971753575142023
0.990000000000001	2.8563863891809
