# Program settings for SigmaNu
# Electroweak scheme and input parameters
# Scheme = Complex mass scheme
# alpha_GF = 0.00755898078237864
# Pole masses/widths for particles [GeV]
# mw = 80.35797361
# gw = 2.084298894
# mz = 91.15348062
# gz = 2.494266379
# s^2_thetaw (derived) = (0.222868505240788,-0.00110716741475141)
# charged leptons
# m_e = 0.0005109989461
# m_m = 0.10565837
# m_t = 1.77686
# quarks
# m_d = 0.05
# m_u = 0.05
# m_s = 0.2
# m_c = 1.51
# m_b = 4.92
# m_t = 173
# Ecms (default) = 3810.86

# channel_id = 28
# process  = nu_e A -> W+ e-
-0.99	728.757638039988
-0.97	90.5796830506825
-0.95	33.3801082098869
-0.93	17.207488657483
-0.91	10.4722242599348
-0.89	7.0391475597394
-0.87	5.05564964039812
-0.85	3.80721081548711
-0.83	2.97089242091407
-0.81	2.38342965476926
-0.79	1.95507299815586
-0.77	1.63316667103493
-0.75	1.38516409143464
-0.73	1.1900697024643
-0.71	1.03384722520849
-0.69	0.90682448933533
-0.67	0.802160954676749
-0.65	0.714908200104556
-0.63	0.641414954417347
-0.61	0.578939483213558
-0.59	0.525390672695534
-0.57	0.47915119491494
-0.55	0.438954308644153
-0.53	0.403796478408345
-0.51	0.372874386633142
-0.49	0.345538856016287
-0.47	0.321260685996827
-0.45	0.299605008509686
-0.429999999999999	0.280211818926754
-0.409999999999999	0.26278103950953
-0.389999999999999	0.247060948439114
-0.369999999999999	0.232839134925843
-0.349999999999999	0.219935369346801
-0.329999999999999	0.208195938766033
-0.309999999999999	0.19748911358201
-0.289999999999999	0.187701494450322
-0.269999999999999	0.178735049536548
-0.249999999999999	0.170504697064164
-0.229999999999999	0.162936321538671
-0.209999999999999	0.155965137106898
-0.189999999999999	0.149534330482952
-0.169999999999999	0.143593930336087
-0.149999999999999	0.138099861142303
-0.129999999999999	0.133013148089183
-0.109999999999999	0.128299246307058
-0.0899999999999994	0.123927472934265
-0.0699999999999994	0.1198705246487
-0.0499999999999994	0.116104066566743
-0.0299999999999994	0.112606381016049
-0.00999999999999938	0.109358066777057
0.0100000000000006	0.106341781071394
0.0300000000000006	0.103542017939885
0.0500000000000006	0.100944917765915
0.0700000000000006	0.0985381036133899
0.0900000000000006	0.0963105408041214
0.110000000000001	0.0942524167895468
0.130000000000001	0.0923550389027471
0.150000000000001	0.090610748030124
0.170000000000001	0.0890128466352833
0.190000000000001	0.0875555399162025
0.210000000000001	0.0862338891932778
0.230000000000001	0.08504377692269
0.250000000000001	0.0839818830183529
0.270000000000001	0.0830456724581669
0.290000000000001	0.0822333944594268
0.310000000000001	0.0815440938485708
0.330000000000001	0.0809776356399201
0.350000000000001	0.0805347442987093
0.370000000000001	0.0802170597241696
0.390000000000001	0.0800272126868769
0.410000000000001	0.0799689233417109
0.430000000000001	0.0800471275843242
0.450000000000001	0.0802681375218862
0.470000000000001	0.0806398443261059
0.490000000000001	0.0811719744237625
0.510000000000001	0.0818764136419634
0.530000000000001	0.0827676189776539
0.550000000000001	0.0838631447244745
0.570000000000001	0.085184319700514
0.590000000000001	0.0867571267180103
0.610000000000001	0.0886133564704023
0.630000000000001	0.090792139272929
0.650000000000001	0.0933420054238732
0.670000000000001	0.096323698096077
0.690000000000001	0.0998140782745888
0.710000000000001	0.103911648613758
0.730000000000001	0.108744535344136
0.750000000000001	0.114482304437868
0.770000000000001	0.121353945636828
0.790000000000001	0.129676135964468
0.810000000000001	0.139899356791822
0.830000000000001	0.152686567096454
0.850000000000001	0.169054818400378
0.870000000000001	0.190647594426223
0.890000000000001	0.220304252058636
0.910000000000001	0.263388720833686
0.930000000000001	0.331395977590413
0.950000000000001	0.454214066202157
0.970000000000001	0.741434205281818
0.990000000000001	2.17938221328207
