# Program settings for SigmaNu
# Electroweak scheme and input parameters
# Scheme = Complex mass scheme
# alpha_GF = 0.00755898078237864
# Pole masses/widths for particles [GeV]
# mw = 80.35797361
# gw = 2.084298894
# mz = 91.15348062
# gz = 2.494266379
# s^2_thetaw (derived) = (0.222868505240788,-0.00110716741475141)
# charged leptons
# m_e = 0.0005109989461
# m_m = 0.10565837
# m_t = 1.77686
# quarks
# m_d = 0.05
# m_u = 0.05
# m_s = 0.2
# m_c = 1.51
# m_b = 4.92
# m_t = 173
# Ecms (default) = 30528.9

# channel_id = 28
# process  = nu_e A -> W+ e-
-0.99	13.4228362141514
-0.97	1.49433368212739
-0.95	0.538269884132315
-0.93	0.274757250516358
-0.91	0.166296480499645
-0.89	0.111388758307799
-0.87	0.0798072659336528
-0.85	0.0599925506610725
-0.83	0.0467502792045851
-0.81	0.0374654656800301
-0.79	0.0307052327672218
-0.77	0.0256310535816165
-0.75	0.021725702995115
-0.73	0.0186560926971718
-0.71	0.0161998614010625
-0.69	0.0142039716446003
-0.67	0.0125603040655712
-0.65	0.0111907178977873
-0.63	0.0100376027081551
-0.61	0.00905773017250261
-0.59	0.00821815144684294
-0.57	0.00749339772856335
-0.55	0.00686353152325372
-0.53	0.00631276550390704
-0.51	0.00582846759964978
-0.49	0.00540043363452061
-0.47	0.0050203483408386
-0.45	0.00468138098793088
-0.429999999999999	0.00437787853075572
-0.409999999999999	0.00410513029921827
-0.389999999999999	0.00385918578344273
-0.369999999999999	0.00363671225289114
-0.349999999999999	0.00343488256085287
-0.329999999999999	0.00325128603775311
-0.309999999999999	0.00308385720009934
-0.289999999999999	0.00293081831927652
-0.269999999999999	0.00279063285599201
-0.249999999999999	0.00266196747490884
-0.229999999999999	0.0025436608811892
-0.209999999999999	0.00243469811612155
-0.189999999999999	0.00233418924810884
-0.169999999999999	0.00224135162321898
-0.149999999999999	0.00215549501448962
-0.129999999999999	0.00207600914442823
-0.109999999999999	0.00200235316037898
-0.0899999999999994	0.00193404672484142
-0.0699999999999994	0.00187066244771324
-0.0499999999999994	0.00181181943887184
-0.0299999999999994	0.00175717780051269
-0.00999999999999938	0.00170643391143584
0.0100000000000006	0.00165931638204666
0.0300000000000006	0.00161558258015264
0.0500000000000006	0.00157501564525902
0.0700000000000006	0.00153742192333138
0.0900000000000006	0.00150262876588757
0.110000000000001	0.00147048264720595
0.130000000000001	0.00144084756168372
0.150000000000001	0.00141360367066972
0.170000000000001	0.00138864617400651
0.190000000000001	0.0013658843872531
0.210000000000001	0.00134524101032048
0.230000000000001	0.00132665157801336
0.250000000000001	0.00131006408741257
0.270000000000001	0.00129543880168947
0.290000000000001	0.00128274823471847
0.310000000000001	0.00127197732617239
0.330000000000001	0.00126312382290213
0.350000000000001	0.00125619888956256
0.370000000000001	0.00125122798019951
0.390000000000001	0.0012482520134233
0.410000000000001	0.00124732890761691
0.430000000000001	0.00124853555051049
0.450000000000001	0.00125197030089619
0.470000000000001	0.00125775615146785
0.490000000000001	0.00126604472353667
0.510000000000001	0.0012770213216635
0.530000000000001	0.00129091135487475
0.550000000000001	0.00130798854148406
0.570000000000001	0.00132858547041121
0.590000000000001	0.0013531073167223
0.610000000000001	0.00138204983685378
0.630000000000001	0.00141602325683486
0.650000000000001	0.00145578440466022
0.670000000000001	0.00150228057894595
0.690000000000001	0.00155671044877442
0.710000000000001	0.00162061020172292
0.730000000000001	0.00169597802675957
0.750000000000001	0.00178545839505765
0.770000000000001	0.00189262253265302
0.790000000000001	0.00202240920856594
0.810000000000001	0.00218184396091616
0.830000000000001	0.00238126605852381
0.850000000000001	0.00263653707979383
0.870000000000001	0.002973288230387
0.890000000000001	0.00343580115303362
0.910000000000001	0.00410772987829184
0.930000000000001	0.00516834619137808
0.950000000000001	0.00708377397208418
0.970000000000001	0.0115631610351926
0.990000000000001	0.0339889134475651
