# Program settings for SigmaNu
# Electroweak scheme and input parameters
# Scheme = Complex mass scheme
# alpha_GF = 0.00755898078237864
# Pole masses/widths for particles [GeV]
# mw = 80.35797361
# gw = 2.084298894
# mz = 91.15348062
# gz = 2.494266379
# s^2_thetaw (derived) = (0.222868505240788,-0.00110716741475141)
# charged leptons
# m_e = 0.0005109989461
# m_m = 0.10565837
# m_t = 1.77686
# quarks
# m_d = 0.05
# m_u = 0.05
# m_s = 0.2
# m_c = 1.51
# m_b = 4.92
# m_t = 173
# Ecms (default) = 217.222

# channel_id = 28
# process  = nu_e A -> W+ e-
-0.99	291.020550315001
-0.97	258.500038738579
-0.95	231.167048157909
-0.93	207.976455219001
-0.91	188.133583094077
-0.89	171.025505844644
-0.87	156.173368977693
-0.85	143.198687435441
-0.83	131.79912732672
-0.81	121.730839931116
-0.79	112.795397812301
-0.77	104.830012333055
-0.75	97.7001234225914
-0.73	91.2937262933879
-0.71	85.5169849804854
-0.69	80.2908096694822
-0.67	75.5481632187187
-0.65	71.2319246150827
-0.63	67.2931815638679
-0.61	63.6898564806282
-0.59	60.3855935237005
-0.57	57.3488515057024
-0.55	54.5521602970065
-0.53	51.971507904667
-0.51	49.5858326388847
-0.49	47.3766002810875
-0.47	45.3274503861206
-0.45	43.4238991077403
-0.429999999999999	41.6530884673899
-0.409999999999999	40.0035739651981
-0.389999999999999	38.4651439888192
-0.369999999999999	37.0286657071864
-0.349999999999999	35.6859531156964
-0.329999999999999	34.4296536823993
-0.309999999999999	33.2531506739128
-0.289999999999999	32.150478747675
-0.269999999999999	31.1162508090501
-0.249999999999999	30.145594467315
-0.229999999999999	29.2340966990378
-0.209999999999999	28.3777555528343
-0.189999999999999	27.5729379154769
-0.169999999999999	26.8163425133634
-0.149999999999999	26.1049674514374
-0.129999999999999	25.4360816986009
-0.109999999999999	24.8072000183382
-0.0899999999999994	24.2160609188069
-0.0699999999999994	23.6606072605881
-0.0499999999999994	23.1389692146999
-0.0299999999999994	22.6494493100791
-0.00999999999999938	22.1905093499392
0.0100000000000006	21.7607590114045
0.0300000000000006	21.3589459736199
0.0500000000000006	20.9839474469948
0.0700000000000006	20.6347630011384
0.0900000000000006	20.3105086120714
0.110000000000001	20.0104118710984
0.130000000000001	19.7338083189375
0.150000000000001	19.4801388899684
0.170000000000001	19.2489484734579
0.190000000000001	19.0398856221201
0.210000000000001	18.8527034642451
0.230000000000001	18.6872619049296
0.250000000000001	18.5435312359733
0.270000000000001	18.4215973143692
0.290000000000001	18.3216685181047
0.310000000000001	18.2440847478889
0.330000000000001	18.1893288179721
0.350000000000001	18.1580406731252
0.370000000000001	18.1510349884265
0.390000000000001	18.1693228623238
0.410000000000001	18.2141385132527
0.430000000000001	18.2869721521505
0.450000000000001	18.3896105502653
0.470000000000001	18.5241872858809
0.490000000000001	18.6932452810065
0.510000000000001	18.8998150964078
0.530000000000001	19.1475136384839
0.550000000000001	19.4406695901762
0.570000000000001	19.7844842306561
0.590000000000001	20.1852396935024
0.610000000000001	20.650571659943
0.630000000000001	21.189830836809
0.650000000000001	21.8145687031591
0.670000000000001	22.5392002167778
0.690000000000001	23.3819233699841
0.710000000000001	24.3660195637966
0.730000000000001	25.5217322352255
0.750000000000001	26.8890475332431
0.770000000000001	28.5219260905428
0.790000000000001	30.4949532622593
0.810000000000001	32.9141898336384
0.830000000000001	35.9356823794769
0.850000000000001	39.7987822557165
0.870000000000001	44.890220951351
0.890000000000001	51.8780862271789
0.910000000000001	62.0244335627471
0.930000000000001	78.0338034853223
0.950000000000001	106.938181195559
0.970000000000001	174.521795787271
0.990000000000001	512.843512981136
