# Program settings for SigmaNu
# Electroweak scheme and input parameters
# Scheme = Complex mass scheme
# alpha_GF = 0.00755898078237864
# Pole masses/widths for particles [GeV]
# mw = 80.35797361
# gw = 2.084298894
# mz = 91.15348062
# gz = 2.494266379
# s^2_thetaw (derived) = (0.222868505240788,-0.00110716741475141)
# charged leptons
# m_e = 0.0005109989461
# m_m = 0.10565837
# m_t = 1.77686
# quarks
# m_d = 0.05
# m_u = 0.05
# m_s = 0.2
# m_c = 1.51
# m_b = 4.92
# m_t = 173
# Ecms (default) = 6013

# channel_id = 28
# process  = nu_e A -> W+ e-
-0.99	323.498196727861
-0.97	37.6600210203204
-0.95	13.6889791747912
-0.93	7.01477542516156
-0.91	4.25490726910581
-0.89	2.85396530818388
-0.87	2.0467536979267
-0.85	1.53966249262928
-0.83	1.20045460746313
-0.81	0.962447173935204
-0.79	0.789055057561433
-0.77	0.658847006227416
-0.75	0.558592933225727
-0.73	0.479767057271122
-0.71	0.41667456506242
-0.69	0.365394178722673
-0.67	0.323154401779788
-0.65	0.287951470824321
-0.63	0.258307608763859
-0.61	0.233113642040316
-0.59	0.211523938606438
-0.57	0.192884692686493
-0.55	0.176683986487639
-0.53	0.162516386691813
-0.51	0.150057434603999
-0.49	0.139044991860925
-0.47	0.129265414235889
-0.45	0.120543176515597
-0.429999999999999	0.112732998011158
-0.409999999999999	0.105713802916008
-0.389999999999999	0.0993840427093409
-0.369999999999999	0.0936580405796214
-0.349999999999999	0.088463110445528
-0.329999999999999	0.0837372685582358
-0.309999999999999	0.0794274024140681
-0.289999999999999	0.075487795484195
-0.269999999999999	0.0718789309283521
-0.249999999999999	0.0685665156383092
-0.229999999999999	0.0655206794800832
-0.209999999999999	0.0627153147502824
-0.189999999999999	0.0601275285366769
-0.169999999999999	0.0577371865227383
-0.149999999999999	0.0555265312669257
-0.129999999999999	0.0534798614593957
-0.109999999999999	0.0515832613604611
-0.0899999999999994	0.0498243717407048
-0.0699999999999994	0.0481921953093071
-0.0499999999999994	0.0466769309379275
-0.0299999999999994	0.0452698320398885
-0.00999999999999938	0.043963085308058
0.0100000000000006	0.042749706694543
0.0300000000000006	0.0416234520663992
0.0500000000000006	0.0405787404208873
0.0700000000000006	0.0396105879126211
0.0900000000000006	0.0387145512499073
0.110000000000001	0.0378866792718499
0.130000000000001	0.0371234717321084
0.150000000000001	0.0364218444980504
0.170000000000001	0.0357791005326532
0.190000000000001	0.03519290616702
0.210000000000001	0.0346612722989639
0.230000000000001	0.0341825402727119
0.250000000000001	0.0337553723110931
0.270000000000001	0.0333787464893573
0.290000000000001	0.0330519563641407
0.310000000000001	0.0327746155080162
0.330000000000001	0.0325466673567417
0.350000000000001	0.0323684009614857
0.370000000000001	0.0322404734637022
0.390000000000001	0.0321639403910161
0.410000000000001	0.0321402952291482
0.430000000000001	0.0321715201856162
0.450000000000001	0.0322601506650938
0.470000000000001	0.0324093567789198
0.490000000000001	0.0326230462911787
0.510000000000001	0.0329059948755805
0.530000000000001	0.0332640115877218
0.550000000000001	0.0337041502960767
0.570000000000001	0.0342349818379965
0.590000000000001	0.0348669474531381
0.610000000000001	0.0356128224999924
0.630000000000001	0.0364883320241291
0.650000000000001	0.037512978768239
0.670000000000001	0.0387111736082654
0.690000000000001	0.0401138048597283
0.710000000000001	0.0417604581931604
0.730000000000001	0.0437026243870034
0.750000000000001	0.046008447986476
0.770000000000001	0.0487699546935251
0.790000000000001	0.0521144098594758
0.810000000000001	0.0562228519356948
0.830000000000001	0.06136170955521
0.850000000000001	0.0679397135158015
0.870000000000001	0.0766173442039425
0.890000000000001	0.0885356776164105
0.910000000000001	0.105850360985023
0.930000000000001	0.133180977041365
0.950000000000001	0.182538884897227
0.970000000000001	0.297966428087747
0.990000000000001	0.875846649163688
