# Program settings for SigmaNu
# Electroweak scheme and input parameters
# Scheme = Complex mass scheme
# alpha_GF = 0.00755898078237864
# Pole masses/widths for particles [GeV]
# mw = 80.35797361
# gw = 2.084298894
# mz = 91.15348062
# gz = 2.494266379
# s^2_thetaw (derived) = (0.222868505240788,-0.00110716741475141)
# charged leptons
# m_e = 0.0005109989461
# m_m = 0.10565837
# m_t = 1.77686
# quarks
# m_d = 0.05
# m_u = 0.05
# m_s = 0.2
# m_c = 1.51
# m_b = 4.92
# m_t = 173
# Ecms (default) = 2185.88

# channel_id = 28
# process  = nu_e A -> W+ e-
-0.99	1628.33345515882
-0.97	245.796095183583
-0.95	94.6684232222508
-0.93	49.7649583979555
-0.91	30.6220580454224
-0.89	20.7296039388778
-0.87	14.9620065420811
-0.85	11.3082962357155
-0.83	8.84885671751447
-0.81	7.11475723490559
-0.79	5.84651771149472
-0.77	4.89110749883198
-0.75	4.15353757955198
-0.73	3.57231622396721
-0.71	3.10621249366853
-0.69	2.72674308059715
-0.67	2.41371950106487
-0.65	2.15250965331476
-0.63	1.93229888902447
-0.61	1.74495440819082
-0.59	1.58426508940451
-0.57	1.4454213239648
-0.55	1.32465200421063
-0.53	1.21896665597152
-0.51	1.12596929768835
-0.49	1.04372209935439
-0.47	0.970644177001258
-0.45	0.90543554339722
-0.429999999999999	0.847019314686132
-0.409999999999999	0.794497331257863
-0.389999999999999	0.747115749286672
-0.369999999999999	0.704238122899868
-0.349999999999999	0.665324169967687
-0.329999999999999	0.62991289055258
-0.309999999999999	0.597609047732551
-0.289999999999999	0.568072266990057
-0.269999999999999	0.541008190514823
-0.249999999999999	0.516161255720486
-0.229999999999999	0.493308766279624
-0.209999999999999	0.472255998337016
-0.189999999999999	0.452832140854354
-0.169999999999999	0.434886911983789
-0.149999999999999	0.41828772636511
-0.129999999999999	0.402917313770564
-0.109999999999999	0.388671709401754
-0.0899999999999994	0.375458551721941
-0.0699999999999994	0.3631956359886
-0.0499999999999994	0.351809681389578
-0.0299999999999994	0.341235277452286
-0.00999999999999938	0.331413981622815
0.0100000000000006	0.322293544934236
0.0300000000000006	0.313827246756263
0.0500000000000006	0.305973322942193
0.0700000000000006	0.298694474418511
0.0900000000000006	0.291957445520995
0.110000000000001	0.28573266326587
0.130000000000001	0.279993930333724
0.150000000000001	0.274718165901841
0.170000000000001	0.269885189639218
0.190000000000001	0.265477545224133
0.210000000000001	0.261480360694704
0.230000000000001	0.257881243835924
0.250000000000001	0.25467021167609
0.270000000000001	0.25183965404766
0.290000000000001	0.2493843321009
0.310000000000001	0.247301413687599
0.330000000000001	0.245590548710577
0.350000000000001	0.244253988929708
0.370000000000001	0.243296758413516
0.390000000000001	0.242726882942333
0.410000000000001	0.242555689359461
0.430000000000001	0.242798189343452
0.450000000000001	0.243473566633664
0.470000000000001	0.24460579279926
0.490000000000001	0.246224404794465
0.510000000000001	0.248365488651782
0.530000000000001	0.251072928993315
0.550000000000001	0.254400005469554
0.570000000000001	0.258411447606228
0.590000000000001	0.263186103219867
0.610000000000001	0.268820439379779
0.630000000000001	0.275433189736291
0.650000000000001	0.283171605634406
0.670000000000001	0.292219990340172
0.690000000000001	0.302811546449241
0.710000000000001	0.315245134975686
0.730000000000001	0.329909491986032
0.750000000000001	0.347319078101377
0.770000000000001	0.368168640862748
0.790000000000001	0.393418964334805
0.810000000000001	0.424436785155546
0.830000000000001	0.463233481824669
0.850000000000001	0.512894724698608
0.870000000000001	0.578406735758261
0.890000000000001	0.668383933235056
0.910000000000001	0.799100114225206
0.930000000000001	1.00543024999399
0.950000000000001	1.378052607884
0.970000000000001	2.24945938819552
0.990000000000001	6.6120950789534
