# Program settings for SigmaNu
# Electroweak scheme and input parameters
# Scheme = Complex mass scheme
# alpha_GF = 0.00755898078237864
# Pole masses/widths for particles [GeV]
# mw = 80.35797361
# gw = 2.084298894
# mz = 91.15348062
# gz = 2.494266379
# s^2_thetaw (derived) = (0.222868505240788,-0.00110716741475141)
# charged leptons
# m_e = 0.0005109989461
# m_m = 0.10565837
# m_t = 1.77686
# quarks
# m_d = 0.05
# m_u = 0.05
# m_s = 0.2
# m_c = 1.51
# m_b = 4.92
# m_t = 173
# Ecms (default) = 2154.95

# channel_id = 28
# process  = nu_e A -> W+ e-
-0.99	1655.00165456974
-0.97	251.704894829332
-0.95	97.120289695874
-0.93	51.0955692411821
-0.91	31.4554375630213
-0.89	21.3001437484368
-0.87	15.3770247969217
-0.85	11.6237637647709
-0.83	9.09679351546962
-0.81	7.31479445655861
-0.79	6.01135656149838
-0.77	5.02932727397991
-0.75	4.27114141179244
-0.73	3.67363008674429
-0.71	3.1944324548855
-0.69	2.80428148220085
-0.67	2.48243125573033
-0.65	2.213844436153
-0.63	1.98740606318782
-0.61	1.79475696346046
-0.59	1.62951276704077
-0.57	1.48672945577197
-0.55	1.36253035465731
-0.53	1.2538411454541
-0.51	1.15819857562654
-0.49	1.07361033734368
-0.47	0.998451050932488
-0.45	0.931384099682537
-0.429999999999999	0.871302226006757
-0.409999999999999	0.817281913850989
-0.389999999999999	0.768548018732448
-0.369999999999999	0.724446096789779
-0.349999999999999	0.684420575785574
-0.329999999999999	0.647997400178946
-0.309999999999999	0.614770132473567
-0.289999999999999	0.584388746342964
-0.269999999999999	0.55655053218353
-0.249999999999999	0.530992672385985
-0.229999999999999	0.507486145371069
-0.209999999999999	0.485830693858625
-0.189999999999999	0.465850650700195
-0.169999999999999	0.447391459746243
-0.149999999999999	0.430316763137543
-0.129999999999999	0.414505952652248
-0.109999999999999	0.399852103176554
-0.0899999999999994	0.386260222381447
-0.0699999999999994	0.373645763313686
-0.0499999999999994	0.361933356620415
-0.0299999999999994	0.351055727110722
-0.00999999999999938	0.340952765759904
0.0100000000000006	0.331570733425306
0.0300000000000006	0.322861576730338
0.0500000000000006	0.314782339990287
0.0700000000000006	0.307294659859945
0.0900000000000006	0.300364331705167
0.110000000000001	0.293960938638232
0.130000000000001	0.288057535791077
0.150000000000001	0.282630383796565
0.170000000000001	0.277658726660159
0.190000000000001	0.273124610279323
0.210000000000001	0.269012738845844
0.230000000000001	0.265310367284401
0.250000000000001	0.262007228775162
0.270000000000001	0.259095497315392
0.290000000000001	0.256569786235061
0.310000000000001	0.25442718463999
0.330000000000001	0.252667334968221
0.350000000000001	0.251292556280487
0.370000000000001	0.250308019652816
0.390000000000001	0.249721984217257
0.410000000000001	0.249546105164533
0.430000000000001	0.249795828599482
0.450000000000001	0.250490892830362
0.470000000000001	0.251655961905926
0.490000000000001	0.253321425601697
0.510000000000001	0.25552441148608
0.530000000000001	0.258310070467317
0.550000000000001	0.261733219269293
0.570000000000001	0.265860454531071
0.590000000000001	0.270772898164493
0.610000000000001	0.276569799261044
0.630000000000001	0.283373315415953
0.650000000000001	0.291334944076763
0.670000000000001	0.300644302829969
0.690000000000001	0.311541318393679
0.710000000000001	0.324333468901794
0.730000000000001	0.339420698746039
0.750000000000001	0.357332301680033
0.770000000000001	0.378783056308226
0.790000000000001	0.404761447991181
0.810000000000001	0.436673618902289
0.830000000000001	0.476588939114277
0.850000000000001	0.527682044096357
0.870000000000001	0.595082916881402
0.890000000000001	0.68765434346613
0.910000000000001	0.822139320903366
0.930000000000001	1.03441832215987
0.950000000000001	1.41778401501832
0.970000000000001	2.31431488471037
0.990000000000001	6.80273240562235
