# Program settings for SigmaNu
# Electroweak scheme and input parameters
# Scheme = Complex mass scheme
# alpha_GF = 0.00755898078237864
# Pole masses/widths for particles [GeV]
# mw = 80.35797361
# gw = 2.084298894
# mz = 91.15348062
# gz = 2.494266379
# s^2_thetaw (derived) = (0.222868505240788,-0.00110716741475141)
# charged leptons
# m_e = 0.0005109989461
# m_m = 0.10565837
# m_t = 1.77686
# quarks
# m_d = 0.05
# m_u = 0.05
# m_s = 0.2
# m_c = 1.51
# m_b = 4.92
# m_t = 173
# Ecms (default) = 492.956

# channel_id = 28
# process  = nu_e A -> W+ e-
-0.99	1271.39640702261
-0.97	741.378714723181
-0.95	485.06535693659
-0.93	341.946254848797
-0.91	254.001199204873
-0.89	196.128288122713
-0.87	156.032269970555
-0.85	127.114835075162
-0.83	105.577386587942
-0.81	89.1076967367719
-0.79	76.2329252357968
-0.77	65.9788497591578
-0.75	57.6802171161801
-0.73	50.8702083509717
-0.71	45.2134307186065
-0.69	40.4638955364273
-0.67	36.4378749988971
-0.65	32.9959081503545
-0.63	30.0305941063961
-0.61	27.4581391308137
-0.59	25.2123939929651
-0.57	23.2405771379545
-0.55	21.5001601785052
-0.53	19.9565682397162
-0.51	18.5814603228179
-0.49	17.351428335289
-0.47	16.2470022293689
-0.45	15.2518816247185
-0.429999999999999	14.3523368559793
-0.409999999999999	13.5367380632361
-0.389999999999999	12.7951819768974
-0.369999999999999	12.1191939076865
-0.349999999999999	11.5014881137195
-0.329999999999999	10.9357738377143
-0.309999999999999	10.4165973369462
-0.289999999999999	9.93921247641492
-0.269999999999999	9.49947413811569
-0.249999999999999	9.09374996892245
-0.229999999999999	8.7188469551551
-0.209999999999999	8.37195005164636
-0.189999999999999	8.05057066383116
-0.169999999999999	7.75250322460839
-0.149999999999999	7.4757884541304
-0.129999999999999	7.21868216305373
-0.109999999999999	6.97962867520005
-0.0899999999999994	6.75723811689908
-0.0699999999999994	6.55026695728214
-0.0499999999999994	6.35760129392757
-0.0299999999999994	6.17824246726405
-0.00999999999999938	6.01129465945086
0.0100000000000006	5.855954192527
0.0300000000000006	5.71150028915959
0.0500000000000006	5.57728709945505
0.0700000000000006	5.45273683071947
0.0900000000000006	5.33733384512196
0.110000000000001	5.23061961402573
0.130000000000001	5.13218843820597
0.150000000000001	5.04168386102586
0.170000000000001	4.95879571753391
0.190000000000001	4.88325777694862
0.210000000000001	4.8148459496316
0.230000000000001	4.75337704292443
0.250000000000001	4.69870806365375
0.270000000000001	4.65073607925222
0.290000000000001	4.60939866493644
0.310000000000001	4.57467498198871
0.330000000000001	4.54658755285368
0.350000000000001	4.52520482369269
0.370000000000001	4.51064463582594
0.390000000000001	4.50307876625322
0.410000000000001	4.50273874705367
0.430000000000001	4.50992323788007
0.450000000000001	4.52500731049808
0.470000000000001	4.54845411715656
0.490000000000001	4.58082956663275
0.510000000000001	4.62282083917217
0.530000000000001	4.67525985785579
0.550000000000001	4.73915323432837
0.570000000000001	4.81572077443848
0.590000000000001	4.90644544579609
0.610000000000001	5.01313890220797
0.630000000000001	5.13802843296135
0.650000000000001	5.28387388949483
0.670000000000001	5.45412729061929
0.690000000000001	5.65315436471528
0.710000000000001	5.88654791440238
0.730000000000001	6.16158060074668
0.750000000000001	6.48787520777825
0.770000000000001	6.8784247527658
0.790000000000001	7.35119565905408
0.810000000000001	7.93174360284217
0.830000000000001	8.65767598687177
0.850000000000001	9.58668454531939
0.870000000000001	10.8119928217804
0.890000000000001	12.4946556157023
0.910000000000001	14.9389245528292
0.930000000000001	18.7968120071374
0.950000000000001	25.7636087322833
0.970000000000001	42.0554724737835
0.990000000000001	123.618081175436
