# Program settings for SigmaNu
# Electroweak scheme and input parameters
# Scheme = Complex mass scheme
# alpha_GF = 0.00755898078237864
# Pole masses/widths for particles [GeV]
# mw = 80.35797361
# gw = 2.084298894
# mz = 91.15348062
# gz = 2.494266379
# s^2_thetaw (derived) = (0.222868505240788,-0.00110716741475141)
# charged leptons
# m_e = 0.0005109989461
# m_m = 0.10565837
# m_t = 1.77686
# quarks
# m_d = 0.05
# m_u = 0.05
# m_s = 0.2
# m_c = 1.51
# m_b = 4.92
# m_t = 173
# Ecms (default) = 1012.48

# channel_id = 28
# process  = nu_e A -> W+ e-
-0.99	2394.56879347685
-0.97	676.20314944677
-0.95	313.578145511988
-0.93	180.273790835639
-0.91	116.934265770152
-0.89	81.9589774902826
-0.87	60.6317358313808
-0.85	46.6759215672343
-0.83	37.0483268788658
-0.81	30.1282641645251
-0.79	24.9882788052116
-0.77	21.0665275269601
-0.75	18.0065352398871
-0.73	15.5732834034855
-0.71	13.6067355162992
-0.69	11.9948600561428
-0.67	10.6573334634615
-0.65	9.53535072517454
-0.63	8.58506110198301
-0.61	7.77322658039745
-0.59	7.07428273008981
-0.57	6.46830716596866
-0.55	5.9395888896225
-0.53	5.47560365803543
-0.51	5.06626883425419
-0.49	4.70339387592957
-0.47	4.38026988913437
-0.45	4.09135943506379
-0.429999999999999	3.83205955174295
-0.409999999999999	3.59851888823744
-0.389999999999999	3.38749527844903
-0.369999999999999	3.19624384906117
-0.349999999999999	3.02242840459673
-0.329999999999999	2.86405071694473
-0.309999999999999	2.71939370272965
-0.289999999999999	2.58697545805503
-0.269999999999999	2.46551184447001
-0.249999999999999	2.35388585698011
-0.229999999999999	2.2511224065112
-0.209999999999999	2.15636745206337
-0.189999999999999	2.06887064793906
-0.169999999999999	1.98797084763821
-0.149999999999999	1.91308394187625
-0.129999999999999	1.84369261363776
-0.109999999999999	1.779337675559
-0.0899999999999994	1.7196107196801
-0.0699999999999994	1.66414786079782
-0.0499999999999994	1.61262439535149
-0.0299999999999994	1.5647502303196
-0.00999999999999938	1.52026596276967
0.0100000000000006	1.47893951185854
0.0300000000000006	1.44056322228102
0.0500000000000006	1.40495137223596
0.0700000000000006	1.37193803056646
0.0900000000000006	1.34137521734483
0.110000000000001	1.31313133022118
0.130000000000001	1.28708980566398
0.150000000000001	1.26314799006223
0.170000000000001	1.24121620075274
0.190000000000001	1.22121696157827
0.210000000000001	1.20308440173838
0.230000000000001	1.18676381062512
0.250000000000001	1.17221134519182
0.270000000000001	1.15939389034373
0.290000000000001	1.14828907703869
0.310000000000001	1.13888546744512
0.330000000000001	1.13118292186766
0.350000000000001	1.12519316852624
0.370000000000001	1.1209406050596
0.390000000000001	1.11846337034963
0.410000000000001	1.1178147376419
0.430000000000001	1.11906489595187
0.450000000000001	1.12230320775901
0.470000000000001	1.12764105892731
0.490000000000001	1.13521545439599
0.510000000000001	1.14519356443669
0.530000000000001	1.15777849700158
0.550000000000001	1.17321667057261
0.570000000000001	1.19180730207875
0.590000000000001	1.21391472602709
0.610000000000001	1.23998455550867
0.630000000000001	1.27056513344083
0.650000000000001	1.30633638512857
0.670000000000001	1.34814920735386
0.690000000000001	1.39708014791179
0.710000000000001	1.45450875287113
0.730000000000001	1.52222933103865
0.750000000000001	1.60261640523546
0.770000000000001	1.6988765253821
0.790000000000001	1.81544401405909
0.810000000000001	1.95862669619573
0.830000000000001	2.13770747828516
0.850000000000001	2.36692723270941
0.870000000000001	2.66929808084252
0.890000000000001	3.08457666894648
0.910000000000001	3.68786853185783
0.930000000000001	4.64012571433107
0.950000000000001	6.35983876421784
0.970000000000001	10.3814968217139
0.990000000000001	30.515569119152
