# Program settings for SigmaNu
# Electroweak scheme and input parameters
# Scheme = Complex mass scheme
# alpha_GF = 0.00755898078237864
# Pole masses/widths for particles [GeV]
# mw = 80.35797361
# gw = 2.084298894
# mz = 91.15348062
# gz = 2.494266379
# s^2_thetaw (derived) = (0.222868505240788,-0.00110716741475141)
# charged leptons
# m_e = 0.0005109989461
# m_m = 0.10565837
# m_t = 1.77686
# quarks
# m_d = 0.05
# m_u = 0.05
# m_s = 0.2
# m_c = 1.51
# m_b = 4.92
# m_t = 173
# Ecms (default) = 956.372

# channel_id = 28
# process  = nu_e A -> W+ e-
-0.99	2354.71647345656
-0.97	706.479469592218
-0.95	335.033168762353
-0.93	194.86538419855
-0.91	127.305519396738
-0.89	89.6601870479639
-0.87	66.5603742853945
-0.85	51.3749038819073
-0.83	40.8620268996364
-0.81	33.2845656427139
-0.79	27.6435659891284
-0.77	23.3315046555502
-0.75	19.9616849887801
-0.73	17.278478117855
-0.71	15.1074151248585
-0.69	13.3261211623827
-0.67	11.8467068002642
-0.65	10.6047314984947
-0.63	9.55207832709277
-0.61	8.65223243484025
-0.59	7.87707927352638
-0.57	7.20468818536367
-0.55	6.61774942799015
-0.53	6.10245340000738
-0.51	5.64767465946822
-0.49	5.24436956098389
-0.47	4.88512591065062
-0.45	4.56382232497999
-0.429999999999999	4.27536778356002
-0.409999999999999	4.01550050449668
-0.389999999999999	3.7806311895464
-0.369999999999999	3.56771979639371
-0.349999999999999	3.37417788786978
-0.329999999999999	3.19779066772132
-0.309999999999999	3.03665429603258
-0.289999999999999	2.88912515711544
-0.269999999999999	2.75377854629825
-0.249999999999999	2.62937483079983
-0.229999999999999	2.5148315804764
-0.209999999999999	2.40920049668281
-0.189999999999999	2.31164822029822
-0.169999999999999	2.22144029363344
-0.149999999999999	2.13792770033853
-0.129999999999999	2.06053552345342
-0.109999999999999	1.98875335242218
-0.0899999999999994	1.92212714119344
-0.0699999999999994	1.86025227592536
-0.0499999999999994	1.80276765567445
-0.0299999999999994	1.74935062533122
-0.00999999999999938	1.69971262892784
0.0100000000000006	1.65359547478643
0.0300000000000006	1.61076812296492
0.0500000000000006	1.57102392099695
0.0700000000000006	1.53417822672441
0.0900000000000006	1.50006636764742
0.110000000000001	1.46854189511636
0.130000000000001	1.43947509922509
0.150000000000001	1.41275175673044
0.170000000000001	1.38827208996795
0.190000000000001	1.36594991976862
0.210000000000001	1.34571199999583
0.230000000000001	1.32749752568724
0.250000000000001	1.31125781107645
0.270000000000001	1.29695613815706
0.290000000000001	1.28456778113366
0.310000000000001	1.2740802173027
0.330000000000001	1.26549354089631
0.350000000000001	1.25882110354514
0.370000000000001	1.25409041372078
0.390000000000001	1.25134433839374
0.410000000000001	1.25064266398987
0.430000000000001	1.25206409164387
0.450000000000001	1.25570876525872
0.470000000000001	1.26170146213874
0.490000000000001	1.27019561804418
0.510000000000001	1.28137841586706
0.530000000000001	1.29547724627631
0.550000000000001	1.31276795933808
0.570000000000001	1.33358548296115
0.590000000000001	1.35833760959736
0.610000000000001	1.38752308220958
0.630000000000001	1.4217556003378
0.650000000000001	1.46179610872591
0.670000000000001	1.50859687704318
0.690000000000001	1.56336269068853
0.710000000000001	1.62763740839463
0.730000000000001	1.70342903516236
0.750000000000001	1.79339487462815
0.770000000000001	1.9011233265767
0.790000000000001	2.03157675538355
0.810000000000001	2.19181410893795
0.830000000000001	2.39222366646857
0.850000000000001	2.64874203115588
0.870000000000001	2.98712147268644
0.890000000000001	3.45185260565059
0.910000000000001	4.12698403185554
0.930000000000001	5.19263286801854
0.950000000000001	7.1171206298141
0.970000000000001	11.6176527896681
0.990000000000001	34.1491534067312
