# Program settings for SigmaNu
# Electroweak scheme and input parameters
# Scheme = Complex mass scheme
# alpha_GF = 0.00755898078237864
# Pole masses/widths for particles [GeV]
# mw = 80.35797361
# gw = 2.084298894
# mz = 91.15348062
# gz = 2.494266379
# s^2_thetaw (derived) = (0.222868505240788,-0.00110716741475141)
# charged leptons
# m_e = 0.0005109989461
# m_m = 0.10565837
# m_t = 1.77686
# quarks
# m_d = 0.05
# m_u = 0.05
# m_s = 0.2
# m_c = 1.51
# m_b = 4.92
# m_t = 173
# Ecms (default) = 33973

# channel_id = 28
# process  = nu_e A -> W+ e-
-0.99	10.8450011980899
-0.97	1.20692063124589
-0.95	0.434710709327622
-0.93	0.221889211501659
-0.91	0.134295892895686
-0.89	0.0899531460751564
-0.87	0.0644487039622471
-0.85	0.0484469796869818
-0.83	0.0377530265061141
-0.81	0.0302550075350384
-0.79	0.024795756562654
-0.77	0.0206980994842659
-0.75	0.0175443403886837
-0.73	0.0150654882875862
-0.71	0.013081972426364
-0.69	0.0114702058720144
-0.67	0.0101428760353235
-0.65	0.00903687994205633
-0.63	0.00810569410895608
-0.61	0.00731440944633023
-0.59	0.00663641812461088
-0.57	0.00605115285594469
-0.55	0.00554251317669947
-0.53	0.00509775009696875
-0.51	0.0047066626542583
-0.49	0.00436101052985674
-0.47	0.00405407878864968
-0.45	0.00378035132846301
-0.429999999999999	0.00353526308211759
-0.409999999999999	0.00331500999244719
-0.389999999999999	0.0031164018651099
-0.369999999999999	0.00293674738927734
-0.349999999999999	0.00277376353455302
-0.329999999999999	0.00262550359324169
-0.309999999999999	0.00249029960962854
-0.289999999999999	0.00236671600174148
-0.269999999999999	0.0022535119576367
-0.249999999999999	0.00214961076059141
-0.229999999999999	0.00205407462329414
-0.209999999999999	0.00196608393048669
-0.189999999999999	0.00188492003106135
-0.169999999999999	0.00180995090466407
-0.149999999999999	0.0017406191691528
-0.129999999999999	0.00167643200452472
-0.109999999999999	0.00161695265386535
-0.0899999999999994	0.00156179322842052
-0.0699999999999994	0.00151060859635254
-0.0499999999999994	0.00146309117620224
-0.0299999999999994	0.00141896648923668
-0.00999999999999938	0.00137798935134035
0.0100000000000006	0.00133994060652099
0.0300000000000006	0.00130462432136541
0.0500000000000006	0.00127186537398062
0.0700000000000006	0.00124150738244993
0.0900000000000006	0.00121341092754039
0.110000000000001	0.00118745203226429
0.130000000000001	0.00116352086769768
0.150000000000001	0.00114152066023716
0.170000000000001	0.00112136678034543
0.190000000000001	0.00110298599734704
0.210000000000001	0.00108631588885443
0.230000000000001	0.00107130439702498
0.250000000000001	0.00105790952768609
0.270000000000001	0.0010460991918775
0.290000000000001	0.00103585119343588
0.310000000000001	0.00102715337037279
0.330000000000001	0.00102000390285457
0.350000000000001	0.00101441180628152
0.370000000000001	0.00101039763511761
0.390000000000001	0.00100799443187256
0.410000000000001	0.00100724896680792
0.430000000000001	0.00100822332842041
0.450000000000001	0.00101099694363468
0.470000000000001	0.00101566913187276
0.490000000000001	0.00102236233087766
0.510000000000001	0.00103122617845587
0.530000000000001	0.00104244269776117
0.550000000000001	0.00105623292289024
0.570000000000001	0.00107286542741163
0.590000000000001	0.00109266739997307
0.610000000000001	0.00111603917591879
0.630000000000001	0.00114347352757761
0.650000000000001	0.00117558161197544
0.670000000000001	0.0012131283958074
0.690000000000001	0.00125708183357556
0.710000000000001	0.00130868243422655
0.730000000000001	0.00136954378411106
0.750000000000001	0.00144180135826911
0.770000000000001	0.00152833900893003
0.790000000000001	0.00163314491271989
0.810000000000001	0.00176189236329042
0.830000000000001	0.00192293057281563
0.850000000000001	0.0021290681534057
0.870000000000001	0.00240100292989821
0.890000000000001	0.00277449341080599
0.910000000000001	0.00331709226985875
0.930000000000001	0.00417356585419343
0.950000000000001	0.00572032058656178
0.970000000000001	0.00933753509092355
0.990000000000001	0.0274468781397802
