# Program settings for SigmaNu
# Electroweak scheme and input parameters
# Scheme = Complex mass scheme
# alpha_GF = 0.00755898078237864
# Pole masses/widths for particles [GeV]
# mw = 80.35797361
# gw = 2.084298894
# mz = 91.15348062
# gz = 2.494266379
# s^2_thetaw (derived) = (0.222868505240788,-0.00110716741475141)
# charged leptons
# m_e = 0.0005109989461
# m_m = 0.10565837
# m_t = 1.77686
# quarks
# m_d = 0.05
# m_u = 0.05
# m_s = 0.2
# m_c = 1.51
# m_b = 4.92
# m_t = 173
# Ecms (default) = 98234.3

# channel_id = 28
# process  = nu_e A -> W+ e-
-0.99	1.29964310453927
-0.97	0.144445238712642
-0.95	0.0520128685156466
-0.93	0.0265459191882539
-0.91	0.0160656075071034
-0.89	0.0107605258597225
-0.87	0.00770937838013665
-0.85	0.00579512898372981
-0.83	0.00451587033651149
-0.81	0.00361894231183498
-0.79	0.00296590661281289
-0.77	0.00247575142771926
-0.75	0.00209850805143175
-0.73	0.00180199787844039
-0.71	0.0015647397332667
-0.69	0.00137194971748138
-0.67	0.00121318332075372
-0.65	0.00108089211520112
-0.63	0.000969510975977486
-0.61	0.000874864122495444
-0.59	0.000793768783447109
-0.57	0.000723764760225511
-0.55	0.000662926174010266
-0.53	0.000609728045250688
-0.51	0.000562950184486177
-0.49	0.000521606929336741
-0.47	0.000484895078868723
-0.45	0.000452154831980225
-0.429999999999999	0.000422840146247895
-0.409999999999999	0.000396496007595632
-0.389999999999999	0.000372740828977182
-0.369999999999999	0.0003512526969454
-0.349999999999999	0.000331758534067209
-0.329999999999999	0.00031402549165595
-0.309999999999999	0.000297854063436645
-0.289999999999999	0.000283072538017775
-0.269999999999999	0.000269532500949469
-0.249999999999999	0.000257105165580484
-0.229999999999999	0.000245678362880886
-0.209999999999999	0.000235154058583068
-0.189999999999999	0.000225446294885888
-0.169999999999999	0.00021647947600411
-0.149999999999999	0.0002081869337005
-0.129999999999999	0.000200509722065099
-0.109999999999999	0.000193395600924358
-0.0899999999999994	0.000186798175249816
-0.0699999999999994	0.000180676164166648
-0.0499999999999994	0.000174992778202441
-0.0299999999999994	0.000169715187298576
-0.00999999999999938	0.000164814065308795
0.0100000000000006	0.000160263199297414
0.0300000000000006	0.000156039153963417
0.0500000000000006	0.000152120983250033
0.0700000000000006	0.000148489982571752
0.0900000000000006	0.000145129476219795
0.110000000000001	0.000142024635516839
0.130000000000001	0.000139162323998981
0.150000000000001	0.000136530966738504
0.170000000000001	0.000134120441320012
0.190000000000001	0.000131921988722305
0.210000000000001	0.00012992814267441
0.230000000000001	0.000128132676580428
0.250000000000001	0.000126530567524154
0.270000000000001	0.000125117977313179
0.290000000000001	0.000123892251005383
0.310000000000001	0.000122851933797162
0.330000000000001	0.000121996807868702
0.350000000000001	0.000121327951354683
0.370000000000001	0.000120847822514244
0.390000000000001	0.00012056037324845
0.410000000000001	0.000120471197358911
0.430000000000001	0.000120587720782874
0.450000000000001	0.000120919443203122
0.470000000000001	0.000121478243548247
0.490000000000001	0.000122278765783122
0.510000000000001	0.000123338907126663
0.530000000000001	0.000124680438209221
0.550000000000001	0.000126329795548039
0.570000000000001	0.000128319101565309
0.590000000000001	0.000130687489290173
0.610000000000001	0.000133482840389318
0.630000000000001	0.000136764092376498
0.650000000000001	0.000140604342052511
0.670000000000001	0.000145095082467931
0.690000000000001	0.000150352084840556
0.710000000000001	0.000156523718996523
0.730000000000001	0.00016380297631697
0.750000000000001	0.000172445268171935
0.770000000000001	0.000182795514843745
0.790000000000001	0.000195330718265997
0.810000000000001	0.000210729427126983
0.830000000000001	0.000229990240727155
0.850000000000001	0.000254645120513464
0.870000000000001	0.000287169609463281
0.890000000000001	0.000331840568839639
0.910000000000001	0.000396737569799756
0.930000000000001	0.000499175248986205
0.950000000000001	0.000684173326694895
0.970000000000001	0.00111680671085414
0.990000000000001	0.00328275688790719
