# Program settings for SigmaNu
# Electroweak scheme and input parameters
# Scheme = Complex mass scheme
# alpha_GF = 0.00755898078237864
# Pole masses/widths for particles [GeV]
# mw = 80.35797361
# gw = 2.084298894
# mz = 91.15348062
# gz = 2.494266379
# s^2_thetaw (derived) = (0.222868505240788,-0.00110716741475141)
# charged leptons
# m_e = 0.0005109989461
# m_m = 0.10565837
# m_t = 1.77686
# quarks
# m_d = 0.05
# m_u = 0.05
# m_s = 0.2
# m_c = 1.51
# m_b = 4.92
# m_t = 173
# Ecms (default) = 111.17

# channel_id = 28
# process  = nu_e A -> W+ e-
-0.99	56.6186136987909
-0.97	55.7304238390177
-0.95	54.8694537804724
-0.93	54.034823819829
-0.91	53.2256964448034
-0.89	52.4412743154167
-0.87	51.6807983783391
-0.85	50.9435461060777
-0.83	50.2288298534718
-0.81	49.5359953246064
-0.79	48.8644201438577
-0.77	48.2135125253448
-0.75	47.5827100355861
-0.73	46.9714784446546
-0.71	46.3793106615865
-0.69	45.8057257502428
-0.67	45.2502680222418
-0.65	44.7125062039826
-0.63	44.1920326751737
-0.61	43.6884627766547
-0.59	43.2014341856774
-0.57	42.7306063571776
-0.55	42.2756600299399
-0.53	41.8362967969319
-0.51	41.4122387394601
-0.49	41.003228125197
-0.47	40.6090271705313
-0.45	40.2294178681235
-0.429999999999999	39.864201881004
-0.409999999999999	39.513200505034
-0.389999999999999	39.1762547020756
-0.369999999999999	38.8532252067889
-0.349999999999999	38.5439927105961
-0.329999999999999	38.2484581270461
-0.309999999999999	37.966542943576
-0.289999999999999	37.6981896655238
-0.269999999999999	37.4433623592038
-0.249999999999999	37.2020473019423
-0.229999999999999	36.9742537481948
-0.209999999999999	36.7600148222631
-0.189999999999999	36.5593885497243
-0.169999999999999	36.372459041509
-0.149999999999999	36.1993378466691
-0.129999999999999	36.0401654922984
-0.109999999999999	35.8951132318775
-0.0899999999999994	35.7643850265793
-0.0699999999999994	35.6482197878664
-0.0499999999999994	35.546893914164
-0.0299999999999994	35.4607241595976
-0.00999999999999938	35.3900708789239
0.0100000000000006	35.3353417000222
0.0300000000000006	35.2969956838942
0.0500000000000006	35.2755480423159
0.0700000000000006	35.271575495452
0.0900000000000006	35.2857223663055
0.110000000000001	35.3187075263827
0.130000000000001	35.371332328074
0.150000000000001	35.4444896848359
0.170000000000001	35.539174491399
0.190000000000001	35.656495614265
0.210000000000001	35.7976897294719
0.230000000000001	35.9641373422274
0.250000000000001	36.157381394463
0.270000000000001	36.3791489554259
0.290000000000001	36.6313766020633
0.310000000000001	36.9162402367153
0.330000000000001	37.2361902682054
0.350000000000001	37.5939933104338
0.370000000000001	37.9927818457441
0.390000000000001	38.4361136800036
0.410000000000001	38.9280435118289
0.430000000000001	39.4732095903571
0.450000000000001	40.0769393012931
0.470000000000001	40.7453786801775
0.490000000000001	41.4856524201693
0.510000000000001	42.3060630861063
0.530000000000001	43.2163412123652
0.550000000000001	44.2279621140936
0.570000000000001	45.3545511315156
0.590000000000001	46.6124075030327
0.610000000000001	48.0211894508824
0.630000000000001	49.6048214777634
0.650000000000001	51.3927127578684
0.670000000000001	53.4214186008164
0.690000000000001	55.736945084955
0.710000000000001	58.3980073546036
0.730000000000001	61.4807360726431
0.750000000000001	65.0856429944023
0.770000000000001	69.3482207790783
0.790000000000001	74.455599862582
0.810000000000001	80.6737254885159
0.830000000000001	88.3937185556507
0.850000000000001	98.2153251759316
0.870000000000001	111.107396629761
0.890000000000001	128.743438404292
0.910000000000001	154.284557997434
0.930000000000001	194.504609016506
0.950000000000001	267.015681193257
0.970000000000001	436.395550585782
0.990000000000001	1283.84453253875
