# Program settings for SigmaNu
# Electroweak scheme and input parameters
# Scheme = Complex mass scheme
# alpha_GF = 0.00755898078237864
# Pole masses/widths for particles [GeV]
# mw = 80.35797361
# gw = 2.084298894
# mz = 91.15348062
# gz = 2.494266379
# s^2_thetaw (derived) = (0.222868505240788,-0.00110716741475141)
# charged leptons
# m_e = 0.0005109989461
# m_m = 0.10565837
# m_t = 1.77686
# quarks
# m_d = 0.05
# m_u = 0.05
# m_s = 0.2
# m_c = 1.51
# m_b = 4.92
# m_t = 173
# Ecms (default) = 39457.1

# channel_id = 28
# process  = nu_e A -> W+ e-
-0.99	8.04447313836453
-0.97	0.894909934605053
-0.95	0.32230530570649
-0.93	0.164508726908565
-0.91	0.0995651854312299
-0.89	0.0666892841373768
-0.87	0.0477804649508212
-0.85	0.0359170213472671
-0.83	0.0279887438568874
-0.81	0.0224299003555254
-0.79	0.0183825680957422
-0.77	0.0153446946068484
-0.75	0.0130066049831545
-0.73	0.0111688735555172
-0.71	0.00969837003864272
-0.69	0.00850346984319926
-0.67	0.00751944159507839
-0.65	0.00669950246793465
-0.63	0.00600916131160815
-0.61	0.00542253760973056
-0.59	0.00491990518492741
-0.57	0.00448601614983263
-0.55	0.00410893418929901
-0.53	0.00377920766734139
-0.51	0.00348927397341645
-0.49	0.00323302405269748
-0.47	0.00300547971700973
-0.45	0.00280255155022513
-0.429999999999999	0.00262085519876712
-0.409999999999999	0.00245757049336772
-0.389999999999999	0.00231033235914966
-0.369999999999999	0.00217714557398022
-0.349999999999999	0.00205631759858962
-0.329999999999999	0.00194640522975481
-0.309999999999999	0.00184617191951038
-0.289999999999999	0.00175455339209662
-0.269999999999999	0.00167062976602249
-0.249999999999999	0.00159360281297314
-0.229999999999999	0.00152277730087905
-0.209999999999999	0.00145754560526339
-0.189999999999999	0.00139737495200739
-0.169999999999999	0.00134179679115722
-0.149999999999999	0.00129039790617086
-0.129999999999999	0.00124281294393874
-0.109999999999999	0.00119871811394841
-0.0899999999999994	0.00115782585429393
-0.0699999999999994	0.00111988030104238
-0.0499999999999994	0.00108465342835594
-0.0299999999999994	0.0010519417511931
-0.00999999999999938	0.00102156350214111
0.0100000000000006	0.000993356209796002
0.0300000000000006	0.000967174618848522
0.0500000000000006	0.000942888902635692
0.0700000000000006	0.000920383127399995
0.0900000000000006	0.000899553934676046
0.110000000000001	0.000880309414114089
0.130000000000001	0.000862568144028106
0.150000000000001	0.000846258381289562
0.170000000000001	0.000831317385758143
0.190000000000001	0.000817690867832957
0.210000000000001	0.000805332550606187
0.230000000000001	0.000794203840913165
0.250000000000001	0.000784273606249611
0.270000000000001	0.000775518057322628
0.290000000000001	0.000767920738816061
0.310000000000001	0.000761472634211032
0.330000000000001	0.00075617239409217
0.350000000000001	0.00075202670169615
0.370000000000001	0.000749050794671419
0.390000000000001	0.000747269168604275
0.410000000000001	0.000746716496072719
0.430000000000001	0.000747438805719588
0.450000000000001	0.000749494979905248
0.470000000000001	0.00075295864816968
0.490000000000001	0.00075792057863859
0.510000000000001	0.000764491704010942
0.530000000000001	0.000772806965622738
0.550000000000001	0.000783030225274893
0.570000000000001	0.000795360587798808
0.590000000000001	0.000810040611856637
0.610000000000001	0.000827367082863394
0.630000000000001	0.000847705313674383
0.650000000000001	0.000871508380718305
0.670000000000001	0.000899343386041109
0.690000000000001	0.000931927915122339
0.710000000000001	0.000970181609546778
0.730000000000001	0.00101530068894524
0.750000000000001	0.00106886827106652
0.770000000000001	0.00113302227726318
0.790000000000001	0.00121071931117888
0.810000000000001	0.00130616522486546
0.830000000000001	0.00142554964169846
0.850000000000001	0.00157836812650736
0.870000000000001	0.00177996485053703
0.890000000000001	0.00205684910561016
0.910000000000001	0.00245910054032781
0.930000000000001	0.0030940405588865
0.950000000000001	0.00424071513167823
0.970000000000001	0.0069223089344304
0.990000000000001	0.0203475293860554
