# Program settings for SigmaNu
# Electroweak scheme and input parameters
# Scheme = Complex mass scheme
# alpha_GF = 0.00755898078237864
# Pole masses/widths for particles [GeV]
# mw = 80.35797361
# gw = 2.084298894
# mz = 91.15348062
# gz = 2.494266379
# s^2_thetaw (derived) = (0.222868505240788,-0.00110716741475141)
# charged leptons
# m_e = 0.0005109989461
# m_m = 0.10565837
# m_t = 1.77686
# quarks
# m_d = 0.05
# m_u = 0.05
# m_s = 0.2
# m_c = 1.51
# m_b = 4.92
# m_t = 173
# Ecms (default) = 50634.2

# channel_id = 28
# process  = nu_e A -> W+ e-
-0.99	4.8881229892064
-0.97	0.543544808772248
-0.95	0.195742782998943
-0.93	0.0999058865679462
-0.91	0.0604645272156859
-0.89	0.0404989248745266
-0.87	0.0290157534959669
-0.85	0.021811266921635
-0.83	0.0169965888420669
-0.81	0.0136208419578525
-0.79	0.0111630115847254
-0.77	0.00931820521332193
-0.75	0.0078983611644979
-0.73	0.00678237150824552
-0.71	0.00588938884545335
-0.69	0.00516377162342033
-0.67	0.00456621008992084
-0.65	0.00406829429714609
-0.63	0.0036490787641727
-0.61	0.00329284704207243
-0.59	0.00298762005329855
-0.57	0.00272413826284745
-0.55	0.00249515315758438
-0.53	0.0022949250946576
-0.51	0.00211886157670482
-0.49	0.00196325280319738
-0.47	0.00182507571075018
-0.45	0.00170184695638344
-0.429999999999999	0.00159151135650393
-0.409999999999999	0.00149235633609665
-0.389999999999999	0.00140294568204752
-0.369999999999999	0.00132206777879417
-0.349999999999999	0.00124869481840886
-0.329999999999999	0.00118195040497
-0.309999999999999	0.00112108363607867
-0.289999999999999	0.00106544822329597
-0.269999999999999	0.00101448556292776
-0.249999999999999	0.000967710926228185
-0.229999999999999	0.000924702129762642
-0.209999999999999	0.000885090190488924
-0.189999999999999	0.000848551578795624
-0.169999999999999	0.000814801765640881
-0.149999999999999	0.000783589823558281
-0.129999999999999	0.000754693890451078
-0.109999999999999	0.000727917343348594
-0.0899999999999994	0.000703085559302073
-0.0699999999999994	0.000680043164121637
-0.0499999999999994	0.000658651688432165
-0.0299999999999994	0.000638787565373245
-0.00999999999999938	0.000620340416201751
0.0100000000000006	0.000603211579751627
0.0300000000000006	0.000587312849392195
0.0500000000000006	0.000572565387590874
0.0700000000000006	0.000558898793321252
0.0900000000000006	0.000546250301932845
0.110000000000001	0.000534564100673971
0.130000000000001	0.000523790746053186
0.150000000000001	0.000513886671899617
0.170000000000001	0.000504813779113299
0.190000000000001	0.00049653910019447
0.210000000000001	0.000489034533350978
0.230000000000001	0.000482276642744291
0.250000000000001	0.000476246523023634
0.270000000000001	0.000470929727984908
0.290000000000001	0.000466316264977848
0.310000000000001	0.000462400658547555
0.330000000000001	0.000459182089068143
0.350000000000001	0.000456664614718967
0.370000000000001	0.000454857488317546
0.390000000000001	0.000453775584534778
0.410000000000001	0.000453439957980655
0.430000000000001	0.000453878559186664
0.450000000000001	0.000455127144047638
0.470000000000001	0.000457230423626258
0.490000000000001	0.000460243516299112
0.510000000000001	0.00046423378529804
0.530000000000001	0.000469283172967511
0.550000000000001	0.000475491183474825
0.570000000000001	0.000482978722133274
0.590000000000001	0.000491893081383252
0.610000000000001	0.000502414482576764
0.630000000000001	0.000514764760016754
0.650000000000001	0.000529219041981832
0.670000000000001	0.000546121698213588
0.690000000000001	0.000565908478756918
0.710000000000001	0.000589137831198379
0.730000000000001	0.000616536153685759
0.750000000000001	0.000649064786281894
0.770000000000001	0.000688021970676923
0.790000000000001	0.000735203089151296
0.810000000000001	0.000793162123652251
0.830000000000001	0.000865657691017679
0.850000000000001	0.000958455924005024
0.870000000000001	0.00108087449142308
0.890000000000001	0.00124901102398086
0.910000000000001	0.00149327613000636
0.930000000000001	0.00187884017856536
0.950000000000001	0.00257515239589913
0.970000000000001	0.00420353639875947
0.990000000000001	0.0123559322694562
