# Program settings for SigmaNu
# Electroweak scheme and input parameters
# Scheme = Complex mass scheme
# alpha_GF = 0.00755898078237864
# Pole masses/widths for particles [GeV]
# mw = 80.35797361
# gw = 2.084298894
# mz = 91.15348062
# gz = 2.494266379
# s^2_thetaw (derived) = (0.222868505240788,-0.00110716741475141)
# charged leptons
# m_e = 0.0005109989461
# m_m = 0.10565837
# m_t = 1.77686
# quarks
# m_d = 0.05
# m_u = 0.05
# m_s = 0.2
# m_c = 1.51
# m_b = 4.92
# m_t = 173
# Ecms (default) = 250.495

# channel_id = 28
# process  = nu_e A -> W+ e-
-0.99	391.053481522823
-0.97	333.13390324471
-0.95	287.223558244228
-0.93	250.221494632423
-0.91	219.966459068651
-0.89	194.914838977526
-0.87	173.940382080632
-0.85	156.205778271271
-0.83	141.078079135246
-0.81	128.071651614868
-0.79	116.808879311351
-0.77	106.992570995871
-0.75	98.3862539745135
-0.73	90.7998786512243
-0.71	84.0793005970911
-0.69	78.0984410509998
-0.67	72.7533738497371
-0.65	67.9578162233407
-0.63	63.6396551091434
-0.61	59.738245898112
-0.59	56.2022933980453
-0.57	52.9881759145655
-0.55	50.0586096488239
-0.53	47.3815766821958
-0.51	44.9294587452329
-0.49	42.6783328466778
-0.47	40.6073951110767
-0.45	38.6984868447792
-0.429999999999999	36.935702626622
-0.409999999999999	35.3050646037047
-0.389999999999999	33.7942505248584
-0.369999999999999	32.3923656257185
-0.349999999999999	31.0897504803521
-0.329999999999999	29.8778184955084
-0.309999999999999	28.7489179488598
-0.289999999999999	27.6962144398971
-0.269999999999999	26.7135903899812
-0.249999999999999	25.7955588407902
-0.229999999999999	24.9371892918536
-0.209999999999999	24.1340437139635
-0.189999999999999	23.3821211960077
-0.169999999999999	22.6778099437073
-0.149999999999999	22.0178455619601
-0.129999999999999	21.3992747274981
-0.109999999999999	20.8194235028364
-0.0899999999999994	20.2758696619545
-0.0699999999999994	19.7664184975334
-0.0499999999999994	19.2890816626462
-0.0299999999999994	18.8420586696196
-0.00999999999999938	18.4237207278052
0.0100000000000006	18.0325966522412
0.0300000000000006	17.6673606183046
0.0500000000000006	17.3268215748253
0.0700000000000006	17.0099141609263
0.0900000000000006	16.7156910010674
0.110000000000001	16.443316279286
0.130000000000001	16.1920605182468
0.150000000000001	15.9612965121981
0.170000000000001	15.7504963860156
0.190000000000001	15.5592297759904
0.210000000000001	15.387163152702
0.230000000000001	15.2340603331892
0.250000000000001	15.0997842597929
0.270000000000001	14.9843001579028
0.290000000000001	14.8876802260981
0.310000000000001	14.8101100620637
0.330000000000001	14.7518970890622
0.350000000000001	14.7134813244706
0.370000000000001	14.6954489290426
0.390000000000001	14.6985491000518
0.410000000000001	14.723715032748
0.430000000000001	14.7720898857001
0.450000000000001	14.8450589648716
0.470000000000001	14.9442897145314
0.490000000000001	15.0717816072968
0.510000000000001	15.2299287143103
0.530000000000001	15.4215986883506
0.550000000000001	15.650233224603
0.570000000000001	15.9199769527394
0.590000000000001	16.2358444316617
0.610000000000001	16.6039388898163
0.630000000000001	17.0317422572226
0.650000000000001	17.5285049741265
0.670000000000001	18.1057778752803
0.690000000000001	18.7781502836524
0.710000000000001	19.5642938344848
0.730000000000001	20.4884705288009
0.750000000000001	21.5827649576439
0.770000000000001	22.8904814697296
0.790000000000001	24.4714828846492
0.810000000000001	26.4109013371502
0.830000000000001	28.8339982741155
0.850000000000001	31.9329127849851
0.870000000000001	36.0181010562743
0.890000000000001	41.6258919848327
0.910000000000001	49.7694507161017
0.930000000000001	62.6199659146972
0.950000000000001	85.8226871629152
0.970000000000001	140.077112998463
0.990000000000001	411.679438206437
