# Program settings for SigmaNu
# Electroweak scheme and input parameters
# Scheme = Complex mass scheme
# alpha_GF = 0.00755898078237864
# Pole masses/widths for particles [GeV]
# mw = 80.35797361
# gw = 2.084298894
# mz = 91.15348062
# gz = 2.494266379
# s^2_thetaw (derived) = (0.222868505240788,-0.00110716741475141)
# charged leptons
# m_e = 0.0005109989461
# m_m = 0.10565837
# m_t = 1.77686
# quarks
# m_d = 0.05
# m_u = 0.05
# m_s = 0.2
# m_c = 1.51
# m_b = 4.92
# m_t = 173
# Ecms (default) = 183.074

# channel_id = 28
# process  = nu_e A -> W+ e-
-0.99	199.758732850622
-0.97	184.375185602266
-0.95	170.721472935189
-0.93	158.548930251325
-0.91	147.652006529364
-0.89	137.859600583096
-0.87	129.028362063257
-0.85	121.037464089674
-0.83	113.784489374171
-0.81	107.182166835973
-0.79	101.155763578631
-0.77	95.6409860506633
-0.75	90.582279891579
-0.73	85.9314442248862
-0.71	81.6464956649426
-0.69	77.6907319180993
-0.67	74.0319558968501
-0.65	70.6418296677226
-0.63	67.495333995801
-0.61	64.5703142223942
-0.59	61.8470970774733
-0.57	59.3081660509048
-0.55	56.9378853239959
-0.53	54.7222641436298
-0.51	52.6487550171368
-0.49	50.7060803019169
-0.47	48.88408272459
-0.45	47.1735961399732
-0.429999999999999	45.5663334690209
-0.409999999999999	44.0547892669742
-0.389999999999999	42.6321547917766
-0.369999999999999	41.2922437866846
-0.349999999999999	40.0294274744678
-0.329999999999999	38.8385774951249
-0.309999999999999	37.7150157138172
-0.289999999999999	36.6544699880515
-0.269999999999999	35.6530351189101
-0.249999999999999	34.7071383250778
-0.229999999999999	33.8135086743885
-0.209999999999999	32.9691499887295
-0.189999999999999	32.1713168069568
-0.169999999999999	31.4174930490711
-0.149999999999999	30.7053730750088
-0.129999999999999	30.0328448744418
-0.109999999999999	29.3979751611299
-0.0899999999999994	28.7989961776414
-0.0699999999999994	28.2342940444661
-0.0499999999999994	27.70239851243
-0.0299999999999994	27.2019739994791
-0.00999999999999938	26.73181181288
0.0100000000000006	26.2908234761777
0.0300000000000006	25.878035097282
0.0500000000000006	25.4925827302618
0.0700000000000006	25.1337086992089
0.0900000000000006	24.8007588683103
0.110000000000001	24.4931808584883
0.130000000000001	24.2105232281042
0.150000000000001	23.9524356538465
0.170000000000001	23.7186701686657
0.190000000000001	23.5090835372864
0.210000000000001	23.3236408773559
0.230000000000001	23.1624206669196
0.250000000000001	23.0256213181455
0.270000000000001	22.9135695450509
0.290000000000001	22.8267308119559
0.310000000000001	22.7657222228612
0.330000000000001	22.7313283043584
0.350000000000001	22.7245202519664
0.370000000000001	22.7464793599116
0.390000000000001	22.798625548207
0.410000000000001	22.8826521533014
0.430000000000001	23.0005684802038
0.450000000000001	23.1547520536885
0.470000000000001	23.3480130948054
0.490000000000001	23.5836745448882
0.510000000000001	23.8656720472606
0.530000000000001	24.1986798011975
0.550000000000001	24.5882703084836
0.570000000000001	25.041119019897
0.590000000000001	25.5652691870218
0.610000000000001	26.1704785063354
0.630000000000001	26.8686784797031
0.650000000000001	27.6745915543564
0.670000000000001	28.6065729563003
0.690000000000001	29.6877786693616
0.710000000000001	30.9478169877041
0.730000000000001	32.4251343621236
0.750000000000001	34.1705467233339
0.770000000000001	36.2526135078254
0.790000000000001	38.7660828332361
0.810000000000001	41.8456707536962
0.830000000000001	45.6895673444368
0.850000000000001	50.6017479661828
0.870000000000001	57.0733414164401
0.890000000000001	65.9527637055716
0.910000000000001	78.8426972876844
0.930000000000001	99.1776066193199
0.950000000000001	135.887291715991
0.970000000000001	221.714656951592
0.990000000000001	651.346708029202
