# Program settings for SigmaNu
# Electroweak scheme and input parameters
# Scheme = Complex mass scheme
# alpha_GF = 0.00755898078237864
# Pole masses/widths for particles [GeV]
# mw = 80.35797361
# gw = 2.084298894
# mz = 91.15348062
# gz = 2.494266379
# s^2_thetaw (derived) = (0.222868505240788,-0.00110716741475141)
# charged leptons
# m_e = 0.0005109989461
# m_m = 0.10565837
# m_t = 1.77686
# quarks
# m_d = 0.05
# m_u = 0.05
# m_s = 0.2
# m_c = 1.51
# m_b = 4.92
# m_t = 173
# Ecms (default) = 4890.37

# channel_id = 28
# process  = nu_e A -> W+ e-
-0.99	472.286875132125
-0.97	56.2602628749538
-0.95	20.5475805002054
-0.93	10.5510914052868
-0.91	6.4072597785432
-0.89	4.30079707639185
-0.87	3.08593195219228
-0.85	2.32224563289869
-0.83	1.81114088005564
-0.81	1.45238324385338
-0.79	1.1909426946667
-0.77	0.994565973956799
-0.75	0.843333692876081
-0.73	0.724404743005911
-0.71	0.629199301948055
-0.69	0.551808045552591
-0.67	0.48805343260079
-0.65	0.434914559812328
-0.63	0.390163129397717
-0.61	0.352126397715707
-0.59	0.319528895811712
-0.57	0.29138436724023
-0.55	0.266920506921891
-0.53	0.245525596816241
-0.51	0.226710049047629
-0.49	0.210078280378363
-0.47	0.195307863665376
-0.45	0.182133881502581
-0.429999999999999	0.170337049797853
-0.409999999999999	0.159734607854234
-0.389999999999999	0.150173262294964
-0.369999999999999	0.141523672250124
-0.349999999999999	0.133676102781152
-0.329999999999999	0.126536972102509
-0.309999999999999	0.120026088622917
-0.289999999999999	0.114074424749592
-0.269999999999999	0.108622311578646
-0.249999999999999	0.103617966004826
-0.229999999999999	0.0990162821757673
-0.209999999999999	0.0947778345171265
-0.189999999999999	0.0908680511295821
-0.169999999999999	0.0872565251813228
-0.149999999999999	0.0839164386938317
-0.129999999999999	0.0808240783557559
-0.109999999999999	0.0779584270752741
-0.0899999999999994	0.0753008181729297
-0.0699999999999994	0.0728346416313628
-0.0499999999999994	0.0705450938110756
-0.0299999999999994	0.0684189636294115
-0.00999999999999938	0.0664444494727625
0.0100000000000006	0.0646110021378324
0.0300000000000006	0.0629091899293442
0.0500000000000006	0.0613305827196848
0.0700000000000006	0.0598676523326055
0.0900000000000006	0.0585136870733423
0.110000000000001	0.0572627186113538
0.130000000000001	0.056109459745293
0.150000000000001	0.0550492518559549
0.170000000000001	0.0540780210923114
0.190000000000001	0.0531922425479705
0.210000000000001	0.0523889118780016
0.230000000000001	0.0516655239866673
0.250000000000001	0.0510200585924051
0.270000000000001	0.0504509726541469
0.290000000000001	0.0499571998310796
0.310000000000001	0.0495381573548413
0.330000000000001	0.0491937609298416
0.350000000000001	0.0489244485572691
0.370000000000001	0.0487312145189714
0.390000000000001	0.0486156551816943
0.410000000000001	0.048580028821114
0.430000000000001	0.048627332361627
0.450000000000001	0.0487613988409059
0.470000000000001	0.0489870206213496
0.490000000000001	0.04931010500311
0.510000000000001	0.0497378711177743
0.530000000000001	0.0502791000509477
0.550000000000001	0.0509444544327748
0.570000000000001	0.0517468898163143
0.590000000000001	0.0527021889095375
0.610000000000001	0.053829662504299
0.630000000000001	0.0551530799349339
0.650000000000001	0.0567019206507402
0.670000000000001	0.0585130829173352
0.690000000000001	0.0606332558874969
0.710000000000001	0.0631222750933893
0.730000000000001	0.0660579710941654
0.750000000000001	0.0695433472640906
0.770000000000001	0.0737175042810512
0.790000000000001	0.0787728089409338
0.810000000000001	0.0849829082061518
0.830000000000001	0.0927505196823734
0.850000000000001	0.102693456344272
0.870000000000001	0.115810060668537
0.890000000000001	0.133825114493612
0.910000000000001	0.159996964404438
0.930000000000001	0.201308293436118
0.950000000000001	0.275914748462935
0.970000000000001	0.450388082644224
0.990000000000001	1.32387702237874
