# Program settings for SigmaNu
# Electroweak scheme and input parameters
# Scheme = Complex mass scheme
# alpha_GF = 0.00755898078237864
# Pole masses/widths for particles [GeV]
# mw = 80.35797361
# gw = 2.084298894
# mz = 91.15348062
# gz = 2.494266379
# s^2_thetaw (derived) = (0.222868505240788,-0.00110716741475141)
# charged leptons
# m_e = 0.0005109989461
# m_m = 0.10565837
# m_t = 1.77686
# quarks
# m_d = 0.05
# m_u = 0.05
# m_s = 0.2
# m_c = 1.51
# m_b = 4.92
# m_t = 173
# Ecms (default) = 1632.07

# channel_id = 28
# process  = nu_e A -> W+ e-
-0.99	2137.90353443565
-0.97	388.530937269587
-0.95	156.913751883372
-0.93	84.296662127173
-0.91	52.5204883750242
-0.89	35.8419532148982
-0.87	26.0164618433738
-0.85	19.7457602388243
-0.83	15.501133585143
-0.81	12.4953072253235
-0.79	10.2893214064004
-0.77	8.62272807149795
-0.75	7.33306586710579
-0.73	6.31473450446317
-0.71	5.49668354363046
-0.69	4.82968489018579
-0.67	4.27875746785848
-0.65	3.81849133976328
-0.63	3.43006899818054
-0.61	3.09931465185626
-0.59	2.81538517253614
-0.57	2.56987234898305
-0.55	2.35617511953208
-0.53	2.16905282918752
-0.51	2.00430222158768
-0.49	1.85852049471931
-0.47	1.72892917749188
-0.45	1.61324161823982
-0.429999999999999	1.50956216644379
-0.409999999999999	1.41630867205893
-0.389999999999999	1.33215233716321
-0.369999999999999	1.25597061819833
-0.349999999999999	1.186810040702
-0.329999999999999	1.12385661255529
-0.309999999999999	1.06641211225658
-0.289999999999999	1.01387495643037
-0.269999999999999	0.965724663727458
-0.249999999999999	0.921509163450995
-0.229999999999999	0.880834369555942
-0.209999999999999	0.843355570195562
-0.189999999999999	0.80877028113331
-0.169999999999999	0.776812286268663
-0.149999999999999	0.747246646143715
-0.129999999999999	0.719865499906749
-0.109999999999999	0.694484520971462
-0.0899999999999994	0.670939913869142
-0.0699999999999994	0.649085861293612
-0.0499999999999994	0.628792347399202
-0.0299999999999994	0.609943297024748
-0.00999999999999938	0.59243498143896
0.0100000000000006	0.576174650015509
0.0300000000000006	0.561079354397727
0.0500000000000006	0.547074937551613
0.0700000000000006	0.534095164903747
0.0900000000000006	0.522080978733001
0.110000000000001	0.510979860301923
0.130000000000001	0.500745287012928
0.150000000000001	0.491336274267819
0.170000000000001	0.482716993789362
0.190000000000001	0.47485646201019
0.210000000000001	0.467728293816246
0.230000000000001	0.461310518513689
0.250000000000001	0.455585456431034
0.270000000000001	0.450539656135989
0.290000000000001	0.446163893907663
0.310000000000001	0.442453238938898
0.330000000000001	0.439407189846355
0.350000000000001	0.437029890557448
0.370000000000001	0.435330436678778
0.390000000000001	0.43432328723605
0.410000000000001	0.434028801487915
0.430000000000001	0.434473926736833
0.450000000000001	0.435693071217921
0.470000000000001	0.437729206988584
0.490000000000001	0.440635262332956
0.510000000000001	0.444475883078024
0.530000000000001	0.449329669654695
0.550000000000001	0.455292035093078
0.570000000000001	0.462478883503987
0.590000000000001	0.47103138678323
0.610000000000001	0.481122251504489
0.630000000000001	0.492964037729917
0.650000000000001	0.50682034850364
0.670000000000001	0.523021105999992
0.690000000000001	0.541983758111901
0.710000000000001	0.564243276729067
0.730000000000001	0.59049550470379
0.750000000000001	0.621661325165872
0.770000000000001	0.65898432609444
0.790000000000001	0.704184288776844
0.810000000000001	0.759707632011618
0.830000000000001	0.829154656418068
0.850000000000001	0.918048600706212
0.870000000000001	1.03531461344922
0.890000000000001	1.1963721674211
0.910000000000001	1.43035071409966
0.930000000000001	1.79967505639793
0.950000000000001	2.46665564778528
0.970000000000001	4.02644013659003
0.990000000000001	11.835383576074
