# Program settings for SigmaNu
# Electroweak scheme and input parameters
# Scheme = Complex mass scheme
# alpha_GF = 0.00755898078237864
# Pole masses/widths for particles [GeV]
# mw = 80.35797361
# gw = 2.084298894
# mz = 91.15348062
# gz = 2.494266379
# s^2_thetaw (derived) = (0.222868505240788,-0.00110716741475141)
# charged leptons
# m_e = 0.0005109989461
# m_m = 0.10565837
# m_t = 1.77686
# quarks
# m_d = 0.05
# m_u = 0.05
# m_s = 0.2
# m_c = 1.51
# m_b = 4.92
# m_t = 173
# Ecms (default) = 91477.6

# channel_id = 28
# process  = nu_e A -> W+ e-
-0.99	1.4986600597741
-0.97	0.166568979855938
-0.95	0.0599796703869469
-0.93	0.030612024651608
-0.91	0.0185264412828197
-0.89	0.0124087692004987
-0.87	0.00889026736193405
-0.85	0.00668280439519948
-0.83	0.00520759553746871
-0.81	0.00417328027856537
-0.79	0.00342021536987292
-0.77	0.00285498015511995
-0.75	0.00241995203098313
-0.73	0.00207802345663399
-0.71	0.00180442288423813
-0.69	0.00158210189141806
-0.67	0.00139901612675671
-0.65	0.00124646092771278
-0.63	0.00111801872710583
-0.61	0.00100887411508482
-0.59	0.000915356795688495
-0.57	0.000834629726173711
-0.55	0.000764472028441346
-0.53	0.000703125131791049
-0.51	0.000649181942175911
-0.49	0.000601505816601914
-0.47	0.000559170522308329
-0.45	0.000521415191842309
-0.429999999999999	0.00048761014160063
-0.409999999999999	0.000457230659743876
-0.389999999999999	0.000429836708780454
-0.369999999999999	0.000405057065433858
-0.349999999999999	0.000382576822988715
-0.329999999999999	0.000362127465598264
-0.309999999999999	0.000343478927122351
-0.289999999999999	0.00032643319384297
-0.269999999999999	0.000310819117545863
-0.249999999999999	0.000296488184345464
-0.229999999999999	0.000283311043422292
-0.209999999999999	0.000271174643845481
-0.189999999999999	0.000259979860991203
-0.169999999999999	0.00024963951948139
-0.149999999999999	0.000240076738982515
-0.129999999999999	0.000231223544378805
-0.109999999999999	0.000223019693457793
-0.0899999999999994	0.000215411684496212
-0.0699999999999994	0.000208351913301249
-0.0499999999999994	0.000201797955068783
-0.0299999999999994	0.000195711950892093
-0.00999999999999938	0.00019006008250642
0.0100000000000006	0.000184812121732422
0.0300000000000006	0.000179941043494009
0.0500000000000006	0.000175422693262766
0.0700000000000006	0.000171235501313229
0.0900000000000006	0.000167360237593192
0.110000000000001	0.000163779801992183
0.130000000000001	0.000160479045828172
0.150000000000001	0.000157444621149861
0.170000000000001	0.000154664855010826
0.190000000000001	0.000152129646698838
0.210000000000001	0.000149830386277103
0.230000000000001	0.000147759893370401
0.250000000000001	0.000145912375662549
0.270000000000001	0.000144283407042801
0.290000000000001	0.000142869925884511
0.310000000000001	0.000141670254548082
0.330000000000001	0.000140684141851423
0.350000000000001	0.000139912831078184
0.370000000000001	0.000139359157048184
0.390000000000001	0.000139027677009373
0.410000000000001	0.000138924841620854
0.430000000000001	0.000139059214316462
0.450000000000001	0.000139441749936701
0.470000000000001	0.000140086147006624
0.490000000000001	0.000141009292645986
0.510000000000001	0.000142231825553101
0.530000000000001	0.000143778851158982
0.550000000000001	0.000145680855494083
0.570000000000001	0.000147974881467449
0.590000000000001	0.000150706056463045
0.610000000000001	0.000153929596607802
0.630000000000001	0.000157713467407022
0.650000000000001	0.000162141962547251
0.670000000000001	0.000167320589891726
0.690000000000001	0.000173382854361506
0.710000000000001	0.000180499852921413
0.730000000000001	0.000188894139160997
0.750000000000001	0.000198860248085778
0.770000000000001	0.000210795934510302
0.790000000000001	0.00022525126700029
0.810000000000001	0.000243008733605406
0.830000000000001	0.000265219897995239
0.850000000000001	0.000293651385824051
0.870000000000001	0.00033115794108405
0.890000000000001	0.000382671550049802
0.910000000000001	0.00045750940386786
0.930000000000001	0.000575638376643031
0.950000000000001	0.000788974260993903
0.970000000000001	0.00128787796176443
0.990000000000001	0.00378560605786293
