# Program settings for SigmaNu
# Electroweak scheme and input parameters
# Scheme = Complex mass scheme
# alpha_GF = 0.00755898078237864
# Pole masses/widths for particles [GeV]
# mw = 80.35797361
# gw = 2.084298894
# mz = 91.15348062
# gz = 2.494266379
# s^2_thetaw (derived) = (0.222868505240788,-0.00110716741475141)
# charged leptons
# m_e = 0.0005109989461
# m_m = 0.10565837
# m_t = 1.77686
# quarks
# m_d = 0.05
# m_u = 0.05
# m_s = 0.2
# m_c = 1.51
# m_b = 4.92
# m_t = 173
# Ecms (default) = 5761.33

# channel_id = 28
# process  = nu_e A -> W+ e-
-0.99	350.222939175699
-0.97	40.9366348987984
-0.95	14.8924050241027
-0.93	7.63420592622755
-0.91	4.63156036927952
-0.89	3.10700156149356
-0.87	2.22841909793557
-0.85	1.67642867040923
-0.83	1.30715448178288
-0.81	1.04803347227405
-0.79	0.859249698714336
-0.77	0.717477164209287
-0.75	0.608315021483777
-0.73	0.522482445300549
-0.71	0.453779964130412
-0.69	0.397938616487881
-0.67	0.351941052033873
-0.65	0.313605683945686
-0.63	0.281323542437848
-0.61	0.253886952974141
-0.59	0.230375164858394
-0.57	0.210076278799327
-0.55	0.192432880207631
-0.53	0.177003495138421
-0.51	0.163434816845521
-0.49	0.151441395762426
-0.47	0.140790585805018
-0.45	0.131291247922475
-0.429999999999999	0.122785176193207
-0.409999999999999	0.115140521633737
-0.389999999999999	0.108246698978418
-0.369999999999999	0.102010406234718
-0.349999999999999	0.0963524876332369
-0.329999999999999	0.0912054417995735
-0.309999999999999	0.0865114278672698
-0.289999999999999	0.0822206590260161
-0.269999999999999	0.0782900998482271
-0.249999999999999	0.0746824035295942
-0.229999999999999	0.0713650399030945
-0.209999999999999	0.0683095761333005
-0.189999999999999	0.0654910803542217
-0.169999999999999	0.062887624883043
-0.149999999999999	0.060479870532227
-0.129999999999999	0.0582507173227601
-0.109999999999999	0.0561850098430707
-0.0899999999999994	0.0542692878016905
-0.0699999999999994	0.0524915741366182
-0.0499999999999994	0.0508411944823846
-0.0299999999999994	0.0493086229419373
-0.00999999999999938	0.0478853500289843
0.0100000000000006	0.0465637693867017
0.0300000000000006	0.0453370804887237
0.0500000000000006	0.0441992050176864
0.0700000000000006	0.0431447150181432
0.0900000000000006	0.042168771252846
0.110000000000001	0.0412670704681949
0.130000000000001	0.0404358005080785
0.150000000000001	0.03967160241446
0.170000000000001	0.03897153882579
0.190000000000001	0.0383330681373205
0.210000000000001	0.0377540240264029
0.230000000000001	0.03723260007602
0.250000000000001	0.0367673393565652
0.270000000000001	0.0363571289541038
0.290000000000001	0.0360011995688048
0.310000000000001	0.0356991304564284
0.330000000000001	0.0354508601563169
0.350000000000001	0.0352567036510694
0.370000000000001	0.0351173768485833
0.390000000000001	0.0350340295828599
0.410000000000001	0.0350082887184779
0.430000000000001	0.0350423134454315
0.450000000000001	0.0351388655091333
0.470000000000001	0.0353013979945505
0.490000000000001	0.0355341674597979
0.510000000000001	0.0358423758176383
0.530000000000001	0.036232350574853
0.550000000000001	0.0367117751315793
0.570000000000001	0.0372899852246258
0.590000000000001	0.0379783539012624
0.610000000000001	0.0387907966175461
0.630000000000001	0.0397444417394413
0.650000000000001	0.040860532443685
0.670000000000001	0.0421656580327903
0.690000000000001	0.0436934632844758
0.710000000000001	0.0454870664696441
0.730000000000001	0.0476025533611036
0.750000000000001	0.0501141496566906
0.770000000000001	0.0531220933321186
0.790000000000001	0.0567650067506786
0.810000000000001	0.0612400840147493
0.830000000000001	0.0668375295141808
0.850000000000001	0.0740025486597949
0.870000000000001	0.0834545622512427
0.890000000000001	0.0964364744157163
0.910000000000001	0.115296299513338
0.930000000000001	0.145065865757202
0.950000000000001	0.198828410114317
0.970000000000001	0.32455655677592
0.990000000000001	0.954006048197083
