# Program settings for SigmaNu
# Electroweak scheme and input parameters
# Scheme = Complex mass scheme
# alpha_GF = 0.00755898078237864
# Pole masses/widths for particles [GeV]
# mw = 80.35797361
# gw = 2.084298894
# mz = 91.15348062
# gz = 2.494266379
# s^2_thetaw (derived) = (0.222868505240788,-0.00110716741475141)
# charged leptons
# m_e = 0.0005109989461
# m_m = 0.10565837
# m_t = 1.77686
# quarks
# m_d = 0.05
# m_u = 0.05
# m_s = 0.2
# m_c = 1.51
# m_b = 4.92
# m_t = 173
# Ecms (default) = 20193.5

# channel_id = 28
# process  = nu_e A -> W+ e-
-0.99	30.5705618221634
-0.97	3.41141983546133
-0.95	1.22940147975114
-0.93	0.627669697174068
-0.91	0.379939241237276
-0.89	0.254509325163398
-0.87	0.182358663343999
-0.85	0.137087279071159
-0.83	0.106830723066014
-0.81	0.0856155535176882
-0.79	0.0701684167979295
-0.77	0.0585736304991155
-0.75	0.0496495021927069
-0.73	0.0426350060710042
-0.71	0.0370220857355357
-0.69	0.0324610687605098
-0.67	0.0287049098968117
-0.65	0.0255750595377495
-0.63	0.0229398771625862
-0.61	0.0207005840830751
-0.59	0.0187818896995987
-0.57	0.0171255951839673
-0.55	0.0156861408279607
-0.53	0.0144274502331126
-0.51	0.0133206569766918
-0.49	0.0123424425983656
-0.47	0.0114738050068503
-0.45	0.0106991344751176
-0.429999999999999	0.0100055124657227
-0.409999999999999	0.00938217392625209
-0.389999999999999	0.00882009091001774
-0.369999999999999	0.00831164721861536
-0.349999999999999	0.00785038201986837
-0.329999999999999	0.00743078622546399
-0.309999999999999	0.00704813957903373
-0.289999999999999	0.00669837941550025
-0.269999999999999	0.00637799424980848
-0.249999999999999	0.00608393697257404
-0.229999999999999	0.00581355363485962
-0.209999999999999	0.00556452470784514
-0.189999999999999	0.00533481638669228
-0.169999999999999	0.00512264002868239
-0.149999999999999	0.00492641821558219
-0.129999999999999	0.0047447562392731
-0.109999999999999	0.0045764180500968
-0.0899999999999994	0.00442030589574665
-0.0699999999999994	0.00427544302677203
-0.0499999999999994	0.00414095896235839
-0.0299999999999994	0.00401607690364134
-0.00999999999999938	0.00390010295690207
0.0100000000000006	0.00379241688945342
0.0300000000000006	0.00369246419002501
0.0500000000000006	0.00359974924547558
0.0700000000000006	0.00351382947838395
0.0900000000000006	0.00343431031729518
0.110000000000001	0.003360840893893
0.130000000000001	0.00329311038051106
0.150000000000001	0.00323084489764259
0.170000000000001	0.00317380493512005
0.190000000000001	0.00312178324327267
0.210000000000001	0.00307460316157796
0.230000000000001	0.00303211736298633
0.250000000000001	0.00299420700248073
0.270000000000001	0.00296078126880232
0.290000000000001	0.00293177734938676
0.310000000000001	0.00290716083068083
0.330000000000001	0.00288692656987449
0.350000000000001	0.00287110009061522
0.370000000000001	0.00285973957513499
0.390000000000001	0.00285293855022867
0.410000000000001	0.00285082939609967
0.430000000000001	0.0028535878479867
0.450000000000001	0.00286143871402438
0.470000000000001	0.00287466310409406
0.490000000000001	0.0028936075600026
0.510000000000001	0.00291869560813763
0.530000000000001	0.0029504424355645
0.550000000000001	0.00298947364254434
0.570000000000001	0.00303654938108337
0.590000000000001	0.00309259570247559
0.610000000000001	0.00315874568645514
0.630000000000001	0.00323639403892908
0.650000000000001	0.00332727053232169
0.670000000000001	0.00343354026969664
0.690000000000001	0.00355794287464469
0.710000000000001	0.0037039893871855
0.730000000000001	0.00387624677613138
0.750000000000001	0.00408075912268532
0.770000000000001	0.00432568865577019
0.790000000000001	0.00462232319675099
0.810000000000001	0.00498671998922449
0.830000000000001	0.00544250998530076
0.850000000000001	0.00602594567061817
0.870000000000001	0.00679560853586714
0.890000000000001	0.00785270664218151
0.910000000000001	0.00938843574661391
0.930000000000001	0.0118125310935382
0.950000000000001	0.0161903437159674
0.970000000000001	0.0264282222664619
0.990000000000001	0.0776834777059416
