# Program settings for SigmaNu
# Electroweak scheme and input parameters
# Scheme = Complex mass scheme
# alpha_GF = 0.00755898078237864
# Pole masses/widths for particles [GeV]
# mw = 80.35797361
# gw = 2.084298894
# mz = 91.15348062
# gz = 2.494266379
# s^2_thetaw (derived) = (0.222868505240788,-0.00110716741475141)
# charged leptons
# m_e = 0.0005109989461
# m_m = 0.10565837
# m_t = 1.77686
# quarks
# m_d = 0.05
# m_u = 0.05
# m_s = 0.2
# m_c = 1.51
# m_b = 4.92
# m_t = 173
# Ecms (default) = 3625.43

# channel_id = 28
# process  = nu_e A -> W+ e-
-0.99	791.614353268026
-0.97	99.4846653613317
-0.95	36.7487483692528
-0.93	18.963620837192
-0.91	11.5476650137063
-0.89	7.76490427434607
-0.87	5.57833604641203
-0.85	4.20161927894215
-0.83	3.2791369492832
-0.81	2.6310230344619
-0.79	2.15836825190113
-0.77	1.8031271412662
-0.75	1.52941389322205
-0.73	1.31407463980002
-0.71	1.14162782898563
-0.69	1.00140398448027
-0.67	0.885856381328151
-0.65	0.789525209776129
-0.63	0.708381513335856
-0.61	0.639399721658656
-0.59	0.580272081499863
-0.57	0.529213599504487
-0.55	0.484826135725901
-0.53	0.44600200212244
-0.51	0.411854467329324
-0.49	0.381666915345231
-0.47	0.354855147781544
-0.45	0.330939085158674
-0.429999999999999	0.309521281496675
-0.409999999999999	0.290270440061479
-0.389999999999999	0.272908642869097
-0.369999999999999	0.257201367735733
-0.349999999999999	0.242949618669039
-0.329999999999999	0.229983673459614
-0.309999999999999	0.218158079636582
-0.289999999999999	0.207347621971168
-0.269999999999999	0.19744405191488
-0.249999999999999	0.188353418912997
-0.229999999999999	0.179993880407648
-0.209999999999999	0.172293895018036
-0.189999999999999	0.165190724322411
-0.169999999999999	0.158629184628243
-0.149999999999999	0.152560602374485
-0.129999999999999	0.146941936287557
-0.109999999999999	0.141735036789313
-0.0899999999999994	0.136906018932738
-0.0699999999999994	0.132424729693549
-0.0499999999999994	0.128264294053906
-0.0299999999999994	0.124400727190301
-0.00999999999999938	0.120812602382915
0.0100000000000006	0.117480766121848
0.0300000000000006	0.114388093391929
0.0500000000000006	0.111519277346482
0.0700000000000006	0.108860648588896
0.0900000000000006	0.106400020114944
0.110000000000001	0.104126554664437
0.130000000000001	0.102030651817104
0.150000000000001	0.100103852668108
0.170000000000001	0.0983387603528269
0.190000000000001	0.0967289750753094
0.210000000000001	0.0952690426442937
0.230000000000001	0.0939544158485899
0.250000000000001	0.0927814283224759
0.270000000000001	0.0917472808748635
0.290000000000001	0.0908500405973686
0.310000000000001	0.0900886534423876
0.330000000000001	0.089462971392528
0.350000000000001	0.0889737958515183
0.370000000000001	0.0886229395060753
0.390000000000001	0.0884133096795614
0.410000000000001	0.088349017178655
0.430000000000001	0.0884355159006392
0.450000000000001	0.0886797801295467
0.470000000000001	0.0890905286557357
0.490000000000001	0.0896785078224475
0.510000000000001	0.0904568496486228
0.530000000000001	0.0914415267590886
0.550000000000001	0.0926519336570674
0.570000000000001	0.0941116349336238
0.590000000000001	0.0958493369150447
0.610000000000001	0.0979001624881484
0.630000000000001	0.100307343380523
0.650000000000001	0.103124496464349
0.670000000000001	0.106418731460671
0.690000000000001	0.11027496514375
0.710000000000001	0.114802024138736
0.730000000000001	0.120141463389921
0.750000000000001	0.126480620744451
0.770000000000001	0.134072485834012
0.790000000000001	0.143266925802011
0.810000000000001	0.154561635762588
0.830000000000001	0.168689057569883
0.850000000000001	0.186772836995451
0.870000000000001	0.21062870649153
0.890000000000001	0.243393607559813
0.910000000000001	0.290993647267737
0.930000000000001	0.366128556740125
0.950000000000001	0.501818856565914
0.970000000000001	0.819141693826086
0.990000000000001	2.4077967509972
