# Program settings for SigmaNu
# Electroweak scheme and input parameters
# Scheme = Complex mass scheme
# alpha_GF = 0.00755898078237864
# Pole masses/widths for particles [GeV]
# mw = 80.35797361
# gw = 2.084298894
# mz = 91.15348062
# gz = 2.494266379
# s^2_thetaw (derived) = (0.222868505240788,-0.00110716741475141)
# charged leptons
# m_e = 0.0005109989461
# m_m = 0.10565837
# m_t = 1.77686
# quarks
# m_d = 0.05
# m_u = 0.05
# m_s = 0.2
# m_c = 1.51
# m_b = 4.92
# m_t = 173
# Ecms (default) = 297.218

# channel_id = 28
# process  = nu_e A -> W+ e-
-0.99	546.180360709269
-0.97	436.055431242626
-0.95	356.208882735709
-0.93	296.483578446621
-0.91	250.649565695586
-0.89	214.713576830989
-0.87	186.020361094811
-0.85	162.748686877558
-0.83	143.615676031849
-0.81	127.696565728335
-0.79	114.311130671195
-0.77	102.950010020198
-0.75	93.2256851477722
-0.73	84.8391137629087
-0.71	77.5565563255971
-0.69	71.1931859767878
-0.67	65.6013040993308
-0.65	60.6617397808169
-0.63	56.2774867728788
-0.61	52.3689366406697
-0.59	48.8702664024523
-0.57	45.7266718506944
-0.55	42.8922276549808
-0.53	40.3282170853247
-0.51	38.0018171754023
-0.49	35.8850554521634
-0.47	33.9539759840537
-0.45	32.1879681036205
-0.429999999999999	30.5692225361849
-0.409999999999999	29.0822880411985
-0.389999999999999	27.7137078952417
-0.369999999999999	26.4517202086871
-0.349999999999999	25.2860095911334
-0.329999999999999	24.207500363053
-0.309999999999999	23.2081835682439
-0.289999999999999	22.2809716302837
-0.269999999999999	21.4195757310337
-0.249999999999999	20.6184019551254
-0.229999999999999	19.8724630043701
-0.209999999999999	19.1773028874586
-0.189999999999999	18.528932468855
-0.169999999999999	17.9237741435429
-0.149999999999999	17.3586142119772
-0.129999999999999	16.8305617781705
-0.109999999999999	16.3370131956203
-0.0899999999999994	15.8756212503475
-0.0699999999999994	15.4442684051794
-0.0499999999999994	15.0410435404519
-0.0299999999999994	14.6642217182053
-0.00999999999999938	14.3122465734075
0.0100000000000006	13.9837149997327
0.0300000000000006	13.6773638513442
0.0500000000000006	13.3920584279241
0.0700000000000006	13.1267825494589
0.0900000000000006	12.8806300613576
0.110000000000001	12.6527976404717
0.130000000000001	12.4425787994801
0.150000000000001	12.2493590117683
0.170000000000001	12.0726119021653
0.190000000000001	11.9118964714916
0.210000000000001	11.766855345609
0.230000000000001	11.6372140633867
0.250000000000001	11.5227814436832
0.270000000000001	11.4234511001992
0.290000000000001	11.3392042062719
0.310000000000001	11.2701136510728
0.330000000000001	11.21634977647
0.350000000000001	11.1781879429324
0.370000000000001	11.1560182471651
0.390000000000001	11.1503578089048
0.410000000000001	11.1618661666114
0.430000000000001	11.1913644815343
0.450000000000001	11.2398594605902
0.470000000000001	11.3085731901345
0.490000000000001	11.398980452905
0.510000000000001	11.5128556194915
0.530000000000001	11.6523319228622
0.550000000000001	11.8199769278694
0.570000000000001	12.0188894305078
0.590000000000001	12.252825068659
0.610000000000001	12.5263609172915
0.630000000000001	12.8451137870499
0.650000000000001	13.2160336772073
0.670000000000001	13.6478042376257
0.690000000000001	14.1513985385061
0.710000000000001	14.7408650972073
0.730000000000001	15.4344635285768
0.750000000000001	16.2563455824415
0.770000000000001	17.2391135179266
0.790000000000001	18.4278406808662
0.810000000000001	19.8866316720767
0.830000000000001	21.7098135088365
0.850000000000001	24.0420800136919
0.870000000000001	27.1172313401798
0.890000000000001	31.3391751437135
0.910000000000001	37.4709297014975
0.930000000000001	47.1476328407226
0.950000000000001	64.6207728884929
0.970000000000001	105.479344334832
0.990000000000001	310.024873927531
