# Program settings for SigmaNu
# Electroweak scheme and input parameters
# Scheme = Complex mass scheme
# alpha_GF = 0.00755898078237864
# Pole masses/widths for particles [GeV]
# mw = 80.35797361
# gw = 2.084298894
# mz = 91.15348062
# gz = 2.494266379
# s^2_thetaw (derived) = (0.222868505240788,-0.00110716741475141)
# charged leptons
# m_e = 0.0005109989461
# m_m = 0.10565837
# m_t = 1.77686
# quarks
# m_d = 0.05
# m_u = 0.05
# m_s = 0.2
# m_c = 1.51
# m_b = 4.92
# m_t = 173
# Ecms (default) = 5844.03

# channel_id = 28
# process  = nu_e A -> W+ e-
-0.99	341.096938797993
-0.97	39.814667246324
-0.95	14.4801034484504
-0.93	7.421934431068
-0.91	4.50246870888184
-0.89	3.02027022451408
-0.87	2.16614737235214
-0.85	1.62954560335728
-0.83	1.27057686055508
-0.81	1.01869300398097
-0.79	0.835185253078899
-0.77	0.697376959101363
-0.75	0.591268526223281
-0.73	0.50783791394654
-0.71	0.441058623952368
-0.69	0.386780867941948
-0.67	0.342071567415617
-0.65	0.30481008980869
-0.63	0.27343243641085
-0.61	0.246764698071966
-0.59	0.223911874597284
-0.57	0.204181981297963
-0.55	0.187033200196922
-0.53	0.172036412463404
-0.51	0.15884820087633
-0.49	0.147191107359845
-0.47	0.136839000058073
-0.45	0.127606092708714
-0.429999999999999	0.119338610495253
-0.409999999999999	0.111908397784351
-0.389999999999999	0.10520796738238
-0.369999999999999	0.0991466314573485
-0.349999999999999	0.0936474522722071
-0.329999999999999	0.0886448200949407
-0.309999999999999	0.0840825151214988
-0.289999999999999	0.0799121459951419
-0.269999999999999	0.0760918836044829
-0.249999999999999	0.0725854280818744
-0.229999999999999	0.0693611612360425
-0.209999999999999	0.0663914473914636
-0.189999999999999	0.0636520537296321
-0.169999999999999	0.061121667418457
-0.149999999999999	0.0587814915693168
-0.129999999999999	0.0566149057358925
-0.109999999999999	0.0546071795283296
-0.0899999999999994	0.0527452301554016
-0.0699999999999994	0.0510174164714274
-0.0499999999999994	0.0494133635025027
-0.0299999999999994	0.0479238125406325
-0.00999999999999938	0.046540492787201
0.0100000000000006	0.0452560112467123
0.0300000000000006	0.044063758154966
0.0500000000000006	0.042957825701505
0.0700000000000006	0.0419329381964628
0.0900000000000006	0.040984392154785
0.110000000000001	0.0401080050398861
0.130000000000001	0.0393000716356943
0.150000000000001	0.03855732720955
0.170000000000001	0.037876916796338
0.190000000000001	0.0372563700829457
0.210000000000001	0.0366935815072113
0.230000000000001	0.0361867953121055
0.250000000000001	0.0357345954190441
0.270000000000001	0.0353359001088537
0.290000000000001	0.0349899616306453
0.310000000000001	0.0346963710037091
0.330000000000001	0.0344550684434879
0.350000000000001	0.0342663600386311
0.370000000000001	0.0341309415447751
0.390000000000001	0.034049930457878
0.410000000000001	0.0340249079073929
0.430000000000001	0.0340579723974661
0.450000000000001	0.034151808063749
0.470000000000001	0.034309770963165
0.490000000000001	0.034535998057281
0.510000000000001	0.0348355451078975
0.530000000000001	0.0352145618530495
0.550000000000001	0.0356805158366942
0.570000000000001	0.036242480524342
0.590000000000001	0.0369115094622118
0.610000000000001	0.0377011271864619
0.630000000000001	0.0386279808888143
0.650000000000001	0.0397127169815424
0.670000000000001	0.0409811778229382
0.690000000000001	0.0424660630484156
0.710000000000001	0.044209279662691
0.730000000000001	0.046265337896444
0.750000000000001	0.048706378328268
0.770000000000001	0.051629823091192
0.790000000000001	0.0551704004312075
0.810000000000001	0.0595197649656318
0.830000000000001	0.0649599688008215
0.850000000000001	0.071923710852749
0.870000000000001	0.0811102023038356
0.890000000000001	0.0937274322304075
0.910000000000001	0.11205745573338
0.930000000000001	0.140990749399123
0.950000000000001	0.193243022386275
0.970000000000001	0.315439275714072
0.990000000000001	0.927206583630043
