# Program settings for SigmaNu
# Electroweak scheme and input parameters
# Scheme = Complex mass scheme
# alpha_GF = 0.00755898078237864
# Pole masses/widths for particles [GeV]
# mw = 80.35797361
# gw = 2.084298894
# mz = 91.15348062
# gz = 2.494266379
# s^2_thetaw (derived) = (0.222868505240788,-0.00110716741475141)
# charged leptons
# m_e = 0.0005109989461
# m_m = 0.10565837
# m_t = 1.77686
# quarks
# m_d = 0.05
# m_u = 0.05
# m_s = 0.2
# m_c = 1.51
# m_b = 4.92
# m_t = 173
# Ecms (default) = 9287.01

# channel_id = 28
# process  = nu_e A -> W+ e-
-0.99	141.200524852229
-0.97	16.0038232488343
-0.95	5.78553077382773
-0.93	2.9577732815114
-0.91	1.79173057466529
-0.89	1.2007955122825
-0.87	0.86066663151874
-0.85	0.647158644760357
-0.83	0.504417440802949
-0.81	0.40430583643463
-0.79	0.331398358344764
-0.77	0.276664361242332
-0.75	0.234531717504523
-0.73	0.201411072403493
-0.71	0.174905727415358
-0.69	0.153365868573037
-0.67	0.135625727227994
-0.65	0.120842649745971
-0.63	0.108395298549606
-0.61	0.0978173969443752
-0.59	0.0887535108207712
-0.57	0.0809288718727016
-0.55	0.0741283683707564
-0.53	0.068181653404673
-0.51	0.0629524164088027
-0.49	0.0583305390217613
-0.47	0.0542262819403545
-0.45	0.0505659232928635
-0.429999999999999	0.0472884486354434
-0.409999999999999	0.0443430124832449
-0.389999999999999	0.0416869725016991
-0.369999999999999	0.0392843533510189
-0.349999999999999	0.0371046361358112
-0.329999999999999	0.0351217969253342
-0.309999999999999	0.033313537471202
-0.289999999999999	0.0316606654548702
-0.269999999999999	0.0301465919673011
-0.249999999999999	0.0287569215668834
-0.229999999999999	0.0274791159474282
-0.209999999999999	0.0263022165135418
-0.189999999999999	0.0252166143869368
-0.169999999999999	0.0242138588259766
-0.149999999999999	0.0232864969284077
-0.129999999999999	0.0224279389463706
-0.109999999999999	0.0216323446780919
-0.0899999999999994	0.0208945272897333
-0.0699999999999994	0.0202098716211618
-0.0499999999999994	0.0195742645843421
-0.0299999999999994	0.018984035705265
-0.00999999999999938	0.0184359062146999
0.0100000000000006	0.0179269453786725
0.0300000000000006	0.0174545329910192
0.0500000000000006	0.0170163271391443
0.0700000000000006	0.0166102365090094
0.0900000000000006	0.0162343966234552
0.110000000000001	0.0158871495147862
0.130000000000001	0.0155670264224804
0.150000000000001	0.0152727331837637
0.170000000000001	0.0150031380512918
0.190000000000001	0.0147572617312444
0.210000000000001	0.01453426948865
0.230000000000001	0.0143334652170003
0.250000000000001	0.0141542874179578
0.270000000000001	0.0139963070864758
0.290000000000001	0.0138592275487291
0.310000000000001	0.0137428863577537
0.330000000000001	0.0136472594173754
0.350000000000001	0.0135724675826766
0.370000000000001	0.0135187860797655
0.390000000000001	0.0134866572053444
0.410000000000001	0.0134767069160323
0.430000000000001	0.0134897661107316
0.450000000000001	0.013526897662547
0.470000000000001	0.0135894305932882
0.490000000000001	0.0136790032365064
0.510000000000001	0.013797617852009
0.530000000000001	0.0139477100062402
0.550000000000001	0.0141322372231309
0.570000000000001	0.0143547930968262
0.590000000000001	0.014619755483848
0.610000000000001	0.014932480936598
0.630000000000001	0.0152995628078123
0.650000000000001	0.0157291784310498
0.670000000000001	0.0162315631073015
0.690000000000001	0.0168196681081847
0.710000000000001	0.017510091476968
0.730000000000001	0.0183244230258696
0.750000000000001	0.0192912354291105
0.770000000000001	0.0204491146378937
0.790000000000001	0.0218514224501135
0.810000000000001	0.02357406751102
0.830000000000001	0.025728762227498
0.850000000000001	0.0284868857324026
0.870000000000001	0.0321253747470024
0.890000000000001	0.0371226777931815
0.910000000000001	0.0443826490154734
0.930000000000001	0.055842260762145
0.950000000000001	0.0765378273589739
0.970000000000001	0.124936125506145
0.990000000000001	0.367238963644132
