# Program settings for SigmaNu
# Electroweak scheme and input parameters
# Scheme = Complex mass scheme
# alpha_GF = 0.00755898078237864
# Pole masses/widths for particles [GeV]
# mw = 80.35797361
# gw = 2.084298894
# mz = 91.15348062
# gz = 2.494266379
# s^2_thetaw (derived) = (0.222868505240788,-0.00110716741475141)
# charged leptons
# m_e = 0.0005109989461
# m_m = 0.10565837
# m_t = 1.77686
# quarks
# m_d = 0.05
# m_u = 0.05
# m_s = 0.2
# m_c = 1.51
# m_b = 4.92
# m_t = 173
# Ecms (default) = 18538.5

# channel_id = 28
# process  = nu_e A -> W+ e-
-0.99	36.2299200453304
-0.97	4.04612809099621
-0.95	1.45836582036041
-0.93	0.74461742221207
-0.91	0.45074659716689
-0.89	0.301948143052962
-0.87	0.216352658108886
-0.85	0.162644076436506
-0.83	0.126748049128811
-0.81	0.101578304403475
-0.79	0.0832515901663858
-0.77	0.0694952506234399
-0.75	0.0589073740116446
-0.73	0.0505850998649201
-0.71	0.0439256779235763
-0.69	0.038514258778074
-0.67	0.0340577472236051
-0.65	0.0303443101591009
-0.63	0.0272177670477089
-0.61	0.0245609246126317
-0.59	0.022284455988275
-0.57	0.0203193121920678
-0.55	0.0186114395128327
-0.53	0.0171180354486533
-0.51	0.0158048516046646
-0.49	0.0146442218585276
-0.47	0.0136136011762944
-0.45	0.0126944693529264
-0.429999999999999	0.011871499120667
-0.409999999999999	0.011131918200656
-0.389999999999999	0.0104650152969902
-0.369999999999999	0.0098617540810976
-0.349999999999999	0.00931446901021405
-0.329999999999999	0.00881662374146903
-0.309999999999999	0.00836261784608058
-0.289999999999999	0.00794763109943265
-0.269999999999999	0.00756749722962663
-0.249999999999999	0.00721860092845838
-0.229999999999999	0.00689779335795591
-0.209999999999999	0.00660232245769941
-0.189999999999999	0.0063297751690094
-0.169999999999999	0.00607802931003285
-0.149999999999999	0.00584521331013926
-0.129999999999999	0.00562967237874897
-0.109999999999999	0.00542993996897563
-0.0899999999999994	0.00524471361991894
-0.0699999999999994	0.00507283443737152
-0.0499999999999994	0.00491326961216745
-0.0299999999999994	0.00476509748651892
-0.00999999999999938	0.00462749476768268
0.0100000000000006	0.00449972556010474
0.0300000000000006	0.00438113194533028
0.0500000000000006	0.00427112588636792
0.0700000000000006	0.00416918227212968
0.0900000000000006	0.00407483294975903
0.110000000000001	0.00398766161947591
0.130000000000001	0.00390729948912375
0.150000000000001	0.00383342160503415
0.170000000000001	0.00376574379233553
0.190000000000001	0.00370402015289251
0.210000000000001	0.00364804108229157
0.230000000000001	0.00359763178007389
0.250000000000001	0.00355265123952293
0.270000000000001	0.0035129917158476
0.290000000000001	0.00347857868463519
0.310000000000001	0.00344937131684589
0.330000000000001	0.00342536351320918
0.350000000000001	0.0034065855602308
0.370000000000001	0.00339310649394612
0.390000000000001	0.00338503728685229
0.410000000000001	0.00338253501123752
0.430000000000001	0.00338580818040307
0.450000000000001	0.00339512353299301
0.470000000000001	0.00341081461010323
0.490000000000001	0.00343329258836637
0.510000000000001	0.00346305998727617
0.530000000000001	0.00350072808255337
0.550000000000001	0.00354703915620718
0.570000000000001	0.00360289513717503
0.590000000000001	0.00366939479549795
0.610000000000001	0.00374788254250522
0.630000000000001	0.00384001321155492
0.650000000000001	0.00394783919577669
0.670000000000001	0.00407392941245753
0.690000000000001	0.00422153445326901
0.710000000000001	0.00439482020323065
0.730000000000001	0.00459920541754798
0.750000000000001	0.00484186146019798
0.770000000000001	0.00513247289882783
0.790000000000001	0.00548443284817786
0.810000000000001	0.00591679339071854
0.830000000000001	0.00645759289072149
0.850000000000001	0.00714984528985294
0.870000000000001	0.00806305812033514
0.890000000000001	0.00931731577186509
0.910000000000001	0.0111394739467579
0.930000000000001	0.014015687662099
0.950000000000001	0.019210006707892
0.970000000000001	0.0313573533209188
0.990000000000001	0.0921722330026344
