# Program settings for SigmaNu
# Electroweak scheme and input parameters
# Scheme = Complex mass scheme
# alpha_GF = 0.00755898078237864
# Pole masses/widths for particles [GeV]
# mw = 80.35797361
# gw = 2.084298894
# mz = 91.15348062
# gz = 2.494266379
# s^2_thetaw (derived) = (0.222868505240788,-0.00110716741475141)
# charged leptons
# m_e = 0.0005109989461
# m_m = 0.10565837
# m_t = 1.77686
# quarks
# m_d = 0.05
# m_u = 0.05
# m_s = 0.2
# m_c = 1.51
# m_b = 4.92
# m_t = 173
# Ecms (default) = 52470.9

# channel_id = 28
# process  = nu_e A -> W+ e-
-0.99	4.55221754668632
-0.97	0.506169748407859
-0.95	0.182281494405539
-0.93	0.0930349611127726
-0.91	0.0563060171756083
-0.89	0.0377135168799382
-0.87	0.0270201012073407
-0.85	0.0203111120655881
-0.83	0.0158275736288588
-0.81	0.0126840031560392
-0.79	0.0103952182587774
-0.77	0.00867729541133387
-0.75	0.0073551070210341
-0.73	0.00631587452536199
-0.71	0.00548431096130889
-0.69	0.00480860165674253
-0.67	0.00425214049686728
-0.65	0.00378847151668993
-0.63	0.00339808983240327
-0.61	0.00306635995182862
-0.59	0.00278212670551924
-0.57	0.00253676742134166
-0.55	0.0023235321340756
-0.53	0.0021370759706981
-0.51	0.00197312230430341
-0.49	0.00182821649377101
-0.47	0.00169954340187126
-0.45	0.00158479049014641
-0.429999999999999	0.00148204393092471
-0.409999999999999	0.00138970894061453
-0.389999999999999	0.00130644808940768
-0.369999999999999	0.00123113309725836
-0.349999999999999	0.00116280684945772
-0.329999999999999	0.00110065322917097
-0.309999999999999	0.0010439729816166
-0.289999999999999	0.000992164270594504
-0.269999999999999	0.00094470691365925
-0.249999999999999	0.00090114952215668
-0.229999999999999	0.000861098950852129
-0.209999999999999	0.00082421159574077
-0.189999999999999	0.000790186179931559
-0.169999999999999	0.000758757744621701
-0.149999999999999	0.000729692621431245
-0.129999999999999	0.000702784208213522
-0.109999999999999	0.000677849405979578
-0.0899999999999994	0.000654725602576022
-0.0699999999999994	0.000633268110659295
-0.0499999999999994	0.000613347984970241
-0.0299999999999994	0.000594850157751563
-0.00999999999999938	0.000577671842267667
0.0100000000000006	0.000561721163414737
0.0300000000000006	0.00054691598154534
0.0500000000000006	0.000533182881688466
0.0700000000000006	0.000520456305108625
0.0900000000000006	0.000508677804204296
0.110000000000001	0.000497795405111544
0.130000000000001	0.000487763065134409
0.150000000000001	0.000478540214650817
0.170000000000001	0.000470091375074038
0.190000000000001	0.000462385846456128
0.210000000000001	0.000455397459883535
0.230000000000001	0.000449104391469777
0.250000000000001	0.000443489036192271
0.270000000000001	0.000438537941468783
0.290000000000001	0.000434241801944418
0.310000000000001	0.000430595518763389
0.330000000000001	0.000427598328654686
0.350000000000001	0.000425254010645817
0.370000000000001	0.000423571181102709
0.390000000000001	0.000422563691564757
0.410000000000001	0.000422251148434511
0.430000000000001	0.000422659579713685
0.450000000000001	0.000423822281906655
0.470000000000001	0.000425780890708835
0.490000000000001	0.000428586733304976
0.510000000000001	0.000432302539483851
0.530000000000001	0.000437004615369699
0.550000000000001	0.000442785620955263
0.570000000000001	0.000449758145353046
0.590000000000001	0.000458059349823833
0.610000000000001	0.000467857059602301
0.630000000000001	0.000479357850616456
0.650000000000001	0.000492817927067765
0.670000000000001	0.000508557972015473
0.690000000000001	0.000526983763430312
0.710000000000001	0.000548615337342175
0.730000000000001	0.00057412912827552
0.750000000000001	0.000604420352699334
0.770000000000001	0.000640697955718817
0.790000000000001	0.000684633828352267
0.810000000000001	0.000738606282718372
0.830000000000001	0.000806115407788996
0.850000000000001	0.00089253072606943
0.870000000000001	0.00100652901181244
0.890000000000001	0.00116310065699459
0.910000000000001	0.00139056454573022
0.930000000000001	0.00174960845221848
0.950000000000001	0.00239802642505936
0.970000000000001	0.00391440575616795
0.990000000000001	0.0115060577111148
