# Program settings for SigmaNu
# Electroweak scheme and input parameters
# Scheme = Complex mass scheme
# alpha_GF = 0.00755898078237864
# Pole masses/widths for particles [GeV]
# mw = 80.35797361
# gw = 2.084298894
# mz = 91.15348062
# gz = 2.494266379
# s^2_thetaw (derived) = (0.222868505240788,-0.00110716741475141)
# charged leptons
# m_e = 0.0005109989461
# m_m = 0.10565837
# m_t = 1.77686
# quarks
# m_d = 0.05
# m_u = 0.05
# m_s = 0.2
# m_c = 1.51
# m_b = 4.92
# m_t = 173
# Ecms (default) = 116.027

# channel_id = 28
# process  = nu_e A -> W+ e-
-0.99	63.6987516027774
-0.97	62.4639252837024
-0.95	61.271809296443
-0.93	60.1207018009032
-0.91	59.0089924986651
-0.89	57.9351572023515
-0.87	56.8977528004828
-0.85	55.895412587034
-0.83	54.9268419277135
-0.81	53.9908142375283
-0.79	53.08616724651
-0.77	52.2117995325684
-0.75	51.3666673023414
-0.73	50.5497814026499
-0.71	49.7602045467439
-0.69	48.9970487409821
-0.67	48.2594728989159
-0.65	47.5466806309754
-0.63	46.8579181990887
-0.61	46.1924726266182
-0.59	45.5496699549756
-0.57	44.9288736391984
-0.55	44.3294830756356
-0.53	43.7509322557109
-0.51	43.1926885405183
-0.49	42.6542515517625
-0.47	42.1351521752918
-0.45	41.6349516741961
-0.429999999999999	41.153240909162
-0.409999999999999	40.6896396644982
-0.389999999999999	40.243796078979
-0.369999999999999	39.8153861814097
-0.349999999999999	39.404113531602
-0.329999999999999	39.0097089682752
-0.309999999999999	38.631930466282
-0.289999999999999	38.2705631065032
-0.269999999999999	37.9254191627901
-0.249999999999999	37.5963383114621
-0.229999999999999	37.2831879701232
-0.209999999999999	36.9858637739545
-0.189999999999999	36.7042901992139
-0.169999999999999	36.4384213454469
-0.149999999999999	36.1882418899328
-0.129999999999999	35.9537682302007
-0.109999999999999	35.7350498331035
-0.0899999999999994	35.532170812004
-0.0699999999999994	35.3452517571816
-0.0499999999999994	35.1744518487081
-0.0299999999999994	35.019971285883
-0.00999999999999938	34.8820540729981
0.0100000000000006	34.7609912078976
0.0300000000000006	34.6571243277175
0.0500000000000006	34.5708498755869
0.0700000000000006	34.502623863277
0.0900000000000006	34.4529673181857
0.110000000000001	34.4224725191429
0.130000000000001	34.4118101449344
0.150000000000001	34.4217374829557
0.170000000000001	34.4531078739998
0.190000000000001	34.5068816041274
0.210000000000001	34.5841384974521
0.230000000000001	34.6860925165794
0.250000000000001	34.8141087430274
0.270000000000001	34.969723191707
0.290000000000001	35.1546660160129
0.310000000000001	35.3708887892604
0.330000000000001	35.620596712098
0.350000000000001	35.9062868047871
0.370000000000001	36.2307934122894
0.390000000000001	36.5973426985312
0.410000000000001	37.0096182609385
0.430000000000001	37.4718405946496
0.450000000000001	37.9888639299286
0.470000000000001	38.566295030114
0.490000000000001	39.2106399767047
0.510000000000001	39.9294869361548
0.530000000000001	40.7317356246045
0.550000000000001	41.6278879970857
0.570000000000001	42.6304200930591
0.590000000000001	43.7542627485212
0.610000000000001	45.0174302533138
0.630000000000001	46.4418529312313
0.650000000000001	48.0544952103692
0.670000000000001	49.8888802991036
0.690000000000001	51.98720509435
0.710000000000001	54.403330260099
0.730000000000001	57.2070992664681
0.750000000000001	60.4907306053559
0.770000000000001	64.3785451144277
0.790000000000001	69.0422518130469
0.810000000000001	74.7258879937749
0.830000000000001	81.7883641306849
0.850000000000001	90.7800447645317
0.870000000000001	102.590019491148
0.890000000000001	118.754033272494
0.910000000000001	142.172990568929
0.930000000000001	179.063180931079
0.950000000000001	245.58704613269
0.970000000000001	401.007016026807
0.990000000000001	1178.68537520962
