# Program settings for SigmaNu
# Electroweak scheme and input parameters
# Scheme = Complex mass scheme
# alpha_GF = 0.00755898078237864
# Pole masses/widths for particles [GeV]
# mw = 80.35797361
# gw = 2.084298894
# mz = 91.15348062
# gz = 2.494266379
# s^2_thetaw (derived) = (0.222868505240788,-0.00110716741475141)
# charged leptons
# m_e = 0.0005109989461
# m_m = 0.10565837
# m_t = 1.77686
# quarks
# m_d = 0.05
# m_u = 0.05
# m_s = 0.2
# m_c = 1.51
# m_b = 4.92
# m_t = 173
# Ecms (default) = 694

# channel_id = 28
# process  = nu_e A -> W+ e-
-0.99	1910.10513885025
-0.97	807.648325192437
-0.95	443.38939580544
-0.93	279.752108789287
-0.91	192.486815935386
-0.89	140.526024481155
-0.87	107.108770665497
-0.85	84.3575109591397
-0.83	68.1733766462586
-0.81	56.2527401416231
-0.79	47.2201236724172
-0.77	40.2131047279872
-0.75	34.6687008828666
-0.73	30.2067516805743
-0.71	26.5630423582253
-0.69	23.5493206209528
-0.67	21.028521311394
-0.65	18.8989302963626
-0.63	17.0837828366532
-0.61	15.5242650532433
-0.59	14.1747030731548
-0.57	12.9991918430114
-0.55	11.9691914956627
-0.53	11.061786449139
-0.51	10.2584063466274
-0.49	9.54387394482845
-0.47	8.905687816035
-0.45	8.33347594182807
-0.429999999999999	7.81857520673155
-0.409999999999999	7.35370470048821
-0.389999999999999	6.93270965534204
-0.369999999999999	6.55035909169884
-0.349999999999999	6.20218467597722
-0.329999999999999	5.88435147295333
-0.309999999999999	5.59355357988193
-0.289999999999999	5.32692931813277
-0.269999999999999	5.08199190667935
-0.249999999999999	4.85657247336183
-0.229999999999999	4.64877296076388
-0.209999999999999	4.45692701510843
-0.189999999999999	4.27956735274449
-0.169999999999999	4.11539841136551
-0.149999999999999	3.96327333527228
-0.129999999999999	3.8221745328383
-0.109999999999999	3.69119719250762
-0.0899999999999994	3.56953526060438
-0.0699999999999994	3.45646947706867
-0.0499999999999994	3.35135713933744
-0.0299999999999994	3.25362332406514
-0.00999999999999938	3.1627533443745
0.0100000000000006	3.07828625927322
0.0300000000000006	2.99980928365493
0.0500000000000006	2.92695297339984
0.0700000000000006	2.85938708166393
0.0900000000000006	2.79681700041985
0.110000000000001	2.73898071642627
0.130000000000001	2.68564622365728
0.150000000000001	2.63660934531296
0.170000000000001	2.59169192827219
0.190000000000001	2.55074038159985
0.210000000000001	2.51362453880397
0.230000000000001	2.48023683125839
0.250000000000001	2.45049176786269
0.270000000000001	2.42432572391894
0.290000000000001	2.40169705071663
0.310000000000001	2.38258652684258
0.330000000000001	2.36699818327788
0.350000000000001	2.35496054754479
0.370000000000001	2.34652836835616
0.390000000000001	2.34178490250187
0.410000000000001	2.34084487157782
0.430000000000001	2.34385822967615
0.450000000000001	2.35101492717331
0.470000000000001	2.36255091430702
0.490000000000001	2.37875570708947
0.510000000000001	2.39998194560179
0.530000000000001	2.42665752308945
0.550000000000001	2.45930107174132
0.570000000000001	2.49854188510553
0.590000000000001	2.54514578005632
0.610000000000001	2.60004901920389
0.630000000000001	2.66440333307727
0.650000000000001	2.73963647202376
0.670000000000001	2.82753486674717
0.690000000000001	2.93035837304005
0.710000000000001	3.0510025810216
0.730000000000001	3.19323334366443
0.750000000000001	3.36203395936799
0.770000000000001	3.56413357274526
0.790000000000001	3.80883759801359
0.810000000000001	4.10938270023935
0.830000000000001	4.48524831546986
0.850000000000001	4.96631747140812
0.870000000000001	5.60087845474158
0.890000000000001	6.47235566651071
0.910000000000001	7.7383483926084
0.930000000000001	9.73659330817054
0.950000000000001	13.3452371561273
0.970000000000001	21.7842003904693
0.990000000000001	64.0329052275803
