# Program settings for SigmaNu
# Electroweak scheme and input parameters
# Scheme = Complex mass scheme
# alpha_GF = 0.00755898078237864
# Pole masses/widths for particles [GeV]
# mw = 80.35797361
# gw = 2.084298894
# mz = 91.15348062
# gz = 2.494266379
# s^2_thetaw (derived) = (0.222868505240788,-0.00110716741475141)
# charged leptons
# m_e = 0.0005109989461
# m_m = 0.10565837
# m_t = 1.77686
# quarks
# m_d = 0.05
# m_u = 0.05
# m_s = 0.2
# m_c = 1.51
# m_b = 4.92
# m_t = 173
# Ecms (default) = 548.568

# channel_id = 28
# process  = nu_e A -> W+ e-
-0.99	1469.02794890965
-0.97	781.230432433323
-0.95	483.860379437586
-0.93	328.904554228289
-0.91	238.061921604304
-0.89	180.288794893204
-0.87	141.286286979152
-0.85	113.724510431919
-0.83	93.5310819360457
-0.81	78.2965851060397
-0.79	66.5215672136601
-0.77	57.2332651295268
-0.75	49.7782536064202
-0.73	43.7044380499967
-0.71	38.690957876722
-0.69	34.5049941012906
-0.67	30.9742957222263
-0.65	27.96921164014
-0.63	25.3906472094667
-0.61	23.1618136335673
-0.59	21.2224640771354
-0.57	19.5247954234091
-0.55	18.0304874665058
-0.53	16.7085325648139
-0.51	15.5336234686237
-0.49	14.484941098878
-0.47	13.5452327792968
-0.45	12.7001040303656
-0.429999999999999	11.9374691981339
-0.409999999999999	11.2471214772642
-0.389999999999999	10.6203935732223
-0.369999999999999	10.049887811629
-0.349999999999999	9.52925991862927
-0.329999999999999	9.05304461673839
-0.309999999999999	8.61651404786583
-0.289999999999999	8.21556215225103
-0.269999999999999	7.84660970928037
-0.249999999999999	7.50652593122889
-0.229999999999999	7.19256339854377
-0.209999999999999	6.90230381027319
-0.189999999999999	6.63361254975971
-0.169999999999999	6.38460047319208
-0.149999999999999	6.1535916460122
-0.129999999999999	5.93909600095177
-0.109999999999999	5.73978608762626
-0.0899999999999994	5.5544772391597
-0.0699999999999994	5.38211060534602
-0.0499999999999994	5.22173860128924
-0.0299999999999994	5.0725124006131
-0.00999999999999938	4.9336711672763
0.0100000000000006	4.80453277294659
0.0300000000000006	4.68448579025133
0.0500000000000006	4.57298258798049
0.0700000000000006	4.46953338401041
0.0900000000000006	4.37370113657482
0.110000000000001	4.28509717552272
0.130000000000001	4.20337749318348
0.150000000000001	4.1282396300797
0.170000000000001	4.05942010455891
0.190000000000001	3.99669234795949
0.210000000000001	3.93986511863746
0.230000000000001	3.88878137949681
0.250000000000001	3.84331763502614
0.270000000000001	3.80338373571899
0.290000000000001	3.76892317067634
0.310000000000001	3.73991388378853
0.330000000000001	3.71636966594959
0.350000000000001	3.69834219626372
0.370000000000001	3.68592383046069
0.390000000000001	3.67925126647781
0.410000000000001	3.67851025773944
0.430000000000001	3.68394159730188
0.450000000000001	3.69584866523254
0.470000000000001	3.71460692370823
0.490000000000001	3.74067586842223
0.510000000000001	3.77461411411602
0.530000000000001	3.81709852567024
0.550000000000001	3.86894863287708
0.570000000000001	3.93115803011656
0.590000000000001	4.00493512826285
0.610000000000001	4.09175659940002
0.630000000000001	4.19343830139705
0.650000000000001	4.31223065952434
0.670000000000001	4.45094886682349
0.690000000000001	4.61315361448029
0.710000000000001	4.80340673320006
0.730000000000001	5.02764057598759
0.750000000000001	5.29370482553874
0.770000000000001	5.61219871211235
0.790000000000001	5.99777890396929
0.810000000000001	6.47129355441954
0.830000000000001	7.06342285810026
0.850000000000001	7.82123217983516
0.870000000000001	8.82077436024019
0.890000000000001	10.1934401369533
0.910000000000001	12.1874426243312
0.930000000000001	15.3347039512727
0.950000000000001	21.0182700779411
0.970000000000001	34.3093852594734
0.990000000000001	100.849461117982
