# Program settings for SigmaNu
# Electroweak scheme and input parameters
# Scheme = Complex mass scheme
# alpha_GF = 0.00755898078237864
# Pole masses/widths for particles [GeV]
# mw = 80.35797361
# gw = 2.084298894
# mz = 91.15348062
# gz = 2.494266379
# s^2_thetaw (derived) = (0.222868505240788,-0.00110716741475141)
# charged leptons
# m_e = 0.0005109989461
# m_m = 0.10565837
# m_t = 1.77686
# quarks
# m_d = 0.05
# m_u = 0.05
# m_s = 0.2
# m_c = 1.51
# m_b = 4.92
# m_t = 173
# Ecms (default) = 10633.5

# channel_id = 28
# process  = nu_e A -> W+ e-
-0.99	108.460972650914
-0.97	12.2359998178376
-0.95	4.41926835289324
-0.93	2.25837739175934
-0.91	1.36774996271385
-0.89	0.916517781077338
-0.87	0.656846284527384
-0.85	0.49386466721459
-0.83	0.384913496186511
-0.81	0.308506262654191
-0.79	0.252865097508759
-0.77	0.211095513225058
-0.75	0.178943800842198
-0.73	0.153670071767682
-0.71	0.133444943497568
-0.69	0.1170091879471
-0.67	0.103473065218389
-0.65	0.0921934679967762
-0.63	0.0826962115301061
-0.61	0.0746254589753893
-0.59	0.067709969600247
-0.57	0.0617400657260221
-0.55	0.0565515975360286
-0.53	0.0520145773569992
-0.51	0.0480249916749958
-0.49	0.0444988146282774
-0.47	0.0413675716201276
-0.45	0.0385750107498318
-0.429999999999999	0.0360745768372591
-0.409999999999999	0.0338274742663351
-0.389999999999999	0.0318011668619153
-0.369999999999999	0.0299682056563161
-0.349999999999999	0.0283053051369571
-0.329999999999999	0.0267926095658826
-0.309999999999999	0.0254131059675899
-0.289999999999999	0.0241521512233603
-0.269999999999999	0.0229970886245198
-0.249999999999999	0.0219369350705588
-0.229999999999999	0.0209621244371494
-0.209999999999999	0.0200642958943223
-0.189999999999999	0.01923611841716
-0.169999999999999	0.0184711446076889
-0.149999999999999	0.0177636883871661
-0.129999999999999	0.0171087222314164
-0.109999999999999	0.0165017904883182
-0.0899999999999994	0.0159389359948497
-0.0699999999999994	0.0154166377456265
-0.0499999999999994	0.0149317577882217
-0.0299999999999994	0.0144814958580465
-0.00999999999999938	0.0140633505359842
0.0100000000000006	0.0136750859298659
0.0300000000000006	0.0133147030575489
0.0500000000000006	0.0129804152533447
0.0700000000000006	0.0126706270377637
0.0900000000000006	0.012383915988289
0.110000000000001	0.012119017230345
0.130000000000001	0.0118748102363138
0.150000000000001	0.0116503076790642
0.170000000000001	0.0114446461372138
0.190000000000001	0.0112570784943952
0.210000000000001	0.0110869679156794
0.230000000000001	0.0109337833225429
0.250000000000001	0.0107970963250503
0.270000000000001	0.0106765796076311
0.290000000000001	0.0105720068046041
0.310000000000001	0.0104832539454503
0.330000000000001	0.0104103025999161
0.350000000000001	0.0103532449123261
0.370000000000001	0.0103122907865607
0.390000000000001	0.0102877775729063
0.410000000000001	0.0102801827221446
0.430000000000001	0.0102901400195452
0.450000000000001	0.0103184602046842
0.470000000000001	0.010366157039742
0.490000000000001	0.0104344802343304
0.510000000000001	0.0105249571056247
0.530000000000001	0.0106394455020189
0.550000000000001	0.0107802014264726
0.570000000000001	0.0109499660823524
0.590000000000001	0.0111520789153458
0.610000000000001	0.0113906259286212
0.630000000000001	0.01167063656664
0.650000000000001	0.0119983485468527
0.670000000000001	0.0123815694199808
0.690000000000001	0.0128301784995291
0.710000000000001	0.0133568368834166
0.730000000000001	0.0139780134275458
0.750000000000001	0.0147155035658537
0.770000000000001	0.0155987409325975
0.790000000000001	0.0166684302847778
0.810000000000001	0.0179824752773281
0.830000000000001	0.0196260909327054
0.850000000000001	0.0217300064817899
0.870000000000001	0.0245054712440515
0.890000000000001	0.0283174491911281
0.910000000000001	0.0338554067659193
0.930000000000001	0.0425968804132023
0.950000000000001	0.0583836069460827
0.970000000000001	0.0953021765427715
0.990000000000001	0.280132524917444
