# Program settings for SigmaNu
# Electroweak scheme and input parameters
# Scheme = Complex mass scheme
# alpha_GF = 0.00755898078237864
# Pole masses/widths for particles [GeV]
# mw = 80.35797361
# gw = 2.084298894
# mz = 91.15348062
# gz = 2.494266379
# s^2_thetaw (derived) = (0.222868505240788,-0.00110716741475141)
# charged leptons
# m_e = 0.0005109989461
# m_m = 0.10565837
# m_t = 1.77686
# quarks
# m_d = 0.05
# m_u = 0.05
# m_s = 0.2
# m_c = 1.51
# m_b = 4.92
# m_t = 173
# Ecms (default) = 19074.5

# channel_id = 28
# process  = nu_e A -> W+ e-
-0.99	34.2365497863299
-0.97	3.82245383624787
-0.95	1.37766945658213
-0.93	0.703398477441372
-0.91	0.425789503333151
-0.89	0.285227375768769
-0.87	0.204370661501236
-0.85	0.153635901221596
-0.83	0.119727613960272
-0.81	0.0959517465063811
-0.79	0.0786400094281708
-0.77	0.0656455659193445
-0.75	0.0556441235181967
-0.73	0.0477828136889569
-0.71	0.0414922627727607
-0.69	0.0363805943157957
-0.67	0.0321709444337491
-0.65	0.0286632115733418
-0.63	0.0257098649325223
-0.61	0.0232002019316142
-0.59	0.0210498431633156
-0.57	0.0191935640826083
-0.55	0.0175803049318876
-0.53	0.0161696340211531
-0.51	0.0149291999926596
-0.49	0.013832869190302
-0.47	0.0128593454004593
-0.45	0.011991134308091
-0.429999999999999	0.0112137576797616
-0.409999999999999	0.0105151507488928
-0.389999999999999	0.00988519557149731
-0.369999999999999	0.00931535639123277
-0.349999999999999	0.00879839230618796
-0.329999999999999	0.00832812906433042
-0.309999999999999	0.00789927648388425
-0.289999999999999	0.00750728136834822
-0.269999999999999	0.00714820824831662
-0.249999999999999	0.00681864209726045
-0.229999999999999	0.006515608518383
-0.209999999999999	0.00623650791245846
-0.189999999999999	0.00597906090243525
-0.169999999999999	0.0057412628743638
-0.149999999999999	0.00552134594230472
-0.129999999999999	0.00531774699122373
-0.109999999999999	0.00512908072142945
-0.0899999999999994	0.00495411682909878
-0.0699999999999994	0.00479176062367364
-0.0499999999999994	0.00464103651463343
-0.0299999999999994	0.00450107390511183
-0.00999999999999938	0.00437109511387441
0.0100000000000006	0.00425040501507947
0.0300000000000006	0.00413838214001189
0.0500000000000006	0.00403447102993811
0.0700000000000006	0.00393817566587025
0.0900000000000006	0.00384905383148649
0.110000000000001	0.00376671229079705
0.130000000000001	0.00369080268340874
0.150000000000001	0.0036210180586625
0.170000000000001	0.00355708998544081
0.190000000000001	0.00349878618870357
0.210000000000001	0.00344590867633256
0.230000000000001	0.00339829233187966
0.250000000000001	0.00335580396031851
0.270000000000001	0.00331834178566744
0.290000000000001	0.00328583541173735
0.310000000000001	0.00325824627079491
0.330000000000001	0.00323556860061288
0.350000000000001	0.00321783100874128
0.370000000000001	0.00320509870524451
0.390000000000001	0.00319747651307038
0.410000000000001	0.00319511280065961
0.430000000000001	0.00319820452722976
0.450000000000001	0.00320700365117744
0.470000000000001	0.00322182523192845
0.490000000000001	0.00324305766277127
0.510000000000001	0.00327117561866468
0.530000000000001	0.00330675650475904
0.550000000000001	0.00335050147356157
0.570000000000001	0.00340326247865383
0.590000000000001	0.00346607740796848
0.610000000000001	0.00354021617997035
0.630000000000001	0.00362724193498264
0.650000000000001	0.00372909334468483
0.670000000000001	0.0038481969848058
0.690000000000001	0.00398762333450968
0.710000000000001	0.00415130745075143
0.730000000000001	0.00434436784029351
0.750000000000001	0.00457357850821368
0.770000000000001	0.00484808740894654
0.790000000000001	0.00518054555679973
0.810000000000001	0.0055889493755733
0.830000000000001	0.00609978364918166
0.850000000000001	0.00675367895579134
0.870000000000001	0.00761629147839848
0.890000000000001	0.00880105183978038
0.910000000000001	0.0105222458740226
0.930000000000001	0.0132390911907392
0.950000000000001	0.0181455977305428
0.970000000000001	0.0296198709040421
0.990000000000001	0.0870650533978441
