# Program settings for SigmaNu
# Electroweak scheme and input parameters
# Scheme = Complex mass scheme
# alpha_GF = 0.00755898078237864
# Pole masses/widths for particles [GeV]
# mw = 80.35797361
# gw = 2.084298894
# mz = 91.15348062
# gz = 2.494266379
# s^2_thetaw (derived) = (0.222868505240788,-0.00110716741475141)
# charged leptons
# m_e = 0.0005109989461
# m_m = 0.10565837
# m_t = 1.77686
# quarks
# m_d = 0.05
# m_u = 0.05
# m_s = 0.2
# m_c = 1.51
# m_b = 4.92
# m_t = 173
# Ecms (default) = 15077.3

# channel_id = 28
# process  = nu_e A -> W+ e-
-0.99	54.5645700153719
-0.97	6.10927691551046
-0.95	2.20312358242758
-0.93	1.12512529342912
-0.91	0.681166253495364
-0.89	0.456338118205344
-0.87	0.326994135984178
-0.85	0.245828991994666
-0.83	0.19157958365377
-0.81	0.153539186691842
-0.79	0.125840136266506
-0.77	0.10504821504405
-0.75	0.089044893290763
-0.73	0.0764657421967297
-0.71	0.066399839286162
-0.69	0.0582202153140899
-0.67	0.0514838999669966
-0.65	0.0458707321279185
-0.63	0.0411446588280621
-0.61	0.0371285500497795
-0.59	0.033687392124643
-0.57	0.0307168191884345
-0.55	0.0281351294234504
-0.53	0.0258776264606008
-0.51	0.0238925430464538
-0.49	0.0221380608213473
-0.47	0.0205801018648492
-0.45	0.0191906717746597
-0.429999999999999	0.0179466023062209
-0.409999999999999	0.0168285871379487
-0.389999999999999	0.0158204351933109
-0.369999999999999	0.0149084871827197
-0.349999999999999	0.0140811558331472
-0.329999999999999	0.0133285607283225
-0.309999999999999	0.0126422361531108
-0.289999999999999	0.0120148957331235
-0.269999999999999	0.0114402416005697
-0.249999999999999	0.0109128087213369
-0.229999999999999	0.0104278371783253
-0.209999999999999	0.00998116682646603
-0.189999999999999	0.00956914996044668
-0.169999999999999	0.00918857857013847
-0.149999999999999	0.00883662347571461
-0.129999999999999	0.0085107831887655
-0.109999999999999	0.00820884077684212
-0.0899999999999994	0.00792882734661503
-0.0699999999999994	0.00766899102676769
-0.0499999999999994	0.00742777054254268
-0.0299999999999994	0.00720377264175919
-0.00999999999999938	0.00699575276674363
0.0100000000000006	0.00680259847507307
0.0300000000000006	0.00662331519989868
0.0500000000000006	0.00645701401235272
0.0700000000000006	0.00630290110730792
0.0900000000000006	0.00616026878245428
0.110000000000001	0.00602848772116133
0.130000000000001	0.00590700042378235
0.150000000000001	0.00579531566124948
0.170000000000001	0.00569300385000661
0.190000000000001	0.00559969326983251
0.210000000000001	0.00551506706634092
0.230000000000001	0.00543886099908544
0.250000000000001	0.00537086191463176
0.270000000000001	0.00531090694282822
0.290000000000001	0.00525888343419856
0.310000000000001	0.00521472967826725
0.330000000000001	0.00517843646749917
0.350000000000001	0.00515004960104521
0.370000000000001	0.00512967345834712
0.390000000000001	0.00511747581729628
0.410000000000001	0.0051136941484158
0.430000000000001	0.00511864368981525
0.450000000000001	0.00513272770383077
0.470000000000001	0.00515645044390449
0.490000000000001	0.00519043353212113
0.510000000000001	0.00523543668194533
0.530000000000001	0.0052923840237858
0.550000000000001	0.00536239774260097
0.570000000000001	0.00544684137680799
0.590000000000001	0.00554737604840879
0.610000000000001	0.00566603423898264
0.630000000000001	0.00580531772513837
0.650000000000001	0.00596832931314384
0.670000000000001	0.00615895268905902
0.690000000000001	0.00638210209247066
0.710000000000001	0.00664407550113361
0.730000000000001	0.00695306497886453
0.750000000000001	0.00731991217919525
0.770000000000001	0.00775925821101198
0.790000000000001	0.00829135075595978
0.810000000000001	0.00894499270989715
0.830000000000001	0.00976257240864727
0.850000000000001	0.0108091182311471
0.870000000000001	0.0121897115052509
0.890000000000001	0.0140858955349027
0.910000000000001	0.0168406302475896
0.930000000000001	0.0211888836753818
0.950000000000001	0.0290416433698164
0.970000000000001	0.0474059740555409
0.990000000000001	0.139345768724916
