# Program settings for SigmaNu
# Electroweak scheme and input parameters
# Scheme = Complex mass scheme
# alpha_GF = 0.00755898078237864
# Pole masses/widths for particles [GeV]
# mw = 80.35797361
# gw = 2.084298894
# mz = 91.15348062
# gz = 2.494266379
# s^2_thetaw (derived) = (0.222868505240788,-0.00110716741475141)
# charged leptons
# m_e = 0.0005109989461
# m_m = 0.10565837
# m_t = 1.77686
# quarks
# m_d = 0.05
# m_u = 0.05
# m_s = 0.2
# m_c = 1.51
# m_b = 4.92
# m_t = 173
# Ecms (default) = 288.866

# channel_id = 28
# process  = nu_e A -> W+ e-
-0.99	517.397405570359
-0.97	418.088135451995
-0.95	344.89228877421
-0.93	289.401487361617
-0.91	246.337694334597
-0.89	212.252260260448
-0.87	184.814665944621
-0.85	162.404149284737
-0.83	143.865303230057
-0.81	128.356502384157
-0.79	115.252946723638
-0.77	104.082936657071
-0.75	94.4849727555505
-0.73	86.1782511281659
-0.71	78.9419791491847
-0.69	72.6006220055511
-0.67	67.01321340574
-0.65	62.0654996224054
-0.63	57.6640900348464
-0.61	53.7320491974823
-0.59	50.20553831781
-0.57	47.0312300603816
-0.55	44.1642996942214
-0.53	41.5668503003102
-0.51	39.2066680851193
-0.49	37.0562310375065
-0.47	35.0919136789642
-0.45	33.2933448107795
-0.429999999999999	31.6428855317613
-0.409999999999999	30.1252024702925
-0.389999999999999	28.7269168981702
-0.369999999999999	27.4363147008579
-0.349999999999999	26.2431054456812
-0.329999999999999	25.1382212860082
-0.309999999999999	24.1136483607995
-0.289999999999999	23.1622848375839
-0.269999999999999	22.2778209077489
-0.249999999999999	21.4546369537567
-0.229999999999999	20.6877168265582
-0.209999999999999	19.9725737417503
-0.189999999999999	19.3051867579535
-0.169999999999999	18.6819461656892
-0.149999999999999	18.0996064090022
-0.129999999999999	17.5552454001184
-0.109999999999999	17.0462292810953
-0.0899999999999994	16.570181844726
-0.0699999999999994	16.124957956964
-0.0499999999999994	15.7086204304221
-0.0299999999999994	15.3194198874744
-0.00999999999999938	14.9557772256901
0.0100000000000006	14.6162683605699
0.0300000000000006	14.2996109731343
0.0500000000000006	14.0046530346886
0.0700000000000006	13.7303629196002
0.0900000000000006	13.4758209504486
0.110000000000001	13.24021224955
0.130000000000001	13.0228207975529
0.150000000000001	12.8230246244191
0.170000000000001	12.6402920814281
0.190000000000001	12.4741791656684
0.210000000000001	12.3243278915918
0.230000000000001	12.1904657284894
0.250000000000001	12.0724061491714
0.270000000000001	11.9700503648754
0.290000000000001	11.8833903559101
0.310000000000001	11.8125133485687
0.330000000000001	11.7576079387506
0.350000000000001	11.7189721245465
0.370000000000001	11.6970235878514
0.390000000000001	11.6923126643493
0.410000000000001	11.7055385694534
0.430000000000001	11.7375696153508
0.450000000000001	11.7894683756344
0.470000000000001	11.8625230495733
0.490000000000001	11.9582866770886
0.510000000000001	12.0786264003322
0.530000000000001	12.2257857205466
0.550000000000001	12.4024637521374
0.570000000000001	12.6119169694594
0.590000000000001	12.8580910905575
0.610000000000001	13.1457938820868
0.630000000000001	13.4809243367078
0.650000000000001	13.8707807411245
0.670000000000001	14.324481074051
0.690000000000001	14.8535464354476
0.710000000000001	15.4727261844358
0.730000000000001	16.2011900897692
0.750000000000001	17.0642929939203
0.770000000000001	18.0962604517581
0.790000000000001	19.3444093014543
0.810000000000001	20.8760341448044
0.830000000000001	22.7901551658481
0.850000000000001	25.2386645101394
0.870000000000001	28.4669927234187
0.890000000000001	32.8991389313858
0.910000000000001	39.3360749907365
0.930000000000001	49.4942715143324
0.950000000000001	67.8366869672181
0.970000000000001	110.72771408552
0.990000000000001	325.447485863219
