# Program settings for SigmaNu
# Electroweak scheme and input parameters
# Scheme = Complex mass scheme
# alpha_GF = 0.00755898078237864
# Pole masses/widths for particles [GeV]
# mw = 80.35797361
# gw = 2.084298894
# mz = 91.15348062
# gz = 2.494266379
# s^2_thetaw (derived) = (0.222868505240788,-0.00110716741475141)
# charged leptons
# m_e = 0.0005109989461
# m_m = 0.10565837
# m_t = 1.77686
# quarks
# m_d = 0.05
# m_u = 0.05
# m_s = 0.2
# m_c = 1.51
# m_b = 4.92
# m_t = 173
# Ecms (default) = 564.429

# channel_id = 28
# process  = nu_e A -> W+ e-
-0.99	1522.9622040587
-0.97	789.143207833084
-0.95	481.601927614247
-0.93	324.269520039689
-0.91	233.152850114668
-0.89	175.707573280687
-0.87	137.178544343781
-0.85	110.089135340241
-0.83	90.3221889266613
-0.81	75.4588941277041
-0.79	64.0025444051152
-0.77	54.9867574609737
-0.75	47.7649877328045
-0.73	41.8914288544879
-0.71	37.0506182092075
-0.69	33.0142446866104
-0.67	29.6137768325651
-0.65	26.7226195469954
-0.63	24.2441887411431
-0.61	22.1037626563351
-0.59	20.2428023296757
-0.57	18.6149217520276
-0.55	17.1829819893394
-0.53	15.9169647776271
-0.51	14.792395487766
-0.49	13.789159046945
-0.47	12.890600776444
-0.45	12.0828364099075
-0.429999999999999	11.3542174744862
-0.409999999999999	10.6949133076442
-0.389999999999999	10.096581513844
-0.369999999999999	9.55210610825199
-0.349999999999999	9.05538791691996
-0.329999999999999	8.60117565075753
-0.309999999999999	8.18492888120284
-0.289999999999999	7.80270621831564
-0.269999999999999	7.45107353463485
-0.249999999999999	7.12702823602263
-0.229999999999999	6.82793645684608
-0.209999999999999	6.5514807248579
-0.189999999999999	6.29561615415911
-0.169999999999999	6.05853362133141
-0.149999999999999	5.83862868859854
-0.129999999999999	5.63447527970736
-0.109999999999999	5.44480330475976
-0.0899999999999994	5.2684795812176
-0.0699999999999994	5.10449151862387
-0.0499999999999994	4.95193313098292
-0.0299999999999994	4.80999301839472
-0.00999999999999938	4.67794402242256
0.0100000000000006	4.55513431088006
0.0300000000000006	4.44097968966051
0.0500000000000006	4.33495697379042
0.0700000000000006	4.23659827856765
0.0900000000000006	4.1454861156351
0.110000000000001	4.06124919910593
0.130000000000001	3.9835588841801
0.150000000000001	3.91212617572597
0.170000000000001	3.84669925759653
0.190000000000001	3.78706150549084
0.210000000000001	3.73302995739589
0.230000000000001	3.68445422647053
0.250000000000001	3.64121585208203
0.270000000000001	3.60322809602647
0.290000000000001	3.5704362032633
0.310000000000001	3.54281816037054
0.330000000000001	3.52038600112162
0.350000000000001	3.50318772803969
0.370000000000001	3.49130994273126
0.390000000000001	3.48488130788203
0.410000000000001	3.48407700223681
0.430000000000001	3.48912437974338
0.450000000000001	3.50031010957913
0.470000000000001	3.51798916101187
0.490000000000001	3.54259611456505
0.510000000000001	3.57465944119781
0.530000000000001	3.61481961241687
0.550000000000001	3.66385221356463
0.570000000000001	3.72269767101406
0.590000000000001	3.79249983469596
0.610000000000001	3.87465657890017
0.630000000000001	3.97088695386432
0.650000000000001	4.08332149436079
0.670000000000001	4.21462549608649
0.690000000000001	4.36817013579038
0.710000000000001	4.5482745198961
0.730000000000001	4.76055542757558
0.750000000000001	5.01244504572868
0.770000000000001	5.31397894062385
0.790000000000001	5.67903441293382
0.810000000000001	6.12735108660789
0.830000000000001	6.68797791304324
0.850000000000001	7.40547790011801
0.870000000000001	8.35186041174259
0.890000000000001	9.6515306604065
0.910000000000001	11.5395053454937
0.930000000000001	14.5194267124336
0.950000000000001	19.9008105900632
0.970000000000001	32.4852869393313
0.990000000000001	95.4877279803979
