# Program settings for SigmaNu
# Electroweak scheme and input parameters
# Scheme = Complex mass scheme
# alpha_GF = 0.00755898078237864
# Pole masses/widths for particles [GeV]
# mw = 80.35797361
# gw = 2.084298894
# mz = 91.15348062
# gz = 2.494266379
# s^2_thetaw (derived) = (0.222868505240788,-0.00110716741475141)
# charged leptons
# m_e = 0.0005109989461
# m_m = 0.10565837
# m_t = 1.77686
# quarks
# m_d = 0.05
# m_u = 0.05
# m_s = 0.2
# m_c = 1.51
# m_b = 4.92
# m_t = 173
# Ecms (default) = 236.614

# channel_id = 28
# process  = nu_e A -> W+ e-
-0.99	348.120038509524
-0.97	301.925033362632
-0.95	264.380466724629
-0.93	233.456894901416
-0.91	207.686757593528
-0.89	185.987563620706
-0.87	167.546737208519
-0.85	151.744721874507
-0.83	138.102477178511
-0.81	126.244910307942
-0.79	115.874946170896
-0.77	106.754840743634
-0.75	98.6925144883728
-0.73	91.5314218324229
-0.71	85.1429485688538
-0.69	79.4206412142404
-0.67	74.2757807133664
-0.65	69.6339541682858
-0.63	65.4323754935427
-0.61	61.6177737179673
-0.59	58.1447155613456
-0.57	54.9742631574654
-0.55	52.0728925415766
-0.53	49.4116165887877
-0.51	46.9652694104352
-0.49	44.7119191251551
-0.47	42.6323833568976
-0.45	40.709827436368
-0.429999999999999	38.9294295691064
-0.409999999999999	37.2781005243863
-0.389999999999999	35.7442479429598
-0.369999999999999	34.317577340841
-0.349999999999999	32.9889234356942
-0.329999999999999	31.750106642475
-0.309999999999999	30.5938105511583
-0.289999999999999	29.5134769686308
-0.269999999999999	28.5032157224353
-0.249999999999999	27.5577269191453
-0.229999999999999	26.6722337502144
-0.209999999999999	25.842424262917
-0.189999999999999	25.0644007788138
-0.169999999999999	24.3346358590601
-0.149999999999999	23.6499338942493
-0.129999999999999	23.007397543833
-0.109999999999999	22.4043983723828
-0.0899999999999994	21.8385511318092
-0.0699999999999994	21.3076912239069
-0.0499999999999994	20.8098549493276
-0.0299999999999994	20.3432622097601
-0.00999999999999938	19.9063013817678
0.0100000000000006	19.4975161250495
0.0300000000000006	19.1155939262513
0.0500000000000006	18.7593562130306
0.0700000000000006	18.4277499028578
0.0900000000000006	18.1198402779172
0.110000000000001	17.8348051022172
0.130000000000001	17.5719299203814
0.150000000000001	17.3306045002712
0.170000000000001	17.110320404309
0.190000000000001	16.9106696978995
0.210000000000001	16.7313448285338
0.230000000000001	16.5721397370044
0.250000000000001	16.4329522938429
0.270000000000001	16.3137881910937
0.290000000000001	16.2147664637161
0.310000000000001	16.1361268686599
0.330000000000001	16.0782394161232
0.350000000000001	16.0416164308348
0.370000000000001	16.0269276269641
0.390000000000001	16.0350188160096
0.410000000000001	16.0669350430692
0.430000000000001	16.1239491775519
0.450000000000001	16.2075972896368
0.470000000000001	16.3197225518849
0.490000000000001	16.4625299568128
0.510000000000001	16.6386548945134
0.530000000000001	16.8512496755689
0.550000000000001	17.1040935415546
0.570000000000001	17.4017337718997
0.590000000000001	17.7496684690837
0.610000000000001	18.1545859491717
0.630000000000001	18.6246821230958
0.650000000000001	19.1700870335687
0.670000000000001	19.8034468258974
0.690000000000001	20.5407313195102
0.710000000000001	21.4023760626042
0.730000000000001	22.4149322780007
0.750000000000001	23.6135090921627
0.770000000000001	25.0454902798484
0.790000000000001	26.7763751746966
0.810000000000001	28.8993088936277
0.830000000000001	31.5513401059239
0.850000000000001	34.9426853601403
0.870000000000001	39.4130070009883
0.890000000000001	45.5490855762808
0.910000000000001	54.4593892375203
0.930000000000001	68.5193340783378
0.950000000000001	93.9051699812406
0.970000000000001	153.263410924346
0.990000000000001	450.413431828777
