# Program settings for SigmaNu
# Electroweak scheme and input parameters
# Scheme = Complex mass scheme
# alpha_GF = 0.00755898078237864
# Pole masses/widths for particles [GeV]
# mw = 80.35797361
# gw = 2.084298894
# mz = 91.15348062
# gz = 2.494266379
# s^2_thetaw (derived) = (0.222868505240788,-0.00110716741475141)
# charged leptons
# m_e = 0.0005109989461
# m_m = 0.10565837
# m_t = 1.77686
# quarks
# m_d = 0.05
# m_u = 0.05
# m_s = 0.2
# m_c = 1.51
# m_b = 4.92
# m_t = 173
# Ecms (default) = 42070.6

# channel_id = 28
# process  = nu_e A -> W+ e-
-0.99	7.07745270650745
-0.97	0.787228723997256
-0.95	0.283515950318638
-0.93	0.144708495503554
-0.91	0.0875809881060882
-0.89	0.0586619691812778
-0.87	0.042029066153173
-0.85	0.0315935765041542
-0.83	0.0246196121632702
-0.81	0.0197298874093491
-0.79	0.0161697390630858
-0.77	0.0134975429697555
-0.75	0.011440898129358
-0.73	0.00982438301300412
-0.71	0.0085308919349666
-0.69	0.00747982906940736
-0.67	0.00661425476441543
-0.65	0.00589301749085863
-0.63	0.00528577786228241
-0.61	0.00476977066688373
-0.59	0.00432764423099229
-0.57	0.00394598611360663
-0.55	0.0036142968256545
-0.53	0.00332426247013492
-0.51	0.00306923078768719
-0.49	0.00284382810496635
-0.47	0.00264367548829606
-0.45	0.00246517579058004
-0.429999999999999	0.00230535205547239
-0.409999999999999	0.0021617235971229
-0.389999999999999	0.00203221004182652
-0.369999999999999	0.00191505634727363
-0.349999999999999	0.0018087737182168
-0.329999999999999	0.00171209268125974
-0.309999999999999	0.00162392554179153
-0.289999999999999	0.0015433361397999
-0.269999999999999	0.00146951532776501
-0.249999999999999	0.0014017609670509
-0.229999999999999	0.00133946151682564
-0.209999999999999	0.00128208249784295
-0.189999999999999	0.00122915527087205
-0.169999999999999	0.00118026768967032
-0.149999999999999	0.00113505628044999
-0.129999999999999	0.00109319967113561
-0.109999999999999	0.00105441304900093
-0.0899999999999994	0.00101844346876034
-0.0699999999999994	0.00098506586734448
-0.0499999999999994	0.000954079668645854
-0.0299999999999994	0.00092530588315106
-0.00999999999999938	0.000898584624625159
0.0100000000000006	0.00087377297999306
0.0300000000000006	0.000850743179808582
0.0500000000000006	0.000829381025977165
0.0700000000000006	0.000809584540876771
0.0900000000000006	0.000791262808368148
0.110000000000001	0.000774334982299275
0.130000000000001	0.00075872944254792
0.150000000000001	0.000744383082448835
0.170000000000001	0.000731240714530868
0.190000000000001	0.000719254584575853
0.210000000000001	0.000708383986493859
0.230000000000001	0.000698594972945055
0.250000000000001	0.000689860159138406
0.270000000000001	0.000682158619492604
0.290000000000001	0.000675475879535974
0.310000000000001	0.00066980400808954
0.330000000000001	0.000665141818102021
0.350000000000001	0.000661495188168947
0.370000000000001	0.000658877521506323
0.390000000000001	0.000657310364775152
0.410000000000001	0.000656824216481415
0.430000000000001	0.000657459564116072
0.450000000000001	0.000659268201533354
0.470000000000001	0.000662314894438969
0.490000000000001	0.00066667948392771
0.510000000000001	0.000672459548188315
0.530000000000001	0.000679773783808305
0.550000000000001	0.000688766326295404
0.570000000000001	0.00069961231150117
0.590000000000001	0.000712525098001101
0.610000000000001	0.000727765743095757
0.630000000000001	0.000745655581965524
0.650000000000001	0.000766593148080336
0.670000000000001	0.000791077273708193
0.690000000000001	0.000819739158824961
0.710000000000001	0.000853387735301885
0.730000000000001	0.000893075217592915
0.750000000000001	0.000940194142108609
0.770000000000001	0.000996625059657392
0.790000000000001	0.00106496864744325
0.810000000000001	0.00114892444214025
0.830000000000001	0.00125393693834734
0.850000000000001	0.00138835859116538
0.870000000000001	0.0015656863861405
0.890000000000001	0.00180923833267182
0.910000000000001	0.0021630653139397
0.930000000000001	0.00272156900339732
0.950000000000001	0.00373020282944495
0.970000000000001	0.00608897687315357
0.990000000000001	0.0178980217447907
