# Program settings for SigmaNu
# Electroweak scheme and input parameters
# Scheme = Complex mass scheme
# alpha_GF = 0.00755898078237864
# Pole masses/widths for particles [GeV]
# mw = 80.35797361
# gw = 2.084298894
# mz = 91.15348062
# gz = 2.494266379
# s^2_thetaw (derived) = (0.222868505240788,-0.00110716741475141)
# charged leptons
# m_e = 0.0005109989461
# m_m = 0.10565837
# m_t = 1.77686
# quarks
# m_d = 0.05
# m_u = 0.05
# m_s = 0.2
# m_c = 1.51
# m_b = 4.92
# m_t = 173
# Ecms (default) = 1992.48

# channel_id = 28
# process  = nu_e A -> W+ e-
-0.99	1800.53871609384
-0.97	286.171801656692
-0.95	111.620236460028
-0.93	59.0120323631163
-0.91	36.430396566275
-0.89	24.7134273093706
-0.87	17.8636323994152
-0.85	13.5160013951264
-0.83	10.5852313888553
-0.81	8.51648373699222
-0.79	7.00213694114948
-0.77	5.86048521159315
-0.75	4.97859712673935
-0.73	4.28328882988678
-0.71	3.7254460853414
-0.69	3.27111384987753
-0.67	2.89620955803658
-0.65	2.58326875938243
-0.63	2.31937687667149
-0.61	2.09481756615546
-0.59	1.90216735529282
-0.57	1.73567577079178
-0.55	1.59083252223957
-0.53	1.46405990577676
-0.51	1.35249067320088
-0.49	1.25380526716054
-0.47	1.16611095893331
-0.45	1.08785099907427
-0.429999999999999	1.01773555626074
-0.409999999999999	0.95468867109387
-0.389999999999999	0.897807117290965
-0.369999999999999	0.84632821103692
-0.349999999999999	0.799604411668224
-0.329999999999999	0.757083124610736
-0.309999999999999	0.718290523918866
-0.289999999999999	0.682818505896072
-0.269999999999999	0.65031410032464
-0.249999999999999	0.620470824573779
-0.229999999999999	0.593021584092826
-0.209999999999999	0.567732811616507
-0.189999999999999	0.54439960466807
-0.169999999999999	0.522841672265923
-0.149999999999999	0.502899941180182
-0.129999999999999	0.484433702605236
-0.109999999999999	0.467318203885445
-0.0899999999999994	0.451442608561709
-0.0699999999999994	0.436708262696429
-0.0499999999999994	0.423027217084269
-0.0299999999999994	0.410320964247694
-0.00999999999999938	0.398519356568382
0.0100000000000006	0.38755967791607
0.0300000000000006	0.377385846011727
0.0500000000000006	0.367947726740729
0.0700000000000006	0.359200544899823
0.0900000000000006	0.3511043785661
0.110000000000001	0.34362372653347
0.130000000000001	0.336727140165958
0.150000000000001	0.330386912643954
0.170000000000001	0.324578819992444
0.190000000000001	0.319281909533335
0.210000000000001	0.314478332544332
0.230000000000001	0.31015321897792
0.250000000000001	0.306294593137652
0.270000000000001	0.302893330268032
0.290000000000001	0.299943155135317
0.310000000000001	0.297440684912954
0.330000000000001	0.295385520101795
0.350000000000001	0.293780388892224
0.370000000000001	0.292631352417569
0.390000000000001	0.291948080893912
0.410000000000001	0.291744213877074
0.430000000000001	0.292037822049309
0.450000000000001	0.292851993431682
0.470000000000001	0.294215574205035
0.490000000000001	0.296164104128773
0.510000000000001	0.298740999909283
0.530000000000001	0.301999058308026
0.550000000000001	0.306002376556055
0.570000000000001	0.310828824174894
0.590000000000001	0.316573252845829
0.610000000000001	0.323351707734333
0.630000000000001	0.331307017761043
0.650000000000001	0.340616315044501
0.670000000000001	0.35150130067202
0.690000000000001	0.364242495858865
0.710000000000001	0.37919940131279
0.730000000000001	0.396839627198715
0.750000000000001	0.417782016155995
0.770000000000001	0.442862275820705
0.790000000000001	0.47323612614871
0.810000000000001	0.51054760298816
0.830000000000001	0.55721617494621
0.850000000000001	0.616953564891372
0.870000000000001	0.695757649202849
0.890000000000001	0.803990623439322
0.910000000000001	0.961228069765329
0.930000000000001	1.20942072812039
0.950000000000001	1.65764453966619
0.970000000000001	2.70585089686794
0.990000000000001	7.95361998503605
