# Program settings for SigmaNu
# Electroweak scheme and input parameters
# Scheme = Complex mass scheme
# alpha_GF = 0.00755898078237864
# Pole masses/widths for particles [GeV]
# mw = 80.35797361
# gw = 2.084298894
# mz = 91.15348062
# gz = 2.494266379
# s^2_thetaw (derived) = (0.222868505240788,-0.00110716741475141)
# charged leptons
# m_e = 0.0005109989461
# m_m = 0.10565837
# m_t = 1.77686
# quarks
# m_d = 0.05
# m_u = 0.05
# m_s = 0.2
# m_c = 1.51
# m_b = 4.92
# m_t = 173
# Ecms (default) = 1803.29

# channel_id = 28
# process  = nu_e A -> W+ e-
-0.99	1977.97528445714
-0.97	334.820008636114
-0.95	132.701652056814
-0.93	70.6719465751181
-0.91	43.8114532797728
-0.89	29.80123001946
-0.87	21.5822097485926
-0.85	16.352510799254
-0.83	12.8205320870689
-0.81	10.3237731766942
-0.79	8.49398290025694
-0.77	7.11320189289024
-0.75	6.04574351596188
-0.73	5.2035573243178
-0.71	4.52748376980909
-0.69	3.97658260576014
-0.67	3.52179220788849
-0.65	3.14202162042074
-0.63	2.82166427867154
-0.61	2.54897164466557
-0.59	2.31496291847654
-0.57	2.11267799736569
-0.55	1.93665551676263
-0.53	1.78256167747719
-0.51	1.64692205604247
-0.49	1.52692499242819
-0.47	1.42027552727877
-0.45	1.3250855636986
-0.429999999999999	1.23979033888907
-0.409999999999999	1.16308424258648
-0.389999999999999	1.09387102588964
-0.369999999999999	1.03122482816118
-0.349999999999999	0.974359417283813
-0.329999999999999	0.922603723479331
-0.309999999999999	0.875382237407855
-0.289999999999999	0.832199198382279
-0.269999999999999	0.792625758261659
-0.249999999999999	0.756289498373824
-0.229999999999999	0.722865819714195
-0.209999999999999	0.692070834043401
-0.189999999999999	0.663655464839162
-0.169999999999999	0.637400529132784
-0.149999999999999	0.613112618979056
-0.129999999999999	0.590620638242228
-0.109999999999999	0.569772879154068
-0.0899999999999994	0.550434545656213
-0.0699999999999994	0.532485648327675
-0.0499999999999994	0.515819209808714
-0.0299999999999994	0.500339730888379
-0.00999999999999938	0.485961876452498
0.0100000000000006	0.472609347772864
0.0300000000000006	0.460213913527837
0.0500000000000006	0.448714576768198
0.0700000000000006	0.438056859004869
0.0900000000000006	0.42819218587515
0.110000000000001	0.41907736158233
0.130000000000001	0.410674121613637
0.150000000000001	0.402948755216
0.170000000000001	0.395871790824488
0.190000000000001	0.389417739160333
0.210000000000001	0.383564890101061
0.230000000000001	0.378295160727462
0.250000000000001	0.37359399322155
0.270000000000001	0.369450302578696
0.290000000000001	0.3658564754621
0.310000000000001	0.362808423034013
0.330000000000001	0.360305692324345
0.350000000000001	0.358351642741613
0.370000000000001	0.356953696821435
0.390000000000001	0.356123677412357
0.410000000000001	0.355878247445363
0.430000000000001	0.356239473534152
0.450000000000001	0.357235541342291
0.470000000000001	0.358901659542435
0.490000000000001	0.361281201155784
0.510000000000001	0.36442714736126
0.530000000000001	0.368403921357385
0.550000000000001	0.37328973130616
0.570000000000001	0.379179585956826
0.590000000000001	0.386189210646405
0.610000000000001	0.394460185023338
0.630000000000001	0.404166763018976
0.650000000000001	0.415525046319386
0.670000000000001	0.428805508234589
0.690000000000001	0.44435037956708
0.710000000000001	0.462598242235923
0.730000000000001	0.484119566649262
0.750000000000001	0.509669320005685
0.770000000000001	0.540267035237273
0.790000000000001	0.577322646421693
0.810000000000001	0.622841812063995
0.830000000000001	0.679776185576965
0.850000000000001	0.752653915713792
0.870000000000001	0.848792161702749
0.890000000000001	0.98083236762229
0.910000000000001	1.17265591990244
0.930000000000001	1.47544095234155
0.950000000000001	2.02225550931495
0.970000000000001	3.30102340182271
0.990000000000001	9.70308044630875
