# Program settings for SigmaNu
# Electroweak scheme and input parameters
# Scheme = Complex mass scheme
# alpha_GF = 0.00755898078237864
# Pole masses/widths for particles [GeV]
# mw = 80.35797361
# gw = 2.084298894
# mz = 91.15348062
# gz = 2.494266379
# s^2_thetaw (derived) = (0.222868505240788,-0.00110716741475141)
# charged leptons
# m_e = 0.0005109989461
# m_m = 0.10565837
# m_t = 1.77686
# quarks
# m_d = 0.05
# m_u = 0.05
# m_s = 0.2
# m_c = 1.51
# m_b = 4.92
# m_t = 173
# Ecms (default) = 38348.3

# channel_id = 28
# process  = nu_e A -> W+ e-
-0.99	8.51556700892126
-0.97	0.947378319454631
-0.95	0.341206425130073
-0.93	0.174157066936833
-0.91	0.105404950566836
-0.89	0.0706009282819147
-0.87	0.0505830856284677
-0.85	0.0380238154074024
-0.83	0.0296305094927426
-0.81	0.0237456092753019
-0.79	0.0194608752323148
-0.77	0.0162448089903954
-0.75	0.013769572508853
-0.73	0.0118240431498218
-0.71	0.0102672819876263
-0.69	0.00900229020641172
-0.67	0.00796053958252506
-0.65	0.00709250319513296
-0.63	0.00636166676383278
-0.61	0.0057406317006427
-0.59	0.00520851474368588
-0.57	0.00474917360032477
-0.55	0.00434997179549717
-0.53	0.00400090327686887
-0.51	0.00369396182251952
-0.49	0.00342268002821141
-0.47	0.00318178769049146
-0.45	0.00296695551157098
-0.429999999999999	0.00277460061396165
-0.409999999999999	0.002601737398678
-0.389999999999999	0.00244586205635932
-0.369999999999999	0.00230486232552884
-0.349999999999999	0.00217694638266035
-0.329999999999999	0.00206058636612776
-0.309999999999999	0.00195447319182245
-0.289999999999999	0.00185748015324288
-0.269999999999999	0.00176863340827264
-0.249999999999999	0.00168708790411247
-0.229999999999999	0.00161210762596036
-0.209999999999999	0.00154304930566823
-0.189999999999999	0.00147934891616749
-0.169999999999999	0.00142051042196818
-0.149999999999999	0.00136609636685764
-0.129999999999999	0.00131571996575027
-0.109999999999999	0.00126903843423742
-0.0899999999999994	0.00122574734170464
-0.0699999999999994	0.00118557581494141
-0.0499999999999994	0.00114828245183544
-0.0299999999999994	0.00111365183064518
-0.00999999999999938	0.00108149152124777
0.0100000000000006	0.00105162952144037
0.0300000000000006	0.00102391205503663
0.0500000000000006	0.00099820167955418
0.0700000000000006	0.000974375660392994
0.0900000000000006	0.000952324575934183
0.110000000000001	0.000931951124226552
0.130000000000001	0.000913169107270722
0.150000000000001	0.00089590257338715
0.170000000000001	0.000880085102006
0.190000000000001	0.000865659218827453
0.210000000000001	0.000852575932280775
0.230000000000001	0.000840794385284689
0.250000000000001	0.000830281619082204
0.270000000000001	0.000821012448885967
0.290000000000001	0.000812969454123919
0.310000000000001	0.000806143089389855
0.330000000000001	0.000800531926167813
0.350000000000001	0.000796143039793969
0.370000000000001	0.000792992561858184
0.390000000000001	0.000791106424976142
0.410000000000001	0.000790521335767495
0.430000000000001	0.000791286023103035
0.450000000000001	0.000793462823615612
0.470000000000001	0.000797129686221877
0.490000000000001	0.000802382703837089
0.510000000000001	0.000809339316868741
0.530000000000001	0.000818142382775876
0.550000000000001	0.000828965376071361
0.570000000000001	0.00084201908175385
0.590000000000001	0.000857560287813804
0.610000000000001	0.000875903190102208
0.630000000000001	0.000897434531968036
0.650000000000001	0.000922633968841024
0.670000000000001	0.000952101870884975
0.690000000000001	0.000986597919555333
0.710000000000001	0.00102709570571725
0.730000000000001	0.00107486162327225
0.750000000000001	0.00113157166096992
0.770000000000001	0.0011994891578206
0.790000000000001	0.00128174416176202
0.810000000000001	0.00138278925425036
0.830000000000001	0.00150917716276097
0.850000000000001	0.00167096049384842
0.870000000000001	0.00188438355932088
0.890000000000001	0.00217751077507173
0.910000000000001	0.002603359630027
0.930000000000001	0.00327554736215042
0.950000000000001	0.00448948971524866
0.970000000000001	0.00732839481271381
0.990000000000001	0.0215411837628497
