# Program settings for SigmaNu
# Electroweak scheme and input parameters
# Scheme = Complex mass scheme
# alpha_GF = 0.00755898078237864
# Pole masses/widths for particles [GeV]
# mw = 80.35797361
# gw = 2.084298894
# mz = 91.15348062
# gz = 2.494266379
# s^2_thetaw (derived) = (0.222868505240788,-0.00110716741475141)
# charged leptons
# m_e = 0.0005109989461
# m_m = 0.10565837
# m_t = 1.77686
# quarks
# m_d = 0.05
# m_u = 0.05
# m_s = 0.2
# m_c = 1.51
# m_b = 4.92
# m_t = 173
# Ecms (default) = 54763

# channel_id = 28
# process  = nu_e A -> W+ e-
-0.99	4.17944743256514
-0.97	0.464696921769451
-0.95	0.167344613971131
-0.93	0.0854109261595025
-0.91	0.0516917219132561
-0.89	0.0346228289085275
-0.87	0.0248057304843848
-0.85	0.0186465465335791
-0.83	0.0145304407415084
-0.81	0.0116444928855601
-0.79	0.009543280378011
-0.77	0.00796614699448688
-0.75	0.00675231685206736
-0.73	0.00579825367169486
-0.71	0.00503484035436855
-0.69	0.00441450853309867
-0.67	0.00390365204542841
-0.65	0.00347798306130105
-0.63	0.00311959517914297
-0.61	0.00281505233240886
-0.59	0.00255411355656144
-0.57	0.00232886283943785
-0.55	0.002133103401943
-0.53	0.00196192840538505
-0.51	0.0018114117107808
-0.49	0.00167838180022221
-0.47	0.00156025424991803
-0.45	0.00145490604488494
-0.429999999999999	0.00136058020492753
-0.409999999999999	0.00127581264690538
-0.389999999999999	0.00119937555018398
-0.369999999999999	0.00113023310311746
-0.349999999999999	0.00106750663159839
-0.329999999999999	0.00101044690395088
-0.309999999999999	0.000958411973132703
-0.289999999999999	0.000910849326746997
-0.269999999999999	0.000867281414212438
-0.249999999999999	0.000827293840735151
-0.229999999999999	0.000790525681583985
-0.209999999999999	0.000756661493097587
-0.189999999999999	0.000725424689787506
-0.169999999999999	0.000696572027787248
-0.149999999999999	0.000669888989234725
-0.129999999999999	0.000645185904269514
-0.109999999999999	0.000622294679971
-0.0899999999999994	0.000601066031240475
-0.0699999999999994	0.000581367128752831
-0.0499999999999994	0.000563079595104146
-0.0299999999999994	0.000546097793055424
-0.00999999999999938	0.000530327359881896
0.0100000000000006	0.000515683950220508
0.0300000000000006	0.000502092156283406
0.0500000000000006	0.000489484579917223
0.0700000000000006	0.000477801035340642
0.0900000000000006	0.000466987865099636
0.110000000000001	0.000456997354919652
0.130000000000001	0.00044778723559478
0.150000000000001	0.0004393202624358
0.170000000000001	0.000431563864552528
0.190000000000001	0.000424489858047135
0.210000000000001	0.000418074218713762
0.230000000000001	0.000412296911259598
0.250000000000001	0.000407141773499497
0.270000000000001	0.00040259645536661
0.290000000000001	0.000398652414127781
0.310000000000001	0.000395304968791446
0.330000000000001	0.000392553418620797
0.350000000000001	0.000390401232906714
0.370000000000001	0.000388856321827176
0.390000000000001	0.000387931401661073
0.410000000000001	0.000387644471900911
0.430000000000001	0.000388019427351297
0.450000000000001	0.000389086835596058
0.470000000000001	0.000390884919961801
0.490000000000001	0.000393460800967613
0.510000000000001	0.000396872067210278
0.530000000000001	0.000401188770940562
0.550000000000001	0.000406495977948688
0.570000000000001	0.000412897049807235
0.590000000000001	0.000420517906357731
0.610000000000001	0.000429512618274241
0.630000000000001	0.000440070831007935
0.650000000000001	0.000452427750870548
0.670000000000001	0.00046687777850047
0.690000000000001	0.000483793435262718
0.710000000000001	0.000503652136268605
0.730000000000001	0.000527074877084966
0.750000000000001	0.000554883504361407
0.770000000000001	0.00058818788093891
0.790000000000001	0.000628522873626678
0.810000000000001	0.000678071873746174
0.830000000000001	0.000740048111318743
0.850000000000001	0.000819381035561243
0.870000000000001	0.000924036292955201
0.890000000000001	0.00106777569868392
0.910000000000001	0.00127659718855331
0.930000000000001	0.00160621471134939
0.950000000000001	0.00220148989121701
0.970000000000001	0.00359359038367415
0.990000000000001	0.0105630486250811
