# Program settings for SigmaNu
# Electroweak scheme and input parameters
# Scheme = Complex mass scheme
# alpha_GF = 0.00755898078237864
# Pole masses/widths for particles [GeV]
# mw = 80.35797361
# gw = 2.084298894
# mz = 91.15348062
# gz = 2.494266379
# s^2_thetaw (derived) = (0.222868505240788,-0.00110716741475141)
# charged leptons
# m_e = 0.0005109989461
# m_m = 0.10565837
# m_t = 1.77686
# quarks
# m_d = 0.05
# m_u = 0.05
# m_s = 0.2
# m_c = 1.51
# m_b = 4.92
# m_t = 173
# Ecms (default) = 169.272

# channel_id = 28
# process  = nu_e A -> W+ e-
-0.99	166.660839678521
-0.97	156.005993205165
-0.95	146.357303890256
-0.93	137.592934639905
-0.91	129.608946524993
-0.89	122.316236616301
-0.87	115.638069914268
-0.85	109.508077236081
-0.83	103.868621193064
-0.81	98.6694549206344
-0.79	93.8666151343354
-0.77	89.4215038821344
-0.75	85.3001231201158
-0.73	81.4724337317041
-0.71	77.911816404286
-0.69	74.5946162860017
-0.67	71.499756876149
-0.65	68.6084113835586
-0.63	65.903721989926
-0.61	63.3705592090169
-0.59	60.9953149364094
-0.57	58.7657239134208
-0.55	56.6707092410813
-0.53	54.7002483204283
-0.51	52.8452561988897
-0.49	51.0974837965048
-0.47	49.4494288916359
-0.45	47.8942580806624
-0.429999999999999	46.4257382033657
-0.409999999999999	45.0381759560594
-0.389999999999999	43.7263646065716
-0.369999999999999	42.485536885857
-0.349999999999999	41.3113232658814
-0.329999999999999	40.1997149469749
-0.309999999999999	39.1470309737894
-0.289999999999999	38.1498889802877
-0.269999999999999	37.2051791333149
-0.249999999999999	36.3100409032539
-0.229999999999999	35.4618423407298
-0.209999999999999	34.6581615816662
-0.189999999999999	33.896770340375
-0.169999999999999	33.1756191827273
-0.149999999999999	32.4928243996219
-0.129999999999999	31.8466563256228
-0.109999999999999	31.2355289693532
-0.0899999999999994	30.6579908415233
-0.0699999999999994	30.1127168837615
-0.0499999999999994	29.5985014170978
-0.0299999999999994	29.1142520433738
-0.00999999999999938	28.6589844463308
0.0100000000000006	28.2318180519747
0.0300000000000006	27.8319725203256
0.0500000000000006	27.4587650531354
0.0700000000000006	27.111608514919
0.0900000000000006	26.7900103780455
0.110000000000001	26.493572517064
0.130000000000001	26.2219918933574
0.150000000000001	25.9750621891673
0.170000000000001	25.7526764706812
0.190000000000001	25.5548309840328
0.210000000000001	25.381630216762
0.230000000000001	25.2332933918224
0.250000000000001	25.1101626032564
0.270000000000001	25.0127128543538
0.290000000000001	24.9415643232585
0.310000000000001	24.8974972612891
0.330000000000001	24.8814700305718
0.350000000000001	24.8946409164983
0.370000000000001	24.9383945158157
0.390000000000001	25.0143737148162
0.410000000000001	25.1245185505618
0.430000000000001	25.2711136141413
0.450000000000001	25.4568461404938
0.470000000000001	25.684877579475
0.490000000000001	25.958932322172
0.510000000000001	26.2834084585609
0.530000000000001	26.6635171048265
0.550000000000001	27.105459165554
0.570000000000001	27.6166516967275
0.590000000000001	28.2060207850987
0.610000000000001	28.8843848010619
0.630000000000001	29.664962200552
0.650000000000001	30.5640536762839
0.670000000000001	31.6019726059156
0.690000000000001	32.8043359128112
0.710000000000001	34.2038893135703
0.730000000000001	35.8431440238236
0.750000000000001	37.7782793210661
0.770000000000001	40.085081468294
0.790000000000001	42.8682765542093
0.810000000000001	46.2767580121275
0.830000000000001	50.5295632397711
0.850000000000001	55.9626317940753
0.870000000000001	63.1187252973182
0.890000000000001	72.9354421182876
0.910000000000001	87.1839186742094
0.930000000000001	109.659590563229
0.950000000000001	150.2307810113
0.970000000000001	245.081644030868
0.990000000000001	719.870427759918
