# Program settings for SigmaNu
# Electroweak scheme and input parameters
# Scheme = Complex mass scheme
# alpha_GF = 0.00755898078237864
# Pole masses/widths for particles [GeV]
# mw = 80.35797361
# gw = 2.084298894
# mz = 91.15348062
# gz = 2.494266379
# s^2_thetaw (derived) = (0.222868505240788,-0.00110716741475141)
# charged leptons
# m_e = 0.0005109989461
# m_m = 0.10565837
# m_t = 1.77686
# quarks
# m_d = 0.05
# m_u = 0.05
# m_s = 0.2
# m_c = 1.51
# m_b = 4.92
# m_t = 173
# Ecms (default) = 307.999

# channel_id = 28
# process  = nu_e A -> W+ e-
-0.99	583.908051914264
-0.97	458.853708986418
-0.95	370.104886729133
-0.93	304.861543702091
-0.91	255.504457703712
-0.89	217.268525290926
-0.87	187.049764586147
-0.85	162.755995905994
-0.83	142.93543131144
-0.81	126.55510603907
-0.79	112.863845999006
-0.77	101.304824242469
-0.75	91.4582103250077
-0.73	83.0026339819384
-0.71	75.6887263730933
-0.69	69.3205991515764
-0.67	63.7426520913568
-0.65	58.830026690411
-0.63	54.4815981000037
-0.61	50.6147623953899
-0.59	47.1615121958487
-0.57	44.0654491971043
-0.55	41.2794864582525
-0.53	38.7640642856199
-0.51	36.4857525974648
-0.49	34.416146981801
-0.47	32.5309899885635
-0.45	30.8094666398706
-0.429999999999999	29.2336357832242
-0.409999999999999	27.7879681669343
-0.389999999999999	26.4589689567991
-0.369999999999999	25.2348675134937
-0.349999999999999	24.1053610856748
-0.329999999999999	23.0614019811725
-0.309999999999999	22.0950199990623
-0.289999999999999	21.1991736133111
-0.269999999999999	20.3676247212785
-0.249999999999999	19.594832801162
-0.229999999999999	18.8758651308044
-0.209999999999999	18.2063203578591
-0.189999999999999	17.582263217034
-0.169999999999999	17.0001685934261
-0.149999999999999	16.4568734542311
-0.129999999999999	15.9495354315523
-0.109999999999999	15.47559704987
-0.0899999999999994	15.032754763242
-0.0699999999999994	14.6189321074946
-0.0499999999999994	14.2322563877979
-0.0299999999999994	13.8710384170694
-0.00999999999999938	13.5337548995151
0.0100000000000006	13.2190331194565
0.0300000000000006	12.9256376509017
0.0500000000000006	12.65245885015
0.0700000000000006	12.398502933731
0.0900000000000006	12.1628834785616
0.110000000000001	11.9448142115064
0.130000000000001	11.7436029825597
0.150000000000001	11.5586468405052
0.170000000000001	11.3894281529679
0.190000000000001	11.235511735023
0.210000000000001	11.0965429727499
0.230000000000001	10.972246951146
0.250000000000001	10.8624286205622
0.270000000000001	10.7669740633781
0.290000000000001	10.6858529542921
0.310000000000001	10.6191223450207
0.330000000000001	10.5669319494605
0.350000000000001	10.5295311612293
0.370000000000001	10.507278105622
0.390000000000001	10.5006511173079
0.410000000000001	10.5102631503018
0.430000000000001	10.5368797771145
0.450000000000001	10.5814416325303
0.470000000000001	10.64509242245
0.490000000000001	10.729213975918
0.510000000000001	10.8354703067291
0.530000000000001	10.9658633255973
0.550000000000001	11.1228037876478
0.570000000000001	11.3092023982543
0.590000000000001	11.5285879255105
0.610000000000001	11.785261980977
0.630000000000001	12.0845043119056
0.650000000000001	12.4328487798013
0.670000000000001	12.8384599850789
0.690000000000001	13.3116559636571
0.710000000000001	13.8656474467094
0.730000000000001	14.517605950094
0.750000000000001	15.2902448131941
0.770000000000001	16.2142253927511
0.790000000000001	17.3319384907112
0.810000000000001	18.7036743220348
0.830000000000001	20.4181480306419
0.850000000000001	22.6114459062674
0.870000000000001	25.5034607226016
0.890000000000001	29.4740750495529
0.910000000000001	35.2409226895091
0.930000000000001	44.3418844479334
0.950000000000001	60.7755743262168
0.970000000000001	99.2037713663492
0.990000000000001	291.583036021905
