# Program settings for SigmaNu
# Electroweak scheme and input parameters
# Scheme = Complex mass scheme
# alpha_GF = 0.00755898078237864
# Pole masses/widths for particles [GeV]
# mw = 80.35797361
# gw = 2.084298894
# mz = 91.15348062
# gz = 2.494266379
# s^2_thetaw (derived) = (0.222868505240788,-0.00110716741475141)
# charged leptons
# m_e = 0.0005109989461
# m_m = 0.10565837
# m_t = 1.77686
# quarks
# m_d = 0.05
# m_u = 0.05
# m_s = 0.2
# m_c = 1.51
# m_b = 4.92
# m_t = 173
# Ecms (default) = 415.463

# channel_id = 28
# process  = nu_e A -> W+ e-
-0.99	981.731814423275
-0.97	651.117439361567
-0.95	463.270650388289
-0.93	346.430946291918
-0.91	268.851693993191
-0.89	214.731210778488
-0.87	175.485739932971
-0.85	146.126329370261
-0.83	123.592735266162
-0.81	105.923258582438
-0.79	91.8134064408122
-0.77	80.3683640400707
-0.75	70.9577769311847
-0.73	63.1272215488358
-0.71	56.5424151693561
-0.69	50.9530254588283
-0.67	46.1685880572953
-0.65	42.0421146184109
-0.63	38.4587075506062
-0.61	35.3275071298947
-0.59	32.5759012051584
-0.57	30.145299114677
-0.55	27.9880049034898
-0.53	26.0648747957705
-0.51	24.3435419261911
-0.49	22.7970566148829
-0.47	21.4028346382712
-0.45	20.1418362779454
-0.429999999999999	18.9979200454823
-0.409999999999999	17.9573298708809
-0.389999999999999	17.008285167334
-0.369999999999999	16.1406508515709
-0.349999999999999	15.3456699885401
-0.329999999999999	14.6157458443608
-0.309999999999999	13.9442631890288
-0.289999999999999	13.3254409818126
-0.269999999999999	12.7542103036026
-0.249999999999999	12.2261127187111
-0.229999999999999	11.7372152596562
-0.209999999999999	11.2840390092841
-0.189999999999999	10.8634988615729
-0.169999999999999	10.4728525173007
-0.149999999999999	10.109657144438
-0.129999999999999	9.77173242889891
-0.109999999999999	9.45712897668287
-0.0899999999999994	9.16410121680129
-0.0699999999999994	8.8910841058915
-0.0499999999999994	8.6366730579171
-0.0299999999999994	8.39960662190581
-0.00999999999999938	8.17875151200693
0.0100000000000006	7.97308966095985
0.0300000000000006	7.78170702327105
0.0500000000000006	7.60378390031336
0.0700000000000006	7.43858659804087
0.0900000000000006	7.28546026055026
0.110000000000001	7.14382275053611
0.130000000000001	7.01315947179683
0.150000000000001	6.89301905020642
0.170000000000001	6.78300980871945
0.190000000000001	6.6827969896948
0.210000000000001	6.59210069473728
0.230000000000001	6.51069452898992
0.250000000000001	6.43840495401812
0.270000000000001	6.37511137183141
0.290000000000001	6.32074698303005
0.310000000000001	6.2753004855601
0.330000000000001	6.23881870839031
0.350000000000001	6.21141030823436
0.370000000000001	6.19325069940104
0.390000000000001	6.18458843986939
0.410000000000001	6.18575336470467
0.430000000000001	6.19716684639664
0.450000000000001	6.21935467820235
0.470000000000001	6.25296323182656
0.490000000000001	6.29877975008929
0.510000000000001	6.35775792078416
0.530000000000001	6.43105027225819
0.550000000000001	6.52004948277066
0.570000000000001	6.62644147760494
0.590000000000001	6.75227431266598
0.610000000000001	6.90004848677304
0.630000000000001	7.07283676749583
0.650000000000001	7.27444531389526
0.670000000000001	7.50963359509933
0.690000000000001	7.78441963763851
0.710000000000001	8.10651177549077
0.730000000000001	8.48593247823669
0.750000000000001	8.9359418029739
0.770000000000001	9.47444283193488
0.790000000000001	10.1261904020722
0.810000000000001	10.9263950084344
0.830000000000001	11.9268708302638
0.850000000000001	13.207102376166
0.870000000000001	14.8955267037007
0.890000000000001	17.2140328331501
0.910000000000001	20.5817939681751
0.930000000000001	25.8970981106137
0.950000000000001	35.4955725391959
0.970000000000001	57.9413067988113
0.990000000000001	170.311453191464
