# Program settings for SigmaNu
# Electroweak scheme and input parameters
# Scheme = Complex mass scheme
# alpha_GF = 0.00755898078237864
# Pole masses/widths for particles [GeV]
# mw = 80.35797361
# gw = 2.084298894
# mz = 91.15348062
# gz = 2.494266379
# s^2_thetaw (derived) = (0.222868505240788,-0.00110716741475141)
# charged leptons
# m_e = 0.0005109989461
# m_m = 0.10565837
# m_t = 1.77686
# quarks
# m_d = 0.05
# m_u = 0.05
# m_s = 0.2
# m_c = 1.51
# m_b = 4.92
# m_t = 173
# Ecms (default) = 14343.7

# channel_id = 28
# process  = nu_e A -> W+ e-
-0.99	60.2174246172754
-0.97	6.74751173478086
-0.95	2.43366896163655
-0.93	1.24294826860084
-0.91	0.752526328281902
-0.89	0.504156960421329
-0.87	0.361265273510496
-0.85	0.271596805312326
-0.83	0.211662946781037
-0.81	0.16963601077403
-0.79	0.139033862124092
-0.77	0.116062581272451
-0.75	0.0983817092471885
-0.73	0.0844838671942888
-0.71	0.073362686181532
-0.69	0.0643254973204914
-0.67	0.0568829082231274
-0.65	0.0506812035308617
-0.63	0.0454595894736007
-0.61	0.0410223700041245
-0.59	0.037220379227422
-0.57	0.03393831112045
-0.55	0.0310858991441208
-0.53	0.0285916646404013
-0.51	0.0263984132904819
-0.49	0.0244599425451002
-0.47	0.022738601699366
-0.45	0.0212034613014165
-0.429999999999999	0.0198289239972397
-0.409999999999999	0.0185936592229295
-0.389999999999999	0.0174797782562227
-0.369999999999999	0.0164721895957092
-0.349999999999999	0.0155580909924523
-0.329999999999999	0.0147265660093597
-0.309999999999999	0.0139682612373172
-0.289999999999999	0.0132751262601746
-0.269999999999999	0.0126402028136158
-0.249999999999999	0.0120574527912388
-0.229999999999999	0.0115216171376405
-0.209999999999999	0.0110280994585227
-0.189999999999999	0.0105728695319153
-0.169999999999999	0.0101523829364479
-0.149999999999999	0.00976351380481761
-0.129999999999999	0.0094034983229187
-0.109999999999999	0.00906988707153383
-0.0899999999999994	0.00876050468057245
-0.0699999999999994	0.0084734155596746
-0.0499999999999994	0.00820689470188518
-0.0299999999999994	0.00795940274264286
-0.00999999999999938	0.00772956460501366
0.0100000000000006	0.00751615118195073
0.0300000000000006	0.0073180636034654
0.0500000000000006	0.00713431971579408
0.0700000000000006	0.00696404246463999
0.0900000000000006	0.00680644992830144
0.110000000000001	0.00666084679131869
0.130000000000001	0.0065266170869703
0.150000000000001	0.00640321806929172
0.170000000000001	0.00629017510301416
0.190000000000001	0.00618707748480466
0.210000000000001	0.0060935751314856
0.230000000000001	0.00600937609201483
0.250000000000001	0.00593424486051316
0.270000000000001	0.00586800148829681
0.290000000000001	0.00581052151479551
0.310000000000001	0.00576173676128045
0.330000000000001	0.00572163705893036
0.350000000000001	0.00569027301526929
0.370000000000001	0.00566775996267285
0.390000000000001	0.00565428328198989
0.410000000000001	0.00565010535700256
0.430000000000001	0.00565557449646346
0.450000000000001	0.00567113626666481
0.470000000000001	0.00569734781853975
0.490000000000001	0.0057348959831907
0.510000000000001	0.005784620168427
0.530000000000001	0.00584754144583866
0.550000000000001	0.00592489971693151
0.570000000000001	0.00601820155403303
0.590000000000001	0.00612928232883387
0.610000000000001	0.00626038772737425
0.630000000000001	0.00641428195870781
0.650000000000001	0.00659439330824677
0.670000000000001	0.00680501285382896
0.690000000000001	0.00705157032972428
0.710000000000001	0.00734102435962039
0.730000000000001	0.00768242633899544
0.750000000000001	0.00808775518957758
0.770000000000001	0.008573187843584
0.790000000000001	0.00916109592405951
0.810000000000001	0.00988330369285884
0.830000000000001	0.0107866459369006
0.850000000000001	0.0119429723808542
0.870000000000001	0.0134683871714942
0.890000000000001	0.015563477138126
0.910000000000001	0.0186071780104175
0.930000000000001	0.0234115544789458
0.950000000000001	0.0320880528196551
0.970000000000001	0.0523787646565932
0.990000000000001	0.15396285764207
