# Program settings for SigmaNu
# Electroweak scheme and input parameters
# Scheme = Complex mass scheme
# alpha_GF = 0.00755898078237864
# Pole masses/widths for particles [GeV]
# mw = 80.35797361
# gw = 2.084298894
# mz = 91.15348062
# gz = 2.494266379
# s^2_thetaw (derived) = (0.222868505240788,-0.00110716741475141)
# charged leptons
# m_e = 0.0005109989461
# m_m = 0.10565837
# m_t = 1.77686
# quarks
# m_d = 0.05
# m_u = 0.05
# m_s = 0.2
# m_c = 1.51
# m_b = 4.92
# m_t = 173
# Ecms (default) = 174.166

# channel_id = 28
# process  = nu_e A -> W+ e-
-0.99	178.128225230734
-0.97	165.926621641237
-0.95	154.954167792977
-0.93	145.052226618704
-0.91	136.08694720719
-0.89	127.944762084704
-0.87	120.528810475382
-0.85	113.756076177896
-0.83	107.555081456823
-0.81	101.864016871343
-0.79	96.6292153655932
-0.77	91.8039000747151
-0.75	87.3471511550858
-0.73	83.223048939692
-0.71	79.3999598602201
-0.69	75.8499385947428
-0.67	72.5482253240924
-0.65	69.4728212000828
-0.63	66.6041284322896
-0.61	63.9246440014247
-0.59	61.4186980672051
-0.57	59.072229778442
-0.55	56.8725945052211
-0.53	54.8083975681033
-0.51	52.8693503916025
-0.49	51.0461457008386
-0.47	49.3303489439341
-0.45	47.7143035839991
-0.429999999999999	46.1910482835458
-0.409999999999999	44.7542443167591
-0.389999999999999	43.3981118038217
-0.369999999999999	42.117373576487
-0.349999999999999	40.9072056633451
-0.329999999999999	39.763193533184
-0.309999999999999	38.681293360722
-0.289999999999999	37.6577976849986
-0.269999999999999	36.6893049202816
-0.249999999999999	35.7726922552856
-0.229999999999999	34.9050915410965
-0.209999999999999	34.0838678233354
-0.189999999999999	33.3066002213497
-0.169999999999999	32.5710648978677
-0.149999999999999	31.8752198976848
-0.129999999999999	31.2171916644633
-0.109999999999999	30.5952630713979
-0.0899999999999994	30.0078628249541
-0.0699999999999994	29.4535561217159
-0.0499999999999994	28.931036457038
-0.0299999999999994	28.4391185011396
-0.00999999999999938	27.9767319738772
0.0100000000000006	27.5429164640589
0.0300000000000006	27.1368171531515
0.0500000000000006	26.7576814169276
0.0700000000000006	26.4048562923485
0.0900000000000006	26.0777868111457
0.110000000000001	25.7760152165664
0.130000000000001	25.4991810960429
0.150000000000001	25.2470224806812
0.170000000000001	25.0193779830976
0.190000000000001	24.8161900690667
0.210000000000001	24.6375095866773
0.230000000000001	24.483501710495
0.250000000000001	24.3544534992134
0.270000000000001	24.2507833155198
0.290000000000001	24.1730524191293
0.310000000000001	24.1219791217088
0.330000000000001	24.0984559904482
0.350000000000001	24.1035707116518
0.370000000000001	24.1386313854193
0.390000000000001	24.2051972288353
0.410000000000001	24.3051159339458
0.430000000000001	24.4405692801709
0.450000000000001	24.6141290694425
0.470000000000001	24.8288260798243
0.490000000000001	25.0882355819743
0.510000000000001	25.3965841228575
0.530000000000001	25.7588838851599
0.550000000000001	26.181103176261
0.570000000000001	26.6703847857271
0.590000000000001	27.2353285335048
0.610000000000001	27.8863610293305
0.630000000000001	28.6362256206571
0.650000000000001	29.5006405836279
0.670000000000001	30.4991969126094
0.690000000000001	31.6566038942167
0.710000000000001	33.0044503422665
0.730000000000001	34.5837488541083
0.750000000000001	36.448701561125
0.770000000000001	38.6724308723896
0.790000000000001	41.3559851875217
0.810000000000001	44.6430326941726
0.830000000000001	48.7449275347231
0.850000000000001	53.9858291987673
0.870000000000001	60.8894709002092
0.890000000000001	70.3605847126574
0.910000000000001	84.1082272811555
0.930000000000001	105.794807229269
0.950000000000001	144.942778964418
0.970000000000001	236.468112666749
0.990000000000001	694.615406542154
