# Program settings for SigmaNu
# Electroweak scheme and input parameters
# Scheme = Complex mass scheme
# alpha_GF = 0.00755898078237864
# Pole masses/widths for particles [GeV]
# mw = 80.35797361
# gw = 2.084298894
# mz = 91.15348062
# gz = 2.494266379
# s^2_thetaw (derived) = (0.222868505240788,-0.00110716741475141)
# charged leptons
# m_e = 0.0005109989461
# m_m = 0.10565837
# m_t = 1.77686
# quarks
# m_d = 0.05
# m_u = 0.05
# m_s = 0.2
# m_c = 1.51
# m_b = 4.92
# m_t = 173
# Ecms (default) = 61815.8

# channel_id = 28
# process  = nu_e A -> W+ e-
-0.99	3.28076100338871
-0.97	0.364730341911437
-0.95	0.131341843634332
-0.93	0.067034782075879
-0.91	0.0405700193856191
-0.89	0.0271734724622029
-0.87	0.0194685445611709
-0.85	0.0146345390832224
-0.83	0.0114040416849385
-0.81	0.00913902973192632
-0.79	0.00748991330097417
-0.77	0.00625211690522548
-0.75	0.00529945620961012
-0.73	0.00455067131014115
-0.71	0.00395151609811588
-0.69	0.00346465689663402
-0.67	0.00306371819024876
-0.65	0.00272963789746454
-0.63	0.00244836235477476
-0.61	0.0022093464053252
-0.59	0.00200455254029398
-0.57	0.0018277679680827
-0.55	0.00167412922020442
-0.53	0.00153978522452754
-0.51	0.00142165460046575
-0.49	0.00131724822330203
-0.47	0.0012245377423137
-0.45	0.00114185693795064
-0.429999999999999	0.00106782686856651
-0.409999999999999	0.00100129846907152
-0.389999999999999	0.00094130810196524
-0.369999999999999	0.000887042825470399
-0.349999999999999	0.000837813025109238
-0.329999999999999	0.000793030677528099
-0.309999999999999	0.000752191960236639
-0.289999999999999	0.000714863242268572
-0.269999999999999	0.000680669725374758
-0.249999999999999	0.000649286178212872
-0.229999999999999	0.000620429334641792
-0.209999999999999	0.000593851623665863
-0.189999999999999	0.000569335971548646
-0.169999999999999	0.000546691472224481
-0.149999999999999	0.000525749764797052
-0.129999999999999	0.00050636198993912
-0.109999999999999	0.000488396222656666
-0.0899999999999994	0.000471735298979802
-0.0699999999999994	0.000456274969990654
-0.0499999999999994	0.000441922329142051
-0.0299999999999994	0.000428594468789069
-0.00999999999999938	0.000416217329922757
0.0100000000000006	0.00040472471548731
0.0300000000000006	0.000394057442941417
0.0500000000000006	0.000384162615979464
0.0700000000000006	0.00037499299879374
0.0900000000000006	0.000366506479242285
0.110000000000001	0.000358665609574532
0.130000000000001	0.000351437215513656
0.150000000000001	0.000344792066195246
0.170000000000001	0.00033870459889775
0.190000000000001	0.00033315269395942
0.210000000000001	0.000328117496376102
0.230000000000001	0.000323583281777237
0.250000000000001	0.000319537365528953
0.270000000000001	0.000315970054865666
0.290000000000001	0.000312874645149524
0.310000000000001	0.000310247462547705
0.330000000000001	0.000308087957065146
0.350000000000001	0.000306398851473046
0.370000000000001	0.000305186353885743
0.390000000000001	0.000304460444399105
0.410000000000001	0.000304235249542655
0.430000000000001	0.00030452952266066
0.450000000000001	0.000305367254105926
0.470000000000001	0.000306778442688933
0.490000000000001	0.000308800070017502
0.510000000000001	0.00031147733335872
0.530000000000001	0.000314865211843379
0.550000000000001	0.000319030467685703
0.570000000000001	0.000324054222187346
0.590000000000001	0.000330035301072271
0.610000000000001	0.000337094623690364
0.630000000000001	0.00034538102957203
0.650000000000001	0.00035507911580409
0.670000000000001	0.000366419936971404
0.690000000000001	0.000379695859197181
0.710000000000001	0.000395281572431241
0.730000000000001	0.000413664452919998
0.750000000000001	0.000435489510995975
0.770000000000001	0.000461627800862377
0.790000000000001	0.000493283932809516
0.810000000000001	0.00053217149896661
0.830000000000001	0.000580812340268549
0.850000000000001	0.000643075238853094
0.870000000000001	0.000725211877110842
0.890000000000001	0.000838022947430031
0.910000000000001	0.00100191242297648
0.930000000000001	0.00126060631055552
0.950000000000001	0.00172779643231708
0.970000000000001	0.0028203593695526
0.990000000000001	0.00829020282636592
