# Program settings for SigmaNu
# Electroweak scheme and input parameters
# Scheme = Complex mass scheme
# alpha_GF = 0.00755898078237864
# Pole masses/widths for particles [GeV]
# mw = 80.35797361
# gw = 2.084298894
# mz = 91.15348062
# gz = 2.494266379
# s^2_thetaw (derived) = (0.222868505240788,-0.00110716741475141)
# charged leptons
# m_e = 0.0005109989461
# m_m = 0.10565837
# m_t = 1.77686
# quarks
# m_d = 0.05
# m_u = 0.05
# m_s = 0.2
# m_c = 1.51
# m_b = 4.92
# m_t = 173
# Ecms (default) = 303.641

# channel_id = 28
# process  = nu_e A -> W+ e-
-0.99	568.583129031832
-0.97	449.695136547508
-0.95	364.58570258549
-0.93	301.577973390746
-0.91	253.636515344902
-0.89	216.317477554374
-0.87	186.702112077917
-0.85	162.809273233687
-0.83	143.255940443855
-0.81	127.052937988487
-0.79	113.47764551964
-0.77	101.992239174865
-0.75	92.1897596405711
-0.73	83.7576872678397
-0.71	76.4528184616083
-0.69	70.0836069016299
-0.67	64.4975384302523
-0.65	59.5719642237847
-0.63	55.2073505786528
-0.61	51.3222437675416
-0.59	47.8494694835156
-0.57	44.7332326815975
-0.55	41.9268820537647
-0.53	39.391170614309
-0.51	37.0928904620584
-0.49	35.0037924924005
-0.47	33.0997250739786
-0.45	31.3599424100752
-0.429999999999999	29.7665454398787
-0.409999999999999	28.3040270385336
-0.389999999999999	26.958899869047
-0.369999999999999	25.7193901660349
-0.349999999999999	24.5751844431942
-0.329999999999999	23.5172189349246
-0.309999999999999	22.5375037386555
-0.289999999999999	21.6289752854778
-0.269999999999999	20.7853720548917
-0.249999999999999	20.0011294549139
-0.229999999999999	19.2712905782789
-0.209999999999999	18.5914301689906
-0.189999999999999	17.9575896286582
-0.169999999999999	17.3662212873975
-0.149999999999999	16.8141404813461
-0.129999999999999	16.2984842347109
-0.109999999999999	15.8166755516333
-0.0899999999999994	15.3663924920121
-0.0699999999999994	14.9455413435777
-0.0499999999999994	14.5522333161005
-0.0299999999999994	14.1847642774661
-0.00999999999999938	13.8415971293166
0.0100000000000006	13.5213464851015
0.0300000000000006	13.2227653681754
0.0500000000000006	12.9447336940281
0.0700000000000006	12.6862483404749
0.0900000000000006	12.4464146440274
0.110000000000001	12.2244391908692
0.130000000000001	12.0196237978438
0.150000000000001	11.8313606035309
0.170000000000001	11.6591282126175
0.190000000000001	11.5024888591686
0.210000000000001	11.3610865768314
0.230000000000001	11.2346463873166
0.250000000000001	11.1229745436215
0.270000000000001	11.0259598924932
0.290000000000001	10.9435764529046
0.310000000000001	10.8758873455175
0.330000000000001	10.823050254366
0.350000000000001	10.7853246591453
0.370000000000001	10.7630811482601
0.390000000000001	10.7568132142289
0.410000000000001	10.7671520510439
0.430000000000001	10.7948850271531
0.450000000000001	10.8409787111645
0.470000000000001	10.9066075989277
0.490000000000001	10.9931900571946
0.510000000000001	11.1024334994795
0.530000000000001	11.2363915010957
0.550000000000001	11.3975365276171
0.570000000000001	11.5888533225933
0.590000000000001	11.8139599735589
0.610000000000001	12.077266558804
0.630000000000001	12.3841855630965
0.650000000000001	12.741414739935
0.670000000000001	13.1573231265703
0.690000000000001	13.6424867694231
0.710000000000001	14.2104464073513
0.730000000000001	14.8788021762809
0.750000000000001	15.6708340420116
0.770000000000001	16.6179679449005
0.790000000000001	17.7636514397652
0.810000000000001	19.1696773817869
0.830000000000001	20.9269716712728
0.850000000000001	23.1750114864329
0.870000000000001	26.1391683488062
0.890000000000001	30.2087894155573
0.910000000000001	36.1193875412938
0.930000000000001	45.4471576103159
0.950000000000001	62.2903326476724
0.970000000000001	101.675965268166
0.990000000000001	298.848088938309
