# Program settings for SigmaNu
# Electroweak scheme and input parameters
# Scheme = Complex mass scheme
# alpha_GF = 0.00755898078237864
# Pole masses/widths for particles [GeV]
# mw = 80.35797361
# gw = 2.084298894
# mz = 91.15348062
# gz = 2.494266379
# s^2_thetaw (derived) = (0.222868505240788,-0.00110716741475141)
# charged leptons
# m_e = 0.0005109989461
# m_m = 0.10565837
# m_t = 1.77686
# quarks
# m_d = 0.05
# m_u = 0.05
# m_s = 0.2
# m_c = 1.51
# m_b = 4.92
# m_t = 173
# Ecms (default) = 92790.7

# channel_id = 28
# process  = nu_e A -> W+ e-
-0.99	1.45655709270095
-0.97	0.161888498152574
-0.95	0.0582942126306502
-0.93	0.029751797202633
-0.91	0.0180058254373553
-0.89	0.0120600653712491
-0.87	0.00864043732419992
-0.85	0.00649500684735562
-0.83	0.00506125338608143
-0.81	0.00405600389949751
-0.79	0.00332410127011347
-0.77	0.00277475006479946
-0.75	0.00235194694448584
-0.73	0.00201962713780365
-0.71	0.00175371521088491
-0.69	0.00153764182606877
-0.67	0.0013597010958196
-0.65	0.00121143297172808
-0.63	0.00108660023016962
-0.61	0.000980522781922961
-0.59	0.000889633472258307
-0.57	0.000811174983987
-0.55	0.000742988849382847
-0.53	0.000683365916550665
-0.51	0.000630938633190108
-0.49	0.000584602297940986
-0.47	0.000543456706799217
-0.45	0.00050676237402797
-0.429999999999999	0.000473907311252743
-0.409999999999999	0.000444381551978014
-0.389999999999999	0.000417757424558133
-0.369999999999999	0.000393674137762368
-0.349999999999999	0.000371825634333979
-0.329999999999999	0.000351950944213123
-0.309999999999999	0.000333826466542957
-0.289999999999999	0.000317259752157999
-0.269999999999999	0.000302084462429962
-0.249999999999999	0.000288156256990167
-0.229999999999999	0.000275349420021593
-0.209999999999999	0.000263554077536666
-0.189999999999999	0.000252673890502673
-0.169999999999999	0.000242624133335593
-0.149999999999999	0.000233330086186467
-0.129999999999999	0.000224725684165982
-0.109999999999999	0.000216752377989257
-0.0899999999999994	0.000209358169431618
-0.0699999999999994	0.000202496792071719
-0.0499999999999994	0.000196127013320421
-0.0299999999999994	0.000190212038182766
-0.00999999999999938	0.000184718998752035
0.0100000000000006	0.000179618516320277
0.0300000000000006	0.000174884325268648
0.0500000000000006	0.000170492949857326
0.0700000000000006	0.000166423426513048
0.0900000000000006	0.000162657065581912
0.110000000000001	0.000159177247504672
0.130000000000001	0.000155969249306641
0.150000000000001	0.000153020098135057
0.170000000000001	0.000150318449081489
0.190000000000001	0.000147854485280127
0.210000000000001	0.00014561983875177
0.230000000000001	0.000143607530901121
0.250000000000001	0.000141811932192319
0.270000000000001	0.000140228740891246
0.290000000000001	0.000138854981411698
0.310000000000001	0.000137689023254113
0.330000000000001	0.000136730622297942
0.350000000000001	0.000135980986888926
0.370000000000001	0.000135442872176734
0.390000000000001	0.000135120707341975
0.410000000000001	0.000135020761770123
0.430000000000001	0.000135151358241346
0.450000000000001	0.000135523143739345
0.470000000000001	0.000136149431835281
0.490000000000001	0.000137046635081958
0.510000000000001	0.000138234812186322
0.530000000000001	0.000139738363065577
0.550000000000001	0.00014158691702683
0.570000000000001	0.000143816475995795
0.590000000000001	0.0001464708991833
0.610000000000001	0.00014960385102599
0.630000000000001	0.000153281387049835
0.650000000000001	0.000157585432118806
0.670000000000001	0.000162618529097748
0.690000000000001	0.000168510431135366
0.710000000000001	0.000175427427017329
0.730000000000001	0.00018358581610373
0.750000000000001	0.000193271856357912
0.770000000000001	0.000204872124828698
0.790000000000001	0.000218921232007911
0.810000000000001	0.000236179676375205
0.830000000000001	0.00025776666023992
0.850000000000001	0.000285399163346968
0.870000000000001	0.000321851705380258
0.890000000000001	0.000371917673396169
0.910000000000001	0.000444652425859509
0.930000000000001	0.000559461725619177
0.950000000000001	0.000766802422199122
0.970000000000001	0.0012516858779274
0.990000000000001	0.00367922255274582
