# Program settings for SigmaNu
# Electroweak scheme and input parameters
# Scheme = Complex mass scheme
# alpha_GF = 0.00755898078237864
# Pole masses/widths for particles [GeV]
# mw = 80.35797361
# gw = 2.084298894
# mz = 91.15348062
# gz = 2.494266379
# s^2_thetaw (derived) = (0.222868505240788,-0.00110716741475141)
# charged leptons
# m_e = 0.0005109989461
# m_m = 0.10565837
# m_t = 1.77686
# quarks
# m_d = 0.05
# m_u = 0.05
# m_s = 0.2
# m_c = 1.51
# m_b = 4.92
# m_t = 173
# Ecms (default) = 268.997

# channel_id = 28
# process  = nu_e A -> W+ e-
-0.99	450.675366442136
-0.97	374.48073636262
-0.95	316.13141449823
-0.93	270.464559584022
-0.91	234.057526252963
-0.89	204.568733892679
-0.87	180.352414603971
-0.85	160.22450487222
-0.83	143.315526231008
-0.81	128.975385103461
-0.79	116.710161452718
-0.77	106.139167205184
-0.75	96.9651729461994
-0.73	88.9533824783399
-0.71	81.9163366882062
-0.69	75.7029101062381
-0.67	70.1901795981396
-0.65	65.2773393577934
-0.63	60.8810942000936
-0.61	56.9321345508311
-0.59	53.3724123330475
-0.57	50.1530163669537
-0.55	47.2325011243656
-0.53	44.5755615756278
-0.51	42.1519745939016
-0.49	39.935747368188
-0.47	37.9044278347182
-0.45	36.0385428450738
-0.429999999999999	34.3211377393526
-0.409999999999999	32.7373969459735
-0.389999999999999	31.2743297243899
-0.369999999999999	29.9205085867424
-0.349999999999999	28.6658505554943
-0.329999999999999	27.5014334368909
-0.309999999999999	26.4193408615172
-0.289999999999999	25.4125310716777
-0.269999999999999	24.4747254013993
-0.249999999999999	23.6003131589358
-0.229999999999999	22.7842702292732
-0.209999999999999	22.0220891998649
-0.189999999999999	21.3097192030758
-0.169999999999999	20.6435139838803
-0.149999999999999	20.0201869569254
-0.129999999999999	19.4367722253366
-0.109999999999999	18.8905907041358
-0.0899999999999994	18.3792206313492
-0.0699999999999994	17.900471865718
-0.0499999999999994	17.4523634660943
-0.0299999999999994	17.0331041278395
-0.00999999999999938	16.6410751188803
0.0100000000000006	16.2748154149346
0.0300000000000006	15.9330087817915
0.0500000000000006	15.6144725940511
0.0700000000000006	15.3181482157565
0.0900000000000006	15.0430928000383
0.110000000000001	14.7884723932338
0.130000000000001	14.5535562548188
0.150000000000001	14.3377123287167
0.170000000000001	14.1404038248945
0.190000000000001	13.961186893404
0.210000000000001	13.7997093969975
0.230000000000001	13.6557108140518
0.250000000000001	13.5290233318289
0.270000000000001	13.4195742223523
0.290000000000001	13.3273896309639
0.310000000000001	13.2525999529401
0.330000000000001	13.1954470289924
0.350000000000001	13.1562934594599
0.370000000000001	13.1356344240933
0.390000000000001	13.1341125056892
0.410000000000001	13.1525361598927
0.430000000000001	13.191902661898
0.450000000000001	13.2534266098274
0.470000000000001	13.3385753972769
0.490000000000001	13.4491135168235
0.510000000000001	13.5871581698848
0.530000000000001	13.7552495062351
0.550000000000001	13.9564400029205
0.570000000000001	14.1944091748408
0.590000000000001	14.4736122299272
0.610000000000001	14.799474819246
0.630000000000001	15.1786512902093
0.650000000000001	15.6193718125419
0.670000000000001	16.131916050344
0.690000000000001	16.7292705009918
0.710000000000001	17.4280581394742
0.730000000000001	18.2498815361867
0.750000000000001	19.2233109664979
0.770000000000001	20.3869100893171
0.790000000000001	21.7939908809965
0.810000000000001	23.5203719862464
0.830000000000001	25.6776138613766
0.850000000000001	28.4368423548979
0.870000000000001	32.0745636287567
0.890000000000001	37.0684593676246
0.910000000000001	44.3209093557295
0.930000000000001	55.7656961148429
0.950000000000001	76.430801321398
0.970000000000001	124.752388889353
0.990000000000001	366.656587735274
