# Program settings for SigmaNu
# Electroweak scheme and input parameters
# Scheme = Complex mass scheme
# alpha_GF = 0.00755898078237864
# Pole masses/widths for particles [GeV]
# mw = 80.35797361
# gw = 2.084298894
# mz = 91.15348062
# gz = 2.494266379
# s^2_thetaw (derived) = (0.222868505240788,-0.00110716741475141)
# charged leptons
# m_e = 0.0005109989461
# m_m = 0.10565837
# m_t = 1.77686
# quarks
# m_d = 0.05
# m_u = 0.05
# m_s = 0.2
# m_c = 1.51
# m_b = 4.92
# m_t = 173
# Ecms (default) = 93.0291

# channel_id = 28
# process  = nu_e A -> W+ e-
-0.99	34.6162550312491
-0.97	34.5657198308853
-0.95	34.5192376521935
-0.93	34.4768587600395
-0.91	34.4386368725789
-0.89	34.4046293158042
-0.87	34.3748971886874
-0.85	34.3495055397008
-0.83	34.3285235555686
-0.81	34.3120247631775
-0.79	34.3000872456584
-0.77	34.2927938737421
-0.75	34.2902325535956
-0.73	34.2924964924547
-0.71	34.2996844834949
-0.69	34.311901211518
-0.67	34.3292575811834
-0.65	34.3518710696829
-0.63	34.3798661059418
-0.61	34.4133744786397
-0.59	34.4525357755726
-0.57	34.4974978571381
-0.55	34.5484173670105
-0.53	34.605460283396
-0.51	34.6688025146161
-0.49	34.7386305431709
-0.47	34.8151421228866
-0.45	34.898547034259
-0.429999999999999	34.9890679036785
-0.409999999999999	35.0869410928655
-0.389999999999999	35.1924176655773
-0.369999999999999	35.3057644394678
-0.349999999999999	35.4272651319214
-0.329999999999999	35.5572216097394
-0.309999999999999	35.6959552537659
-0.289999999999999	35.8438084509165
-0.269999999999999	36.0011462276419
-0.249999999999999	36.1683580406563
-0.229999999999999	36.3458597428183
-0.209999999999999	36.5340957444206
-0.189999999999999	36.7335413928649
-0.169999999999999	36.9447055968441
-0.149999999999999	37.1681337247858
-0.129999999999999	37.4044108115273
-0.109999999999999	37.6541651120861
-0.0899999999999994	37.9180720470974
-0.0699999999999994	38.1968585911541
-0.0499999999999994	38.4913081630922
-0.0299999999999994	38.8022660864385
-0.00999999999999938	39.1306456990403
0.0100000000000006	39.4774352036737
0.0300000000000006	39.8437053665623
0.0500000000000006	40.2306181887554
0.0700000000000006	40.6394366968045
0.0900000000000006	41.0715360249295
0.110000000000001	41.5284159918207
0.130000000000001	42.0117154125825
0.150000000000001	42.5232284315965
0.170000000000001	43.0649232171733
0.190000000000001	43.6389634261936
0.210000000000001	44.2477329296122
0.230000000000001	44.8938643916998
0.250000000000001	45.580272422378
0.270000000000001	46.3101921796687
0.290000000000001	47.0872244969179
0.310000000000001	47.9153888586536
0.330000000000001	48.799185865078
0.350000000000001	49.7436712288938
0.370000000000001	50.7545438671916
0.390000000000001	51.8382513233237
0.410000000000001	53.002116630953
0.430000000000001	54.2544918867658
0.450000000000001	55.604945330408
0.470000000000001	57.0644907825985
0.490000000000001	58.6458710691444
0.510000000000001	60.363910855391
0.530000000000001	62.2359595665437
0.550000000000001	64.2824524205667
0.570000000000001	66.5276280289053
0.590000000000001	69.0004560272037
0.610000000000001	71.7358501313883
0.630000000000001	74.776274617893
0.650000000000001	78.173901597669
0.670000000000001	81.9935527540575
0.690000000000001	86.316779818513
0.710000000000001	91.2476335196769
0.730000000000001	96.9209965104858
0.750000000000001	103.514916100997
0.770000000000001	111.269371461258
0.790000000000001	120.515764940893
0.810000000000001	131.725039486111
0.830000000000001	145.589761293138
0.850000000000001	163.171868585286
0.870000000000001	186.186803877379
0.890000000000001	217.597608710825
0.910000000000001	263.001144700526
0.930000000000001	334.390693509118
0.950000000000001	462.948796696167
0.970000000000001	763.011454345848
0.990000000000001	2263.60267920087
