# Program settings for SigmaNu
# Electroweak scheme and input parameters
# Scheme = Complex mass scheme
# alpha_GF = 0.00755898078237864
# Pole masses/widths for particles [GeV]
# mw = 80.35797361
# gw = 2.084298894
# mz = 91.15348062
# gz = 2.494266379
# s^2_thetaw (derived) = (0.222868505240788,-0.00110716741475141)
# charged leptons
# m_e = 0.0005109989461
# m_m = 0.10565837
# m_t = 1.77686
# quarks
# m_d = 0.05
# m_u = 0.05
# m_s = 0.2
# m_c = 1.51
# m_b = 4.92
# m_t = 173
# Ecms (default) = 1620.48

# channel_id = 28
# process  = nu_e A -> W+ e-
-0.99	2148.39841189746
-0.97	392.545492525857
-0.95	158.766801573009
-0.93	85.3502107679525
-0.91	53.1978317036125
-0.89	36.3135141604755
-0.87	26.3635100065486
-0.85	20.0118388719402
-0.83	15.7116369697658
-0.81	12.6660310140232
-0.79	10.4306010834284
-0.77	8.74160835292012
-0.75	7.43451279424478
-0.73	6.4023489431215
-0.71	5.57313986167713
-0.69	4.89701079052288
-0.67	4.33851822769241
-0.65	3.87191448531939
-0.63	3.47813072398793
-0.61	3.14280100819154
-0.59	2.85493621419992
-0.57	2.60601453378284
-0.55	2.38934544915256
-0.53	2.1996170872844
-0.51	2.0325689267033
-0.49	1.88475169820637
-0.47	1.75334890841391
-0.45	1.63604255245578
-0.429999999999999	1.53091094077847
-0.409999999999999	1.43635015420683
-0.389999999999999	1.35101308317575
-0.369999999999999	1.27376169239897
-0.349999999999999	1.20362933116484
-0.329999999999999	1.13979074444251
-0.309999999999999	1.08153803828017
-0.289999999999999	1.02826128634773
-0.269999999999999	0.979432781585753
-0.249999999999999	0.934594171183411
-0.229999999999999	0.893345887723294
-0.209999999999999	0.855338420591923
-0.189999999999999	0.820265071216538
-0.169999999999999	0.787855911626313
-0.149999999999999	0.757872724230741
-0.129999999999999	0.73010474591901
-0.109999999999999	0.704365074816713
-0.0899999999999994	0.680487625663796
-0.0699999999999994	0.658324541571625
-0.0499999999999994	0.637743987209224
-0.0299999999999994	0.618628262266524
-0.00999999999999938	0.600872185113497
0.0100000000000006	0.584381705507207
0.0300000000000006	0.569072712448041
0.0500000000000006	0.554870009204883
0.0700000000000006	0.541706432392684
0.0900000000000006	0.529522096012565
0.110000000000001	0.518263744727156
0.130000000000001	0.507884203481568
0.150000000000001	0.498341913006862
0.170000000000001	0.489600542851765
0.190000000000001	0.481628675460476
0.210000000000001	0.474399556519818
0.230000000000001	0.467890908402662
0.250000000000001	0.462084805099043
0.270000000000001	0.456967608616103
0.290000000000001	0.452529968512604
0.310000000000001	0.448766888093834
0.330000000000001	0.445677862925375
0.350000000000001	0.443267099851128
0.370000000000001	0.441543827779717
0.390000000000001	0.440522715342705
0.410000000000001	0.440224415409183
0.430000000000001	0.440676262750606
0.450000000000001	0.441913159424223
0.470000000000001	0.443978693440008
0.490000000000001	0.446926551075579
0.510000000000001	0.450822303370532
0.530000000000001	0.455745675159762
0.550000000000001	0.461793443909346
0.570000000000001	0.469083170757719
0.590000000000001	0.477758045466409
0.610000000000001	0.487993242845459
0.630000000000001	0.500004360407075
0.650000000000001	0.514058767708846
0.670000000000001	0.530491100728564
0.690000000000001	0.549724771394553
0.710000000000001	0.572302394394056
0.730000000000001	0.598929753354135
0.750000000000001	0.630540886817504
0.770000000000001	0.668397147953199
0.790000000000001	0.714242885595743
0.810000000000001	0.770559466036805
0.830000000000001	0.840998620505319
0.850000000000001	0.931162487377217
0.870000000000001	1.05010371100077
0.890000000000001	1.2134620310468
0.910000000000001	1.45078301233779
0.930000000000001	1.82538319381487
0.950000000000001	2.501891627309
0.970000000000001	4.08395762078234
0.990000000000001	12.0044515364988
