# Program settings for SigmaNu
# Electroweak scheme and input parameters
# Scheme = Complex mass scheme
# alpha_GF = 0.00755898078237864
# Pole masses/widths for particles [GeV]
# mw = 80.35797361
# gw = 2.084298894
# mz = 91.15348062
# gz = 2.494266379
# s^2_thetaw (derived) = (0.222868505240788,-0.00110716741475141)
# charged leptons
# m_e = 0.0005109989461
# m_m = 0.10565837
# m_t = 1.77686
# quarks
# m_d = 0.05
# m_u = 0.05
# m_s = 0.2
# m_c = 1.51
# m_b = 4.92
# m_t = 173
# Ecms (default) = 105.761

# channel_id = 28
# process  = nu_e A -> W+ e-
-0.99	49.2881358970407
-0.97	48.7182505054498
-0.95	48.163946820081
-0.93	47.6248672730568
-0.91	47.1006706067873
-0.89	46.5910313712452
-0.87	46.0956394575123
-0.85	45.6141996664575
-0.83	45.1464313115513
-0.81	44.6920678549658
-0.79	44.2508565762508
-0.77	43.8225582730162
-0.75	43.4069469931938
-0.73	43.0038097985945
-0.71	42.6129465596211
-0.69	42.2341697811497
-0.67	41.8673044597446
-0.65	41.5121879725363
-0.63	41.1686699982602
-0.61	40.8366124711358
-0.59	40.5158895684563
-0.57	40.206387732967
-0.55	39.9080057313318
-0.53	39.6206547502292
-0.51	39.3442585318845
-0.49	39.0787535511315
-0.47	38.8240892364191
-0.45	38.5802282375288
-0.429999999999999	38.3471467431619
-0.409999999999999	38.1248348519919
-0.389999999999999	37.913297001266
-0.369999999999999	37.7125524575885
-0.349999999999999	37.5226358751361
-0.329999999999999	37.3435979272498
-0.309999999999999	37.1755060181397
-0.289999999999999	37.0184450823301
-0.269999999999999	36.8725184804933
-0.249999999999999	36.7378490014805
-0.229999999999999	36.6145799816844
-0.209999999999999	36.5028765543945
-0.189999999999999	36.4029270435522
-0.169999999999999	36.3149445183318
-0.149999999999999	36.2391685273008
-0.129999999999999	36.1758670336125
-0.109999999999999	36.1253385758157
-0.0899999999999994	36.0879146825147
-0.0699999999999994	36.0639625733722
-0.0499999999999994	36.0538881839363
-0.0299999999999994	36.0581395576273
-0.00999999999999938	36.0772106551229
0.0100000000000006	36.1116456395284
0.0300000000000006	36.1620437053846
0.0500000000000006	36.2290645310538
0.0700000000000006	36.313434447742
0.0900000000000006	36.4159534348394
0.110000000000001	36.537503071005
0.130000000000001	36.6790555942553
0.150000000000001	36.8416842531865
0.170000000000001	37.0265751665975
0.190000000000001	37.235040951722
0.210000000000001	37.4685364340014
0.230000000000001	37.728676816379
0.250000000000001	38.0172587667537
0.270000000000001	38.3362849827788
0.290000000000001	38.6879929192226
0.310000000000001	39.0748885220259
0.330000000000001	39.4997860147894
0.350000000000001	39.9658550408606
0.370000000000001	40.4766767951726
0.390000000000001	41.036311208633
0.410000000000001	41.649377807289
0.430000000000001	42.3211536045724
0.450000000000001	43.05769236191
0.470000000000001	43.8659708617694
0.490000000000001	44.754069607913
0.510000000000001	45.7313977888094
0.530000000000001	46.8089756885663
0.550000000000001	47.9997924175526
0.570000000000001	49.3192634849936
0.590000000000001	50.7858223055214
0.610000000000001	52.4216937181277
0.630000000000001	54.2539183866688
0.650000000000001	56.3157284341275
0.670000000000001	58.6484233184718
0.690000000000001	61.3039718652382
0.710000000000001	64.3486910148183
0.730000000000001	67.8685595805063
0.750000000000001	71.9770826228622
0.770000000000001	76.8272589889615
0.790000000000001	82.6303874592744
0.810000000000001	89.686750475665
0.830000000000001	98.4379569873218
0.850000000000001	109.561159590707
0.870000000000001	124.150241356377
0.890000000000001	144.094661034242
0.910000000000001	172.96342522494
0.930000000000001	218.404441448262
0.950000000000001	300.30231861769
0.970000000000001	491.56736946957
0.990000000000001	1448.39264174699
