# Program settings for SigmaNu
# Electroweak scheme and input parameters
# Scheme = Complex mass scheme
# alpha_GF = 0.00755898078237864
# Pole masses/widths for particles [GeV]
# mw = 80.35797361
# gw = 2.084298894
# mz = 91.15348062
# gz = 2.494266379
# s^2_thetaw (derived) = (0.222868505240788,-0.00110716741475141)
# charged leptons
# m_e = 0.0005109989461
# m_m = 0.10565837
# m_t = 1.77686
# quarks
# m_d = 0.05
# m_u = 0.05
# m_s = 0.2
# m_c = 1.51
# m_b = 4.92
# m_t = 173
# Ecms (default) = 2347.33

# channel_id = 28
# process  = nu_e A -> W+ e-
-0.99	1495.3027320689
-0.97	217.877818410353
-0.95	83.2115010553646
-0.93	43.577322331146
-0.91	26.7571301273647
-0.89	18.0882123591428
-0.87	13.0429324221927
-0.85	9.85084099426895
-0.83	7.70416811547322
-0.81	6.19170857794255
-0.79	5.08621793312918
-0.77	4.25381379352627
-0.75	3.61146188729037
-0.73	3.10544650960848
-0.71	2.69977156901922
-0.69	2.36958246599096
-0.67	2.09727025162832
-0.65	1.87007719494908
-0.63	1.67857712084398
-0.61	1.51568346589831
-0.59	1.37598555290513
-0.57	1.25529458921591
-0.55	1.15032693588968
-0.53	1.05847918419006
-0.51	0.977665839917245
-0.49	0.906200463214332
-0.47	0.842707459294788
-0.45	0.786055808945024
-0.429999999999999	0.735308717081988
-0.409999999999999	0.689684955178908
-0.389999999999999	0.648528893898808
-0.369999999999999	0.611287063183528
-0.349999999999999	0.577489664288221
-0.329999999999999	0.54673587352952
-0.309999999999999	0.518682074643238
-0.289999999999999	0.493032371576241
-0.269999999999999	0.469530890606689
-0.249999999999999	0.447955496581068
-0.229999999999999	0.428112634345468
-0.209999999999999	0.409833071244522
-0.189999999999999	0.392968365610543
-0.169999999999999	0.377387923578355
-0.149999999999999	0.36297653530493
-0.129999999999999	0.349632303908536
-0.109999999999999	0.337264897755623
-0.0899999999999994	0.325794070289618
-0.0699999999999994	0.315148402289397
-0.0499999999999994	0.305264229923542
-0.0299999999999994	0.296084728727134
-0.00999999999999938	0.28755912904856
0.0100000000000006	0.279642042884941
0.0300000000000006	0.272292885569604
0.0500000000000006	0.265475378667141
0.0700000000000006	0.259157122806713
0.0900000000000006	0.253309231149108
0.110000000000001	0.247906015822649
0.130000000000001	0.242924721045387
0.150000000000001	0.238345297831956
0.170000000000001	0.234150216208438
0.190000000000001	0.230324311767504
0.210000000000001	0.226854664222505
0.230000000000001	0.223730506395059
0.250000000000001	0.220943162826139
0.270000000000001	0.218486017966754
0.290000000000001	0.216354514714706
0.310000000000001	0.214546184957153
0.330000000000001	0.213060714801472
0.350000000000001	0.211900048387521
0.370000000000001	0.211068535648021
0.390000000000001	0.210573131220552
0.410000000000001	0.210423654048724
0.430000000000001	0.210633120226391
0.450000000000001	0.211218165593733
0.470000000000001	0.212199579849519
0.490000000000001	0.213602981016126
0.510000000000001	0.21545966873092
0.530000000000001	0.217807708134731
0.550000000000001	0.220693314717737
0.570000000000001	0.224172636829622
0.590000000000001	0.22831407045261
0.610000000000001	0.23320129619604
0.630000000000001	0.238937310745218
0.650000000000001	0.245649849566786
0.670000000000001	0.253498790174404
0.690000000000001	0.262686429520732
0.710000000000001	0.273472022183145
0.730000000000001	0.286192787833979
0.750000000000001	0.30129501001078
0.770000000000001	0.319381367951754
0.790000000000001	0.341285322786874
0.810000000000001	0.368192492123728
0.830000000000001	0.40184770859872
0.850000000000001	0.444927733323326
0.870000000000001	0.501758021000838
0.890000000000001	0.579811419799086
0.910000000000001	0.693205147982702
0.930000000000001	0.872192599717249
0.950000000000001	1.19543550032151
0.970000000000001	1.9513647062639
0.990000000000001	5.73587067051317
