# Program settings for SigmaNu
# Electroweak scheme and input parameters
# Scheme = Complex mass scheme
# alpha_GF = 0.00755898078237864
# Pole masses/widths for particles [GeV]
# mw = 80.35797361
# gw = 2.084298894
# mz = 91.15348062
# gz = 2.494266379
# s^2_thetaw (derived) = (0.222868505240788,-0.00110716741475141)
# charged leptons
# m_e = 0.0005109989461
# m_m = 0.10565837
# m_t = 1.77686
# quarks
# m_d = 0.05
# m_u = 0.05
# m_s = 0.2
# m_c = 1.51
# m_b = 4.92
# m_t = 173
# Ecms (default) = 147.837

# channel_id = 28
# process  = nu_e A -> W+ e-
-0.99	120.143452349919
-0.97	114.751077037656
-0.95	109.725898963871
-0.93	105.035899929876
-0.91	100.652485632194
-0.89	96.5500566017857
-0.87	92.7056405960402
-0.85	89.0985765924847
-0.83	85.7102422746497
-0.81	82.5238183065859
-0.79	79.5240838329103
-0.77	76.6972385701508
-0.75	74.030747614914
-0.73	71.5132057182855
-0.71	69.1342182901524
-0.69	66.8842968226216
-0.67	64.7547667749808
-0.65	62.7376862569667
-0.63	60.8257740931147
-0.61	59.0123460572529
-0.59	57.2912582397202
-0.57	55.6568566562646
-0.55	54.1039323314373
-0.53	52.627681194378
-0.51	51.2236682142988
-0.49	49.8877952792479
-0.47	48.6162723869745
-0.45	47.4055917726729
-0.429999999999999	46.2525046464876
-0.409999999999999	45.1540002551377
-0.389999999999999	44.1072870178657
-0.369999999999999	43.1097755179785
-0.349999999999999	42.1590631582527
-0.329999999999999	41.2529203120066
-0.309999999999999	40.3892778222208
-0.289999999999999	39.5662157191443
-0.269999999999999	38.7819530427277
-0.249999999999999	38.0348386702919
-0.229999999999999	37.3233430623545
-0.209999999999999	36.6460508507222
-0.189999999999999	36.0016542030383
-0.169999999999999	35.3889469071247
-0.149999999999999	34.806819126857
-0.129999999999999	34.254252789097
-0.109999999999999	33.7303175685389
-0.0899999999999994	33.2341674443243
-0.0699999999999994	32.7650378090939
-0.0499999999999994	32.322243117894
-0.0299999999999994	31.9051750711959
-0.00999999999999938	31.5133013333558
0.0100000000000006	31.1461647953197
0.0300000000000006	30.803383398444
0.0500000000000006	30.4846505451779
0.0700000000000006	30.1897361323041
0.0900000000000006	29.9184882537582
0.110000000000001	29.6708356331392
0.130000000000001	29.446790861329
0.150000000000001	29.2464545327575
0.170000000000001	29.0700203954874
0.190000000000001	28.917781656378
0.210000000000001	28.7901386142771
0.230000000000001	28.6876078329862
0.250000000000001	28.6108331135613
0.270000000000001	28.5605985848673
0.290000000000001	28.5378443054649
0.310000000000001	28.5436848631945
0.330000000000001	28.5794315769681
0.350000000000001	28.6466190559525
0.370000000000001	28.7470370648722
0.390000000000001	28.8827688946567
0.410000000000001	29.0562377644211
0.430000000000001	29.270263210579
0.450000000000001	29.5281299892295
0.470000000000001	29.8336727818818
0.490000000000001	30.1913810279958
0.510000000000001	30.6065296207548
0.530000000000001	31.0853431564332
0.550000000000001	31.6352041631562
0.570000000000001	32.2649196152472
0.590000000000001	32.9850656232636
0.610000000000001	33.8084383508199
0.630000000000001	34.7506513404354
0.650000000000001	35.8309378005675
0.670000000000001	37.0732447958005
0.690000000000001	38.5077511562983
0.710000000000001	40.1730136496054
0.730000000000001	42.1190671694437
0.750000000000001	44.4120131799565
0.770000000000001	47.1410022988401
0.790000000000001	50.4292071005521
0.810000000000001	54.4517252900273
0.830000000000001	59.4661205986311
0.850000000000001	65.8673965968637
0.870000000000001	74.2937157818114
0.890000000000001	85.8474488191476
0.910000000000001	102.610956384818
0.930000000000001	129.04656878466
0.950000000000001	176.756517102054
0.970000000000001	288.282589621008
0.990000000000001	846.501666892962
