# Program settings for SigmaNu
# Electroweak scheme and input parameters
# Scheme = Complex mass scheme
# alpha_GF = 0.00755898078237864
# Pole masses/widths for particles [GeV]
# mw = 80.35797361
# gw = 2.084298894
# mz = 91.15348062
# gz = 2.494266379
# s^2_thetaw (derived) = (0.222868505240788,-0.00110716741475141)
# charged leptons
# m_e = 0.0005109989461
# m_m = 0.10565837
# m_t = 1.77686
# quarks
# m_d = 0.05
# m_u = 0.05
# m_s = 0.2
# m_c = 1.51
# m_b = 4.92
# m_t = 173
# Ecms (default) = 576.626

# channel_id = 28
# process  = nu_e A -> W+ e-
-0.99	1563.58482943268
-0.97	794.266574406921
-0.95	479.389308865453
-0.93	320.506977865777
-0.91	229.321136507631
-0.89	172.19935590667
-0.87	134.069977653321
-0.85	107.360683706165
-0.83	87.9286287077155
-0.81	73.3523723230694
-0.79	62.1398048536698
-0.77	53.3308258793617
-0.75	46.2849531175216
-0.73	40.5616531648848
-0.71	35.8498607895988
-0.69	31.9248672913776
-0.67	28.6210727808109
-0.65	25.8142655010401
-0.63	23.4098030593293
-0.61	21.3345515398254
-0.59	19.5312765076911
-0.57	17.9546691925942
-0.55	16.5684849126687
-0.53	15.3434516878196
-0.51	14.2557209377338
-0.49	13.2857054401525
-0.47	12.4171977518494
-0.45	11.6366943214266
-0.429999999999999	10.9328722234716
-0.409999999999999	10.296180365497
-0.389999999999999	9.71851742084583
-0.369999999999999	9.19297608413427
-0.349999999999999	8.71363849166917
-0.329999999999999	8.27541143831419
-0.309999999999999	7.87389278746783
-0.289999999999999	7.50526250846739
-0.269999999999999	7.16619329100073
-0.249999999999999	6.85377682262604
-0.229999999999999	6.56546267487004
-0.209999999999999	6.29900739817849
-0.189999999999999	6.05243192855965
-0.169999999999999	5.82398579715292
-0.149999999999999	5.61211693608552
-0.129999999999999	5.41544611048517
-0.109999999999999	5.23274519276347
-0.0899999999999994	5.06291864280272
-0.0699999999999994	4.90498767517506
-0.0499999999999994	4.75807668861787
-0.0299999999999994	4.6214016087504
-0.00999999999999938	4.49425985634283
0.0100000000000006	4.37602170336583
0.0300000000000006	4.26612281991048
0.0500000000000006	4.16405784872705
0.0700000000000006	4.06937487204888
0.0900000000000006	3.98167065870986
0.110000000000001	3.90058659927029
0.130000000000001	3.82580525370136
0.150000000000001	3.75704745077734
0.170000000000001	3.69406989122488
0.190000000000001	3.63666321834959
0.210000000000001	3.58465053072735
0.230000000000001	3.53788632201653
0.250000000000001	3.49625584342438
0.270000000000001	3.45967489527973
0.290000000000001	3.42809006601334
0.310000000000001	3.40147945020243
0.330000000000001	3.37985389291089
0.350000000000001	3.36325882625449
0.370000000000001	3.35177678712613
0.390000000000001	3.34553073390541
0.410000000000001	3.34468831688537
0.430000000000001	3.34946730501528
0.450000000000001	3.36014243447167
0.470000000000001	3.37705402830323
0.490000000000001	3.40061884919413
0.510000000000001	3.43134380119127
0.530000000000001	3.46984330855431
0.550000000000001	3.51686149677523
0.570000000000001	3.57330072166397
0.590000000000001	3.64025859772243
0.610000000000001	3.71907656147379
0.630000000000001	3.81140431989007
0.650000000000001	3.91928652433226
0.670000000000001	4.04528108608808
0.690000000000001	4.19262341094769
0.710000000000001	4.36545870882844
0.730000000000001	4.56917766524607
0.750000000000001	4.81091334622403
0.770000000000001	5.10029746793329
0.790000000000001	5.45064893022692
0.810000000000001	5.8809131136839
0.830000000000001	6.41897020527243
0.850000000000001	7.10759030169361
0.870000000000001	8.01588565489955
0.890000000000001	9.2632564102742
0.910000000000001	11.0752641457853
0.930000000000001	13.9352887981636
0.950000000000001	19.1001624395655
0.970000000000001	31.1783385095891
0.990000000000001	91.6460927893614
