# Program settings for SigmaNu
# Electroweak scheme and input parameters
# Scheme = Complex mass scheme
# alpha_GF = 0.00755898078237864
# Pole masses/widths for particles [GeV]
# mw = 80.35797361
# gw = 2.084298894
# mz = 91.15348062
# gz = 2.494266379
# s^2_thetaw (derived) = (0.222868505240788,-0.00110716741475141)
# charged leptons
# m_e = 0.0005109989461
# m_m = 0.10565837
# m_t = 1.77686
# quarks
# m_d = 0.05
# m_u = 0.05
# m_s = 0.2
# m_c = 1.51
# m_b = 4.92
# m_t = 173
# Ecms (default) = 14446.2

# channel_id = 28
# process  = nu_e A -> W+ e-
-0.99	59.3763844973217
-0.97	6.65249019980609
-0.95	2.39934031922621
-0.93	1.22540318895214
-0.91	0.741899720966841
-0.89	0.497035857084764
-0.87	0.356161599702129
-0.85	0.267759410611883
-0.83	0.208672068078393
-0.81	0.167238805174967
-0.79	0.137068987933019
-0.77	0.114422261093969
-0.75	0.0969912142087972
-0.73	0.0832897559961621
-0.71	0.0723257311632452
-0.69	0.063416254712446
-0.67	0.0560788474029826
-0.65	0.049964790780523
-0.63	0.0448169754974082
-0.61	0.0404424703878943
-0.59	0.0366942171360699
-0.57	0.0334585389556539
-0.55	0.0306464447919127
-0.53	0.0281874660287041
-0.51	0.0260252165665686
-0.49	0.0241141467680519
-0.47	0.0224171380033567
-0.45	0.020903697922231
-0.429999999999999	0.0195485909259029
-0.409999999999999	0.0183307879113576
-0.389999999999999	0.0172326529791215
-0.369999999999999	0.0162393079209996
-0.349999999999999	0.0153381314294921
-0.329999999999999	0.014518361358089
-0.309999999999999	0.0137707764986643
-0.289999999999999	0.0130874402211188
-0.269999999999999	0.0124614926117685
-0.249999999999999	0.0118869809100256
-0.229999999999999	0.0113587203956139
-0.209999999999999	0.0108721796435477
-0.189999999999999	0.0104233853989813
-0.169999999999999	0.010008843341358
-0.149999999999999	0.00962547178826584
-0.129999999999999	0.0092705459931102
-0.109999999999999	0.00894165116036895
-0.0899999999999994	0.00863664267005672
-0.0699999999999994	0.00835361229267891
-0.0499999999999994	0.00809085940556284
-0.0299999999999994	0.00784686640435986
-0.00999999999999938	0.00762027765010395
0.0100000000000006	0.00740988141038251
0.0300000000000006	0.00721459434887201
0.0500000000000006	0.00703344819562007
0.0700000000000006	0.00686557829447217
0.0900000000000006	0.00671021377708531
0.110000000000001	0.00656666915708557
0.130000000000001	0.00643433717514895
0.150000000000001	0.00631268275762242
0.170000000000001	0.00620123797870504
0.190000000000001	0.00609959794074237
0.210000000000001	0.00600741750924323
0.230000000000001	0.00592440886004362
0.250000000000001	0.0058503398161509
0.270000000000001	0.00578503297232729
0.290000000000001	0.00572836562697293
0.310000000000001	0.00568027056462161
0.330000000000001	0.00564073775956089
0.350000000000001	0.00560981710315499
0.370000000000001	0.00558762229649684
0.390000000000001	0.0055743360987723
0.410000000000001	0.00557021718336991
0.430000000000001	0.0055756089337687
0.450000000000001	0.00559095061585882
0.470000000000001	0.00561679150247397
0.490000000000001	0.00565380871304306
0.510000000000001	0.00570282978640707
0.530000000000001	0.00576486135658794
0.550000000000001	0.00584112579343184
0.570000000000001	0.00593310836707549
0.590000000000001	0.00604261849801785
0.610000000000001	0.00617187011953822
0.630000000000001	0.00632358835636647
0.650000000000001	0.00650115301998336
0.670000000000001	0.00670879451496892
0.690000000000001	0.0069518658024594
0.710000000000001	0.0072372271155072
0.730000000000001	0.00757380186850157
0.750000000000001	0.00797339960872199
0.770000000000001	0.00845196853673879
0.790000000000001	0.00903156395498074
0.810000000000001	0.00974356015035918
0.830000000000001	0.0106341296955828
0.850000000000001	0.0117741064058079
0.870000000000001	0.0132779527888399
0.890000000000001	0.0153434195035768
0.910000000000001	0.0183440843691458
0.930000000000001	0.0230805299971694
0.950000000000001	0.031634348154453
0.970000000000001	0.0516381622074472
0.990000000000001	0.15178592064005
