# Program settings for SigmaNu
# Electroweak scheme and input parameters
# Scheme = Complex mass scheme
# alpha_GF = 0.00755898078237864
# Pole masses/widths for particles [GeV]
# mw = 80.35797361
# gw = 2.084298894
# mz = 91.15348062
# gz = 2.494266379
# s^2_thetaw (derived) = (0.222868505240788,-0.00110716741475141)
# charged leptons
# m_e = 0.0005109989461
# m_m = 0.10565837
# m_t = 1.77686
# quarks
# m_d = 0.05
# m_u = 0.05
# m_s = 0.2
# m_c = 1.51
# m_b = 4.92
# m_t = 173
# Ecms (default) = 193.814

# channel_id = 28
# process  = nu_e A -> W+ e-
-0.99	227.083882751997
-0.97	207.192640575984
-0.95	189.826003018066
-0.93	174.575708592022
-0.91	161.112775427333
-0.89	149.169727303921
-0.87	138.527299868758
-0.85	129.004381553151
-0.83	120.45032008475
-0.81	112.738979611022
-0.79	105.764107622414
-0.77	99.435691905813
-0.75	93.6770729696529
-0.73	88.4226380921054
-0.71	83.6159668849595
-0.69	79.2083301128392
-0.67	75.1574669234603
-0.65	71.4265830212697
-0.63	67.9835253242223
-0.61	64.8000984603408
-0.59	61.8514959272217
-0.57	59.1158244582645
-0.55	56.5737045528853
-0.53	54.2079335554994
-0.51	52.0032003465962
-0.49	49.9458428149675
-0.47	48.0236409449896
-0.45	46.2256396762832
-0.429999999999999	44.5419967505456
-0.409999999999999	42.9638516095093
-0.389999999999999	41.4832120931162
-0.369999999999999	40.0928562423047
-0.349999999999999	38.7862469628655
-0.329999999999999	37.5574576763919
-0.309999999999999	36.4011073877066
-0.289999999999999	35.3123038481434
-0.269999999999999	34.286593700882
-0.249999999999999	33.319918666268
-0.229999999999999	32.408576968191
-0.209999999999999	31.5491893223377
-0.189999999999999	30.7386689076746
-0.169999999999999	29.9741948272637
-0.149999999999999	29.2531886362143
-0.129999999999999	28.5732935755097
-0.109999999999999	27.9323562024563
-0.0899999999999994	27.3284101531305
-0.0699999999999994	26.7596618107148
-0.0499999999999994	26.2244776870807
-0.0299999999999994	25.721373354311
-0.00999999999999938	25.2490037888102
0.0100000000000006	24.8061550139126
0.0300000000000006	24.3917369480547
0.0500000000000006	24.0047773851732
0.0700000000000006	23.6444170525194
0.0900000000000006	23.3099057090548
0.110000000000001	23.0005992654835
0.130000000000001	22.7159579253324
0.150000000000001	22.4555453658644
0.170000000000001	22.2190289986681
0.190000000000001	22.0061813732739
0.210000000000001	21.8168828140333
0.230000000000001	21.6511254119142
0.250000000000001	21.5090185302501
0.270000000000001	21.3907960286976
0.290000000000001	21.2968254650707
0.310000000000001	21.2276196034801
0.330000000000001	21.1838506434164
0.350000000000001	21.1663676935966
0.370000000000001	21.1762181539377
0.390000000000001	21.214673848996
0.410000000000001	21.283262990418
0.430000000000001	21.3838093534867
0.450000000000001	21.5184804604783
0.470000000000001	21.6898471090904
0.490000000000001	21.9009573218187
0.510000000000001	22.1554288003004
0.530000000000001	22.4575653624685
0.550000000000001	22.8125047913465
0.570000000000001	23.2264082916351
0.590000000000001	23.7067057321626
0.610000000000001	24.2624166716926
0.630000000000001	24.9045758157853
0.650000000000001	25.6468046510207
0.670000000000001	26.5060912459338
0.690000000000001	27.5038722048438
0.710000000000001	28.6675626174508
0.730000000000001	30.0327662746662
0.750000000000001	31.6465470763894
0.770000000000001	33.5724075508533
0.790000000000001	35.8981125365075
0.810000000000001	38.748454438229
0.830000000000001	42.3070295652572
0.850000000000001	46.8554358683577
0.870000000000001	52.8486535560655
0.890000000000001	61.0726594976107
0.910000000000001	73.012194603118
0.930000000000001	91.8489900962866
0.950000000000001	125.855737527304
0.970000000000001	205.36593989777
0.990000000000001	603.381979017223
