# Program settings for SigmaNu
# Electroweak scheme and input parameters
# Scheme = Complex mass scheme
# alpha_GF = 0.00755898078237864
# Pole masses/widths for particles [GeV]
# mw = 80.35797361
# gw = 2.084298894
# mz = 91.15348062
# gz = 2.494266379
# s^2_thetaw (derived) = (0.222868505240788,-0.00110716741475141)
# charged leptons
# m_e = 0.0005109989461
# m_m = 0.10565837
# m_t = 1.77686
# quarks
# m_d = 0.05
# m_u = 0.05
# m_s = 0.2
# m_c = 1.51
# m_b = 4.92
# m_t = 173
# Ecms (default) = 2201.51

# channel_id = 28
# process  = nu_e A -> W+ e-
-0.99	1614.99638476067
-0.97	242.882892429898
-0.95	93.4631245530706
-0.93	49.1116876462656
-0.91	30.2131993288985
-0.89	20.4498238290014
-0.87	14.7585557572491
-0.85	11.1536836602108
-0.83	8.7273632421814
-0.81	7.01674936374613
-0.79	5.76576453666281
-0.77	4.82340124664406
-0.75	4.09593456217895
-0.73	3.52269551730186
-0.71	3.06300736222851
-0.69	2.68877112114282
-0.67	2.38007162916621
-0.65	2.12247545564143
-0.63	1.90531516637475
-0.61	1.72056891960139
-0.59	1.56211050525193
-0.57	1.42519618525526
-0.55	1.30610658412171
-0.53	1.20189231194627
-0.51	1.11019034855052
-0.49	1.02908955549537
-0.47	0.957030848536094
-0.45	0.892732185458604
-0.429999999999999	0.835131562067959
-0.409999999999999	0.783343240033488
-0.389999999999999	0.736623809635971
-0.369999999999999	0.694345641003085
-0.349999999999999	0.655975941361584
-0.329999999999999	0.621060105443838
-0.309999999999999	0.589208382248388
-0.289999999999999	0.560085124487441
-0.269999999999999	0.533400064764031
-0.249999999999999	0.508901193664643
-0.229999999999999	0.48636891260958
-0.209999999999999	0.465611207644921
-0.189999999999999	0.446459645884999
-0.169999999999999	0.428766038671707
-0.149999999999999	0.412399648063208
-0.129999999999999	0.397244838444296
-0.109999999999999	0.383199094658789
-0.0899999999999994	0.370171343429569
-0.0699999999999994	0.358080526944925
-0.0499999999999994	0.346854387094564
-0.0299999999999994	0.336428426498038
-0.00999999999999938	0.326745018610166
0.0100000000000006	0.317752644141211
0.0300000000000006	0.309405235046479
0.0500000000000006	0.30166161061789
0.0700000000000006	0.294484992901872
0.0900000000000006	0.287842590895295
0.110000000000001	0.281705244829719
0.130000000000001	0.276047123421524
0.150000000000001	0.270845468304556
0.170000000000001	0.266080381024312
0.190000000000001	0.26173464900355
0.210000000000001	0.257793607826924
0.230000000000001	0.254245038072428
0.250000000000001	0.251079095775119
0.270000000000001	0.248288276478079
0.290000000000001	0.245867413746023
0.310000000000001	0.243813714031272
0.330000000000001	0.242126830943864
0.350000000000001	0.240808983352769
0.370000000000001	0.239865123419707
0.390000000000001	0.239303162754155
0.410000000000001	0.239134267530531
0.430000000000001	0.239373236836382
0.450000000000001	0.240038983014938
0.470000000000001	0.241155138738082
0.490000000000001	0.242750823583309
0.510000000000001	0.244861613840439
0.530000000000001	0.247530774386017
0.550000000000001	0.250810832590076
0.570000000000001	0.254765604162746
0.590000000000001	0.259472823911759
0.610000000000001	0.265027597298415
0.630000000000001	0.271546982183565
0.650000000000001	0.279176151727785
0.670000000000001	0.288096808187075
0.690000000000001	0.298538863137799
0.710000000000001	0.310796960072206
0.730000000000001	0.325254349304195
0.750000000000001	0.34241823158914
0.770000000000001	0.362973550545442
0.790000000000001	0.387867532224091
0.810000000000001	0.418447626768796
0.830000000000001	0.45669682950234
0.850000000000001	0.505657268027976
0.870000000000001	0.570244802449336
0.890000000000001	0.658952290793773
0.910000000000001	0.78782388665458
0.930000000000001	0.991242432233045
0.950000000000001	1.35860661230447
0.970000000000001	2.21771675100434
0.990000000000001	6.5187902443121
