# Program settings for SigmaNu
# Electroweak scheme and input parameters
# Scheme = Complex mass scheme
# alpha_GF = 0.00755898078237864
# Pole masses/widths for particles [GeV]
# mw = 80.35797361
# gw = 2.084298894
# mz = 91.15348062
# gz = 2.494266379
# s^2_thetaw (derived) = (0.222868505240788,-0.00110716741475141)
# charged leptons
# m_e = 0.0005109989461
# m_m = 0.10565837
# m_t = 1.77686
# quarks
# m_d = 0.05
# m_u = 0.05
# m_s = 0.2
# m_c = 1.51
# m_b = 4.92
# m_t = 173
# Ecms (default) = 929.496

# channel_id = 28
# process  = nu_e A -> W+ e-
-0.99	2329.42227186214
-0.97	720.586044684849
-0.95	345.727956741399
-0.93	202.325303624628
-0.91	132.681785234983
-0.89	93.6878284743112
-0.87	69.68015631242
-0.85	53.8588917544188
-0.83	42.8851042594036
-0.81	34.9635662586066
-0.79	29.0592450820682
-0.77	24.5413519359982
-0.75	21.007686320707
-0.73	18.1919848038084
-0.71	15.9122961679888
-0.69	14.0408618702779
-0.67	12.4858411423085
-0.65	11.1798416860352
-0.63	10.0725063870771
-0.61	9.12559589762462
-0.59	8.30965098207113
-0.57	7.60168015398389
-0.55	6.9835278372487
-0.53	6.44070343005968
-0.51	5.96152828552408
-0.49	5.53650565765507
-0.47	5.15784941367068
-0.45	4.81912738473623
-0.429999999999999	4.51498856093672
-0.409999999999999	4.24095233919046
-0.389999999999999	3.99324420348198
-0.369999999999999	3.76866650534517
-0.349999999999999	3.56449603170181
-0.329999999999999	3.37840219834731
-0.309999999999999	3.20838125738221
-0.289999999999999	3.05270303549039
-0.269999999999999	2.90986754984896
-0.249999999999999	2.77856946434803
-0.229999999999999	2.65766880987221
-0.209999999999999	2.5461667404131
-0.189999999999999	2.44318536151008
-0.169999999999999	2.34795087037502
-0.149999999999999	2.25977940359369
-0.129999999999999	2.17806510989474
-0.109999999999999	2.10227006053625
-0.0899999999999994	2.03191568462496
-0.0699999999999994	1.96657547583276
-0.0499999999999994	1.9058687640369
-0.0299999999999994	1.84945538306259
-0.00999999999999938	1.7970310959988
0.0100000000000006	1.74832366406201
0.0300000000000006	1.70308946492025
0.0500000000000006	1.6611105827093
0.0700000000000006	1.62219230542022
0.0900000000000006	1.58616097650278
0.110000000000001	1.55286215688211
0.130000000000001	1.52215906150688
0.150000000000001	1.49393124134724
0.170000000000001	1.46807348769864
0.190000000000001	1.44449494094783
0.210000000000001	1.42311839081557
0.230000000000001	1.40387975969133
0.250000000000001	1.38672776519774
0.270000000000001	1.37162376275229
0.290000000000001	1.35854177383512
0.310000000000001	1.34746871116333
0.330000000000001	1.33840481829998
0.350000000000001	1.33136434875579
0.370000000000001	1.32637651884338
0.390000000000001	1.32348678004372
0.410000000000001	1.32275847128817
0.430000000000001	1.32427493050721
0.450000000000001	1.32814216966361
0.470000000000001	1.33449225055055
0.490000000000001	1.34348754314544
0.510000000000001	1.3553261089748
0.530000000000001	1.37024853566614
0.550000000000001	1.38854666591464
0.570000000000001	1.41057482999869
0.590000000000001	1.43676442959418
0.610000000000001	1.46764306926478
0.630000000000001	1.50385995012939
0.650000000000001	1.54622002469692
0.670000000000001	1.59573062415989
0.690000000000001	1.65366618557337
0.710000000000001	1.72165981172682
0.730000000000001	1.80183557207869
0.750000000000001	1.89700435502135
0.770000000000001	2.01096195027732
0.790000000000001	2.14895751029883
0.810000000000001	2.31845792856568
0.830000000000001	2.5304518264869
0.850000000000001	2.80179677893396
0.870000000000001	3.15973326129328
0.890000000000001	3.65132295840269
0.910000000000001	4.36547154809395
0.930000000000001	5.49270490183615
0.950000000000001	7.52840826182494
0.970000000000001	12.2890222716593
0.990000000000001	36.122591774887
