# Program settings for SigmaNu
# Electroweak scheme and input parameters
# Scheme = Complex mass scheme
# alpha_GF = 0.00755898078237864
# Pole masses/widths for particles [GeV]
# mw = 80.35797361
# gw = 2.084298894
# mz = 91.15348062
# gz = 2.494266379
# s^2_thetaw (derived) = (0.222868505240788,-0.00110716741475141)
# charged leptons
# m_e = 0.0005109989461
# m_m = 0.10565837
# m_t = 1.77686
# quarks
# m_d = 0.05
# m_u = 0.05
# m_s = 0.2
# m_c = 1.51
# m_b = 4.92
# m_t = 173
# Ecms (default) = 4180.76

# channel_id = 28
# process  = nu_e A -> W+ e-
-0.99	622.552293682815
-0.97	75.9935187791716
-0.95	27.8973873233818
-0.93	14.3570964642936
-0.91	8.72934120934364
-0.89	5.86411916638509
-0.87	4.20997314061549
-0.85	3.16939789689526
-0.83	2.47260812180814
-0.81	1.9833095908313
-0.79	1.62662029013683
-0.77	1.35862630766401
-0.75	1.15219401305406
-0.73	0.989824827869314
-0.71	0.859823211579645
-0.69	0.754131654621153
-0.67	0.667052604855495
-0.65	0.59446512858567
-0.63	0.533328954312697
-0.61	0.481361429541861
-0.59	0.43682177393028
-0.57	0.398363751614112
-0.55	0.364933043927031
-0.53	0.335694468651441
-0.51	0.309979522697974
-0.49	0.287248011953495
-0.47	0.267059605088548
-0.45	0.249052482827092
-0.429999999999999	0.232927129843148
-0.409999999999999	0.218433900941145
-0.389999999999999	0.205363389563147
-0.369999999999999	0.193538899456749
-0.349999999999999	0.18281051063921
-0.329999999999999	0.173050365237338
-0.309999999999999	0.164148894888456
-0.289999999999999	0.156011780847306
-0.269999999999999	0.148557488664139
-0.249999999999999	0.14171525669542
-0.229999999999999	0.13542344553224
-0.209999999999999	0.129628176310971
-0.189999999999999	0.124282201665968
-0.169999999999999	0.11934396512517
-0.149999999999999	0.114776813994954
-0.129999999999999	0.110548337929134
-0.109999999999999	0.106629810940126
-0.0899999999999994	0.102995718967202
-0.0699999999999994	0.0996233585496317
-0.0499999999999994	0.0964924948728971
-0.0299999999999994	0.093585069624542
-0.00999999999999938	0.0908849508340865
0.0100000000000006	0.0883777182722387
0.0300000000000006	0.0860504791200915
0.0500000000000006	0.0838917095451513
0.0700000000000006	0.0818911185811037
0.0900000000000006	0.0800395313369282
0.110000000000001	0.0783287890851309
0.130000000000001	0.0767516642207225
0.150000000000001	0.07530178845972
0.170000000000001	0.0739735929730434
0.190000000000001	0.0727622594415261
0.210000000000001	0.0716636812810616
0.230000000000001	0.0706744345337235
0.250000000000001	0.0697917581608894
0.270000000000001	0.0690135437175146
0.290000000000001	0.0683383346437476
0.310000000000001	0.0677653356929184
0.330000000000001	0.0672944333386953
0.350000000000001	0.0669262283870296
0.370000000000001	0.0666620824843494
0.390000000000001	0.0665041807938409
0.410000000000001	0.0664556138489835
0.430000000000001	0.0665204825462577
0.450000000000001	0.0667040314878806
0.470000000000001	0.0670128175451423
0.490000000000001	0.0674549227460222
0.510000000000001	0.0680402236338677
0.530000000000001	0.0687807334424548
0.550000000000001	0.0696910393025091
0.570000000000001	0.0707888650135272
0.590000000000001	0.0720958018789977
0.610000000000001	0.0736382675827599
0.630000000000001	0.0754487790618279
0.650000000000001	0.077567664663142
0.670000000000001	0.0800454016528896
0.690000000000001	0.0829458612160986
0.710000000000001	0.0863508987778305
0.730000000000001	0.0903669869630974
0.750000000000001	0.0951350348243741
0.770000000000001	0.100845332560897
0.790000000000001	0.107761038485341
0.810000000000001	0.116256502287558
0.830000000000001	0.126882642482906
0.850000000000001	0.140484628372794
0.870000000000001	0.158428194198396
0.890000000000001	0.183072844370309
0.910000000000001	0.218876002257192
0.930000000000001	0.275389989300593
0.950000000000001	0.377451758923135
0.970000000000001	0.61613157359171
0.990000000000001	1.81106582736427
