# Program settings for SigmaNu
# Electroweak scheme and input parameters
# Scheme = Complex mass scheme
# alpha_GF = 0.00755898078237864
# Pole masses/widths for particles [GeV]
# mw = 80.35797361
# gw = 2.084298894
# mz = 91.15348062
# gz = 2.494266379
# s^2_thetaw (derived) = (0.222868505240788,-0.00110716741475141)
# charged leptons
# m_e = 0.0005109989461
# m_m = 0.10565837
# m_t = 1.77686
# quarks
# m_d = 0.05
# m_u = 0.05
# m_s = 0.2
# m_c = 1.51
# m_b = 4.92
# m_t = 173
# Ecms (default) = 25006.7

# channel_id = 28
# process  = nu_e A -> W+ e-
-0.99	19.9786458175671
-0.97	2.2261886218275
-0.95	0.802034567256535
-0.93	0.409426431559321
-0.91	0.247815520583112
-0.89	0.16599642209242
-0.87	0.118934554385026
-0.85	0.0894064797114929
-0.83	0.069672357285222
-0.81	0.0558355866531922
-0.79	0.0457609781525049
-0.77	0.0381989834378215
-0.75	0.0323788362830341
-0.73	0.0278041635923554
-0.71	0.0241435955958916
-0.69	0.021169068882795
-0.67	0.0187194577144477
-0.65	0.01667831135424
-0.63	0.0149597742335809
-0.61	0.013499423763923
-0.59	0.0122481564807418
-0.57	0.0111680162089609
-0.55	0.0102292899649781
-0.53	0.0094084497008002
-0.51	0.00868666962198576
-0.49	0.00804874222100168
-0.47	0.00748227503662032
-0.45	0.00697708802534369
-0.429999999999999	0.00652475626361822
-0.409999999999999	0.00611825926527023
-0.389999999999999	0.00575170942678569
-0.369999999999999	0.00542013983634157
-0.349999999999999	0.00511933706781834
-0.329999999999999	0.00484570838392812
-0.309999999999999	0.00459617548997655
-0.289999999999999	0.00436808894298648
-0.269999999999999	0.00415915875397303
-0.249999999999999	0.00396739777735876
-0.229999999999999	0.00379107526717188
-0.209999999999999	0.00362867856900527
-0.189999999999999	0.00347888136246877
-0.169999999999999	0.00334051720854517
-0.149999999999999	0.00321255741700811
-0.129999999999999	0.00309409245071108
-0.109999999999999	0.00298431624027136
-0.0899999999999994	0.00288251290556675
-0.0699999999999994	0.00278804547716131
-0.0499999999999994	0.00270034628741289
-0.0299999999999994	0.00261890876212018
-0.00999999999999938	0.00254328039247069
0.0100000000000006	0.00247305670654424
0.0300000000000006	0.00240787609154534
0.0500000000000006	0.00234741534403567
0.0700000000000006	0.00229138584682037
0.0900000000000006	0.00223953028881522
0.110000000000001	0.00219161985900783
0.130000000000001	0.0021474518579807
0.150000000000001	0.00210684768116812
0.170000000000001	0.00206965113709646
0.190000000000001	0.00203572707210803
0.210000000000001	0.00200496028037688
0.230000000000001	0.00197725468503235
0.250000000000001	0.00195253278284993
0.270000000000001	0.0019307353518837
0.290000000000001	0.00191182142855881
0.310000000000001	0.00189576856866653
0.330000000000001	0.0018825734157977
0.350000000000001	0.00187225261144916
0.370000000000001	0.00186484409406049
0.390000000000001	0.00186040885053282
0.410000000000001	0.00185903320432519
0.430000000000001	0.00186083175094843
0.450000000000001	0.00186595108657514
0.470000000000001	0.00187457452197514
0.490000000000001	0.00188692803629478
0.510000000000001	0.00190328781055733
0.530000000000001	0.00192398979795774
0.550000000000001	0.00194944195238735
0.570000000000001	0.00198013996922732
0.590000000000001	0.0020166877271111
0.610000000000001	0.00205982410829184
0.630000000000001	0.00211045860192574
0.650000000000001	0.0021697191945952
0.670000000000001	0.0022390177527153
0.690000000000001	0.00232014078846227
0.710000000000001	0.00241537785588486
0.730000000000001	0.00252770708183434
0.750000000000001	0.00266106982043929
0.770000000000001	0.00282078867322264
0.790000000000001	0.00301422444532942
0.810000000000001	0.00325184808944172
0.830000000000001	0.00354906938509045
0.850000000000001	0.00392952863313542
0.870000000000001	0.00443142691260128
0.890000000000001	0.00512076215409578
0.910000000000001	0.00612221340184168
0.930000000000001	0.00770296963262278
0.950000000000001	0.0105577478779331
0.970000000000001	0.0172338840447065
0.990000000000001	0.0506575141693598
