# Program settings for SigmaNu
# Electroweak scheme and input parameters
# Scheme = Complex mass scheme
# alpha_GF = 0.00755898078237864
# Pole masses/widths for particles [GeV]
# mw = 80.35797361
# gw = 2.084298894
# mz = 91.15348062
# gz = 2.494266379
# s^2_thetaw (derived) = (0.222868505240788,-0.00110716741475141)
# charged leptons
# m_e = 0.0005109989461
# m_m = 0.10565837
# m_t = 1.77686
# quarks
# m_d = 0.05
# m_u = 0.05
# m_s = 0.2
# m_c = 1.51
# m_b = 4.92
# m_t = 173
# Ecms (default) = 2432.48

# channel_id = 28
# process  = nu_e A -> W+ e-
-0.99	1429.50885550843
-0.97	204.916863927257
-0.95	77.9620886707549
-0.93	40.7584300345349
-0.91	25.0020398689202
-0.89	16.8912027584343
-0.87	12.1745003674551
-0.85	9.19199658767133
-0.83	7.18712682031835
-0.81	5.77504464067749
-0.79	4.74319587939254
-0.77	3.9664106705824
-0.75	3.36708731777474
-0.73	2.8950400757015
-0.71	2.51664715121233
-0.69	2.20869853954274
-0.67	1.95475362939221
-0.65	1.74290316385377
-0.63	1.56434917966113
-0.61	1.41247827386517
-0.59	1.28224162876848
-0.57	1.16973100772114
-0.55	1.07188299639812
-0.53	0.986269001075634
-0.51	0.910943719977177
-0.49	0.844334194679641
-0.47	0.785157480742355
-0.45	0.732358801501891
-0.429999999999999	0.68506456154678
-0.409999999999999	0.642546275492287
-0.389999999999999	0.604192607650165
-0.369999999999999	0.569487503509569
-0.349999999999999	0.537992942311306
-0.329999999999999	0.509335227745869
-0.309999999999999	0.483194011210614
-0.289999999999999	0.459293442706577
-0.269999999999999	0.437394991074788
-0.249999999999999	0.417291583447279
-0.229999999999999	0.398802794324275
-0.209999999999999	0.381770875161176
-0.189999999999999	0.366057461122021
-0.169999999999999	0.351540826568222
-0.149999999999999	0.338113587672147
-0.129999999999999	0.325680771291962
-0.109999999999999	0.314158185397863
-0.0899999999999994	0.303471038996211
-0.0699999999999994	0.293552769474275
-0.0499999999999994	0.284344043197605
-0.0299999999999994	0.275791901498473
-0.00999999999999938	0.267849029250314
0.0100000000000006	0.260473127300291
0.0300000000000006	0.253626373338334
0.0500000000000006	0.247274958478511
0.0700000000000006	0.241388689043632
0.0900000000000006	0.235940644876429
0.110000000000001	0.230906887029649
0.130000000000001	0.22626620897641
0.150000000000001	0.2219999265833
0.170000000000001	0.218091703044426
0.190000000000001	0.214527405821918
0.210000000000001	0.211294993408752
0.230000000000001	0.208384430453089
0.250000000000001	0.205787630487168
0.270000000000001	0.203498426217897
0.290000000000001	0.201512568091269
0.310000000000001	0.199827752674885
0.330000000000001	0.198443683355844
0.350000000000001	0.197362166978688
0.370000000000001	0.196587251421024
0.390000000000001	0.19612541081499
0.410000000000001	0.195985787296962
0.430000000000001	0.196180500977094
0.450000000000001	0.196725043503979
0.470000000000001	0.197638775494475
0.490000000000001	0.198945554685762
0.510000000000001	0.200674530642203
0.530000000000001	0.202861154234235
0.550000000000001	0.205548467420107
0.570000000000001	0.208788763399625
0.590000000000001	0.21264574250015
0.610000000000001	0.217197340715438
0.630000000000001	0.222539484445123
0.650000000000001	0.228791141002381
0.670000000000001	0.23610121374633
0.690000000000001	0.244658114074891
0.710000000000001	0.254703301771157
0.730000000000001	0.266550850613379
0.750000000000001	0.280616412665897
0.770000000000001	0.297461301474015
0.790000000000001	0.31786177273051
0.810000000000001	0.342922068273465
0.830000000000001	0.374267263103076
0.850000000000001	0.414390397516196
0.870000000000001	0.467320046813381
0.890000000000001	0.54001615741615
0.910000000000001	0.645627007368762
0.930000000000001	0.812329538963599
0.950000000000001	1.11338650412458
0.970000000000001	1.81743221344063
0.990000000000001	5.34218733452807
