# Program settings for SigmaNu
# Electroweak scheme and input parameters
# Scheme = Complex mass scheme
# alpha_GF = 0.00755898078237864
# Pole masses/widths for particles [GeV]
# mw = 80.35797361
# gw = 2.084298894
# mz = 91.15348062
# gz = 2.494266379
# s^2_thetaw (derived) = (0.222868505240788,-0.00110716741475141)
# charged leptons
# m_e = 0.0005109989461
# m_m = 0.10565837
# m_t = 1.77686
# quarks
# m_d = 0.05
# m_u = 0.05
# m_s = 0.2
# m_c = 1.51
# m_b = 4.92
# m_t = 173
# Ecms (default) = 124.597

# channel_id = 28
# process  = nu_e A -> W+ e-
-0.99	77.2579015569927
-0.97	75.2504051644494
-0.95	73.3285279828331
-0.93	71.4877756104797
-0.91	69.7239533959306
-0.89	68.0331432663352
-0.87	66.4116826451458
-0.85	64.8561452486619
-0.83	63.3633235746889
-0.81	61.9302129173718
-0.79	60.5539967605325
-0.77	59.2320334179231
-0.75	57.9618438029864
-0.73	56.7411002232389
-0.71	55.5676161054768
-0.69	54.4393365678237
-0.67	53.3543297633656
-0.65	52.3107789278767
-0.63	51.3069750710535
-0.61	50.341310256853
-0.59	49.4122714240559
-0.57	48.5184347031335
-0.55	47.6584601899526
-0.53	46.831087140871
-0.51	46.0351295574096
-0.49	45.2694721319809
-0.47	44.5330665291579
-0.45	43.8249279797091
-0.429999999999999	43.1441321671559
-0.409999999999999	42.4898123889352
-0.389999999999999	41.8611569764313
-0.369999999999999	41.2574069601741
-0.349999999999999	40.6778539684374
-0.329999999999999	40.1218383493123
-0.309999999999999	39.5887475081209
-0.289999999999999	39.0780144537821
-0.269999999999999	38.5891165494769
-0.249999999999999	38.1215744647096
-0.229999999999999	37.6749513276455
-0.209999999999999	37.2488520784563
-0.189999999999999	36.8429230263548
-0.169999999999999	36.4568516150802
-0.149999999999999	36.0903664038484
-0.129999999999999	35.7432372732508
-0.109999999999999	35.4152758683244
-0.0899999999999994	35.1063362940897
-0.0699999999999994	34.8163160823268
-0.0499999999999994	34.5451574523335
-0.0299999999999994	34.2928488929787
-0.00999999999999938	34.0594270986579
0.0100000000000006	33.8449792979376
0.0300000000000006	33.6496460209218
0.0500000000000006	33.4736243599235
0.0700000000000006	33.3171717881638
0.0900000000000006	33.1806106133066
0.110000000000001	33.0643331571044
0.130000000000001	32.9688077698444
0.150000000000001	32.8945858093315
0.170000000000001	32.8423097397098
0.190000000000001	32.8127225366294
0.210000000000001	32.8066786235354
0.230000000000001	32.8251566110361
0.250000000000001	32.8692741697754
0.270000000000001	32.9403054400785
0.290000000000001	33.0397014729292
0.310000000000001	33.1691143118987
0.330000000000001	33.3304254716
0.350000000000001	33.5257797545812
0.370000000000001	33.7576255881233
0.390000000000001	34.0287633726294
0.410000000000001	34.3424037381226
0.430000000000001	34.7022381380306
0.450000000000001	35.1125249163897
0.470000000000001	35.5781949316389
0.490000000000001	36.1049821014365
0.510000000000001	36.6995859848476
0.530000000000001	37.369875941087
0.550000000000001	38.1251497959631
0.570000000000001	38.976464758996
0.590000000000001	39.9370652585058
0.610000000000001	41.0229424821174
0.630000000000001	42.2535754535726
0.650000000000001	43.6529262568045
0.670000000000001	45.2507972237603
0.690000000000001	47.0847135499036
0.710000000000001	49.2025849885416
0.730000000000001	51.6665505871377
0.750000000000001	54.5586689654215
0.770000000000001	57.9895775047649
0.790000000000001	62.1120997190861
0.810000000000001	67.1434468316851
0.830000000000001	73.403091135052
0.850000000000001	81.3809381264779
0.870000000000001	91.8684268652959
0.890000000000001	106.23264901003
0.910000000000001	127.05596003102
0.930000000000001	159.87206694155
0.950000000000001	219.068726788471
0.970000000000001	357.401239426688
0.990000000000001	1049.66785432576
