# Program settings for SigmaNu
# Electroweak scheme and input parameters
# Scheme = Complex mass scheme
# alpha_GF = 0.00755898078237864
# Pole masses/widths for particles [GeV]
# mw = 80.35797361
# gw = 2.084298894
# mz = 91.15348062
# gz = 2.494266379
# s^2_thetaw (derived) = (0.222868505240788,-0.00110716741475141)
# charged leptons
# m_e = 0.0005109989461
# m_m = 0.10565837
# m_t = 1.77686
# quarks
# m_d = 0.05
# m_u = 0.05
# m_s = 0.2
# m_c = 1.51
# m_b = 4.92
# m_t = 173
# Ecms (default) = 46484.3

# channel_id = 28
# process  = nu_e A -> W+ e-
-0.99	5.79877259940413
-0.97	0.644887074689024
-0.95	0.232244242886638
-0.93	0.118537274934457
-0.91	0.0717409482265216
-0.89	0.0480520138704891
-0.87	0.0344273102896653
-0.85	0.0258792073441494
-0.83	0.0201665907998833
-0.81	0.0161612584811158
-0.79	0.0132450318438653
-0.77	0.0110561580802898
-0.75	0.00937150284057718
-0.73	0.00804737183736558
-0.71	0.0069878396643149
-0.69	0.00612688755438497
-0.67	0.00541787438755489
-0.65	0.00482709165561927
-0.63	0.00432968744616738
-0.61	0.00390701410353492
-0.59	0.00354485837449663
-0.57	0.00323223375384022
-0.55	0.00296053982349186
-0.53	0.00272296644839223
-0.51	0.00251406458882175
-0.49	0.00232943253096584
-0.47	0.00216548337979393
-0.45	0.00201927062288295
-0.429999999999999	0.00188835576258191
-0.409999999999999	0.00177070680941115
-0.389999999999999	0.00166461967989595
-0.369999999999999	0.00156865677776872
-0.349999999999999	0.00148159859639664
-0.329999999999999	0.00140240528109687
-0.309999999999999	0.00133018587661781
-0.289999999999999	0.00126417355334399
-0.269999999999999	0.00120370552062224
-0.249999999999999	0.0011482066412846
-0.229999999999999	0.00109717598894301
-0.209999999999999	0.00105017576012053
-0.189999999999999	0.00100682208240233
-0.169999999999999	0.000966777358056441
-0.149999999999999	0.000929743858047581
-0.129999999999999	0.00089545833978522
-0.109999999999999	0.000863687507246884
-0.0899999999999994	0.000834224167724313
-0.0699999999999994	0.000806883967433398
-0.0499999999999994	0.000781502610390759
-0.0299999999999994	0.000757933482643913
-0.00999999999999938	0.000736045618146089
0.0100000000000006	0.000715721953915666
0.0300000000000006	0.000696857831435007
0.0500000000000006	0.000679359708754477
0.0700000000000006	0.000663144053967814
0.0900000000000006	0.000648136395854134
0.110000000000001	0.000634270511714539
0.130000000000001	0.000621487736081874
0.150000000000001	0.000609736377021594
0.170000000000001	0.000598971229367203
0.190000000000001	0.000589153176679133
0.210000000000001	0.000580248875762175
0.230000000000001	0.00057223051964946
0.250000000000001	0.000565075676874737
0.270000000000001	0.000558767206830188
0.290000000000001	0.000553293253120139
0.310000000000001	0.000548647319091857
0.330000000000001	0.000544828432308069
0.350000000000001	0.000541841407941018
0.370000000000001	0.000539697224694333
0.390000000000001	0.000538413531710221
0.410000000000001	0.000538015310739467
0.430000000000001	0.000538535725675645
0.450000000000001	0.000540017201635105
0.470000000000001	0.000542512789189862
0.490000000000001	0.000546087887414328
0.510000000000001	0.000550822424126003
0.530000000000001	0.000556813625548736
0.550000000000001	0.000564179555349179
0.570000000000001	0.000573063670068506
0.590000000000001	0.000583640735094014
0.610000000000001	0.000596124586606578
0.630000000000001	0.000610778435359863
0.650000000000001	0.000627928726455708
0.670000000000001	0.000647984061362374
0.690000000000001	0.000671461466035212
0.710000000000001	0.000699023549477993
0.730000000000001	0.000731532197331464
0.750000000000001	0.000770128058403127
0.770000000000001	0.000816351521875796
0.790000000000001	0.000872332843976224
0.810000000000001	0.000941102374273869
0.830000000000001	0.00102711978523131
0.850000000000001	0.00113722670621769
0.870000000000001	0.0012824787336709
0.890000000000001	0.00148197602148107
0.910000000000001	0.00177180135164813
0.930000000000001	0.00222928064261707
0.950000000000001	0.0030554687179301
0.970000000000001	0.00498757820960296
0.990000000000001	0.0146605554733081
