# Program settings for SigmaNu
# Electroweak scheme and input parameters
# Scheme = Complex mass scheme
# alpha_GF = 0.00755898078237864
# Pole masses/widths for particles [GeV]
# mw = 80.35797361
# gw = 2.084298894
# mz = 91.15348062
# gz = 2.494266379
# s^2_thetaw (derived) = (0.222868505240788,-0.00110716741475141)
# charged leptons
# m_e = 0.0005109989461
# m_m = 0.10565837
# m_t = 1.77686
# quarks
# m_d = 0.05
# m_u = 0.05
# m_s = 0.2
# m_c = 1.51
# m_b = 4.92
# m_t = 173
# Ecms (default) = 30747.3

# channel_id = 28
# process  = nu_e A -> W+ e-
-0.99	13.2333440877741
-0.97	1.47319949651279
-0.95	0.530654422706757
-0.93	0.270869368247068
-0.91	0.163943140540584
-0.89	0.10981235643066
-0.87	0.0786777701687783
-0.85	0.0591434646838175
-0.83	0.0460885994385485
-0.81	0.0369351894933905
-0.79	0.0302706331618156
-0.77	0.0252682694340007
-0.75	0.0214181925979234
-0.73	0.0183920281070668
-0.71	0.0159705615346057
-0.69	0.0140029212481989
-0.67	0.0123825180471106
-0.65	0.0110323170699579
-0.63	0.0098955232386841
-0.61	0.00892952004243615
-0.59	0.00810182496909857
-0.57	0.00738732968461109
-0.55	0.00676637887896231
-0.53	0.00622340867200287
-0.51	0.00574596578283164
-0.49	0.00532399046276618
-0.47	0.00494928513695975
-0.45	0.00461511575620219
-0.429999999999999	0.00431590928846659
-0.409999999999999	0.00404702173862584
-0.389999999999999	0.00380455851267823
-0.369999999999999	0.00358523405204007
-0.349999999999999	0.00338626122599043
-0.329999999999999	0.00320526348616549
-0.309999999999999	0.00304020458452499
-0.289999999999999	0.00288933195501885
-0.269999999999999	0.00275113080710308
-0.249999999999999	0.00262428667801851
-0.229999999999999	0.00250765471041081
-0.209999999999999	0.00240023431178182
-0.189999999999999	0.00230114814707879
-0.169999999999999	0.00220962464047765
-0.149999999999999	0.0021249833348804
-0.129999999999999	0.00204662259102201
-0.109999999999999	0.00197400921181144
-0.0899999999999994	0.0019066696587553
-0.0699999999999994	0.00184418259130801
-0.0499999999999994	0.00178617251073112
-0.0299999999999994	0.00173230433036635
-0.00999999999999938	0.00168227872669068
0.0100000000000006	0.00163582815155256
0.0300000000000006	0.00159271340715578
0.0500000000000006	0.00155272070261618
0.0700000000000006	0.00151565912502054
0.0900000000000006	0.00148135846969146
0.110000000000001	0.00144966738402167
0.130000000000001	0.00142045178754451
0.150000000000001	0.00139359353788851
0.170000000000001	0.00136898931831803
0.190000000000001	0.00134654972800634
0.210000000000001	0.00132619856102106
0.230000000000001	0.00130787226465018
0.250000000000001	0.00129151957204674
0.270000000000001	0.00127710130883675
0.290000000000001	0.00126459037793084
0.310000000000001	0.00125397193214978
0.330000000000001	0.0012452437502097
0.350000000000001	0.00123841683869201
0.370000000000001	0.00123351629130189
0.390000000000001	0.00123058244740691
0.410000000000001	0.00122967240550123
0.430000000000001	0.00123086196491429
0.450000000000001	0.00123424809210082
0.470000000000001	0.0012399520387233
0.490000000000001	0.00124812327980085
0.510000000000001	0.00125894449680576
0.530000000000001	0.00127263790798303
0.550000000000001	0.00128947335701486
0.570000000000001	0.00130977872486224
0.590000000000001	0.00133395345112927
0.610000000000001	0.0013624862745801
0.630000000000001	0.00139597878318362
0.650000000000001	0.00143517709167312
0.670000000000001	0.00148101508918626
0.690000000000001	0.00153467447707235
0.710000000000001	0.00159766969742927
0.730000000000001	0.00167197065389348
0.750000000000001	0.00176018438388283
0.770000000000001	0.00186583156101758
0.790000000000001	0.00199378104367439
0.810000000000001	0.00215095892011155
0.830000000000001	0.00234755810184938
0.850000000000001	0.00259921563905218
0.870000000000001	0.00293119991539926
0.890000000000001	0.00338716574577589
0.910000000000001	0.00404958299789282
0.930000000000001	0.00509518577907322
0.950000000000001	0.00698349976250206
0.970000000000001	0.0113994789578184
0.990000000000001	0.0335077841127598
