# Program settings for SigmaNu
# Electroweak scheme and input parameters
# Scheme = Complex mass scheme
# alpha_GF = 0.00755898078237864
# Pole masses/widths for particles [GeV]
# mw = 80.35797361
# gw = 2.084298894
# mz = 91.15348062
# gz = 2.494266379
# s^2_thetaw (derived) = (0.222868505240788,-0.00110716741475141)
# charged leptons
# m_e = 0.0005109989461
# m_m = 0.10565837
# m_t = 1.77686
# quarks
# m_d = 0.05
# m_u = 0.05
# m_s = 0.2
# m_c = 1.51
# m_b = 4.92
# m_t = 173
# Ecms (default) = 10408.6

# channel_id = 28
# process  = nu_e A -> W+ e-
-0.99	113.087344433494
-0.97	12.7662830552344
-0.95	4.61140016648742
-0.93	2.3566963061587
-0.91	1.42734031635693
-0.89	0.956468013538563
-0.87	0.685487204476797
-0.85	0.515404253219122
-0.83	0.401704386440967
-0.81	0.321966064211635
-0.79	0.263898651732747
-0.77	0.220307395737161
-0.75	0.186753279177844
-0.73	0.160377025347533
-0.71	0.139269522398375
-0.69	0.122116652526079
-0.67	0.107989886468276
-0.65	0.0962180762653667
-0.63	0.0863063595476556
-0.61	0.0778833810799319
-0.59	0.0706660700130522
-0.57	0.0644356028884641
-0.55	0.0590206694439639
-0.53	0.0542856113928365
-0.51	0.0501218774416941
-0.49	0.0464417757482481
-0.47	0.0431738440754134
-0.45	0.0402593760622555
-0.429999999999999	0.0376497850827171
-0.409999999999999	0.0353045825984369
-0.389999999999999	0.033189812602875
-0.369999999999999	0.0312768282544008
-0.349999999999999	0.0295413278274497
-0.329999999999999	0.0279625890255062
-0.309999999999999	0.0265228563596824
-0.289999999999999	0.0252068476110316
-0.269999999999999	0.0240013536541054
-0.249999999999999	0.0228949120070966
-0.229999999999999	0.0218775390022977
-0.209999999999999	0.0209405088677123
-0.189999999999999	0.0200761705802048
-0.169999999999999	0.019277795308662
-0.149999999999999	0.0185394487690382
-0.129999999999999	0.0178558839751767
-0.109999999999999	0.017222450773449
-0.0899999999999994	0.016635019257334
-0.0699999999999994	0.016089914715682
-0.0499999999999994	0.0155838622104166
-0.0299999999999994	0.0151139392315304
-0.00999999999999938	0.0146775351594645
0.0100000000000006	0.0142723164924292
0.0300000000000006	0.0138961969804684
0.0500000000000006	0.0135473119584923
0.0700000000000006	0.0132239962937663
0.0900000000000006	0.0129247654654071
0.110000000000001	0.0126482993784423
0.130000000000001	0.0123934285866545
0.150000000000001	0.0121591226596062
0.170000000000001	0.0119444804822455
0.190000000000001	0.0117487223224529
0.210000000000001	0.0115711835445878
0.230000000000001	0.0114113098870192
0.250000000000001	0.0112686542604707
0.270000000000001	0.0111428750634468
0.290000000000001	0.0110337360524461
0.310000000000001	0.0109411078504535
0.330000000000001	0.0108649712295134
0.350000000000001	0.0108054223650123
0.370000000000001	0.0107626803345181
0.390000000000001	0.0107370972278089
0.410000000000001	0.0107291713536717
0.430000000000001	0.0107395641829872
0.450000000000001	0.0107691218691857
0.470000000000001	0.0108189024551607
0.490000000000001	0.0108902102361143
0.510000000000001	0.0109846392392929
0.530000000000001	0.0111041284591612
0.550000000000001	0.0112510324342728
0.570000000000001	0.0114282120949553
0.590000000000001	0.0116391527424445
0.610000000000001	0.0118881188418655
0.630000000000001	0.0121803595051563
0.650000000000001	0.0125223848895301
0.670000000000001	0.012922343549265
0.690000000000001	0.0133905462874521
0.710000000000001	0.0139402071885032
0.730000000000001	0.014588514402066
0.750000000000001	0.0153582152989569
0.770000000000001	0.0162800290556967
0.790000000000001	0.0173964382482185
0.810000000000001	0.0187678755280839
0.830000000000001	0.0204832777635993
0.850000000000001	0.0226790839066342
0.870000000000001	0.0255757697870573
0.890000000000001	0.0295542395166802
0.910000000000001	0.0353340726244176
0.930000000000001	0.0444573383283745
0.950000000000001	0.0609335648556918
0.970000000000001	0.0994645872582251
0.990000000000001	0.292367572366597
