# Program settings for SigmaNu
# Electroweak scheme and input parameters
# Scheme = Complex mass scheme
# alpha_GF = 0.00755898078237864
# Pole masses/widths for particles [GeV]
# mw = 80.35797361
# gw = 2.084298894
# mz = 91.15348062
# gz = 2.494266379
# s^2_thetaw (derived) = (0.222868505240788,-0.00110716741475141)
# charged leptons
# m_e = 0.0005109989461
# m_m = 0.10565837
# m_t = 1.77686
# quarks
# m_d = 0.05
# m_u = 0.05
# m_s = 0.2
# m_c = 1.51
# m_b = 4.92
# m_t = 173
# Ecms (default) = 44857.2

# channel_id = 28
# process  = nu_e A -> W+ e-
-0.99	6.22653051308944
-0.97	0.692499170436705
-0.95	0.249393800201927
-0.93	0.127291037282705
-0.91	0.0770391027809081
-0.89	0.0516008044037177
-0.87	0.0369699197710845
-0.85	0.0277905266884565
-0.83	0.0216560175258179
-0.81	0.0173548762717191
-0.79	0.0142232729462703
-0.77	0.0118727394098673
-0.75	0.0100636626602388
-0.73	0.00864173633705615
-0.71	0.00750395070095893
-0.69	0.00657941128853477
-0.67	0.00581803235752224
-0.65	0.00518361588258471
-0.63	0.00464947452056951
-0.61	0.00419558339132295
-0.59	0.00380667951538805
-0.57	0.0034709649707981
-0.55	0.00317920414656222
-0.53	0.00292408393618557
-0.51	0.00269975285270107
-0.49	0.00250148408597612
-0.47	0.00232542582382258
-0.45	0.00216841393283438
-0.429999999999999	0.00202782981448325
-0.409999999999999	0.0019014914016991
-0.389999999999999	0.00178756875146502
-0.369999999999999	0.00168451808989633
-0.349999999999999	0.00159102984019066
-0.329999999999999	0.00150598734608671
-0.309999999999999	0.00142843384806375
-0.289999999999999	0.00135754587985132
-0.269999999999999	0.00129261169819552
-0.249999999999999	0.00123301368722574
-0.229999999999999	0.00117821392288281
-0.209999999999999	0.00112774226615815
-0.189999999999999	0.00108118649234062
-0.169999999999999	0.00103818406916104
-0.149999999999999	0.000998415277683658
-0.129999999999999	0.00096159743252157
-0.109999999999999	0.000927480006663869
-0.0899999999999994	0.000895840504363682
-0.0699999999999994	0.000866480955651383
-0.0499999999999994	0.000839224929789924
-0.0299999999999994	0.000813914984057863
-0.00999999999999938	0.000790410479364304
0.0100000000000006	0.000768585706552691
0.0300000000000006	0.000748328277107665
0.0500000000000006	0.000729537740147337
0.0700000000000006	0.000712124394158907
0.0900000000000006	0.000696008267526034
0.110000000000001	0.000681118246396663
0.130000000000001	0.00066739133231147
0.150000000000001	0.000654772015406204
0.170000000000001	0.000643211751702306
0.190000000000001	0.000632668535649111
0.210000000000001	0.000623106561351661
0.230000000000001	0.000614495968056933
0.250000000000001	0.000606812667534148
0.270000000000001	0.000600038253199078
0.290000000000001	0.000594159992983055
0.310000000000001	0.000589170910410393
0.330000000000001	0.000585069961261211
0.350000000000001	0.000581862316387023
0.370000000000001	0.000579559765424284
0.390000000000001	0.000578181261122258
0.410000000000001	0.000577753630425768
0.430000000000001	0.00057831248677835
0.450000000000001	0.000579903388867405
0.470000000000001	0.000582583305661799
0.490000000000001	0.000586422466693009
0.510000000000001	0.000591506703333771
0.530000000000001	0.000597940423060179
0.550000000000001	0.000605850409847254
0.570000000000001	0.000615390716095955
0.590000000000001	0.000626749015549186
0.610000000000001	0.000640154938556262
0.630000000000001	0.000655891136891311
0.650000000000001	0.000674308167240982
0.670000000000001	0.000695844810789334
0.690000000000001	0.000721056281564332
0.710000000000001	0.000750654129543745
0.730000000000001	0.000785563900132175
0.750000000000001	0.000827010491622674
0.770000000000001	0.000876648067900223
0.790000000000001	0.000936764228093506
0.810000000000001	0.00101061314647246
0.830000000000001	0.00110298389143739
0.850000000000001	0.00122122342206409
0.870000000000001	0.00137720391234958
0.890000000000001	0.00159143627296832
0.910000000000001	0.00190266839684184
0.930000000000001	0.00239393757327132
0.950000000000001	0.00328114873919234
0.970000000000001	0.00535596580037242
0.990000000000001	0.0157433989877954
