# Program settings for SigmaNu
# Electroweak scheme and input parameters
# Scheme = Complex mass scheme
# alpha_GF = 0.00755898078237864
# Pole masses/widths for particles [GeV]
# mw = 80.35797361
# gw = 2.084298894
# mz = 91.15348062
# gz = 2.494266379
# s^2_thetaw (derived) = (0.222868505240788,-0.00110716741475141)
# charged leptons
# m_e = 0.0005109989461
# m_m = 0.10565837
# m_t = 1.77686
# quarks
# m_d = 0.05
# m_u = 0.05
# m_s = 0.2
# m_c = 1.51
# m_b = 4.92
# m_t = 173
# Ecms (default) = 998.15

# channel_id = 28
# process  = nu_e A -> W+ e-
-0.99	2385.98764343823
-0.97	684.006513514277
-0.95	318.93935315598
-0.93	183.876245647911
-0.91	119.477724032144
-0.89	83.8395444293636
-0.87	62.0751205310775
-0.85	47.8173989039611
-0.83	37.9731690924862
-0.81	30.8926451142141
-0.79	25.630615827326
-0.77	21.613942980507
-0.75	18.4787042596114
-0.73	15.9848162408649
-0.71	13.9687037484456
-0.69	12.3158039994265
-0.67	10.9439448767611
-0.65	9.79294636808625
-0.63	8.81791810176423
-0.61	7.98482438279786
-0.59	7.26748059406114
-0.57	6.64547635396597
-0.55	6.10271247616665
-0.53	5.62635283704624
-0.51	5.20606193056402
-0.49	4.83344246389604
-0.47	4.50161518654536
-0.45	4.2049012817809
-0.429999999999999	3.938579676837
-0.409999999999999	3.69869973657404
-0.389999999999999	3.48193535467577
-0.369999999999999	3.28547030801725
-0.349999999999999	3.10690744796298
-0.329999999999999	2.94419622966139
-0.309999999999999	2.79557446757802
-0.289999999999999	2.65952121451729
-0.269999999999999	2.53471840261432
-0.249999999999999	2.42001943438139
-0.229999999999999	2.31442332299109
-0.209999999999999	2.21705329102441
-0.189999999999999	2.12713897257651
-0.169999999999999	2.04400154407141
-0.149999999999999	1.96704124829199
-0.129999999999999	1.89572688415916
-0.109999999999999	1.82958691919016
-0.0899999999999994	1.76820194790649
-0.0699999999999994	1.71119827191588
-0.0499999999999994	1.65824241910444
-0.0299999999999994	1.60903645272982
-0.00999999999999938	1.56331394802599
0.0100000000000006	1.52083653561543
0.0300000000000006	1.48139092865847
0.0500000000000006	1.44478636509692
0.0700000000000006	1.41085240823046
0.0900000000000006	1.37943705872376
0.110000000000001	1.35040513939625
0.130000000000001	1.32363692113184
0.150000000000001	1.29902696423764
0.170000000000001	1.27648315480835
0.190000000000001	1.25592592031369
0.210000000000001	1.23728761289319
0.230000000000001	1.2205120528779
0.250000000000001	1.20555422901906
0.270000000000001	1.19238015595191
0.290000000000001	1.18096689373853
0.310000000000001	1.17130273912176
0.330000000000001	1.1633876036364
0.350000000000001	1.15723360027838
0.370000000000001	1.15286586843843
0.390000000000001	1.15032367680806
0.410000000000001	1.14966185669657
0.430000000000001	1.15095263466804
0.450000000000001	1.1542879550185
0.470000000000001	1.15978241134652
0.490000000000001	1.16757694514877
0.510000000000001	1.17784352208602
0.530000000000001	1.19079106931286
0.550000000000001	1.20667305897118
0.570000000000001	1.22579726710529
0.590000000000001	1.24853844458861
0.610000000000001	1.27535493957365
0.630000000000001	1.30681076117166
0.650000000000001	1.34360525570543
0.670000000000001	1.38661362023862
0.690000000000001	1.43694314299961
0.710000000000001	1.49601275855888
0.730000000000001	1.56566800262288
0.750000000000001	1.6483511860936
0.770000000000001	1.74736039608185
0.790000000000001	1.86725653786464
0.810000000000001	2.0145274966271
0.830000000000001	2.19872116070345
0.850000000000001	2.43448490630002
0.870000000000001	2.74548772873235
0.890000000000001	3.17262111118871
0.910000000000001	3.79313443991262
0.930000000000001	4.77257405277162
0.950000000000001	6.54137608723253
0.970000000000001	10.6778308470045
0.990000000000001	31.3866199173732
