# Program settings for SigmaNu
# Electroweak scheme and input parameters
# Scheme = Complex mass scheme
# alpha_GF = 0.00755898078237864
# Pole masses/widths for particles [GeV]
# mw = 80.35797361
# gw = 2.084298894
# mz = 91.15348062
# gz = 2.494266379
# s^2_thetaw (derived) = (0.222868505240788,-0.00110716741475141)
# charged leptons
# m_e = 0.0005109989461
# m_m = 0.10565837
# m_t = 1.77686
# quarks
# m_d = 0.05
# m_u = 0.05
# m_s = 0.2
# m_c = 1.51
# m_b = 4.92
# m_t = 173
# Ecms (default) = 6457.13

# channel_id = 28
# process  = nu_e A -> W+ e-
-0.99	283.109478108102
-0.97	32.7591539420708
-0.95	11.8927737067729
-0.93	6.09106120599243
-0.91	3.6935120675361
-0.89	2.47693946199903
-0.87	1.77613084433887
-0.85	1.33595807662097
-0.83	1.04155174992103
-0.81	0.835000220651882
-0.79	0.68453618932483
-0.77	0.571553220702154
-0.75	0.484566349957789
-0.73	0.416175079862066
-0.71	0.36143661868339
-0.69	0.316947734785896
-0.67	0.280303216892617
-0.65	0.249764209327122
-0.63	0.224048361340335
-0.61	0.202193218054387
-0.59	0.183465031195539
-0.57	0.167296516491497
-0.55	0.15324351351229
-0.53	0.140954261115695
-0.51	0.130147259807547
-0.49	0.120595083949219
-0.47	0.112112384049678
-0.45	0.104546883984777
-0.429999999999999	0.0977725482626199
-0.409999999999999	0.0916843415204389
-0.389999999999999	0.0861941699371556
-0.369999999999999	0.0812277094825833
-0.349999999999999	0.0767219062920051
-0.329999999999999	0.0726229912181292
-0.309999999999999	0.0688848911790722
-0.289999999999999	0.0654679492335398
-0.269999999999999	0.0623378867142131
-0.249999999999999	0.0594649565252752
-0.229999999999999	0.0568232484447814
-0.209999999999999	0.0543901160769497
-0.189999999999999	0.0521457017588904
-0.169999999999999	0.0500725408020378
-0.149999999999999	0.0481552303453546
-0.129999999999999	0.0463801511098472
-0.109999999999999	0.0447352326880419
-0.0899999999999994	0.0432097548376228
-0.0699999999999994	0.0417941786945354
-0.0499999999999994	0.040480002966717
-0.0299999999999994	0.0392596410827883
-0.00999999999999938	0.0381263160018886
0.0100000000000006	0.0370739699806658
0.0300000000000006	0.0360971870714356
0.0500000000000006	0.0351911265154391
0.0700000000000006	0.0343514655150223
0.0900000000000006	0.03357435013318
0.110000000000001	0.0328563532894774
0.130000000000001	0.0321944390072445
0.150000000000001	0.031585932225655
0.170000000000001	0.0310284936277951
0.190000000000001	0.0305200990577813
0.210000000000001	0.0300590232106616
0.230000000000001	0.0296438273825052
0.250000000000001	0.0292733511690883
0.270000000000001	0.0289467081036226
0.290000000000001	0.028663285331905
0.310000000000001	0.028422747542065
0.330000000000001	0.0282250455018092
0.350000000000001	0.0280704297168426
0.370000000000001	0.0279594699194599
0.390000000000001	0.0278930813398352
0.410000000000001	0.0278725590217174
0.430000000000001	0.0278996218439548
0.450000000000001	0.0279764684330106
0.470000000000001	0.0281058478477745
0.490000000000001	0.0282911488545026
0.510000000000001	0.0285365128860174
0.530000000000001	0.0288469775400974
0.550000000000001	0.0292286599337845
0.570000000000001	0.0296889927190749
0.590000000000001	0.0302370305831729
0.610000000000001	0.0308838523873656
0.630000000000001	0.0316430949931531
0.650000000000001	0.0325316713199649
0.670000000000001	0.0335707506695881
0.690000000000001	0.03478711964302
0.710000000000001	0.036215107271635
0.730000000000001	0.0378993668102459
0.750000000000001	0.0398989938182959
0.770000000000001	0.0422937938198029
0.790000000000001	0.0451941324942929
0.810000000000001	0.0487570080583821
0.830000000000001	0.0532134698945442
0.850000000000001	0.0589179731550831
0.870000000000001	0.0664432925917487
0.890000000000001	0.0767789799661568
0.910000000000001	0.0917944327060484
0.930000000000001	0.115495796152567
0.950000000000001	0.158299433265102
0.970000000000001	0.258399276303566
0.990000000000001	0.759542407399433
