# Program settings for SigmaNu
# Electroweak scheme and input parameters
# Scheme = Complex mass scheme
# alpha_GF = 0.00755898078237864
# Pole masses/widths for particles [GeV]
# mw = 80.35797361
# gw = 2.084298894
# mz = 91.15348062
# gz = 2.494266379
# s^2_thetaw (derived) = (0.222868505240788,-0.00110716741475141)
# charged leptons
# m_e = 0.0005109989461
# m_m = 0.10565837
# m_t = 1.77686
# quarks
# m_d = 0.05
# m_u = 0.05
# m_s = 0.2
# m_c = 1.51
# m_b = 4.92
# m_t = 173
# Ecms (default) = 41180.8

# channel_id = 28
# process  = nu_e A -> W+ e-
-0.99	7.38613488192175
-0.97	0.821598482701675
-0.95	0.295896537530186
-0.93	0.151028182560835
-0.91	0.0914059964244026
-0.89	0.0612240483353391
-0.87	0.0438647373617006
-0.85	0.0329734864066526
-0.83	0.0256949336716618
-0.81	0.0205916464067667
-0.79	0.0168760038357625
-0.77	0.0140870947958779
-0.75	0.0119406215306015
-0.73	0.0102535010914485
-0.71	0.00890351321486524
-0.69	0.00780654202354428
-0.67	0.00690316098293234
-0.65	0.00615042122502212
-0.63	0.00551665824744219
-0.61	0.00497811252907206
-0.59	0.00451667452813305
-0.57	0.00411834598620335
-0.55	0.00377216882418304
-0.53	0.00346946601444007
-0.51	0.00320329474213978
-0.49	0.00296804662336477
-0.47	0.00275915146136148
-0.45	0.00257285499236798
-0.429999999999999	0.00240605023179815
-0.409999999999999	0.00225614814151268
-0.389999999999999	0.00212097748028062
-0.369999999999999	0.00199870654807903
-0.349999999999999	0.00188778152109914
-0.329999999999999	0.00178687747696459
-0.309999999999999	0.0016948592118558
-0.289999999999999	0.00161074967534296
-0.269999999999999	0.00153370437719236
-0.249999999999999	0.00146299051004642
-0.229999999999999	0.00139796982153694
-0.209999999999999	0.0013380844868253
-0.189999999999999	0.00128284539690334
-0.169999999999999	0.0012318224032936
-0.149999999999999	0.00118463615593687
-0.129999999999999	0.00114095124544164
-0.109999999999999	0.00110047041863798
-0.0899999999999994	0.00106292968174443
-0.0699999999999994	0.00102809414105681
-0.0499999999999994	0.000995754459407558
-0.0299999999999994	0.000965723829112975
-0.00999999999999938	0.000937835380178984
0.0100000000000006	0.000911939957150252
0.0300000000000006	0.000887904209666495
0.0500000000000006	0.000865608951498465
0.0700000000000006	0.000844947750689956
0.0900000000000006	0.000825825719912041
0.110000000000001	0.000808158481682547
0.130000000000001	0.000791871287547651
0.150000000000001	0.000776898274356418
0.170000000000001	0.000763181844075908
0.190000000000001	0.000750672156610414
0.210000000000001	0.000739326727839409
0.230000000000001	0.000729110127632924
0.250000000000001	0.000719993775050154
0.270000000000001	0.000711955830503088
0.290000000000001	0.000704981187300284
0.310000000000001	0.000699061567853836
0.330000000000001	0.00069419573328907
0.350000000000001	0.000690389819013648
0.370000000000001	0.000687657813733723
0.390000000000001	0.000686022205304051
0.410000000000001	0.000685514824448632
0.430000000000001	0.000686177927211834
0.450000000000001	0.000688065569862914
0.470000000000001	0.000691245347135756
0.490000000000001	0.000695800587672287
0.510000000000001	0.000701833131980194
0.530000000000001	0.000709466861410626
0.550000000000001	0.000718852207451975
0.570000000000001	0.000730171956046824
0.590000000000001	0.000743648785460146
0.610000000000001	0.000759555156212116
0.630000000000001	0.000778226439682672
0.650000000000001	0.000800078577623395
0.670000000000001	0.000825632191731178
0.690000000000001	0.000855546053344496
0.710000000000001	0.000890664429157653
0.730000000000001	0.000932085495264406
0.750000000000001	0.000981262615247881
0.770000000000001	0.00104015848397563
0.790000000000001	0.00111148737845185
0.810000000000001	0.00119911043426343
0.830000000000001	0.00130870996614837
0.850000000000001	0.00144900327157073
0.870000000000001	0.00163407689587848
0.890000000000001	0.00188826739894096
0.910000000000001	0.00225754984393359
0.930000000000001	0.00284044944969719
0.950000000000001	0.00389314125901313
0.970000000000001	0.00635494855836327
0.990000000000001	0.0186798225482448
