# Program settings for SigmaNu
# Electroweak scheme and input parameters
# Scheme = Complex mass scheme
# alpha_GF = 0.00755898078237864
# Pole masses/widths for particles [GeV]
# mw = 80.35797361
# gw = 2.084298894
# mz = 91.15348062
# gz = 2.494266379
# s^2_thetaw (derived) = (0.222868505240788,-0.00110716741475141)
# charged leptons
# m_e = 0.0005109989461
# m_m = 0.10565837
# m_t = 1.77686
# quarks
# m_d = 0.05
# m_u = 0.05
# m_s = 0.2
# m_c = 1.51
# m_b = 4.92
# m_t = 173
# Ecms (default) = 11665.7

# channel_id = 28
# process  = nu_e A -> W+ e-
-0.99	90.460905758444
-0.97	10.179432467681
-0.95	3.67461606992925
-0.93	1.87742485901176
-0.91	1.1368930904423
-0.89	0.761763189405156
-0.87	0.545907937013891
-0.85	0.410436934000545
-0.83	0.319881023237246
-0.81	0.256376932908259
-0.79	0.210133577153731
-0.77	0.175419807822954
-0.75	0.14869982592193
-0.73	0.12769624739683
-0.71	0.1108885454794
-0.69	0.0972301167407155
-0.67	0.085981474035167
-0.65	0.0766081242381984
-0.63	0.0687159746105366
-0.61	0.0620092955357442
-0.59	0.0562626669251385
-0.57	0.0513018341443683
-0.55	0.046990380503847
-0.53	0.0432202808965938
-0.51	0.0399050966404793
-0.49	0.0369750000690653
-0.47	0.0343730874790354
-0.45	0.032052612809737
-0.429999999999999	0.0299748883675627
-0.409999999999999	0.0281076749188181
-0.389999999999999	0.0264239349979625
-0.369999999999999	0.0249008587198878
-0.349999999999999	0.0235190960991107
-0.329999999999999	0.0222621473319119
-0.309999999999999	0.0211158749690616
-0.289999999999999	0.0200681109174944
-0.269999999999999	0.0191083377868755
-0.249999999999999	0.0182274289452191
-0.229999999999999	0.0174174352539001
-0.209999999999999	0.0166714091578317
-0.189999999999999	0.0159832588526698
-0.169999999999999	0.0153476268103961
-0.149999999999999	0.0147597881416778
-0.129999999999999	0.0142155651988477
-0.109999999999999	0.0137112555433448
-0.0899999999999994	0.0132435709652316
-0.0699999999999994	0.0128095856865416
-0.0499999999999994	0.0124066922321119
-0.0299999999999994	0.0120325637319878
-0.00999999999999938	0.0116851216441801
0.0100000000000006	0.0113625080677202
0.0300000000000006	0.0110630619626692
0.0500000000000006	0.0107852987134892
0.0700000000000006	0.0105278925703457
0.0900000000000006	0.0102896615842136
0.110000000000001	0.0100695547193011
0.130000000000001	0.00986664088337199
0.150000000000001	0.00968009966532023
0.170000000000001	0.00950921361142685
0.190000000000001	0.009353361909302
0.210000000000001	0.00921201538231764
0.230000000000001	0.00908473272926671
0.250000000000001	0.00897115797486396
0.270000000000001	0.00887101912808032
0.290000000000001	0.00878412807834129
0.310000000000001	0.00871038179602272
0.330000000000001	0.00864976494538563
0.350000000000001	0.00860235406723315
0.370000000000001	0.00856832354853483
0.390000000000001	0.00854795367087892
0.410000000000001	0.00854164112432527
0.430000000000001	0.0085499124957911
0.450000000000001	0.00857344140153968
0.470000000000001	0.00861307014673227
0.490000000000001	0.00866983708195608
0.510000000000001	0.00874501121777738
0.530000000000001	0.00884013619795946
0.550000000000001	0.0089570864863818
0.570000000000001	0.0090981396917879
0.590000000000001	0.00926607049218856
0.610000000000001	0.00946427386717936
0.630000000000001	0.00969692868507444
0.650000000000001	0.00996921774667455
0.670000000000001	0.0102876281991265
0.690000000000001	0.0106603685799574
0.710000000000001	0.0110979587611328
0.730000000000001	0.0116140824117782
0.750000000000001	0.0122268489581234
0.770000000000001	0.0129607142683994
0.790000000000001	0.0138494991819827
0.810000000000001	0.0149413147899635
0.830000000000001	0.0163069647022252
0.850000000000001	0.018055069456863
0.870000000000001	0.0203611522693499
0.890000000000001	0.0235284550643401
0.910000000000001	0.0281298429682889
0.930000000000001	0.0353929741401977
0.950000000000001	0.0485098778285432
0.970000000000001	0.0791848456246152
0.990000000000001	0.23275702042321
