# Program settings for SigmaNu
# Electroweak scheme and input parameters
# Scheme = Complex mass scheme
# alpha_GF = 0.00755898078237864
# Pole masses/widths for particles [GeV]
# mw = 80.35797361
# gw = 2.084298894
# mz = 91.15348062
# gz = 2.494266379
# s^2_thetaw (derived) = (0.222868505240788,-0.00110716741475141)
# charged leptons
# m_e = 0.0005109989461
# m_m = 0.10565837
# m_t = 1.77686
# quarks
# m_d = 0.05
# m_u = 0.05
# m_s = 0.2
# m_c = 1.51
# m_b = 4.92
# m_t = 173
# Ecms (default) = 4554

# channel_id = 28
# process  = nu_e A -> W+ e-
-0.99	536.200461945991
-0.97	64.5306899629255
-0.95	23.6186325482602
-0.93	12.1393148820431
-0.91	7.37554315989154
-0.89	4.95238228892906
-0.87	3.55427573251269
-0.85	2.67513704047074
-0.83	2.08663300786598
-0.81	1.67347519204712
-0.79	1.37234947131454
-0.77	1.14613833848845
-0.75	0.971913810894168
-0.73	0.834892894240557
-0.71	0.725196948123162
-0.69	0.636021302875243
-0.67	0.562554979302205
-0.65	0.501318712313527
-0.63	0.449745906861348
-0.61	0.40590973398861
-0.59	0.368340894778524
-0.57	0.335903191476475
-0.55	0.307706860812672
-0.53	0.283047118193111
-0.51	0.261359866891135
-0.49	0.242189303974246
-0.47	0.225163906347037
-0.45	0.20997840794115
-0.429999999999999	0.196380118821001
-0.409999999999999	0.184158430691329
-0.389999999999999	0.173136688088393
-0.369999999999999	0.163165834922081
-0.349999999999999	0.154119406743431
-0.329999999999999	0.145889552640122
-0.309999999999999	0.138383851811399
-0.289999999999999	0.131522748519914
-0.269999999999999	0.125237471939631
-0.249999999999999	0.119468338989732
-0.229999999999999	0.114163361732605
-0.209999999999999	0.10927709853925
-0.189999999999999	0.104769701558195
-0.169999999999999	0.100606123187449
-0.149999999999999	0.0967554520525583
-0.129999999999999	0.0931903550271119
-0.109999999999999	0.0898866065271706
-0.0899999999999994	0.0868226899881113
-0.0699999999999994	0.0839794593292671
-0.0499999999999994	0.081339850507549
-0.0299999999999994	0.0788886350910066
-0.00999999999999938	0.0766122092496796
0.0100000000000006	0.0744984127432071
0.0300000000000006	0.0725363734426141
0.0500000000000006	0.0707163737052387
0.0700000000000006	0.0690297355630032
0.0900000000000006	0.0674687222146478
0.110000000000001	0.066026453754845
0.130000000000001	0.0646968354457558
0.150000000000001	0.0634744971549053
0.170000000000001	0.0623547428589834
0.190000000000001	0.0613335093578949
0.210000000000001	0.060407333565222
0.230000000000001	0.0595733279496505
0.250000000000001	0.0588291639042424
0.270000000000001	0.058173063025645
0.290000000000001	0.0576037965019167
0.310000000000001	0.057120693046152
0.330000000000001	0.056723656086048
0.350000000000001	0.0564131912422861
0.370000000000001	0.0561904455212136
0.390000000000001	0.0560572601366576
0.410000000000001	0.0560162394971096
0.430000000000001	0.0560708396976704
0.450000000000001	0.0562254809088585
0.470000000000001	0.0564856894534127
0.490000000000001	0.0568582772444586
0.510000000000001	0.0573515688234748
0.530000000000001	0.0579756897754375
0.550000000000001	0.0587429352461261
0.570000000000001	0.0596682442984558
0.590000000000001	0.0607698159293638
0.610000000000001	0.0620699173022648
0.630000000000001	0.063595956646664
0.650000000000001	0.065381926429355
0.670000000000001	0.067470373634042
0.690000000000001	0.0699151349625894
0.710000000000001	0.0727852060048564
0.730000000000001	0.0761703321441955
0.750000000000001	0.0801892851605781
0.770000000000001	0.0850024600991399
0.790000000000001	0.0908316723793846
0.810000000000001	0.0979924603850615
0.830000000000001	0.106949191964042
0.850000000000001	0.118414258280966
0.870000000000001	0.133538833495336
0.890000000000001	0.154311738358583
0.910000000000001	0.184490124683105
0.930000000000001	0.232125622131456
0.950000000000001	0.31815324144584
0.970000000000001	0.519335896937622
0.990000000000001	1.52654321632724
