# Program settings for SigmaNu
# Electroweak scheme and input parameters
# Scheme = Complex mass scheme
# alpha_GF = 0.00755898078237864
# Pole masses/widths for particles [GeV]
# mw = 80.35797361
# gw = 2.084298894
# mz = 91.15348062
# gz = 2.494266379
# s^2_thetaw (derived) = (0.222868505240788,-0.00110716741475141)
# charged leptons
# m_e = 0.0005109989461
# m_m = 0.10565837
# m_t = 1.77686
# quarks
# m_d = 0.05
# m_u = 0.05
# m_s = 0.2
# m_c = 1.51
# m_b = 4.92
# m_t = 173
# Ecms (default) = 1703.36

# channel_id = 28
# process  = nu_e A -> W+ e-
-0.99	2072.13988040064
-0.97	364.928495596097
-0.95	146.144571520212
-0.93	78.204679799724
-0.91	48.6149555617996
-0.89	33.1279001561201
-0.87	24.0215695198915
-0.85	18.2177226548685
-0.83	14.2931198573548
-0.81	11.5161318816149
-0.79	9.47939364859198
-0.77	7.94147093941503
-0.75	6.75189871624183
-0.73	5.81294768046293
-0.71	5.05890483438455
-0.69	4.44426487525402
-0.67	3.93670729081924
-0.65	3.51276439018455
-0.63	3.15506330044731
-0.61	2.85052072628797
-0.59	2.58913207360254
-0.57	2.36314137337979
-0.55	2.16646104747247
-0.53	1.99425912944465
-0.51	1.84266090343768
-0.49	1.70853010003662
-0.47	1.58930629765757
-0.45	1.48288261519977
-0.429999999999999	1.38751267726143
-0.409999999999999	1.30173911092426
-0.389999999999999	1.22433806222672
-0.369999999999999	1.15427575851182
-0.349999999999999	1.09067421840366
-0.329999999999999	1.0327839727442
-0.309999999999999	0.979962205371124
-0.289999999999999	0.931655117683344
-0.269999999999999	0.887383609954623
-0.249999999999999	0.846731585815379
-0.229999999999999	0.80933634540011
-0.209999999999999	0.774880652216169
-0.189999999999999	0.743086149367036
-0.169999999999999	0.713707869906135
-0.149999999999999	0.686529639257866
-0.129999999999999	0.661360208795228
-0.109999999999999	0.638029991728256
-0.0899999999999994	0.616388297597751
-0.0699999999999994	0.596300981497908
-0.0499999999999994	0.577648439882614
-0.0299999999999994	0.560323897360745
-0.00999999999999938	0.544231938954986
0.0100000000000006	0.529287250422416
0.0300000000000006	0.515413535826596
0.0500000000000006	0.502542586931989
0.0700000000000006	0.490613483412808
0.0900000000000006	0.479571906528393
0.110000000000001	0.469369551973186
0.130000000000001	0.459963630187875
0.150000000000001	0.451316444622648
0.170000000000001	0.443395040359036
0.190000000000001	0.436170917196845
0.210000000000001	0.429619802860803
0.230000000000001	0.423721483436937
0.250000000000001	0.418459689568041
0.270000000000001	0.413822038379189
0.290000000000001	0.409800032631558
0.310000000000001	0.406389120288577
0.330000000000001	0.403588819610777
0.350000000000001	0.401402917184875
0.370000000000001	0.399839749081223
0.390000000000001	0.398912578810964
0.410000000000001	0.398640090174539
0.430000000000001	0.399047018806802
0.450000000000001	0.400164953716651
0.470000000000001	0.402033350076727
0.490000000000001	0.404700807919667
0.510000000000001	0.408226689658392
0.530000000000001	0.412683174545918
0.550000000000001	0.418157883417006
0.570000000000001	0.424757256981416
0.590000000000001	0.432610942744295
0.610000000000001	0.441877550538795
0.630000000000001	0.452752292568544
0.650000000000001	0.46547725992273
0.670000000000001	0.480355452325481
0.690000000000001	0.497770254472611
0.710000000000001	0.518212986759411
0.730000000000001	0.542322715597697
0.750000000000001	0.570945187217262
0.770000000000001	0.605222523893843
0.790000000000001	0.646734189470635
0.810000000000001	0.697727000137471
0.830000000000001	0.761507510436085
0.850000000000001	0.843148323250544
0.870000000000001	0.950846394253092
0.890000000000001	1.09876314031382
0.910000000000001	1.31365137847265
0.930000000000001	1.65284275451398
0.950000000000001	2.26540502938384
0.970000000000001	3.6979285560412
0.990000000000001	10.8697506018351
