# Program settings for SigmaNu
# Electroweak scheme and input parameters
# Scheme = Complex mass scheme
# alpha_GF = 0.00755898078237864
# Pole masses/widths for particles [GeV]
# mw = 80.35797361
# gw = 2.084298894
# mz = 91.15348062
# gz = 2.494266379
# s^2_thetaw (derived) = (0.222868505240788,-0.00110716741475141)
# charged leptons
# m_e = 0.0005109989461
# m_m = 0.10565837
# m_t = 1.77686
# quarks
# m_d = 0.05
# m_u = 0.05
# m_s = 0.2
# m_c = 1.51
# m_b = 4.92
# m_t = 173
# Ecms (default) = 984.025

# channel_id = 28
# process  = nu_e A -> W+ e-
-0.99	2376.47582976029
-0.97	691.659620383225
-0.95	324.304760555356
-0.93	187.509923942831
-0.91	122.054366879803
-0.89	85.7499407033403
-0.87	63.544241749568
-0.85	48.9808924157602
-0.83	38.9168872373151
-0.81	31.6733086623052
-0.79	26.2871019036693
-0.77	22.1737462954042
-0.75	18.9617981181608
-0.73	16.406049550072
-0.71	14.3393399368314
-0.69	12.6445386174593
-0.67	11.2375962228615
-0.65	10.0569351437965
-0.63	9.05660746337342
-0.61	8.20176550253248
-0.59	7.46559295210104
-0.57	6.82718211027717
-0.55	6.27003799242211
-0.53	5.78100633938099
-0.51	5.34949360108702
-0.49	4.96689142591325
-0.47	4.62614659859198
-0.45	4.3214358855993
-0.429999999999999	4.04791753039213
-0.409999999999999	3.80153942414639
-0.389999999999999	3.57888964835057
-0.369999999999999	3.37707902238129
-0.349999999999999	3.19364805788682
-0.329999999999999	3.02649269265633
-0.309999999999999	2.87380459546226
-0.289999999999999	2.73402286558217
-0.269999999999999	2.60579470912533
-0.249999999999999	2.48794323673347
-0.229999999999999	2.37944094799514
-0.209999999999999	2.27938778530194
-0.189999999999999	2.18699288115625
-0.169999999999999	2.10155930772312
-0.149999999999999	2.02247127992939
-0.129999999999999	1.94918337405692
-0.109999999999999	1.88121141022838
-0.0899999999999994	1.81812471514739
-0.0699999999999994	1.75953953519763
-0.0499999999999994	1.70511341274673
-0.0299999999999994	1.65454037268211
-0.00999999999999938	1.60754679369296
0.0100000000000006	1.5638878610396
0.0300000000000006	1.52334451562747
0.0500000000000006	1.48572082899394
0.0700000000000006	1.45084174599762
0.0900000000000006	1.41855114710982
0.110000000000001	1.38871019067257
0.130000000000001	1.36119590265175
0.150000000000001	1.33589998756053
0.170000000000001	1.31272783959188
0.190000000000001	1.29159773778143
0.210000000000001	1.27244021340191
0.230000000000001	1.25519758193349
0.250000000000001	1.2398236360214
0.270000000000001	1.2262834999915
0.290000000000001	1.21455365092819
0.310000000000001	1.20462211624143
0.330000000000001	1.19648886331708
0.350000000000001	1.19016640358481
0.370000000000001	1.18568064156927
0.390000000000001	1.18307200977566
0.410000000000001	1.18239694335306
0.430000000000001	1.18372976541805
0.450000000000001	1.18716507614773
0.470000000000001	1.19282076830327
0.490000000000001	1.20084183162601
0.510000000000001	1.21140516276533
0.530000000000001	1.22472567222024
0.550000000000001	1.24106408438446
0.570000000000001	1.26073697505481
0.590000000000001	1.28412980400982
0.610000000000001	1.31171401182841
0.630000000000001	1.34406971315717
0.650000000000001	1.38191621971765
0.670000000000001	1.4261537097567
0.690000000000001	1.47792107305533
0.710000000000001	1.53867773583143
0.730000000000001	1.61032189517056
0.750000000000001	1.69536554807241
0.770000000000001	1.79720088159917
0.790000000000001	1.92051892744034
0.810000000000001	2.07199267165841
0.830000000000001	2.26144240213566
0.850000000000001	2.50393337804907
0.870000000000001	2.82380985610728
0.890000000000001	3.26312992293541
0.910000000000001	3.90134682688453
0.930000000000001	4.9087298020829
0.950000000000001	6.72799495534106
0.970000000000001	10.9824598309483
0.990000000000001	32.2820531116375
