# Program settings for SigmaNu
# Electroweak scheme and input parameters
# Scheme = Complex mass scheme
# alpha_GF = 0.00755898078237864
# Pole masses/widths for particles [GeV]
# mw = 80.35797361
# gw = 2.084298894
# mz = 91.15348062
# gz = 2.494266379
# s^2_thetaw (derived) = (0.222868505240788,-0.00110716741475141)
# charged leptons
# m_e = 0.0005109989461
# m_m = 0.10565837
# m_t = 1.77686
# quarks
# m_d = 0.05
# m_u = 0.05
# m_s = 0.2
# m_c = 1.51
# m_b = 4.92
# m_t = 173
# Ecms (default) = 24652.8

# channel_id = 28
# process  = nu_e A -> W+ e-
-0.99	20.5539206285684
-0.97	2.29047244929337
-0.95	0.825207390592115
-0.93	0.421258678084553
-0.91	0.25497824808186
-0.89	0.170794705978752
-0.87	0.122372674720572
-0.85	0.0919911249763481
-0.83	0.0716865773944286
-0.81	0.0574498297223997
-0.79	0.047083985915367
-0.77	0.0393033837883317
-0.75	0.0333149796825556
-0.73	0.0286080532483577
-0.71	0.0248416564109824
-0.69	0.0217811333470943
-0.67	0.0192607006890322
-0.65	0.0171605414065099
-0.63	0.0153923180162779
-0.61	0.0138897455674251
-0.59	0.01260230106412
-0.57	0.01149093104131
-0.55	0.0105250635201199
-0.53	0.00968049025442411
-0.51	0.00893784118850041
-0.49	0.0082814691554163
-0.47	0.00769862341626819
-0.45	0.00717882961053932
-0.429999999999999	0.0067134192383998
-0.409999999999999	0.00629516884021041
-0.389999999999999	0.00591802059132838
-0.369999999999999	0.00557686397676924
-0.349999999999999	0.00526736375131184
-0.329999999999999	0.00498582330344485
-0.309999999999999	0.004729075337519
-0.289999999999999	0.00449439380838134
-0.269999999999999	0.00427942251732161
-0.249999999999999	0.00408211686481146
-0.229999999999999	0.00390069606396626
-0.209999999999999	0.0037336037249713
-0.189999999999999	0.00357947517937407
-0.169999999999999	0.00343711026265369
-0.149999999999999	0.00330545054175642
-0.129999999999999	0.00318356018173491
-0.109999999999999	0.00307060980695142
-0.0899999999999994	0.00296586283865786
-0.0699999999999994	0.00286866389033723
-0.0499999999999994	0.00277842888099768
-0.0299999999999994	0.00269463658948811
-0.00999999999999938	0.00261682142326098
0.0100000000000006	0.00254456721556864
0.0300000000000006	0.00247750189799394
0.0500000000000006	0.00241529292202813
0.0700000000000006	0.00235764332541949
0.0900000000000006	0.00230428835721241
0.110000000000001	0.00225499259056581
0.130000000000001	0.00220954746521863
0.150000000000001	0.00216776921245572
0.170000000000001	0.00212949712470192
0.190000000000001	0.00209459214049105
0.210000000000001	0.00206293572298071
0.230000000000001	0.00203442901737909
0.250000000000001	0.00200899227960067
0.270000000000001	0.00198656457543505
0.290000000000001	0.00196710375698947
0.310000000000001	0.00195058673122074
0.330000000000001	0.00193701004482161
0.350000000000001	0.00192639082064109
0.370000000000001	0.00191876809427839
0.390000000000001	0.00191420461626168
0.410000000000001	0.00191278920629688
0.430000000000001	0.00191463977365716
0.450000000000001	0.00191990715360919
0.470000000000001	0.00192877995764625
0.490000000000001	0.00194149069944944
0.510000000000001	0.00195832354621105
0.530000000000001	0.0019796241656705
0.550000000000001	0.00200581230825791
0.570000000000001	0.00203739800302521
0.590000000000001	0.00207500259051969
0.610000000000001	0.00211938631871138
0.630000000000001	0.00217148497575316
0.650000000000001	0.00223245916535859
0.670000000000001	0.0023037615797699
0.690000000000001	0.00238723039033915
0.710000000000001	0.00248522135633037
0.730000000000001	0.0026007987207331
0.750000000000001	0.0027380178066629
0.770000000000001	0.00290235512506706
0.790000000000001	0.00310138432759157
0.810000000000001	0.00334587914706739
0.830000000000001	0.0036516949552633
0.850000000000001	0.00404315564064321
0.870000000000001	0.00455956691216902
0.890000000000001	0.00526883510960608
0.910000000000001	0.00629924452095398
0.930000000000001	0.00792571021209502
0.950000000000001	0.0108630377888155
0.970000000000001	0.0177322224245397
0.990000000000001	0.0521223368164721
