# Program settings for SigmaNu
# Electroweak scheme and input parameters
# Scheme = Complex mass scheme
# alpha_GF = 0.00755898078237864
# Pole masses/widths for particles [GeV]
# mw = 80.35797361
# gw = 2.084298894
# mz = 91.15348062
# gz = 2.494266379
# s^2_thetaw (derived) = (0.222868505240788,-0.00110716741475141)
# charged leptons
# m_e = 0.0005109989461
# m_m = 0.10565837
# m_t = 1.77686
# quarks
# m_d = 0.05
# m_u = 0.05
# m_s = 0.2
# m_c = 1.51
# m_b = 4.92
# m_t = 173
# Ecms (default) = 9972.96

# channel_id = 28
# process  = nu_e A -> W+ e-
-0.99	122.924856699857
-0.97	13.8962105007193
-0.95	5.02096474755712
-0.93	2.56631866835164
-0.91	1.5544034425412
-0.89	1.04165833941281
-0.87	0.746564092566088
-0.85	0.561338986759429
-0.83	0.437513058127732
-0.81	0.350671328098725
-0.79	0.287429908270443
-0.77	0.239953827776735
-0.75	0.203408946590275
-0.73	0.174681415010899
-0.71	0.151692108778847
-0.69	0.133009862355575
-0.67	0.11762342983191
-0.65	0.104801866790477
-0.63	0.0940062153588822
-0.61	0.0848320265392584
-0.59	0.0769710008635206
-0.57	0.0701848106029514
-0.55	0.0642868750015782
-0.53	0.0591294424182849
-0.51	0.0545942840526628
-0.49	0.0505858897439357
-0.47	0.0470264255691289
-0.45	0.0438519505533866
-0.429999999999999	0.0410095455928799
-0.409999999999999	0.0384551116243587
-0.389999999999999	0.0361516645275479
-0.369999999999999	0.0340680027104682
-0.349999999999999	0.0321776571232254
-0.329999999999999	0.0304580573126592
-0.309999999999999	0.0288898641853434
-0.289999999999999	0.0274564324687954
-0.269999999999999	0.0261433748560446
-0.249999999999999	0.0249382064490316
-0.229999999999999	0.0238300530480945
-0.209999999999999	0.0228094105347909
-0.189999999999999	0.0218679453937237
-0.169999999999999	0.0209983285516985
-0.149999999999999	0.0201940963499227
-0.129999999999999	0.0194495337305158
-0.109999999999999	0.0187595757034114
-0.0899999999999994	0.018119723930827
-0.0699999999999994	0.0175259758739152
-0.0499999999999994	0.0169747644275394
-0.0299999999999994	0.0164629063526437
-0.00999999999999938	0.0159875581230947
0.0100000000000006	0.0155461780515696
0.0300000000000006	0.0151364937598078
0.0500000000000006	0.0147564742223129
0.0700000000000006	0.0144043057468744
0.0900000000000006	0.0140783713664613
0.110000000000001	0.0137772332095674
0.130000000000001	0.0134996174942117
0.150000000000001	0.0132444018573791
0.170000000000001	0.0130106047894245
0.190000000000001	0.0127973769941639
0.210000000000001	0.0126039945417723
0.230000000000001	0.0124298537252227
0.250000000000001	0.0122744675732462
0.270000000000001	0.0121374640157022
0.290000000000001	0.0120185857424956
0.310000000000001	0.011917691846995
0.330000000000001	0.0118347614018066
0.350000000000001	0.0117698991822666
0.370000000000001	0.0117233438347945
0.390000000000001	0.011695478889509
0.410000000000001	0.0116868471460079
0.430000000000001	0.0116981691289342
0.450000000000001	0.0117303665294444
0.470000000000001	0.0117845918407363
0.490000000000001	0.0118622657882505
0.510000000000001	0.0119651246904879
0.530000000000001	0.0120952806245956
0.550000000000001	0.0122552983030293
0.570000000000001	0.01244829403045
0.590000000000001	0.0126780642137883
0.610000000000001	0.0129492539722236
0.630000000000001	0.013267580961703
0.650000000000001	0.013640136444968
0.670000000000001	0.0140757963261044
0.690000000000001	0.0145857917617131
0.710000000000001	0.0151845163385834
0.730000000000001	0.015890692436614
0.750000000000001	0.0167290978770121
0.770000000000001	0.0177331938559898
0.790000000000001	0.0189492549790591
0.810000000000001	0.0204431081647466
0.830000000000001	0.0223116288564486
0.850000000000001	0.0247034346534645
0.870000000000001	0.0278586812292414
0.890000000000001	0.0321922724907704
0.910000000000001	0.0384880181899712
0.930000000000001	0.0484256338294179
0.950000000000001	0.0663725412074365
0.970000000000001	0.108342872468961
0.990000000000001	0.318464526414066
