# Program settings for SigmaNu
# Electroweak scheme and input parameters
# Scheme = Complex mass scheme
# alpha_GF = 0.00755898078237864
# Pole masses/widths for particles [GeV]
# mw = 80.35797361
# gw = 2.084298894
# mz = 91.15348062
# gz = 2.494266379
# s^2_thetaw (derived) = (0.222868505240788,-0.00110716741475141)
# charged leptons
# m_e = 0.0005109989461
# m_m = 0.10565837
# m_t = 1.77686
# quarks
# m_d = 0.05
# m_u = 0.05
# m_s = 0.2
# m_c = 1.51
# m_b = 4.92
# m_t = 173
# Ecms (default) = 46154.2

# channel_id = 28
# process  = nu_e A -> W+ e-
-0.99	5.88191553986285
-0.97	0.65414095843142
-0.95	0.235577398091041
-0.93	0.1202386325502
-0.91	0.0727706809161786
-0.89	0.0487417446687637
-0.87	0.0349214826862862
-0.85	0.0262506841985609
-0.83	0.0204560700269384
-0.81	0.0163932453236289
-0.79	0.0134351588556122
-0.77	0.0112148655011565
-0.75	0.00950602817036006
-0.73	0.00816289004751234
-0.71	0.00708814883891516
-0.69	0.00621483815390485
-0.67	0.00549564738778351
-0.65	0.00489638417872707
-0.63	0.0043918398867072
-0.61	0.00396309918381572
-0.59	0.00359574479598316
-0.57	0.00327863251412638
-0.55	0.00300303846651775
-0.53	0.00276205476252567
-0.51	0.00255015414435888
-0.49	0.00236287171376915
-0.47	0.00219656908748153
-0.45	0.00204825745712651
-0.429999999999999	0.00191546332137598
-0.409999999999999	0.00179612552227744
-0.389999999999999	0.00168851551480726
-0.369999999999999	0.00159117506645338
-0.349999999999999	0.00150286716491377
-0.329999999999999	0.00142253702866834
-0.309999999999999	0.00134928091302001
-0.289999999999999	0.00128232098068934
-0.269999999999999	0.00122098492679944
-0.249999999999999	0.00116468935820158
-0.229999999999999	0.00111292615779253
-0.209999999999999	0.00106525123750004
-0.189999999999999	0.00102127521447772
-0.169999999999999	0.000980655644819253
-0.149999999999999	0.000943090525628228
-0.129999999999999	0.000908312835495615
-0.109999999999999	0.000876085929453251
-0.0899999999999994	0.000846199640564484
-0.0699999999999994	0.000818466968659485
-0.0499999999999994	0.000792721259295959
-0.0299999999999994	0.000768813793890245
-0.00999999999999938	0.000746611726381847
0.0100000000000006	0.000725996313356589
0.0300000000000006	0.000706861393926191
0.0500000000000006	0.000689112083354569
0.0700000000000006	0.000672663650635297
0.0900000000000006	0.000657440555513899
0.110000000000001	0.000643375624670425
0.130000000000001	0.000630409350492438
0.150000000000001	0.000618489299009673
0.170000000000001	0.000607569616142837
0.190000000000001	0.000597610623930871
0.210000000000001	0.000588578500543745
0.230000000000001	0.000580445039846994
0.250000000000001	0.000573187488372655
0.270000000000001	0.000566788459462426
0.290000000000001	0.000561235926531897
0.310000000000001	0.000556523299668422
0.330000000000001	0.000552649592485138
0.350000000000001	0.000549619689279251
0.370000000000001	0.000547444726366528
0.390000000000001	0.000546142606249681
0.410000000000001	0.000545738669301462
0.430000000000001	0.000546266555503655
0.450000000000001	0.000547769298994219
0.470000000000001	0.000550300711909532
0.490000000000001	0.000553927132150213
0.510000000000001	0.000558729634912795
0.530000000000001	0.000564806842151559
0.550000000000001	0.000572278512358527
0.570000000000001	0.000581290161445312
0.590000000000001	0.000592019063603515
0.610000000000001	0.000604682124697088
0.630000000000001	0.000619546333953417
0.650000000000001	0.000636942822686841
0.670000000000001	0.000657286057955332
0.690000000000001	0.000681100487780903
0.710000000000001	0.000709058233095976
0.730000000000001	0.000742033552176502
0.750000000000001	0.000781183468171875
0.770000000000001	0.00082807048298949
0.790000000000001	0.000884855433317598
0.810000000000001	0.000954612170250073
0.830000000000001	0.00104186438614963
0.850000000000001	0.0011535519239739
0.870000000000001	0.00130088908640221
0.890000000000001	0.00150325021560325
0.910000000000001	0.00179723607231865
0.930000000000001	0.00226128261096616
0.950000000000001	0.00309933085517798
0.970000000000001	0.00505917633767713
0.990000000000001	0.0148710119885972
