# Program settings for SigmaNu
# Electroweak scheme and input parameters
# Scheme = Complex mass scheme
# alpha_GF = 0.00755898078237864
# Pole masses/widths for particles [GeV]
# mw = 80.35797361
# gw = 2.084298894
# mz = 91.15348062
# gz = 2.494266379
# s^2_thetaw (derived) = (0.222868505240788,-0.00110716741475141)
# charged leptons
# m_e = 0.0005109989461
# m_m = 0.10565837
# m_t = 1.77686
# quarks
# m_d = 0.05
# m_u = 0.05
# m_s = 0.2
# m_c = 1.51
# m_b = 4.92
# m_t = 173
# Ecms (default) = 2969.64

# channel_id = 28
# process  = nu_e A -> W+ e-
-0.99	1082.89852344975
-0.97	143.7972730952
-0.95	53.762257981947
-0.93	27.8903210946676
-0.91	17.0339894757176
-0.89	11.475835437441
-0.87	8.25518996781904
-0.85	6.22388241099661
-0.83	4.86102480730241
-0.81	3.90255300481278
-0.79	3.20300112836052
-0.77	2.67688290347342
-0.75	2.27128792469536
-0.73	1.95204595808612
-0.71	1.69629149277057
-0.69	1.48825562061785
-0.67	1.31677820581338
-0.65	1.17378115557548
-0.63	1.05330073992711
-0.61	0.950856681821092
-0.59	0.863030439748245
-0.57	0.787177009295961
-0.55	0.721224029348885
-0.53	0.663529225344382
-0.51	0.612777602891306
-0.49	0.567906211249535
-0.47	0.528048339785825
-0.45	0.492491615818671
-0.429999999999999	0.460646182632119
-0.409999999999999	0.432020278769816
-0.389999999999999	0.40620131484615
-0.369999999999999	0.382841077820725
-0.349999999999999	0.361644065180854
-0.329999999999999	0.342358214754579
-0.309999999999999	0.324767484155774
-0.289999999999999	0.308685869991982
-0.269999999999999	0.293952556405149
-0.249999999999999	0.280427955856994
-0.229999999999999	0.267990459656182
-0.209999999999999	0.256533756698666
-0.189999999999999	0.24596460989856
-0.169999999999999	0.23620100342934
-0.149999999999999	0.227170592053717
-0.129999999999999	0.218809397863473
-0.109999999999999	0.211060710681917
-0.0899999999999994	0.203874156944598
-0.0699999999999994	0.197204908621993
-0.0499999999999994	0.191013009096932
-0.0299999999999994	0.185262797173633
-0.00999999999999938	0.179922413813591
0.0100000000000006	0.174963378949311
0.0300000000000006	0.170360227961247
0.0500000000000006	0.166090199225799
0.0700000000000006	0.162132965638605
0.0900000000000006	0.158470404254969
0.110000000000001	0.155086399221637
0.130000000000001	0.151966674044411
0.150000000000001	0.149098649979179
0.170000000000001	0.146471327978684
0.190000000000001	0.144075192198869
0.210000000000001	0.141902133587921
0.230000000000001	0.139945392568397
0.250000000000001	0.138199520296973
0.270000000000001	0.13666035846682
0.290000000000001	0.135325038125606
0.310000000000001	0.134191998541568
0.330000000000001	0.133261027790714
0.350000000000001	0.132533327495677
0.370000000000001	0.132011605069074
0.390000000000001	0.131700197963235
0.410000000000001	0.13160523588809
0.430000000000001	0.131734848845808
0.450000000000001	0.132099431304072
0.470000000000001	0.132711976116785
0.490000000000001	0.133588496223796
0.510000000000001	0.134748558187917
0.530000000000001	0.136215959943008
0.550000000000001	0.138019596752072
0.570000000000001	0.140194575850076
0.590000000000001	0.142783663942056
0.610000000000001	0.145839186346376
0.630000000000001	0.149425548023182
0.650000000000001	0.153622624627612
0.670000000000001	0.158530392107959
0.690000000000001	0.164275353639389
0.710000000000001	0.171019631044185
0.730000000000001	0.178974101776388
0.750000000000001	0.188417846495115
0.770000000000001	0.199727747974605
0.790000000000001	0.213425008436386
0.810000000000001	0.230251051039588
0.830000000000001	0.251297003774616
0.850000000000001	0.278236775519776
0.870000000000001	0.31377528454749
0.890000000000001	0.362585669332362
0.910000000000001	0.433496120200964
0.930000000000001	0.545425572813898
0.950000000000001	0.747565075728169
0.970000000000001	1.22028464308269
0.990000000000001	3.58692238048839
