# Program settings for SigmaNu
# Electroweak scheme and input parameters
# Scheme = Complex mass scheme
# alpha_GF = 0.00755898078237864
# Pole masses/widths for particles [GeV]
# mw = 80.35797361
# gw = 2.084298894
# mz = 91.15348062
# gz = 2.494266379
# s^2_thetaw (derived) = (0.222868505240788,-0.00110716741475141)
# charged leptons
# m_e = 0.0005109989461
# m_m = 0.10565837
# m_t = 1.77686
# quarks
# m_d = 0.05
# m_u = 0.05
# m_s = 0.2
# m_c = 1.51
# m_b = 4.92
# m_t = 173
# Ecms (default) = 1102.87

# channel_id = 28
# process  = nu_e A -> W+ e-
-0.99	2425.83894906784
-0.97	626.806259691274
-0.95	281.744298470618
-0.93	159.415675721063
-0.91	102.411453820593
-0.89	71.3164589422504
-0.87	52.5138963898127
-0.85	40.285410836404
-0.83	31.8888456992895
-0.81	25.875855422311
-0.79	21.4229284345595
-0.77	18.0337590084256
-0.75	15.3947858243945
-0.73	13.3000138969007
-0.71	11.6095915617099
-0.69	10.2258701551244
-0.67	9.07899530104087
-0.65	8.1179271367207
-0.63	7.30467161755159
-0.61	6.61047463942819
-0.59	6.01325122762483
-0.57	5.4958121041849
-0.55	5.04461701726456
-0.53	4.6488833202907
-0.51	4.29993864851661
-0.49	3.99074418871413
-0.47	3.71553903272195
-0.45	3.46957170272042
-0.429999999999999	3.24889525880959
-0.409999999999999	3.05020934539028
-0.389999999999999	2.87073727848261
-0.369999999999999	2.70812956455831
-0.349999999999999	2.56038755020387
-0.329999999999999	2.42580254272581
-0.309999999999999	2.30290692123708
-0.289999999999999	2.19043461461791
-0.269999999999999	2.08728895148428
-0.249999999999999	1.99251635299221
-0.229999999999999	1.90528468728896
-0.209999999999999	1.82486536661852
-0.189999999999999	1.75061846720301
-0.169999999999999	1.68198030436192
-0.149999999999999	1.61845301270888
-0.129999999999999	1.55959577231631
-0.109999999999999	1.50501739282006
-0.0899999999999994	1.45437002327037
-0.0699999999999994	1.4073437996536
-0.0499999999999994	1.36366227706901
-0.0299999999999994	1.32307852156253
-0.00999999999999938	1.28537175913486
0.0100000000000006	1.25034449763412
0.0300000000000006	1.21782005202937
0.0500000000000006	1.18764041565067
0.0700000000000006	1.15966442993125
0.0900000000000006	1.13376621343855
0.110000000000001	1.10983381788338
0.130000000000001	1.08776808463287
0.150000000000001	1.06748168025516
0.170000000000001	1.0488982939825
0.190000000000001	1.03195198386101
0.210000000000001	1.01658666190364
0.230000000000001	1.00275571191282
0.250000000000001	0.990421736921432
0.270000000000001	0.979556436550208
0.290000000000001	0.970140618143098
0.310000000000001	0.962164349491917
0.330000000000001	0.955627265502719
0.350000000000001	0.950539046550485
0.370000000000001	0.946920092851989
0.390000000000001	0.944802427406694
0.410000000000001	0.94423087051554
0.430000000000001	0.945264542415984
0.450000000000001	0.947978768320985
0.470000000000001	0.952467483744423
0.490000000000001	0.958846269755712
0.510000000000001	0.967256191089683
0.530000000000001	0.977868669768621
0.550000000000001	0.990891710401019
0.570000000000001	1.00657791168161
0.590000000000001	1.02523486884623
0.610000000000001	1.04723882054538
0.630000000000001	1.073052763227
0.650000000000001	1.10325081576759
0.670000000000001	1.13855148193604
0.690000000000001	1.17986382522754
0.710000000000001	1.22835278595345
0.730000000000001	1.28553356266797
0.750000000000001	1.35341133053681
0.770000000000001	1.43469388970478
0.790000000000001	1.53312586036935
0.810000000000001	1.65403398201447
0.830000000000001	1.80525736398821
0.850000000000001	1.9988219719687
0.870000000000001	2.2541608316007
0.890000000000001	2.60484722193892
0.910000000000001	3.11430550534364
0.930000000000001	3.91845486187954
0.950000000000001	5.37069805466059
0.970000000000001	8.76686536121451
0.990000000000001	25.7694859693353
