# Program settings for SigmaNu
# Electroweak scheme and input parameters
# Scheme = Complex mass scheme
# alpha_GF = 0.00755898078237864
# Pole masses/widths for particles [GeV]
# mw = 80.35797361
# gw = 2.084298894
# mz = 91.15348062
# gz = 2.494266379
# s^2_thetaw (derived) = (0.222868505240788,-0.00110716741475141)
# charged leptons
# m_e = 0.0005109989461
# m_m = 0.10565837
# m_t = 1.77686
# quarks
# m_d = 0.05
# m_u = 0.05
# m_s = 0.2
# m_c = 1.51
# m_b = 4.92
# m_t = 173
# Ecms (default) = 817.599

# channel_id = 28
# process  = nu_e A -> W+ e-
-0.99	2176.35051428169
-0.97	773.226960311869
-0.95	392.355184005786
-0.93	236.680149728479
-0.91	158.189524906811
-0.89	113.16420673289
-0.87	84.9682867351258
-0.85	66.1516931757429
-0.83	52.9731410149802
-0.81	43.3864925378434
-0.79	36.1961390517404
-0.77	30.6655003703603
-0.75	26.3207075735588
-0.73	22.8456895125858
-0.71	20.0230742234409
-0.69	17.6993888254989
-0.67	15.7637764996145
-0.65	14.1345469419235
-0.63	12.7504304579132
-0.61	11.5647455189084
-0.59	10.5414211654332
-0.57	9.65222950861053
-0.55	8.87482517713854
-0.53	8.19133359890096
-0.51	7.58731930404019
-0.49	7.05102168192151
-0.47	6.57278179325841
-0.45	6.14460754130649
-0.429999999999999	5.75984031092121
-0.409999999999999	5.41289689252043
-0.389999999999999	5.09906787085384
-0.369999999999999	4.81435879069681
-0.349999999999999	4.55536403461903
-0.329999999999999	4.31916593602381
-0.309999999999999	4.1032535198912
-0.289999999999999	3.90545662774988
-0.269999999999999	3.72389218855615
-0.249999999999999	3.5569201446014
-0.229999999999999	3.40310710216921
-0.209999999999999	3.26119620054619
-0.189999999999999	3.13008201596599
-0.169999999999999	3.00878956494835
-0.149999999999999	2.89645666306257
-0.129999999999999	2.79231904416659
-0.109999999999999	2.69569776182889
-0.0899999999999994	2.60598848651127
-0.0699999999999994	2.52265238486379
-0.0499999999999994	2.44520832545379
-0.0299999999999994	2.37322620168611
-0.00999999999999938	2.30632120007085
0.0100000000000006	2.24414887228331
0.0300000000000006	2.18640089413186
0.0500000000000006	2.13280141476636
0.0700000000000006	2.08310391613926
0.0900000000000006	2.03708851659666
0.110000000000001	1.99455966410836
0.130000000000001	1.95534417451157
0.150000000000001	1.91928957862727
0.170000000000001	1.8862627495337
0.190000000000001	1.85614878792364
0.210000000000001	1.82885014957931
0.230000000000001	1.80428600479894
0.250000000000001	1.78239182532991
0.270000000000001	1.7631192002386
0.290000000000001	1.74643588843829
0.310000000000001	1.73232612260535
0.330000000000001	1.72079118730967
0.350000000000001	1.71185030383484
0.370000000000001	1.7055418659708
0.390000000000001	1.70192508583197
0.410000000000001	1.70108212757351
0.430000000000001	1.7031208312405
0.450000000000001	1.70817816096616
0.470000000000001	1.71642455426659
0.490000000000001	1.72806940644333
0.510000000000001	1.74336800215833
0.530000000000001	1.76263031397008
0.550000000000001	1.78623223823543
0.570000000000001	1.81463005226584
0.590000000000001	1.84837918367524
0.610000000000001	1.88815883147048
0.630000000000001	1.93480464516062
0.650000000000001	1.98935267764952
0.670000000000001	2.05309938768023
0.690000000000001	2.12768493330766
0.710000000000001	2.21521099392395
0.730000000000001	2.31841101834859
0.750000000000001	2.4409022515872
0.770000000000001	2.58756931272467
0.790000000000001	2.76516701893966
0.810000000000001	2.98330399966954
0.830000000000001	3.2561206870234
0.850000000000001	3.60530976101527
0.870000000000001	4.06592476401153
0.890000000000001	4.69852545678211
0.910000000000001	5.61751706244103
0.930000000000001	7.06807116552019
0.950000000000001	9.6876568897008
0.970000000000001	15.8136969714887
0.990000000000001	46.4830972270789
