# Program settings for SigmaNu
# Electroweak scheme and input parameters
# Scheme = Complex mass scheme
# alpha_GF = 0.00755898078237864
# Pole masses/widths for particles [GeV]
# mw = 80.35797361
# gw = 2.084298894
# mz = 91.15348062
# gz = 2.494266379
# s^2_thetaw (derived) = (0.222868505240788,-0.00110716741475141)
# charged leptons
# m_e = 0.0005109989461
# m_m = 0.10565837
# m_t = 1.77686
# quarks
# m_d = 0.05
# m_u = 0.05
# m_s = 0.2
# m_c = 1.51
# m_b = 4.92
# m_t = 173
# Ecms (default) = 365.448

# channel_id = 28
# process  = nu_e A -> W+ e-
-0.99	793.276910713379
-0.97	570.567686037767
-0.95	430.055736011742
-0.93	335.764083360232
-0.91	269.443219992826
-0.89	221.035601446474
-0.87	184.628781614346
-0.85	156.562459244327
-0.83	134.472333343317
-0.81	116.776080838859
-0.79	102.382361701262
-0.77	90.518744136859
-0.75	80.6260861539703
-0.73	72.2915816169745
-0.71	65.2051019881661
-0.69	59.1300109321517
-0.67	53.8832175476407
-0.65	49.3212711612908
-0.63	45.3304934704747
-0.61	41.8198619125605
-0.59	38.7158013388793
-0.57	35.9583208534883
-0.55	33.4981129576661
-0.53	31.2943505049202
-0.51	29.3129960308455
-0.49	27.5254916713104
-0.47	25.9077348244346
-0.45	24.4392704964529
-0.429999999999999	23.1026494966242
-0.409999999999999	21.8829146801616
-0.389999999999999	20.7671868621115
-0.369999999999999	19.7443289092559
-0.349999999999999	18.8046715945872
-0.329999999999999	17.9397885779051
-0.309999999999999	17.1423107127549
-0.289999999999999	16.4057720264536
-0.269999999999999	15.7244813566534
-0.249999999999999	15.0934148848833
-0.229999999999999	14.5081257795196
-0.209999999999999	13.9646679171679
-0.189999999999999	13.4595312439352
-0.169999999999999	12.9895868048492
-0.149999999999999	12.5520398395084
-0.129999999999999	12.144389636669
-0.109999999999999	11.7643950764237
-0.0899999999999994	11.4100449785572
-0.0699999999999994	11.0795325293341
-0.0499999999999994	10.7712331839155
-0.0299999999999994	10.4836855437196
-0.00999999999999938	10.2155747919247
0.0100000000000006	9.96571833961692
0.0300000000000006	9.73305339267884
0.0500000000000006	9.51662619771654
0.0700000000000006	9.31558276598187
0.0900000000000006	9.12916090888179
0.110000000000001	8.95668344852373
0.130000000000001	8.79755249287246
0.150000000000001	8.65124468838909
0.170000000000001	8.51730738428219
0.190000000000001	8.3953556624545
0.210000000000001	8.2850702065814
0.230000000000001	8.18619600322247
0.250000000000001	8.09854188821193
0.270000000000001	8.02198097366062
0.290000000000001	7.95645201575538
0.310000000000001	7.90196181241523
0.330000000000001	7.85858875434759
0.350000000000001	7.82648769520374
0.370000000000001	7.80589635908466
0.390000000000001	7.79714357025632
0.410000000000001	7.80065967558096
0.430000000000001	7.81698964172739
0.450000000000001	7.84680945627958
0.470000000000001	7.89094665795943
0.490000000000001	7.95040608567943
0.510000000000001	8.02640229707836
0.530000000000001	8.12040060570582
0.550000000000001	8.23416938334809
0.570000000000001	8.3698472626787
0.590000000000001	8.53003029767705
0.610000000000001	8.71788621749534
0.630000000000001	8.93730599831191
0.650000000000001	9.1931076547392
0.670000000000001	9.49131438013703
0.690000000000001	9.83954058940954
0.710000000000001	10.2475379326805
0.730000000000001	10.7279842059747
0.750000000000001	11.2976511600534
0.770000000000001	11.9791818202778
0.790000000000001	12.8038836376046
0.810000000000001	13.8162859572736
0.830000000000001	15.0819147518525
0.850000000000001	16.701287377273
0.870000000000001	18.8368258157099
0.890000000000001	21.7691300917165
0.910000000000001	26.0282832154294
0.930000000000001	32.7502506755872
0.950000000000001	44.8886391817523
0.970000000000001	73.2734910906114
0.990000000000001	215.37561390036
