# Program settings for SigmaNu
# Electroweak scheme and input parameters
# Scheme = Complex mass scheme
# alpha_GF = 0.00755898078237864
# Pole masses/widths for particles [GeV]
# mw = 80.35797361
# gw = 2.084298894
# mz = 91.15348062
# gz = 2.494266379
# s^2_thetaw (derived) = (0.222868505240788,-0.00110716741475141)
# charged leptons
# m_e = 0.0005109989461
# m_m = 0.10565837
# m_t = 1.77686
# quarks
# m_d = 0.05
# m_u = 0.05
# m_s = 0.2
# m_c = 1.51
# m_b = 4.92
# m_t = 173
# Ecms (default) = 7883.06

# channel_id = 28
# process  = nu_e A -> W+ e-
-0.99	193.755278216475
-0.97	22.12719839977
-0.95	8.01147244007421
-0.93	4.09845910415413
-0.91	2.48363570553972
-0.89	1.66489103639885
-0.87	1.19349905839721
-0.85	0.897531057077087
-0.83	0.699629801817143
-0.81	0.560814698350927
-0.79	0.459711071968917
-0.77	0.383803273466233
-0.75	0.325367782486952
-0.73	0.279428832697286
-0.71	0.242663667389905
-0.69	0.212784815736228
-0.67	0.188175822877031
-0.65	0.167668193361625
-0.63	0.150400280812482
-0.61	0.135725440087319
-0.59	0.123150724390597
-0.57	0.112295046553697
-0.55	0.102860049110482
-0.53	0.0946094554057367
-0.51	0.0873541928385003
-0.49	0.0809415152539675
-0.47	0.0752469414492983
-0.45	0.0701682063943624
-0.429999999999999	0.0656206707160902
-0.409999999999999	0.0615338000912468
-0.389999999999999	0.0578484387885617
-0.369999999999999	0.0545146790600548
-0.349999999999999	0.0514901820988333
-0.329999999999999	0.0487388444303248
-0.309999999999999	0.0462297308666654
-0.289999999999999	0.0439362148521859
-0.269999999999999	0.0418352814082014
-0.249999999999999	0.0399069584851022
-0.229999999999999	0.0381338504145321
-0.209999999999999	0.0365007530699745
-0.189999999999999	0.03499433481824
-0.169999999999999	0.0336028707544346
-0.149999999999999	0.0323160203308577
-0.129999999999999	0.0311246405140703
-0.109999999999999	0.0300206281789919
-0.0899999999999994	0.0289967866819721
-0.0699999999999994	0.0280467125261103
-0.0499999999999994	0.027164698801816
-0.0299999999999994	0.0263456526989362
-0.00999999999999938	0.0255850248783458
0.0100000000000006	0.024878748887075
0.0300000000000006	0.0242231891220452
0.0500000000000006	0.0236150961094062
0.0700000000000006	0.0230515680812802
0.0900000000000006	0.022530018009425
0.110000000000001	0.0220481454034816
0.130000000000001	0.0216039123062648
0.150000000000001	0.021195523025163
0.170000000000001	0.0208214072310095
0.190000000000001	0.0204802061377123
0.210000000000001	0.0201707615501741
0.230000000000001	0.0198921076377075
0.250000000000001	0.0196434653578916
0.270000000000001	0.0194242395243348
0.290000000000001	0.0192340185842898
0.310000000000001	0.0190725772516807
0.330000000000001	0.0189398822323648
0.350000000000001	0.0188361013861814
0.370000000000001	0.0187616168015022
0.390000000000001	0.0187170424213946
0.410000000000001	0.0187032470680256
0.430000000000001	0.0187213839800227
0.450000000000001	0.0187729283291487
0.470000000000001	0.0188597246496024
0.490000000000001	0.0189840467417658
0.510000000000001	0.0191486734686462
0.530000000000001	0.0193569850447662
0.550000000000001	0.0196130860691614
0.570000000000001	0.0199219638951567
0.590000000000001	0.0202896942966205
0.610000000000001	0.0207237113093888
0.630000000000001	0.0212331654372402
0.650000000000001	0.021829405480452
0.670000000000001	0.0225266363498885
0.690000000000001	0.0233428322652188
0.710000000000001	0.0243010285506968
0.730000000000001	0.0254311882658209
0.750000000000001	0.0267729655084001
0.770000000000001	0.028379911121964
0.790000000000001	0.0303260823431904
0.810000000000001	0.0327168276463287
0.830000000000001	0.0357071851148759
0.850000000000001	0.0395350002301196
0.870000000000001	0.0445846146843722
0.890000000000001	0.051520034719107
0.910000000000001	0.0615956581637029
0.930000000000001	0.0774996774776049
0.950000000000001	0.106221651478867
0.970000000000001	0.173390366106902
0.990000000000001	0.509666030177098
