# Program settings for SigmaNu
# Electroweak scheme and input parameters
# Scheme = Complex mass scheme
# alpha_GF = 0.00755898078237864
# Pole masses/widths for particles [GeV]
# mw = 80.35797361
# gw = 2.084298894
# mz = 91.15348062
# gz = 2.494266379
# s^2_thetaw (derived) = (0.222868505240788,-0.00110716741475141)
# charged leptons
# m_e = 0.0005109989461
# m_m = 0.10565837
# m_t = 1.77686
# quarks
# m_d = 0.05
# m_u = 0.05
# m_s = 0.2
# m_c = 1.51
# m_b = 4.92
# m_t = 173
# Ecms (default) = 1005.29

# channel_id = 28
# process  = nu_e A -> W+ e-
-0.99	2390.39592563922
-0.97	680.122563115975
-0.95	316.257656174151
-0.93	182.070803824553
-0.91	118.201661267639
-0.89	82.8954135027
-0.87	61.3501306039059
-0.85	47.2438511173066
-0.83	37.5083465000904
-0.81	30.5083874916098
-0.79	25.3076539621878
-0.77	21.3386671576026
-0.75	18.2412383026774
-0.73	15.7778242669067
-0.71	13.7866253307234
-0.69	12.1543490987817
-0.67	10.7997514433937
-0.65	9.66334276357365
-0.63	8.70075480538772
-0.61	7.87835254798066
-0.59	7.17026293958433
-0.57	6.55632078776404
-0.55	6.02062197083634
-0.53	5.55048710232482
-0.51	5.13570776928357
-0.49	4.76799060187689
-0.47	4.44054198624574
-0.45	4.14775418036151
-0.429999999999999	3.88496549323518
-0.409999999999999	3.64827520939263
-0.389999999999999	3.43439942980676
-0.369999999999999	3.24055780984756
-0.349999999999999	3.06438385296399
-0.329999999999999	2.90385332457902
-0.309999999999999	2.75722672221482
-0.289999999999999	2.62300273540073
-0.269999999999999	2.49988036165602
-0.249999999999999	2.38672788810005
-0.229999999999999	2.28255735456423
-0.209999999999999	2.18650342050082
-0.189999999999999	2.09780579087758
-0.169999999999999	2.01579453457014
-0.149999999999999	1.93987776626624
-0.129999999999999	1.86953126963105
-0.109999999999999	1.80428972286712
-0.0899999999999994	1.74373925334187
-0.0699999999999994	1.68751109977482
-0.0499999999999994	1.63527620168095
-0.0299999999999994	1.58674056871392
-0.00999999999999938	1.54164130904419
0.0100000000000006	1.49974321732509
0.0300000000000006	1.46083584021637
0.0500000000000006	1.42473095168304
0.0700000000000006	1.39126038202094
0.0900000000000006	1.3602741542966
0.110000000000001	1.33163889003939
0.130000000000001	1.30523645292111
0.150000000000001	1.28096280507382
0.170000000000001	1.25872705585776
0.190000000000001	1.2384506874915
0.210000000000001	1.22006694616847
0.230000000000001	1.20352039126585
0.250000000000001	1.18876659916004
0.270000000000001	1.17577202215693
0.290000000000001	1.16451400730227
0.310000000000001	1.15498098456065
0.330000000000001	1.14717283928985
0.350000000000001	1.14110149040135
0.370000000000001	1.13679170349292
0.390000000000001	1.1342821781014
0.410000000000001	1.13362696077744
0.430000000000001	1.13489725192468
0.450000000000001	1.13818369565581
0.470000000000001	1.14359927024943
0.490000000000001	1.15128293493031
0.510000000000001	1.16140424067312
0.530000000000001	1.17416918446091
0.550000000000001	1.189827686716
0.570000000000001	1.20868321376403
0.590000000000001	1.2311052716273
0.610000000000001	1.25754579613247
0.630000000000001	1.28856090822162
0.650000000000001	1.32484017546809
0.670000000000001	1.36724655943934
0.690000000000001	1.41687187019902
0.710000000000001	1.47511520977749
0.730000000000001	1.54379632060521
0.750000000000001	1.62532338160745
0.770000000000001	1.72294839002973
0.790000000000001	1.84116851555609
0.810000000000001	1.98638098134388
0.830000000000001	2.16800025491071
0.850000000000001	2.40046903404094
0.870000000000001	2.70712557199465
0.890000000000001	3.12828995118753
0.910000000000001	3.74013210910392
0.930000000000001	4.70588511511751
0.950000000000001	6.44997039340093
0.970000000000001	10.5286239625214
0.990000000000001	30.9480378944304
