# Program settings for SigmaNu
# Electroweak scheme and input parameters
# Scheme = Complex mass scheme
# alpha_GF = 0.00755898078237864
# Pole masses/widths for particles [GeV]
# mw = 80.35797361
# gw = 2.084298894
# mz = 91.15348062
# gz = 2.494266379
# s^2_thetaw (derived) = (0.222868505240788,-0.00110716741475141)
# charged leptons
# m_e = 0.0005109989461
# m_m = 0.10565837
# m_t = 1.77686
# quarks
# m_d = 0.05
# m_u = 0.05
# m_s = 0.2
# m_c = 1.51
# m_b = 4.92
# m_t = 173
# Ecms (default) = 641.677

# channel_id = 28
# process  = nu_e A -> W+ e-
-0.99	1766.20634097991
-0.97	808.910666511113
-0.95	462.045033025646
-0.93	298.515298379936
-0.91	208.661108416495
-0.89	154.056724963791
-0.87	118.41515764809
-0.85	93.8747649538974
-0.83	76.2627552520111
-0.81	63.1974482730696
-0.79	53.2390794995716
-0.77	45.4757374883913
-0.75	39.3070862585774
-0.73	34.3248309905878
-0.71	30.2434549400529
-0.69	26.8584407390204
-0.67	24.0201834481394
-0.65	21.6172041143796
-0.63	19.565058712961
-0.61	17.798836548614
-0.59	16.2679793740349
-0.57	14.9326355723254
-0.55	13.7610507822498
-0.53	12.7276714205601
-0.51	11.8117469011149
-0.49	10.996286126148
-0.47	10.2672692305904
-0.45	9.61304564169904
-0.429999999999999	9.02386977620338
-0.409999999999999	8.49153955121865
-0.389999999999999	8.00911249283936
-0.369999999999999	7.57068097664087
-0.349999999999999	7.17119293498063
-0.329999999999999	6.80630781899486
-0.309999999999999	6.47228011329813
-0.289999999999999	6.16586454428881
-0.269999999999999	5.8842384886764
-0.249999999999999	5.62493810985863
-0.229999999999999	5.38580551943616
-0.209999999999999	5.16494484589709
-0.189999999999999	4.96068554006256
-0.169999999999999	4.771551591862
-0.149999999999999	4.59623560069805
-0.129999999999999	4.43357685070984
-0.109999999999999	4.2825427064965
-0.0899999999999994	4.14221277467752
-0.0699999999999994	4.01176537984643
-0.0499999999999994	3.89046598593801
-0.0299999999999994	3.77765726029407
-0.00999999999999938	3.6727505312501
0.0100000000000006	3.57521843355734
0.0300000000000006	3.48458857149018
0.0500000000000006	3.40043805870187
0.0700000000000006	3.32238881807117
0.0900000000000006	3.25010354495526
0.110000000000001	3.18328225425185
0.130000000000001	3.12165934614619
0.150000000000001	3.06500113792788
0.170000000000001	3.01310382027464
0.190000000000001	2.96579180631959
0.210000000000001	2.92291645100928
0.230000000000001	2.88435512706517
0.250000000000001	2.85001065262469
0.270000000000001	2.81981107472
0.290000000000001	2.79370982255851
0.310000000000001	2.77168625557353
0.330000000000001	2.75374664400076
0.350000000000001	2.73992563504652
0.370000000000001	2.73028827651255
0.390000000000001	2.72493269331586
0.410000000000001	2.72399354242859
0.430000000000001	2.72764641075627
0.450000000000001	2.7361133716999
0.470000000000001	2.74966998430775
0.490000000000001	2.76865411072461
0.510000000000001	2.7934770528022
0.530000000000001	2.82463768149106
0.550000000000001	2.86274047419601
0.570000000000001	2.90851871768908
0.590000000000001	2.96286462666924
0.610000000000001	3.02686884763737
0.630000000000001	3.1018728871973
0.650000000000001	3.18953962314787
0.670000000000001	3.29194955904378
0.690000000000001	3.41173443801083
0.710000000000001	3.55226624145571
0.730000000000001	3.71793028125966
0.750000000000001	3.91452946858743
0.770000000000001	4.1498995969329
0.790000000000001	4.43487630666959
0.810000000000001	4.78487285598851
0.830000000000001	5.22257170631227
0.850000000000001	5.78276947321276
0.870000000000001	6.52169424228488
0.890000000000001	7.5364873406081
0.910000000000001	9.01066092782881
0.930000000000001	11.3374830328919
0.950000000000001	15.5394868674299
0.970000000000001	25.3660176813591
0.990000000000001	74.5613426790723
