# Program settings for SigmaNu
# Electroweak scheme and input parameters
# Scheme = Complex mass scheme
# alpha_GF = 0.00755898078237864
# Pole masses/widths for particles [GeV]
# mw = 80.35797361
# gw = 2.084298894
# mz = 91.15348062
# gz = 2.494266379
# s^2_thetaw (derived) = (0.222868505240788,-0.00110716741475141)
# charged leptons
# m_e = 0.0005109989461
# m_m = 0.10565837
# m_t = 1.77686
# quarks
# m_d = 0.05
# m_u = 0.05
# m_s = 0.2
# m_c = 1.51
# m_b = 4.92
# m_t = 173
# Ecms (default) = 45178

# channel_id = 28
# process  = nu_e A -> W+ e-
-0.99	6.13852891082318
-0.97	0.682703591224391
-0.95	0.24586546533211
-0.93	0.125490038684123
-0.91	0.0759490583190404
-0.89	0.0508706737691714
-0.87	0.0364468010135289
-0.85	0.0273972898477338
-0.83	0.0213495811451155
-0.81	0.0171092998576001
-0.79	0.0140220083301104
-0.77	0.011704734840091
-0.75	0.00992125670893875
-0.73	0.00851945090938944
-0.71	0.00739776523705893
-0.69	0.00648630835775944
-0.67	0.00573570322855021
-0.65	0.00511026401952267
-0.63	0.00458368101076763
-0.61	0.00413621267367487
-0.59	0.00375281200056992
-0.57	0.00342184801125852
-0.55	0.00313421578006926
-0.53	0.00288270568244553
-0.51	0.00266154903140624
-0.49	0.00246608590254563
-0.47	0.00229251898806831
-0.45	0.00213772892819293
-0.429999999999999	0.00199913417859112
-0.409999999999999	0.00187458354935503
-0.389999999999999	0.00176227299198785
-0.369999999999999	0.00166068057773424
-0.349999999999999	0.00156851526095872
-0.329999999999999	0.00148467618666487
-0.309999999999999	0.00140822013400016
-0.289999999999999	0.00133833528920206
-0.269999999999999	0.00127431998059679
-0.249999999999999	0.00121556533194664
-0.229999999999999	0.00116154103114988
-0.209999999999999	0.00111178359195738
-0.189999999999999	0.00106588662290577
-0.169999999999999	0.0010234927217942
-0.149999999999999	0.000984286693924442
-0.129999999999999	0.00094798985410131
-0.109999999999999	0.000914355220444347
-0.0899999999999994	0.000883163445677729
-0.0699999999999994	0.000854219361245613
-0.0499999999999994	0.00082734903303974
-0.0299999999999994	0.000802397246261961
-0.00999999999999938	0.000779225351971924
0.0100000000000006	0.000757709419890052
0.0300000000000006	0.000737738651884878
0.0500000000000006	0.000719214018525795
0.0700000000000006	0.00070204708764663
0.0900000000000006	0.000686159019295538
0.110000000000001	0.000671479705928337
0.130000000000001	0.000657947040564871
0.150000000000001	0.00064550629885029
0.170000000000001	0.000634109623735918
0.190000000000001	0.000623715604079793
0.210000000000001	0.000614288940670248
0.230000000000001	0.000605800195302081
0.250000000000001	0.000598225620611371
0.270000000000001	0.000591547070475757
0.290000000000001	0.000585751992989649
0.310000000000001	0.000580833510397267
0.330000000000001	0.000576790593242981
0.350000000000001	0.000573628339204836
0.370000000000001	0.00057135837107305
0.390000000000001	0.000569999373390445
0.410000000000001	0.000569577793470734
0.430000000000001	0.000570128740775998
0.450000000000001	0.00057169712929723
0.470000000000001	0.00057433912181458
0.490000000000001	0.000578123954034861
0.510000000000001	0.000583136242721787
0.530000000000001	0.000589478917867373
0.550000000000001	0.000597276969317499
0.570000000000001	0.000606682269450256
0.590000000000001	0.000617879836233131
0.610000000000001	0.000631096050478999
0.630000000000001	0.000646609564143396
0.650000000000001	0.000664765973138917
0.670000000000001	0.00068599784941491
0.690000000000001	0.000710852550123702
0.710000000000001	0.000740031556028115
0.730000000000001	0.000774447315053639
0.750000000000001	0.000815307391840177
0.770000000000001	0.000864242542060112
0.790000000000001	0.000923507992798119
0.810000000000001	0.000996311868213706
0.830000000000001	0.00108737546616998
0.850000000000001	0.00120394177823334
0.870000000000001	0.00135771497418071
0.890000000000001	0.00156891571293519
0.910000000000001	0.00187574356239393
0.930000000000001	0.00236006074359438
0.950000000000001	0.00323471690294152
0.970000000000001	0.00528017303769994
0.990000000000001	0.015520612706187
