# Program settings for SigmaNu
# Electroweak scheme and input parameters
# Scheme = Complex mass scheme
# alpha_GF = 0.00755898078237864
# Pole masses/widths for particles [GeV]
# mw = 80.35797361
# gw = 2.084298894
# mz = 91.15348062
# gz = 2.494266379
# s^2_thetaw (derived) = (0.222868505240788,-0.00110716741475141)
# charged leptons
# m_e = 0.0005109989461
# m_m = 0.10565837
# m_t = 1.77686
# quarks
# m_d = 0.05
# m_u = 0.05
# m_s = 0.2
# m_c = 1.51
# m_b = 4.92
# m_t = 173
# Ecms (default) = 202.281

# channel_id = 28
# process  = nu_e A -> W+ e-
-0.99	249.540590531189
-0.97	225.542645594318
-0.95	204.869957505527
-0.93	186.937208553829
-0.91	171.282373664371
-0.89	157.536829844561
-0.87	145.403589276279
-0.85	134.64122764872
-0.83	125.051866437332
-0.81	116.472081368723
-0.79	108.765950338974
-0.77	101.819684237786
-0.75	95.5374418505572
-0.73	89.8380395903835
-0.71	84.6523439344165
-0.69	79.9211893738104
-0.67	75.5937042581433
-0.65	71.6259557207476
-0.63	67.9798460471495
-0.61	64.6222085602347
-0.59	61.5240628547038
-0.57	58.6599980866599
-0.55	56.0076597720138
-0.53	53.5473207166642
-0.51	51.2615206890176
-0.49	49.1347625418156
-0.47	47.1532549097467
-0.45	45.3046935111963
-0.429999999999999	43.5780745860298
-0.409999999999999	41.9635351963703
-0.389999999999999	40.4522160721802
-0.369999999999999	39.0361434501464
-0.349999999999999	37.7081269729268
-0.329999999999999	36.4616712171418
-0.309999999999999	35.2908988266008
-0.289999999999999	34.1904835608846
-0.269999999999999	33.155591843278
-0.249999999999999	32.1818316177622
-0.229999999999999	31.2652075115325
-0.209999999999999	30.4020814546249
-0.189999999999999	29.5891380375612
-0.169999999999999	28.8233539961759
-0.149999999999999	28.1019713037377
-0.129999999999999	27.4224734272306
-0.109999999999999	26.7825643696858
-0.0899999999999994	26.1801501758385
-0.0699999999999994	25.6133226257841
-0.0499999999999994	25.0803448821449
-0.0299999999999994	24.5796388916901
-0.00999999999999938	24.1097743733705
0.0100000000000006	23.6694592521731
0.0300000000000006	23.2575314228129
0.0500000000000006	22.8729517496958
0.0700000000000006	22.5147982304191
0.0900000000000006	22.1822612698655
0.110000000000001	21.8746400312567
0.130000000000001	21.5913398499109
0.150000000000001	21.3318707154984
0.170000000000001	21.0958468499666
0.190000000000001	20.8829874317809
0.210000000000001	20.6931185436002
0.230000000000001	20.5261764510936
0.250000000000001	20.3822123566858
0.270000000000001	20.2613988153617
0.290000000000001	20.1640380525194
0.310000000000001	20.0905724892075
0.330000000000001	20.0415978618063
0.350000000000001	20.0178794265117
0.370000000000001	20.0203718708433
0.390000000000001	20.0502437243111
0.410000000000001	20.1089072813426
0.430000000000001	20.1980553396156
0.450000000000001	20.3197064412593
0.470000000000001	20.4762608186387
0.490000000000001	20.6705699416462
0.510000000000001	20.906023513527
0.530000000000001	21.1866590757707
0.550000000000001	21.5173012210894
0.570000000000001	21.9037400211999
0.590000000000001	22.3529620282966
0.610000000000001	22.8734526927048
0.630000000000001	23.4755971901787
0.650000000000001	24.1722189949199
0.670000000000001	24.9793146090418
0.690000000000001	25.9170730091954
0.710000000000001	27.0113172345801
0.730000000000001	28.2955869795047
0.750000000000001	29.8142211283932
0.770000000000001	31.6270488693254
0.790000000000001	33.8167617472019
0.810000000000001	36.5009420607952
0.830000000000001	39.8525822142669
0.850000000000001	44.1370198873795
0.870000000000001	49.7829675701759
0.890000000000001	57.5310292589655
0.910000000000001	68.7802398633798
0.930000000000001	86.5286727057327
0.950000000000001	118.571505718079
0.970000000000001	193.49135350787
0.990000000000001	568.532587022802
