# Program settings for SigmaNu
# Electroweak scheme and input parameters
# Scheme = Complex mass scheme
# alpha_GF = 0.00755898078237864
# Pole masses/widths for particles [GeV]
# mw = 80.35797361
# gw = 2.084298894
# mz = 91.15348062
# gz = 2.494266379
# s^2_thetaw (derived) = (0.222868505240788,-0.00110716741475141)
# charged leptons
# m_e = 0.0005109989461
# m_m = 0.10565837
# m_t = 1.77686
# quarks
# m_d = 0.05
# m_u = 0.05
# m_s = 0.2
# m_c = 1.51
# m_b = 4.92
# m_t = 173
# Ecms (default) = 48514.9

# channel_id = 28
# process  = nu_e A -> W+ e-
-0.99	5.32403382132148
-0.97	0.592052277448385
-0.95	0.213213976100667
-0.93	0.10882363294816
-0.91	0.0658618678724714
-0.89	0.0441141245559865
-0.87	0.0316059297277992
-0.85	0.0237583354661229
-0.83	0.018513869263051
-0.81	0.0148367787193881
-0.79	0.012159542549505
-0.77	0.0101500526161603
-0.75	0.008603460067581
-0.73	0.00738784625678793
-0.71	0.00641514686454252
-0.69	0.00562475340356982
-0.67	0.0049738470486595
-0.65	0.00443148175969224
-0.63	0.00397484229007528
-0.61	0.00358680920518297
-0.59	0.00325433406741698
-0.57	0.00296733074950233
-0.55	0.0027179036664305
-0.53	0.00249980079819277
-0.51	0.00230801967467531
-0.49	0.00213851932021796
-0.47	0.00198800680094026
-0.45	0.00185377708402787
-0.429999999999999	0.00173359151779279
-0.409999999999999	0.00162558464383014
-0.389999999999999	0.00152819203653404
-0.369999999999999	0.00144009391778258
-0.349999999999999	0.00136017072570667
-0.329999999999999	0.00128746782711203
-0.309999999999999	0.00122116728524964
-0.289999999999999	0.00116056511632804
-0.269999999999999	0.00110505284902642
-0.249999999999999	0.00105410248187586
-0.229999999999999	0.00100725414223784
-0.209999999999999	0.00096410590714081
-0.189999999999999	0.000924305364748085
-0.169999999999999	0.000887542585441529
-0.149999999999999	0.000853544240850314
-0.129999999999999	0.000822068662694887
-0.109999999999999	0.000792901674972159
-0.0899999999999994	0.00076585306568832
-0.0699999999999994	0.000740753589983083
-0.0499999999999994	0.000717452416946939
-0.0299999999999994	0.000695814948563277
-0.00999999999999938	0.000675720952269276
0.0100000000000006	0.000657062959138391
0.0300000000000006	0.000639744888081164
0.0500000000000006	0.000623680863508327
0.0700000000000006	0.00060879419948908
0.0900000000000006	0.000595016528190741
0.110000000000001	0.000582287054292769
0.130000000000001	0.000570551920338093
0.150000000000001	0.000559763670875258
0.170000000000001	0.00054988080559014
0.190000000000001	0.000540867413880682
0.210000000000001	0.000532692885233734
0.230000000000001	0.000525331691631877
0.250000000000001	0.000518763239998776
0.270000000000001	0.000512971794491381
0.290000000000001	0.00050794647040711
0.310000000000001	0.00050368130350031
0.330000000000001	0.000500175401006232
0.350000000000001	0.000497433183424433
0.370000000000001	0.000495464729638939
0.390000000000001	0.000494286242278006
0.410000000000001	0.000493920655608206
0.430000000000001	0.000494398415466213
0.450000000000001	0.000495758469859337
0.470000000000001	0.000498049521426856
0.490000000000001	0.000501331609247208
0.510000000000001	0.000505678110388804
0.530000000000001	0.000511178282597892
0.550000000000001	0.000517940513252676
0.570000000000001	0.000526096501474799
0.590000000000001	0.000535806689196513
0.610000000000001	0.00054726738700212
0.630000000000001	0.000560720233390165
0.650000000000001	0.000576464918647719
0.670000000000001	0.000594876556052053
0.690000000000001	0.000616429797109724
0.710000000000001	0.000641732944664329
0.730000000000001	0.000671577245892594
0.750000000000001	0.000707009864220954
0.770000000000001	0.000749444941523606
0.790000000000001	0.000800838142358014
0.810000000000001	0.000863971454712739
0.830000000000001	0.000942939044953909
0.850000000000001	0.00104402181578982
0.870000000000001	0.00117736926840568
0.890000000000001	0.00136051614517057
0.910000000000001	0.00162658795327163
0.930000000000001	0.00204657312897223
0.950000000000001	0.00280504843262574
0.970000000000001	0.0045788059797593
0.990000000000001	0.0134590047995694
