# Program settings for SigmaNu
# Electroweak scheme and input parameters
# Scheme = Complex mass scheme
# alpha_GF = 0.00755898078237864
# Pole masses/widths for particles [GeV]
# mw = 80.35797361
# gw = 2.084298894
# mz = 91.15348062
# gz = 2.494266379
# s^2_thetaw (derived) = (0.222868505240788,-0.00110716741475141)
# charged leptons
# m_e = 0.0005109989461
# m_m = 0.10565837
# m_t = 1.77686
# quarks
# m_d = 0.05
# m_u = 0.05
# m_s = 0.2
# m_c = 1.51
# m_b = 4.92
# m_t = 173
# Ecms (default) = 6503.31

# channel_id = 28
# process  = nu_e A -> W+ e-
-0.99	279.33997837191
-0.97	32.3048356366851
-0.95	11.7264905040489
-0.93	6.0055989815193
-0.91	3.64158869031224
-0.89	2.44207566303855
-0.87	1.75110980982234
-0.85	1.31712613180275
-0.83	1.02686278468088
-0.81	0.823219790871007
-0.79	0.674875594787047
-0.77	0.563485072252648
-0.75	0.477724671918332
-0.73	0.410297968090558
-0.71	0.356331713553325
-0.69	0.312470580404571
-0.67	0.27634322561971
-0.65	0.246235286644065
-0.63	0.22088248079013
-0.61	0.199335917411688
-0.59	0.180872191561147
-0.57	0.164932017349115
-0.55	0.151077497903523
-0.53	0.13896183345103
-0.51	0.128307495473901
-0.49	0.11889026696295
-0.47	0.11052741376067
-0.45	0.10306880865523
-0.429999999999999	0.0963901949545859
-0.409999999999999	0.0903880198606668
-0.389999999999999	0.0849754331055797
-0.369999999999999	0.0800791599265324
-0.349999999999999	0.0756370366927024
-0.329999999999999	0.0715960534612652
-0.309999999999999	0.0679107877352134
-0.289999999999999	0.0645421425952584
-0.269999999999999	0.0614563234764505
-0.249999999999999	0.0586240034129015
-0.229999999999999	0.0560196381433535
-0.209999999999999	0.0536209011506424
-0.189999999999999	0.051408215273739
-0.169999999999999	0.0493643625351727
-0.149999999999999	0.0474741576685777
-0.129999999999999	0.0457241738010632
-0.109999999999999	0.0441025110561793
-0.0899999999999994	0.0425986006529233
-0.0699999999999994	0.0412030385019319
-0.0499999999999994	0.0399074434296905
-0.0299999999999994	0.0387043360619224
-0.00999999999999938	0.0375870351187941
0.0100000000000006	0.0365495684561232
0.0300000000000006	0.035586596657998
0.0500000000000006	0.0346933473706707
0.0700000000000006	0.0338655588829441
0.0900000000000006	0.0330994317191443
0.110000000000001	0.0323915872282577
0.130000000000001	0.0317390323360382
0.150000000000001	0.0311391297834179
0.170000000000001	0.0305895733100227
0.190000000000001	0.0300883673619357
0.210000000000001	0.0296338110118388
0.230000000000001	0.0292244858819914
0.250000000000001	0.0288592479599866
0.270000000000001	0.0285372232978681
0.290000000000001	0.0282578076916141
0.310000000000001	0.0280206705550207
0.330000000000001	0.027825763335968
0.350000000000001	0.0276733329814231
0.370000000000001	0.027563941150158
0.390000000000001	0.0274984901122064
0.410000000000001	0.0274782565789855
0.430000000000001	0.0275049351019058
0.450000000000001	0.0275806931937767
0.470000000000001	0.0277082410135452
0.490000000000001	0.0278909193781427
0.510000000000001	0.0281328111235604
0.530000000000001	0.0284388825730727
0.550000000000001	0.0288151642975179
0.570000000000001	0.0292689837919698
0.590000000000001	0.02980926763981
0.610000000000001	0.0304469379623927
0.630000000000001	0.0311954386929945
0.650000000000001	0.0320714434759044
0.670000000000001	0.0330958221219676
0.690000000000001	0.0342949822721624
0.710000000000001	0.0357027672934092
0.730000000000001	0.0373631987169058
0.750000000000001	0.0393345360597473
0.770000000000001	0.0416954558147043
0.790000000000001	0.0445547622879272
0.810000000000001	0.0480672326005557
0.830000000000001	0.0524606474191552
0.850000000000001	0.0580844473275482
0.870000000000001	0.0655033038865781
0.890000000000001	0.0756927694171546
0.910000000000001	0.0904957945071637
0.930000000000001	0.113861848544486
0.950000000000001	0.156059931564308
0.970000000000001	0.25474363659976
0.990000000000001	0.748796968814724
