# Program settings for SigmaNu
# Electroweak scheme and input parameters
# Scheme = Complex mass scheme
# alpha_GF = 0.00755898078237864
# Pole masses/widths for particles [GeV]
# mw = 80.35797361
# gw = 2.084298894
# mz = 91.15348062
# gz = 2.494266379
# s^2_thetaw (derived) = (0.222868505240788,-0.00110716741475141)
# charged leptons
# m_e = 0.0005109989461
# m_m = 0.10565837
# m_t = 1.77686
# quarks
# m_d = 0.05
# m_u = 0.05
# m_s = 0.2
# m_c = 1.51
# m_b = 4.92
# m_t = 173
# Ecms (default) = 2006.73

# channel_id = 28
# process  = nu_e A -> W+ e-
-0.99	1787.44857052464
-0.97	282.900637598994
-0.95	110.229172465641
-0.93	58.2489883023525
-0.91	35.9496123890129
-0.89	24.3830090519167
-0.87	17.6226379867045
-0.85	13.3324536700232
-0.83	10.4407571725494
-0.81	8.39978176004355
-0.79	6.90587670599376
-0.77	5.7797050340302
-0.75	4.90981936359466
-0.73	4.22400390181094
-0.71	3.67379768176047
-0.69	3.22569942109618
-0.67	2.8559496871897
-0.65	2.54731918848589
-0.63	2.28706778087761
-0.61	2.06561071587303
-0.59	1.87562530788078
-0.57	1.71143932773429
-0.55	1.56860397589651
-0.53	1.44359041246325
-0.51	1.33357061380749
-0.49	1.23625680202314
-0.47	1.14978221556096
-0.45	1.07261148967794
-0.429999999999999	1.0034725318382
-0.409999999999999	0.941304196092698
-0.389999999999999	0.885215703966977
-0.369999999999999	0.834454892398843
-0.349999999999999	0.788383160943522
-0.329999999999999	0.746455550603598
-0.309999999999999	0.708204787611431
-0.289999999999999	0.673228415668035
-0.269999999999999	0.641178352293454
-0.249999999999999	0.611752361542877
-0.229999999999999	0.584687051982755
-0.209999999999999	0.559752096439514
-0.189999999999999	0.536745436381001
-0.169999999999999	0.5154892844144
-0.149999999999999	0.495826777289507
-0.129999999999999	0.477619161900906
-0.109999999999999	0.460743420230088
-0.0899999999999994	0.445090257545329
-0.0699999999999994	0.430562392666562
-0.0499999999999994	0.417073100593351
-0.0299999999999994	0.404544966958677
-0.00999999999999938	0.392908821121478
0.0100000000000006	0.382102820639046
0.0300000000000006	0.372071664668973
0.0500000000000006	0.362765917774564
0.0700000000000006	0.354141428830847
0.0900000000000006	0.346158832395688
0.110000000000001	0.338783122136664
0.130000000000001	0.331983287782035
0.150000000000001	0.325732008668526
0.170000000000001	0.320005398351986
0.190000000000001	0.31478279598281
0.210000000000001	0.310046601272524
0.230000000000001	0.305782150934151
0.250000000000001	0.301977635508084
0.270000000000001	0.298624056529548
0.290000000000001	0.29571522509903
0.310000000000001	0.293247804136166
0.330000000000001	0.291221397994067
0.350000000000001	0.289638694764513
0.370000000000001	0.288505668617944
0.390000000000001	0.287831852031999
0.410000000000001	0.287630690952522
0.430000000000001	0.287920000053656
0.450000000000001	0.288722540669841
0.470000000000001	0.290066751156673
0.490000000000001	0.291987669105587
0.510000000000001	0.294528098011447
0.530000000000001	0.297740089170284
0.550000000000001	0.301686834997486
0.570000000000001	0.306445105974678
0.590000000000001	0.312108415234356
0.610000000000001	0.318791170473263
0.630000000000001	0.326634185360779
0.650000000000001	0.335812092905838
0.670000000000001	0.346543466411533
0.690000000000001	0.359104869598848
0.710000000000001	0.3738507315926
0.730000000000001	0.391242065964864
0.750000000000001	0.41188898543969
0.770000000000001	0.43661540857505
0.790000000000001	0.466560752047001
0.810000000000001	0.503345860063574
0.830000000000001	0.549356071045502
0.850000000000001	0.608250748637875
0.870000000000001	0.685943160620747
0.890000000000001	0.792649329146604
0.910000000000001	0.947668695294866
0.930000000000001	1.19236022506898
0.950000000000001	1.63426119095798
0.970000000000001	2.66768111212992
0.990000000000001	7.84142306616341
