# Program settings for SigmaNu
# Electroweak scheme and input parameters
# Scheme = Complex mass scheme
# alpha_GF = 0.00755898078237864
# Pole masses/widths for particles [GeV]
# mw = 80.35797361
# gw = 2.084298894
# mz = 91.15348062
# gz = 2.494266379
# s^2_thetaw (derived) = (0.222868505240788,-0.00110716741475141)
# charged leptons
# m_e = 0.0005109989461
# m_m = 0.10565837
# m_t = 1.77686
# quarks
# m_d = 0.05
# m_u = 0.05
# m_s = 0.2
# m_c = 1.51
# m_b = 4.92
# m_t = 173
# Ecms (default) = 5251.58

# channel_id = 28
# process  = nu_e A -> W+ e-
-0.99	415.172069440881
-0.97	49.0154685960189
-0.95	17.8682841236427
-0.93	9.1678905998558
-0.91	5.56479274293071
-0.89	3.73422913745708
-0.87	2.67887171579278
-0.85	2.01562745189315
-0.83	1.57183072586541
-0.81	1.2603652029624
-0.79	1.0334154938706
-0.77	0.862962705269535
-0.75	0.731705488837354
-0.73	0.628492026871309
-0.71	0.54587207923305
-0.69	0.47871483395893
-0.67	0.423393426897092
-0.65	0.377285364481258
-0.63	0.338456355560686
-0.61	0.305454448070364
-0.59	0.277172585462784
-0.57	0.252754776898562
-0.55	0.231530752819857
-0.53	0.212969634953823
-0.51	0.196646550560762
-0.49	0.182218216916755
-0.47	0.169404843716061
-0.45	0.157976551811779
-0.429999999999999	0.147743064716057
-0.409999999999999	0.138545801657005
-0.389999999999999	0.130251753472273
-0.369999999999999	0.122748696343168
-0.349999999999999	0.115941419543458
-0.329999999999999	0.109748728967019
-0.309999999999999	0.104101049372066
-0.289999999999999	0.0989384924861198
-0.269999999999999	0.0942092903915393
-0.249999999999999	0.0898685174054073
-0.229999999999999	0.0858770413687189
-0.209999999999999	0.0822006585416136
-0.189999999999999	0.078809376348014
-0.169999999999999	0.0756768158709711
-0.149999999999999	0.0727797118794958
-0.129999999999999	0.0700974927132209
-0.109999999999999	0.0676119258882696
-0.0899999999999994	0.0653068180577955
-0.0699999999999994	0.0631677601428396
-0.0499999999999994	0.0611819101785159
-0.0299999999999994	0.0593378077987206
-0.00999999999999938	0.0576252153871389
0.0100000000000006	0.0560349818125731
0.0300000000000006	0.0545589253881498
0.0500000000000006	0.0531897332825166
0.0700000000000006	0.0519208750940501
0.0900000000000006	0.0507465286985542
0.110000000000001	0.0496615168139221
0.130000000000001	0.0486612530059154
0.150000000000001	0.0477416960987538
0.170000000000001	0.0468993121619698
0.190000000000001	0.0461310434290188
0.210000000000001	0.045434283670298
0.230000000000001	0.0448068596999106
0.250000000000001	0.044247018847957
0.270000000000001	0.0437534223843674
0.290000000000001	0.0433251450434062
0.310000000000001	0.0429616809772953
0.330000000000001	0.0426629566728476
0.350000000000001	0.042429351607669
0.370000000000001	0.0422617277178471
0.390000000000001	0.0421614691171222
0.410000000000001	0.0421305339748876
0.430000000000001	0.0421715210644352
0.450000000000001	0.0422877542846319
0.470000000000001	0.0424833895104415
0.490000000000001	0.0427635495432872
0.510000000000001	0.0431344948615035
0.530000000000001	0.0436038405327303
0.550000000000001	0.0441808333711673
0.570000000000001	0.0448767086962398
0.590000000000001	0.0457051536338297
0.610000000000001	0.0466829149823436
0.630000000000001	0.0478306061339922
0.650000000000001	0.049173792476
0.670000000000001	0.0507444732280407
0.690000000000001	0.0525831385741058
0.710000000000001	0.0547416796476065
0.730000000000001	0.0572875934266284
0.750000000000001	0.0603102075313113
0.770000000000001	0.0639301542746331
0.790000000000001	0.0683142599840983
0.810000000000001	0.0736998396427899
0.830000000000001	0.0804361422552832
0.850000000000001	0.0890589541260469
0.870000000000001	0.100434068409772
0.890000000000001	0.116057268743385
0.910000000000001	0.138754293117259
0.930000000000001	0.174580738242041
0.950000000000001	0.239281737515223
0.970000000000001	0.390590355625615
0.990000000000001	1.14810673155865
