# Program settings for SigmaNu
# Electroweak scheme and input parameters
# Scheme = Complex mass scheme
# alpha_GF = 0.00755898078237864
# Pole masses/widths for particles [GeV]
# mw = 80.35797361
# gw = 2.084298894
# mz = 91.15348062
# gz = 2.494266379
# s^2_thetaw (derived) = (0.222868505240788,-0.00110716741475141)
# charged leptons
# m_e = 0.0005109989461
# m_m = 0.10565837
# m_t = 1.77686
# quarks
# m_d = 0.05
# m_u = 0.05
# m_s = 0.2
# m_c = 1.51
# m_b = 4.92
# m_t = 173
# Ecms (default) = 3548.74

# channel_id = 28
# process  = nu_e A -> W+ e-
-0.99	819.788905180903
-0.97	103.545767955329
-0.95	38.2904789197058
-0.93	19.7685868499804
-0.91	12.0410415784008
-0.89	8.09803918600763
-0.87	5.81834898237947
-0.85	4.38277844893269
-0.83	3.42074951858841
-0.81	2.74479057853935
-0.79	2.25179379955691
-0.77	1.88124226666764
-0.75	1.59571845808455
-0.73	1.37107821591245
-0.71	1.1911767084712
-0.69	1.04488667700913
-0.67	0.92433719019246
-0.65	0.823833627797136
-0.63	0.739173592215009
-0.61	0.667201154792165
-0.59	0.605509055458869
-0.57	0.552235281777339
-0.55	0.50592132928478
-0.53	0.465411658722449
-0.51	0.429781212996779
-0.49	0.398282388445034
-0.47	0.370305714073751
-0.45	0.34535033375572
-0.429999999999999	0.323001594712234
-0.409999999999999	0.302913852349541
-0.389999999999999	0.284797148748051
-0.369999999999999	0.268406798779016
-0.349999999999999	0.253535180646191
-0.329999999999999	0.240005213360749
-0.309999999999999	0.22766513643274
-0.289999999999999	0.216384303038803
-0.269999999999999	0.20604976801926
-0.249999999999999	0.196563503744549
-0.229999999999999	0.187840115352143
-0.209999999999999	0.179804955720437
-0.189999999999999	0.17239256238534
-0.169999999999999	0.165545355255306
-0.149999999999999	0.159212546766529
-0.129999999999999	0.153349226006706
-0.109999999999999	0.147915586030644
-0.0899999999999994	0.142876269617997
-0.0699999999999994	0.138199813472304
-0.0499999999999994	0.133858174624446
-0.0299999999999994	0.129826325803746
-0.00999999999999938	0.126081908944765
0.0100000000000006	0.122604937936302
0.0300000000000006	0.119377543290539
0.0500000000000006	0.116383752692073
0.0700000000000006	0.113609302438697
0.0900000000000006	0.111041475655969
0.110000000000001	0.108668963893385
0.130000000000001	0.10648174932164
0.150000000000001	0.10447100527267
0.170000000000001	0.102629013317259
0.190000000000001	0.10094909547636
0.210000000000001	0.0994255605270281
0.230000000000001	0.0980536637059478
0.250000000000001	0.0968295794462683
0.270000000000001	0.0957503871206386
0.290000000000001	0.094814070119491
0.310000000000001	0.0940195289861149
0.330000000000001	0.093366609778844
0.350000000000001	0.0928561493618987
0.370000000000001	0.0924900399724996
0.390000000000001	0.0922713162171872
0.410000000000001	0.0922042686730937
0.430000000000001	0.0922945895919241
0.450000000000001	0.092549557937176
0.470000000000001	0.0929782732879501
0.490000000000001	0.0935919512412043
0.510000000000001	0.0944042971665065
0.530000000000001	0.0954319809929157
0.550000000000001	0.0966952438519308
0.570000000000001	0.0982186789428517
0.590000000000001	0.100032245587435
0.610000000000001	0.102172599693967
0.630000000000001	0.104684859895207
0.650000000000001	0.107624983198458
0.670000000000001	0.111063008320899
0.690000000000001	0.115087558180429
0.710000000000001	0.119812209039712
0.730000000000001	0.125384693841122
0.750000000000001	0.132000526534794
0.770000000000001	0.13992373810212
0.790000000000001	0.149519465073744
0.810000000000001	0.161307123629359
0.830000000000001	0.176051121779436
0.850000000000001	0.194924144832731
0.870000000000001	0.219821169642217
0.890000000000001	0.254016043878825
0.910000000000001	0.303693508846961
0.930000000000001	0.38210755243934
0.950000000000001	0.523719816002134
0.970000000000001	0.854891639091235
0.990000000000001	2.51288067004051
