# Program settings for SigmaNu
# Electroweak scheme and input parameters
# Scheme = Complex mass scheme
# alpha_GF = 0.00755898078237864
# Pole masses/widths for particles [GeV]
# mw = 80.35797361
# gw = 2.084298894
# mz = 91.15348062
# gz = 2.494266379
# s^2_thetaw (derived) = (0.222868505240788,-0.00110716741475141)
# charged leptons
# m_e = 0.0005109989461
# m_m = 0.10565837
# m_t = 1.77686
# quarks
# m_d = 0.05
# m_u = 0.05
# m_s = 0.2
# m_c = 1.51
# m_b = 4.92
# m_t = 173
# Ecms (default) = 745.26

# channel_id = 28
# process  = nu_e A -> W+ e-
-0.99	2033.25370819905
-0.97	797.757709839246
-0.95	422.871366064648
-0.93	261.433338310594
-0.91	177.508063490456
-0.89	128.383498749691
-0.87	97.1761596493894
-0.85	76.1253599010238
-0.83	61.2587959084466
-0.81	50.3720472642229
-0.79	42.1620573004111
-0.77	35.8184900270728
-0.75	30.8159622445147
-0.73	26.8017423874447
-0.71	23.5318863469591
-0.69	20.8333262410863
-0.67	18.5805229689877
-0.65	16.6806225655272
-0.63	15.063752327263
-0.61	13.676519002139
-0.59	12.4775560517906
-0.57	11.4344138704961
-0.55	10.5213492477598
-0.53	9.71772872707984
-0.51	9.00685847952914
-0.49	8.37511528320922
-0.47	7.81129320824395
-0.45	7.30610692055277
-0.429999999999999	6.85181012166688
-0.409999999999999	6.44189960552319
-0.389999999999999	6.07088366250983
-0.369999999999999	5.7340993262515
-0.349999999999999	5.4275670384511
-0.329999999999999	5.14787422809023
-0.309999999999999	4.89208141549017
-0.289999999999999	4.6576459976697
-0.269999999999999	4.44236001271817
-0.249999999999999	4.24429903106993
-0.229999999999999	4.06177996027213
-0.209999999999999	3.89332603353773
-0.189999999999999	3.73763762147617
-0.169999999999999	3.59356779007707
-0.149999999999999	3.46010174755045
-0.129999999999999	3.33633949361766
-0.109999999999999	3.22148111886303
-0.0899999999999994	3.11481430742223
-0.0699999999999994	3.01570368007664
-0.0499999999999994	2.92358168164491
-0.0299999999999994	2.83794077014378
-0.00999999999999938	2.75832670838833
0.0100000000000006	2.68433279372249
0.0300000000000006	2.61559489012449
0.0500000000000006	2.55178715035548
0.0700000000000006	2.4926183351644
0.0900000000000006	2.43782865266241
0.110000000000001	2.38718705450311
0.130000000000001	2.34048893699128
0.150000000000001	2.29755420513697
0.170000000000001	2.25822566634756
0.190000000000001	2.22236772822848
0.210000000000001	2.1898653821323
0.230000000000001	2.16062346092452
0.250000000000001	2.13456616618875
0.270000000000001	2.11163686705185
0.290000000000001	2.09179818027974
0.310000000000001	2.07503234963772
0.330000000000001	2.06134195216456
0.350000000000001	2.05075097053576
0.370000000000001	2.04330628481128
0.390000000000001	2.03907965453999
0.410000000000001	2.03817028472998
0.430000000000001	2.04070809837811
0.450000000000001	2.04685787657487
0.470000000000001	2.05682447817241
0.490000000000001	2.0708594196407
0.510000000000001	2.08926918929758
0.530000000000001	2.11242579923222
0.550000000000001	2.14078025879552
0.570000000000001	2.17487990945553
0.590000000000001	2.21539092890834
0.610000000000001	2.26312785014136
0.630000000000001	2.31909274043148
0.650000000000001	2.38452789546112
0.670000000000001	2.46098777391147
0.690000000000001	2.55043885385316
0.710000000000001	2.65540088283385
0.730000000000001	2.77915097775195
0.750000000000001	2.92602576330992
0.770000000000001	3.1018812177788
0.790000000000001	3.31481535745532
0.810000000000001	3.57634742362831
0.830000000000001	3.90342950844232
0.850000000000001	4.32206755561212
0.870000000000001	4.87428490158416
0.890000000000001	5.63268249170085
0.910000000000001	6.73441281269939
0.930000000000001	8.47339496410008
0.950000000000001	11.6138460445145
0.970000000000001	18.9579383029936
0.990000000000001	55.7253427111686
