# Program settings for SigmaNu
# Electroweak scheme and input parameters
# Scheme = Complex mass scheme
# alpha_GF = 0.00755898078237864
# Pole masses/widths for particles [GeV]
# mw = 80.35797361
# gw = 2.084298894
# mz = 91.15348062
# gz = 2.494266379
# s^2_thetaw (derived) = (0.222868505240788,-0.00110716741475141)
# charged leptons
# m_e = 0.0005109989461
# m_m = 0.10565837
# m_t = 1.77686
# quarks
# m_d = 0.05
# m_u = 0.05
# m_s = 0.2
# m_c = 1.51
# m_b = 4.92
# m_t = 173
# Ecms (default) = 15513.3

# channel_id = 28
# process  = nu_e A -> W+ e-
-0.99	51.5728122248681
-0.97	5.77190127590272
-0.95	2.08128514379857
-0.93	1.06286477629628
-0.91	0.643460038645069
-0.89	0.431071871918862
-0.87	0.308886609488421
-0.85	0.232214543123111
-0.83	0.180968671004948
-0.81	0.145034631557443
-0.79	0.118869460270268
-0.77	0.0992290097230299
-0.75	0.0841120170705017
-0.73	0.0722295866217754
-0.71	0.0627212279263071
-0.69	0.0549946856899336
-0.67	0.0486315175217055
-0.65	0.0433292911092795
-0.63	0.038865025485539
-0.61	0.0350714000701433
-0.59	0.0318208785308238
-0.57	0.0290148752068926
-0.55	0.0265762134034408
-0.53	0.0244437801181432
-0.51	0.0225686754300883
-0.49	0.0209113973101679
-0.47	0.0194397554657721
-0.45	0.0181273061791833
-0.429999999999999	0.0169521645812235
-0.409999999999999	0.0158960938183574
-0.389999999999999	0.0149437997287936
-0.369999999999999	0.0140823796993982
-0.349999999999999	0.0133008883603951
-0.329999999999999	0.0125899926509081
-0.309999999999999	0.011941695845463
-0.289999999999999	0.0113491152301393
-0.269999999999999	0.0108063018388493
-0.249999999999999	0.010308093403373
-0.229999999999999	0.0098499937112164
-0.209999999999999	0.00942807309601868
-0.189999999999999	0.00903888594294829
-0.169999999999999	0.00867940197377393
-0.149999999999999	0.00834694875361972
-0.129999999999999	0.00803916338494789
-0.109999999999999	0.00775395176165481
-0.0899999999999994	0.00748945407515301
-0.0699999999999994	0.00724401551553195
-0.0499999999999994	0.00701616131002246
-0.0299999999999994	0.00680457539957142
-0.00999999999999938	0.00660808218152829
0.0100000000000006	0.00642563084886233
0.0300000000000006	0.00625628193935926
0.0500000000000006	0.00609919577598825
0.0700000000000006	0.00595362253514629
0.0900000000000006	0.0058188937254988
0.110000000000001	0.00569441489836691
0.130000000000001	0.00557965944294296
0.150000000000001	0.0054741633471526
0.170000000000001	0.00537752082881544
0.190000000000001	0.00528938076298356
0.210000000000001	0.00520944385050508
0.230000000000001	0.0051374604908621
0.250000000000001	0.00507322933981734
0.270000000000001	0.0050165965501787
0.290000000000001	0.00496745571263307
0.310000000000001	0.00492574853423055
0.330000000000001	0.00489146631562406
0.350000000000001	0.00486465231605277
0.370000000000001	0.00484540512887037
0.390000000000001	0.00483388323269589
0.410000000000001	0.00483031093675855
0.430000000000001	0.00483498600836682
0.450000000000001	0.00484828936111777
0.470000000000001	0.00487069730320968
0.490000000000001	0.00490279700734873
0.510000000000001	0.00494530608511391
0.530000000000001	0.00499909745359749
0.550000000000001	0.00506523110892646
0.570000000000001	0.00514499502568907
0.590000000000001	0.00523995827091175
0.610000000000001	0.005352040691634
0.630000000000001	0.00548360542306119
0.650000000000001	0.00563758332285262
0.670000000000001	0.00581764285450654
0.690000000000001	0.00602842592493202
0.710000000000001	0.00627588149663954
0.730000000000001	0.00656774765373213
0.750000000000001	0.00691426523781349
0.770000000000001	0.00732926399154589
0.790000000000001	0.00783186953108657
0.810000000000001	0.00844928858275436
0.830000000000001	0.00922156044888893
0.850000000000001	0.0102101098323438
0.870000000000001	0.0115141947717192
0.890000000000001	0.0133052979904948
0.910000000000001	0.0159073736150973
0.930000000000001	0.0200146599742304
0.950000000000001	0.02743224347475
0.970000000000001	0.0447788785280425
0.990000000000001	0.131623648103471
