# Program settings for SigmaNu
# Electroweak scheme and input parameters
# Scheme = Complex mass scheme
# alpha_GF = 0.00755898078237864
# Pole masses/widths for particles [GeV]
# mw = 80.35797361
# gw = 2.084298894
# mz = 91.15348062
# gz = 2.494266379
# s^2_thetaw (derived) = (0.222868505240788,-0.00110716741475141)
# charged leptons
# m_e = 0.0005109989461
# m_m = 0.10565837
# m_t = 1.77686
# quarks
# m_d = 0.05
# m_u = 0.05
# m_s = 0.2
# m_c = 1.51
# m_b = 4.92
# m_t = 173
# Ecms (default) = 8286.26

# channel_id = 28
# process  = nu_e A -> W+ e-
-0.99	176.036552652321
-0.97	20.0522168503877
-0.95	7.2564151890358
-0.93	3.71136004427371
-0.91	2.24877615787565
-0.89	1.50733455747196
-0.87	1.08049317319187
-0.85	0.812515963305023
-0.83	0.633340570665549
-0.81	0.507665684801057
-0.79	0.416135545261972
-0.77	0.347417302747003
-0.75	0.294517679644243
-0.73	0.252931531862378
-0.71	0.219650476287076
-0.69	0.19260352235212
-0.67	0.170327227312898
-0.65	0.151763726519207
-0.63	0.136132966890302
-0.61	0.122849546668423
-0.59	0.111467212266084
-0.57	0.101640978605118
-0.55	0.0931007561514854
-0.53	0.0856326566223103
-0.51	0.0790655246500381
-0.49	0.0732610901223434
-0.47	0.0681066700845666
-0.45	0.0635096928236478
-0.429999999999999	0.0593935421522881
-0.409999999999999	0.0556943702947618
-0.389999999999999	0.052358629718271
-0.369999999999999	0.04934114438268
-0.349999999999999	0.0466035897865005
-0.329999999999999	0.0441132857257504
-0.309999999999999	0.0418422303642232
-0.289999999999999	0.0397663220470829
-0.269999999999999	0.037864728308366
-0.249999999999999	0.0361193711191036
-0.229999999999999	0.0345145045608757
-0.209999999999999	0.0330363664648893
-0.189999999999999	0.0316728896071362
-0.169999999999999	0.0304134611372078
-0.149999999999999	0.0292487212882839
-0.129999999999999	0.0281703942478733
-0.109999999999999	0.0271711454942964
-0.0899999999999994	0.0262444610202274
-0.0699999999999994	0.0253845447438437
-0.0499999999999994	0.0245862311049378
-0.0299999999999994	0.0238449103985954
-0.00999999999999938	0.0231564648439883
0.0100000000000006	0.022517213744464
0.0300000000000006	0.0219238663857395
0.0500000000000006	0.0213734815560358
0.0700000000000006	0.0208634327665029
0.0900000000000006	0.0203913784111028
0.110000000000001	0.0199552362392562
0.130000000000001	0.019553161627495
0.150000000000001	0.0191835292329247
0.170000000000001	0.0188449176947293
0.190000000000001	0.0185360971242409
0.210000000000001	0.0182560191912135
0.230000000000001	0.0180038096770408
0.250000000000001	0.0177787634269339
0.270000000000001	0.017580341695174
0.290000000000001	0.0174081719430485
0.310000000000001	0.0172620502212546
0.330000000000001	0.0171419463510468
0.350000000000001	0.017048012215987
0.370000000000001	0.0169805935948421
0.390000000000001	0.0169402461140587
0.410000000000001	0.0169277560860323
0.430000000000001	0.0169441672421298
0.450000000000001	0.0169908146875225
0.470000000000001	0.0170693678276802
0.490000000000001	0.0171818845850984
0.510000000000001	0.0173308800000304
0.530000000000001	0.0175194133782744
0.550000000000001	0.0177511996442309
0.570000000000001	0.0180307526761496
0.590000000000001	0.0183635714478919
0.610000000000001	0.0187563842536437
0.630000000000001	0.0192174729084879
0.650000000000001	0.0197571088358235
0.670000000000001	0.0203881484336741
0.690000000000001	0.021126859580905
0.710000000000001	0.021994090799951
0.730000000000001	0.023016960684084
0.750000000000001	0.0242313588740576
0.770000000000001	0.0256857525084396
0.790000000000001	0.0274471684027602
0.810000000000001	0.0296109540650456
0.830000000000001	0.0323174294698529
0.850000000000001	0.0357818609028254
0.870000000000001	0.0403521036557141
0.890000000000001	0.0466291284033941
0.910000000000001	0.0557482502462323
0.930000000000001	0.0701424656595489
0.950000000000001	0.0961377993759304
0.970000000000001	0.156930040714888
0.990000000000001	0.461282321155314
