# Program settings for SigmaNu
# Electroweak scheme and input parameters
# Scheme = Complex mass scheme
# alpha_GF = 0.00755898078237864
# Pole masses/widths for particles [GeV]
# mw = 80.35797361
# gw = 2.084298894
# mz = 91.15348062
# gz = 2.494266379
# s^2_thetaw (derived) = (0.222868505240788,-0.00110716741475141)
# charged leptons
# m_e = 0.0005109989461
# m_m = 0.10565837
# m_t = 1.77686
# quarks
# m_d = 0.05
# m_u = 0.05
# m_s = 0.2
# m_c = 1.51
# m_b = 4.92
# m_t = 173
# Ecms (default) = 7446.23

# channel_id = 28
# process  = nu_e A -> W+ e-
-0.99	216.093755557592
-0.97	24.7586577354958
-0.95	8.97016359694519
-0.93	4.5902072296981
-0.91	2.78207233603824
-0.89	1.86513465537535
-0.87	1.33713987032864
-0.85	1.00560293724876
-0.83	0.783903130753772
-0.81	0.628386648737647
-0.79	0.515114084816672
-0.77	0.430067020299824
-0.75	0.364594048997802
-0.73	0.313121353926673
-0.71	0.271926653583752
-0.69	0.238447343668867
-0.67	0.210872489460745
-0.65	0.187892976008677
-0.63	0.16854344179186
-0.61	0.152099390879982
-0.59	0.138008519475712
-0.57	0.125843845603942
-0.55	0.115271075203017
-0.53	0.106025468921766
-0.51	0.097895175185795
-0.49	0.0907090434297971
-0.47	0.0843275922272301
-0.45	0.0786362323082532
-0.429999999999999	0.0735401233288679
-0.409999999999999	0.0689602293195004
-0.389999999999999	0.0648302638768778
-0.369999999999999	0.061094302937801
-0.349999999999999	0.0577049034883989
-0.329999999999999	0.0546216093016868
-0.309999999999999	0.0518097553392649
-0.289999999999999	0.0492395045215934
-0.269999999999999	0.0468850666821554
-0.249999999999999	0.0447240613964673
-0.229999999999999	0.042736995210786
-0.209999999999999	0.0409068304230219
-0.189999999999999	0.0392186275812766
-0.169999999999999	0.0376592476860236
-0.149999999999999	0.0362171030151626
-0.129999999999999	0.0348819477585636
-0.109999999999999	0.0336447014131031
-0.0899999999999994	0.0324972992706856
-0.0699999999999994	0.0314325654201694
-0.0499999999999994	0.0304441045464619
-0.0299999999999994	0.0295262094973529
-0.00999999999999938	0.0286737821394009
0.0100000000000006	0.0278822654680854
0.0300000000000006	0.0271475852971644
0.0500000000000006	0.0264661001456086
0.0700000000000006	0.0258345581812047
0.0900000000000006	0.0252500602790544
0.110000000000001	0.0247100284191609
0.130000000000001	0.02421217878718
0.150000000000001	0.0237544990618564
0.170000000000001	0.023335229476047
0.190000000000001	0.0229528473301156
0.210000000000001	0.0226060547195845
0.230000000000001	0.0222937693171189
0.250000000000001	0.0220151181246869
0.270000000000001	0.0217694341886953
0.290000000000001	0.0215562563519653
0.310000000000001	0.0213753322057498
0.330000000000001	0.0212266245072183
0.350000000000001	0.0211103214485674
0.370000000000001	0.0210268513109637
0.390000000000001	0.0209769022195773
0.410000000000001	0.0209614479485561
0.430000000000001	0.0209817810253265
0.450000000000001	0.0210395547775512
0.470000000000001	0.0211368364895761
0.490000000000001	0.0212761745394444
0.510000000000001	0.021460683347517
0.530000000000001	0.0216941512918089
0.550000000000001	0.0219811785965529
0.570000000000001	0.022327354824164
0.590000000000001	0.0227394893743809
0.610000000000001	0.0232259139072018
0.630000000000001	0.0237968837997509
0.650000000000001	0.0244651181521689
0.670000000000001	0.0252465370280379
0.690000000000001	0.0261612849145743
0.710000000000001	0.0272351784932945
0.730000000000001	0.028501798652562
0.750000000000001	0.0300055874390539
0.770000000000001	0.0318065615732215
0.790000000000001	0.0339877201625759
0.810000000000001	0.0366671317361657
0.830000000000001	0.0400185540829991
0.850000000000001	0.044308550767792
0.870000000000001	0.0499678698955201
0.890000000000001	0.0577406915378108
0.910000000000001	0.0690328727545851
0.930000000000001	0.0868571852917768
0.950000000000001	0.119047125305839
0.970000000000001	0.194325964362054
0.990000000000001	0.571204418956967
