# Program settings for SigmaNu
# Electroweak scheme and input parameters
# Scheme = Complex mass scheme
# alpha_GF = 0.00755898078237864
# Pole masses/widths for particles [GeV]
# mw = 80.35797361
# gw = 2.084298894
# mz = 91.15348062
# gz = 2.494266379
# s^2_thetaw (derived) = (0.222868505240788,-0.00110716741475141)
# charged leptons
# m_e = 0.0005109989461
# m_m = 0.10565837
# m_t = 1.77686
# quarks
# m_d = 0.05
# m_u = 0.05
# m_s = 0.2
# m_c = 1.51
# m_b = 4.92
# m_t = 173
# Ecms (default) = 916.342

# channel_id = 28
# process  = nu_e A -> W+ e-
-0.99	2315.4960711988
-0.97	727.348003019241
-0.95	351.050970551155
-0.93	206.089251068754
-0.91	135.414626462783
-0.89	95.7448530116337
-0.87	71.2787725042605
-0.85	55.1348190032121
-0.83	43.9262265078381
-0.81	35.8289031172699
-0.79	29.7897511329511
-0.77	25.1662723210305
-0.75	21.5484321145757
-0.73	18.6645764067137
-0.71	16.3289513494477
-0.69	14.4110563906368
-0.67	12.8170345820315
-0.65	11.4779851073992
-0.63	10.3424044192349
-0.61	9.37116958214084
-0.59	8.53413164370959
-0.57	7.80775448104878
-0.55	7.1734478916483
-0.53	6.61637107708936
-0.51	6.12456071304625
-0.49	5.68828674150606
-0.47	5.29957036810142
-0.45	4.95181921517059
-0.429999999999999	4.63954818325736
-0.409999999999999	4.35816376108456
-0.389999999999999	4.10379582307872
-0.369999999999999	3.87316533257897
-0.349999999999999	3.66347945259228
-0.329999999999999	3.4723477636971
-0.309999999999999	3.29771487262324
-0.289999999999999	3.13780584859207
-0.269999999999999	2.99108177291114
-0.249999999999999	2.85620331708259
-0.229999999999999	2.73200073623139
-0.209999999999999	2.61744902064299
-0.189999999999999	2.51164721903313
-0.169999999999999	2.41380115474125
-0.149999999999999	2.32320891623483
-0.129999999999999	2.23924862776966
-0.109999999999999	2.161368103359
-0.0899999999999994	2.08907606374795
-0.0699999999999994	2.02193465665357
-0.0499999999999994	1.9595530687239
-0.0299999999999994	1.90158205623142
-0.00999999999999938	1.84770925254295
0.0100000000000006	1.79765513551007
0.0300000000000006	1.75116955835003
0.0500000000000006	1.70802876430777
0.0700000000000006	1.6680328191705
0.0900000000000006	1.63100340714838
0.110000000000001	1.59678194522188
0.130000000000001	1.56522797917672
0.150000000000001	1.5362178315189
0.170000000000001	1.5096434775529
0.190000000000001	1.48541163134203
0.210000000000001	1.46344302825543
0.230000000000001	1.44367189552811
0.250000000000001	1.42604560690393
0.270000000000001	1.41052452218598
0.290000000000001	1.39708201759612
0.310000000000001	1.38570471848794
0.330000000000001	1.3763929524623
0.350000000000001	1.36916144867514
0.370000000000001	1.36404031858849
0.390000000000001	1.36107636524086
0.410000000000001	1.36033478317142
0.430000000000001	1.36190133061852
0.450000000000001	1.36588508118586
0.470000000000001	1.37242189617287
0.490000000000001	1.38167880454226
0.510000000000001	1.39385953988864
0.530000000000001	1.40921156987564
0.550000000000001	1.42803507399273
0.570000000000001	1.45069449611242
0.590000000000001	1.47763354373725
0.610000000000001	1.50939486437912
0.630000000000001	1.54664616238868
0.650000000000001	1.59021532637627
0.670000000000001	1.64113838418325
0.690000000000001	1.70072607305183
0.710000000000001	1.77065800643643
0.730000000000001	1.853118741817
0.750000000000001	1.95099920922006
0.770000000000001	2.06820328048434
0.790000000000001	2.21012956842922
0.810000000000001	2.38445756804511
0.830000000000001	2.60248876962542
0.850000000000001	2.88156071285635
0.870000000000001	3.24968945174149
0.890000000000001	3.75527658425789
0.910000000000001	4.48975905262906
0.930000000000001	5.64908724854777
0.950000000000001	7.74275066843858
0.970000000000001	12.6389063389888
0.990000000000001	37.1510487597551
