# Program settings for SigmaNu
# Electroweak scheme and input parameters
# Scheme = Complex mass scheme
# alpha_GF = 0.00755898078237864
# Pole masses/widths for particles [GeV]
# mw = 80.35797361
# gw = 2.084298894
# mz = 91.15348062
# gz = 2.494266379
# s^2_thetaw (derived) = (0.222868505240788,-0.00110716741475141)
# charged leptons
# m_e = 0.0005109989461
# m_m = 0.10565837
# m_t = 1.77686
# quarks
# m_d = 0.05
# m_u = 0.05
# m_s = 0.2
# m_c = 1.51
# m_b = 4.92
# m_t = 173
# Ecms (default) = 90828

# channel_id = 28
# process  = nu_e A -> W+ e-
-0.99	1.52016677180709
-0.97	0.168959848208893
-0.95	0.0608406319088946
-0.93	0.0310514443199614
-0.91	0.0187923813404145
-0.89	0.0125868935157525
-0.87	0.00901788515337798
-0.85	0.00677873485949599
-0.83	0.0052823498254368
-0.81	0.00423318723524725
-0.79	0.00346931224372424
-0.77	0.00289596318307302
-0.75	0.00245469030033631
-0.73	0.00210785338901013
-0.71	0.0018303253134995
-0.69	0.00160481292615919
-0.67	0.001419098981994
-0.65	0.00126435386505705
-0.63	0.00113406788534717
-0.61	0.00102335650873385
-0.59	0.000928496752805705
-0.57	0.000846610849526406
-0.55	0.000775446040422135
-0.53	0.000713218510748921
-0.51	0.000658500967798713
-0.49	0.000610140452198577
-0.47	0.00056719743521116
-0.45	0.000528900127207125
-0.429999999999999	0.000494609805529722
-0.409999999999999	0.000463794226143094
-0.389999999999999	0.000436007034849824
-0.369999999999999	0.000410871679488033
-0.349999999999999	0.000388068732877849
-0.329999999999999	0.000367325824641462
-0.309999999999999	0.000348409586049445
-0.289999999999999	0.000331119160908229
-0.269999999999999	0.00031528094417587
-0.249999999999999	0.000300744290057232
-0.229999999999999	0.000287377990903519
-0.209999999999999	0.000275067372943715
-0.189999999999999	0.000263711888621457
-0.169999999999999	0.000253223111158421
-0.149999999999999	0.000243523056604761
-0.129999999999999	0.000234542774060891
-0.109999999999999	0.000226221156541672
-0.0899999999999994	0.000218503934305346
-0.0699999999999994	0.00021134281980434
-0.0499999999999994	0.000204694779219324
-0.0299999999999994	0.000198521410186657
-0.00999999999999938	0.000192788408978144
0.0100000000000006	0.000187465113487298
0.0300000000000006	0.00018252411069296
0.0500000000000006	0.000177940899329986
0.0700000000000006	0.000173693600042182
0.0900000000000006	0.000169762706721155
0.110000000000001	0.00016613087379277
0.130000000000001	0.000162782735114264
0.150000000000001	0.000159704751117746
0.170000000000001	0.000156885081298223
0.190000000000001	0.000154313479948242
0.210000000000001	0.000151981213531568
0.230000000000001	0.000149880998600447
0.250000000000001	0.000148006959691713
0.270000000000001	0.000146354607153978
0.290000000000001	0.000144920835414946
0.310000000000001	0.000143703942752911
0.330000000000001	0.000142703674375568
0.350000000000001	0.000141921291421046
0.370000000000001	0.000141359669397772
0.390000000000001	0.000141023430976608
0.410000000000001	0.000140919119415112
0.430000000000001	0.00014105542108285
0.450000000000001	0.000141443448068948
0.470000000000001	0.00014209709554935
0.490000000000001	0.000143033493053926
0.510000000000001	0.000144273575552907
0.530000000000001	0.000145842808872402
0.550000000000001	0.000147772116672224
0.570000000000001	0.000150099073608317
0.590000000000001	0.000152869454879252
0.610000000000001	0.000156139269249177
0.630000000000001	0.000159977457860152
0.650000000000001	0.000164469524453605
0.670000000000001	0.000169722491459066
0.690000000000001	0.000175871780282673
0.710000000000001	0.000183090943992719
0.730000000000001	0.000191605730951766
0.750000000000001	0.000201714904258224
0.770000000000001	0.000213821928517601
0.790000000000001	0.000228484768580574
0.810000000000001	0.000246497145181006
0.830000000000001	0.000269027152785375
0.850000000000001	0.000297866777122579
0.870000000000001	0.0003359117422718
0.890000000000001	0.000388164833605464
0.910000000000001	0.000464076991370551
0.930000000000001	0.000583901715890083
0.950000000000001	0.000800300055539008
0.970000000000001	0.00130636556259922
0.990000000000001	0.00383994876407876
