# Program settings for SigmaNu
# Electroweak scheme and input parameters
# Scheme = Complex mass scheme
# alpha_GF = 0.00755898078237864
# Pole masses/widths for particles [GeV]
# mw = 80.35797361
# gw = 2.084298894
# mz = 91.15348062
# gz = 2.494266379
# s^2_thetaw (derived) = (0.222868505240788,-0.00110716741475141)
# charged leptons
# m_e = 0.0005109989461
# m_m = 0.10565837
# m_t = 1.77686
# quarks
# m_d = 0.05
# m_u = 0.05
# m_s = 0.2
# m_c = 1.51
# m_b = 4.92
# m_t = 173
# Ecms (default) = 95.0393

# channel_id = 28
# process  = nu_e A -> W+ e-
-0.99	36.6690055738541
-0.97	36.554455231014
-0.95	36.4446957805362
-0.93	36.3397523672704
-0.91	36.2396537593479
-0.89	36.144432477235
-0.87	36.0541249328254
-0.85	35.9687715792769
-0.83	35.8884170723587
-0.81	35.8131104441464
-0.79	35.7429052899802
-0.77	35.6778599696826
-0.75	35.618037824128
-0.73	35.563507408359
-0.71	35.5143427425546
-0.69	35.4706235822862
-0.67	35.4324357096297
-0.65	35.3998712468629
-0.63	35.3730289946416
-0.61	35.3520147967437
-0.59	35.3369419336767
-0.57	35.3279315476841
-0.55	35.3251131019462
-0.53	35.3286248770657
-0.51	35.3386145082564
-0.49	35.3552395670236
-0.47	35.3786681915353
-0.45	35.4090797703515
-0.429999999999999	35.4466656846985
-0.409999999999999	35.4916301150685
-0.389999999999999	35.5441909185879
-0.369999999999999	35.6045805843543
-0.349999999999999	35.6730472747948
-0.329999999999999	35.7498559620679
-0.309999999999999	35.8352896696357
-0.289999999999999	35.9296508303889
-0.269999999999999	36.0332627741423
-0.249999999999999	36.1464713589614
-0.229999999999999	36.2696467626598
-0.209999999999999	36.4031854529725
-0.189999999999999	36.5475123573959
-0.169999999999999	36.7030832565587
-0.149999999999999	36.8703874283081
-0.129999999999999	37.0499505735467
-0.109999999999999	37.2423380593277
-0.0899999999999994	37.4481585199322
-0.0699999999999994	37.6680678627403
-0.0499999999999994	37.9027737328422
-0.0299999999999994	38.1530404987172
-0.00999999999999938	38.4196948311821
0.0100000000000006	38.703631959481
0.0300000000000006	39.0058227022221
0.0500000000000006	39.3273213873265
0.0700000000000006	39.6692747947937
0.0900000000000006	40.0329322796151
0.110000000000001	40.4196572604539
0.130000000000001	40.8309402938463
0.150000000000001	41.2684139950428
0.170000000000001	41.7338701169511
0.190000000000001	42.2292791601592
0.210000000000001	42.7568129625622
0.230000000000001	43.3188708103169
0.250000000000001	43.918109727415
0.270000000000001	44.5574797452284
0.290000000000001	45.2402651339748
0.310000000000001	45.9701328057402
0.330000000000001	46.7511893875737
0.350000000000001	47.5880488320296
0.370000000000001	48.4859129067889
0.390000000000001	49.4506675191917
0.410000000000001	50.4889986330944
0.430000000000001	51.6085325901755
0.450000000000001	52.8180070477124
0.470000000000001	54.1274806201702
0.490000000000001	55.5485918491575
0.510000000000001	57.0948815955439
0.530000000000001	58.7821977454199
0.550000000000001	60.6292078386286
0.570000000000001	62.6580547574218
0.590000000000001	64.8952043250165
0.610000000000001	67.3725537047547
0.630000000000001	70.1288992811536
0.650000000000001	73.2119078155697
0.670000000000001	76.6808043868918
0.690000000000001	80.6101008266022
0.710000000000001	85.0948669557989
0.730000000000001	90.258344595532
0.750000000000001	96.2632163034788
0.770000000000001	103.328753452946
0.790000000000001	111.757763215716
0.810000000000001	121.980554693612
0.830000000000001	134.629939968268
0.850000000000001	150.676235992659
0.870000000000001	171.686883615352
0.890000000000001	200.369287360556
0.910000000000001	241.837441582952
0.930000000000001	307.049915742165
0.950000000000001	424.499004304762
0.970000000000001	698.656475917314
0.990000000000001	2069.7682971219
