# Program settings for SigmaNu
# Electroweak scheme and input parameters
# Scheme = Complex mass scheme
# alpha_GF = 0.00755898078237864
# Pole masses/widths for particles [GeV]
# mw = 80.35797361
# gw = 2.084298894
# mz = 91.15348062
# gz = 2.494266379
# s^2_thetaw (derived) = (0.222868505240788,-0.00110716741475141)
# charged leptons
# m_e = 0.0005109989461
# m_m = 0.10565837
# m_t = 1.77686
# quarks
# m_d = 0.05
# m_u = 0.05
# m_s = 0.2
# m_c = 1.51
# m_b = 4.92
# m_t = 173
# Ecms (default) = 750.59

# channel_id = 28
# process  = nu_e A -> W+ e-
-0.99	2045.02344227438
-0.97	796.32534570445
-0.95	420.661779386999
-0.93	259.556222692435
-0.91	176.009346145502
-0.89	127.186158946395
-0.87	96.2064820350928
-0.85	75.3275663174965
-0.83	60.5924543292558
-0.81	49.8078657939549
-0.79	41.6785582168718
-0.77	35.3996762963579
-0.75	30.4497243116886
-0.73	26.4787697739436
-0.71	23.244916168306
-0.69	20.5766168843163
-0.67	18.3494797746439
-0.65	16.4715275335711
-0.63	14.8735660689265
-0.61	13.5027336155807
-0.59	12.3180844108582
-0.57	11.2875053087924
-0.55	10.3855246243953
-0.53	9.59172989728725
-0.51	8.88960859320721
-0.49	8.26568730935727
-0.47	7.70888477078911
-0.45	7.21002002178598
-0.429999999999999	6.76143468373439
-0.409999999999999	6.35670001887933
-0.389999999999999	5.9903877207364
-0.369999999999999	5.65788906840533
-0.349999999999999	5.35527112654299
-0.329999999999999	5.07916156790722
-0.309999999999999	4.82665579051297
-0.289999999999999	4.59524153317865
-0.269999999999999	4.38273732386464
-0.249999999999999	4.18724193731014
-0.229999999999999	4.00709267103502
-0.209999999999999	3.8408307277566
-0.189999999999999	3.68717235772708
-0.169999999999999	3.54498469534666
-0.149999999999999	3.41326544171738
-0.129999999999999	3.29112571404883
-0.109999999999999	3.17777551546108
-0.0899999999999994	3.0725113832972
-0.0699999999999994	2.97470585697122
-0.0499999999999994	2.88379847249262
-0.0299999999999994	2.799288043817
-0.00999999999999938	2.72072603390632
0.0100000000000006	2.6477108530234
0.0300000000000006	2.579882950027
0.0500000000000006	2.51692058559968
0.0700000000000006	2.45853619547087
0.0900000000000006	2.40447326761759
0.110000000000001	2.35450367079541
0.130000000000001	2.3084253831076
0.150000000000001	2.26606057910043
0.170000000000001	2.22725404244654
0.190000000000001	2.19187187896409
0.210000000000001	2.15980051180159
0.230000000000001	2.13094594736269
0.250000000000001	2.10523330721471
0.270000000000001	2.08260662809317
0.290000000000001	2.06302893948757
0.310000000000001	2.0464826365259
0.330000000000001	2.0329701754018
0.350000000000001	2.02251512995805
0.370000000000001	2.01516366196775
0.390000000000001	2.01098647508978
0.410000000000001	2.01008134470192
0.430000000000001	2.01257634459792
0.450000000000001	2.01863392932874
0.470000000000001	2.02845608123674
0.490000000000001	2.04229079892025
0.510000000000001	2.06044029613466
0.530000000000001	2.08327140748428
0.550000000000001	2.11122887531807
0.570000000000001	2.14485244462839
0.590000000000001	2.18479905575484
0.610000000000001	2.23187195506619
0.630000000000001	2.28705933202699
0.650000000000001	2.35158628452252
0.670000000000001	2.42698575863265
0.690000000000001	2.51519702413332
0.710000000000001	2.61870497134271
0.730000000000001	2.74074138871875
0.750000000000001	2.88558292343193
0.770000000000001	3.05900456858281
0.790000000000001	3.26899235475493
0.810000000000001	3.5269062318591
0.830000000000001	3.84946387944766
0.850000000000001	4.26231163847665
0.870000000000001	4.80689176500269
0.890000000000001	5.55480131690992
0.910000000000001	6.64129631648594
0.930000000000001	8.35623173056064
0.950000000000001	11.4532575446901
0.970000000000001	18.6957993510075
0.990000000000001	54.9548065870117
