# Program settings for SigmaNu
# Electroweak scheme and input parameters
# Scheme = Complex mass scheme
# alpha_GF = 0.00755898078237864
# Pole masses/widths for particles [GeV]
# mw = 80.35797361
# gw = 2.084298894
# mz = 91.15348062
# gz = 2.494266379
# s^2_thetaw (derived) = (0.222868505240788,-0.00110716741475141)
# charged leptons
# m_e = 0.0005109989461
# m_m = 0.10565837
# m_t = 1.77686
# quarks
# m_d = 0.05
# m_u = 0.05
# m_s = 0.2
# m_c = 1.51
# m_b = 4.92
# m_t = 173
# Ecms (default) = 209.618

# channel_id = 28
# process  = nu_e A -> W+ e-
-0.99	269.622709811305
-0.97	241.649216097348
-0.95	217.838041315631
-0.93	197.404609125886
-0.91	179.740791395033
-0.89	164.369359182796
-0.87	150.911582059678
-0.85	139.063810820122
-0.83	128.580306090212
-0.81	119.260479206661
-0.79	110.939295797374
-0.77	103.479976935638
-0.75	96.768390124514
-0.73	90.7086974034825
-0.71	85.2199486360578
-0.69	80.2333924845548
-0.67	75.6903373693113
-0.65	71.5404375377686
-0.63	67.7403103810633
-0.61	64.2524138213949
-0.59	61.0441293470937
-0.57	58.0870087565976
-0.55	55.3561520543759
-0.53	52.8296910486619
-0.51	50.4883586250771
-0.49	48.3151278399042
-0.47	46.2949082038134
-0.45	44.4142890404962
-0.429999999999999	42.6613217746276
-0.409999999999999	41.0253345564804
-0.389999999999999	39.496773861479
-0.369999999999999	38.0670686839303
-0.349999999999999	36.7285137298812
-0.329999999999999	35.4741686464379
-0.309999999999999	34.2977708362599
-0.289999999999999	33.1936598213236
-0.269999999999999	32.1567114589257
-0.249999999999999	31.1822805905223
-0.229999999999999	30.2661509323774
-0.209999999999999	29.4044912056141
-0.189999999999999	28.5938166596599
-0.169999999999999	27.8309552732735
-0.149999999999999	27.1130180261471
-0.129999999999999	26.4373727253974
-0.109999999999999	25.8016209482062
-0.0899999999999994	25.203577727037
-0.0699999999999994	24.6412536592937
-0.0499999999999994	24.1128391707506
-0.0299999999999994	23.6166907029729
-0.00999999999999938	23.1513186304671
0.0100000000000006	22.7153767444575
0.0300000000000006	22.3076531678364
0.0500000000000006	21.9270625907459
0.0700000000000006	21.5726397390865
0.0900000000000006	21.2435340096407
0.110000000000001	20.9390052260436
0.130000000000001	20.658420490116
0.150000000000001	20.4012521237276
0.170000000000001	20.167076718038
0.190000000000001	19.9555753304412
0.210000000000001	19.7665348957043
0.230000000000001	19.5998509477268
0.250000000000001	19.4555317833794
0.270000000000001	19.3337042417208
0.290000000000001	19.2346213226826
0.310000000000001	19.1586719318998
0.330000000000001	19.1063931164515
0.350000000000001	19.0784852548146
0.370000000000001	19.0758307899707
0.390000000000001	19.09951725636
0.410000000000001	19.1508655616258
0.430000000000001	19.231464759946
0.450000000000001	19.3432149191808
0.470000000000001	19.4883801729566
0.490000000000001	19.6696547096512
0.510000000000001	19.8902453533176
0.530000000000001	20.1539756400028
0.550000000000001	20.4654180402542
0.570000000000001	20.8300634569531
0.590000000000001	21.2545406936218
0.610000000000001	21.7469037998386
0.630000000000001	22.3170129468569
0.650000000000001	22.9770462165492
0.670000000000001	23.7421978147201
0.690000000000001	24.631646873345
0.710000000000001	25.6699274444715
0.730000000000001	26.8889076852188
0.750000000000001	28.3307193553711
0.770000000000001	30.0522160533586
0.790000000000001	32.1319793241493
0.810000000000001	34.6817499926475
0.830000000000001	37.8659289996332
0.850000000000001	41.936679248581
0.870000000000001	47.3014295230189
0.890000000000001	54.6640194418344
0.910000000000001	65.354038142865
0.930000000000001	82.2207441094801
0.950000000000001	112.672393286303
0.970000000000001	183.872880747045
0.990000000000001	540.298085230166
