# Program settings for SigmaNu
# Electroweak scheme and input parameters
# Scheme = Complex mass scheme
# alpha_GF = 0.00755898078237864
# Pole masses/widths for particles [GeV]
# mw = 80.35797361
# gw = 2.084298894
# mz = 91.15348062
# gz = 2.494266379
# s^2_thetaw (derived) = (0.222868505240788,-0.00110716741475141)
# charged leptons
# m_e = 0.0005109989461
# m_m = 0.10565837
# m_t = 1.77686
# quarks
# m_d = 0.05
# m_u = 0.05
# m_s = 0.2
# m_c = 1.51
# m_b = 4.92
# m_t = 173
# Ecms (default) = 31188.6

# channel_id = 28
# process  = nu_e A -> W+ e-
-0.99	12.8624893247285
-0.97	1.43184100849084
-0.95	0.515751596253817
-0.93	0.263261155491729
-0.91	0.159337896880457
-0.89	0.106727507718894
-0.87	0.0764674721768287
-0.85	0.0574818995353154
-0.83	0.0447937682103051
-0.81	0.0358975007074297
-0.79	0.029420172805085
-0.77	0.024558343829642
-0.75	0.0208164314183933
-0.73	0.0178752853688587
-0.71	0.0155218493245787
-0.69	0.0136094899485702
-0.67	0.0120346123989282
-0.65	0.0107223459478123
-0.63	0.00961749107603873
-0.61	0.00867862852261946
-0.59	0.00787418833407235
-0.57	0.00717976757218601
-0.55	0.00657626312943503
-0.53	0.00604854838539975
-0.51	0.00558451993042511
-0.49	0.0051744006432023
-0.47	0.00481022325999562
-0.45	0.00448544292587899
-0.429999999999999	0.00419464318486784
-0.409999999999999	0.00393331051687593
-0.389999999999999	0.00369765974864281
-0.369999999999999	0.00348449763148776
-0.349999999999999	0.00329111534122594
-0.329999999999999	0.0031152031006212
-0.309999999999999	0.00295478187192125
-0.289999999999999	0.00280814832919434
-0.269999999999999	0.00267383024158933
-0.249999999999999	0.00255055007770543
-0.229999999999999	0.00243719514636625
-0.209999999999999	0.00233279296801344
-0.189999999999999	0.00223649085751526
-0.169999999999999	0.00214753891755705
-0.149999999999999	0.00206527580947861
-0.129999999999999	0.00198911679798698
-0.109999999999999	0.00191854366699473
-0.0899999999999994	0.00185309618282948
-0.0699999999999994	0.00179236484320895
-0.0499999999999994	0.00173598469966001
-0.0299999999999994	0.00168363008036272
-0.00999999999999938	0.00163501007181145
0.0100000000000006	0.00158986464309706
0.0300000000000006	0.00154796131711696
0.0500000000000006	0.001509092309831
0.0700000000000006	0.0014730720723769
0.0900000000000006	0.00143973518229001
0.110000000000001	0.0014089345394992
0.130000000000001	0.00138053983077334
0.150000000000001	0.0013544362331677
0.170000000000001	0.00133052333281972
0.190000000000001	0.00130871424077306
0.210000000000001	0.00128893489223353
0.230000000000001	0.00127112352009633
0.250000000000001	0.00125523029793663
0.270000000000001	0.00124121715201645
0.290000000000001	0.00122905774655487
0.310000000000001	0.00121873765148391
0.330000000000001	0.00121025470787051
0.350000000000001	0.00120361961297342
0.370000000000001	0.00119885675536072
0.390000000000001	0.00119600534088672
0.410000000000001	0.00119512086363704
0.430000000000001	0.00119627699307837
0.450000000000001	0.00119956797104484
0.470000000000001	0.00120511164220973
0.490000000000001	0.0012130532815876
0.510000000000001	0.00122357043758913
0.530000000000001	0.00123687908450418
0.550000000000001	0.00125324148386187
0.570000000000001	0.00127297630373565
0.590000000000001	0.00129647176016315
0.610000000000001	0.00132420285919836
0.630000000000001	0.00135675428524764
0.650000000000001	0.00139485118852617
0.670000000000001	0.00143940121754376
0.690000000000001	0.00149155286991855
0.710000000000001	0.0015527780346099
0.730000000000001	0.00162499126445258
0.750000000000001	0.00171072634373082
0.770000000000001	0.00181340502139662
0.790000000000001	0.00193775934953551
0.810000000000001	0.00209052080563772
0.830000000000001	0.00228159589851176
0.850000000000001	0.00252618230499603
0.870000000000001	0.00284883841208836
0.890000000000001	0.00329199241194642
0.910000000000001	0.00393579691555833
0.930000000000001	0.0049520201159179
0.950000000000001	0.0067872758313822
0.970000000000001	0.0110791738582198
0.990000000000001	0.0325662749265427
