# Program settings for SigmaNu
# Electroweak scheme and input parameters
# Scheme = Complex mass scheme
# alpha_GF = 0.00755898078237864
# Pole masses/widths for particles [GeV]
# mw = 80.35797361
# gw = 2.084298894
# mz = 91.15348062
# gz = 2.494266379
# s^2_thetaw (derived) = (0.222868505240788,-0.00110716741475141)
# charged leptons
# m_e = 0.0005109989461
# m_m = 0.10565837
# m_t = 1.77686
# quarks
# m_d = 0.05
# m_u = 0.05
# m_s = 0.2
# m_c = 1.51
# m_b = 4.92
# m_t = 173
# Ecms (default) = 2381.03

# channel_id = 28
# process  = nu_e A -> W+ e-
-0.99	1468.89645032075
-0.97	212.614158859748
-0.95	81.0744381726335
-0.93	42.4285228902237
-0.91	26.0414446292384
-0.89	17.5999146016696
-0.87	12.6885786405521
-0.85	9.58195512816898
-0.83	7.493123344805
-0.81	6.02161572391902
-0.79	4.94617430532291
-0.77	4.13646819234216
-0.75	3.51167811138659
-0.73	3.01952788711902
-0.71	2.62498983079537
-0.69	2.30388021410278
-0.67	2.03906673853991
-0.65	1.81813786344994
-0.63	1.63192375692987
-0.61	1.4735309452211
-0.59	1.3376964311093
-0.57	1.22034592818915
-0.55	1.11828568530707
-0.53	1.02898365070285
-0.51	0.950411557457488
-0.49	0.880929291464766
-0.47	0.819199081482516
-0.45	0.764121034686382
-0.429999999999999	0.714784158451335
-0.409999999999999	0.670428758319336
-0.389999999999999	0.630417289782654
-0.369999999999999	0.594211559746409
-0.349999999999999	0.561354744917154
-0.329999999999999	0.531457098411571
-0.309999999999999	0.504184504960524
-0.289999999999999	0.479249254184745
-0.269999999999999	0.456402554224071
-0.249999999999999	0.435428420746808
-0.229999999999999	0.416138660307357
-0.209999999999999	0.39836873005171
-0.189999999999999	0.381974303482734
-0.169999999999999	0.366828408389368
-0.149999999999999	0.352819031002878
-0.129999999999999	0.339847102071173
-0.109999999999999	0.327824797382412
-0.0899999999999994	0.316674098463832
-0.0699999999999994	0.306325569582446
-0.0499999999999994	0.296717315420408
-0.0299999999999994	0.28779409037301
-0.00999999999999938	0.279506535689404
0.0100000000000006	0.271810524927149
0.0300000000000006	0.264666601639274
0.0500000000000006	0.258039496025067
0.0700000000000006	0.251897709585652
0.0900000000000006	0.246213158736221
0.110000000000001	0.240960869921117
0.130000000000001	0.23611872012236
0.150000000000001	0.231667217800416
0.170000000000001	0.227589320302811
0.190000000000001	0.223870284659877
0.210000000000001	0.220497549490482
0.230000000000001	0.217460646494982
0.250000000000001	0.21475114074706
0.270000000000001	0.212362599740901
0.290000000000001	0.210290591937939
0.310000000000001	0.20853271642576
0.330000000000001	0.207088666295912
0.350000000000001	0.205960329524038
0.370000000000001	0.205151932568246
0.390000000000001	0.204670233686813
0.410000000000001	0.204524775245075
0.430000000000001	0.204728207213085
0.450000000000001	0.205296697899686
0.470000000000001	0.206250453076816
0.490000000000001	0.207614371521797
0.510000000000001	0.209418874372167
0.530000000000001	0.211700958611935
0.550000000000001	0.214505543076286
0.570000000000001	0.217887200969662
0.590000000000001	0.22191240972119
0.610000000000001	0.226662502809146
0.630000000000001	0.232237588152893
0.650000000000001	0.238761818747186
0.670000000000001	0.246390588316802
0.690000000000001	0.255320520499477
0.710000000000001	0.265803599338618
0.730000000000001	0.278167587644411
0.750000000000001	0.292846253667626
0.770000000000001	0.310425375619456
0.790000000000001	0.331715041869344
0.810000000000001	0.357867621855105
0.830000000000001	0.390579018146679
0.850000000000001	0.432450927990475
0.870000000000001	0.487687508377999
0.890000000000001	0.563552048289466
0.910000000000001	0.673765880571827
0.930000000000001	0.847734011644687
0.950000000000001	1.16191227758461
0.970000000000001	1.89664314762193
0.990000000000001	5.57502123316627
