# Program settings for SigmaNu
# Electroweak scheme and input parameters
# Scheme = Complex mass scheme
# alpha_GF = 0.00755898078237864
# Pole masses/widths for particles [GeV]
# mw = 80.35797361
# gw = 2.084298894
# mz = 91.15348062
# gz = 2.494266379
# s^2_thetaw (derived) = (0.222868505240788,-0.00110716741475141)
# charged leptons
# m_e = 0.0005109989461
# m_m = 0.10565837
# m_t = 1.77686
# quarks
# m_d = 0.05
# m_u = 0.05
# m_s = 0.2
# m_c = 1.51
# m_b = 4.92
# m_t = 173
# Ecms (default) = 352.656

# channel_id = 28
# process  = nu_e A -> W+ e-
-0.99	745.710862228795
-0.97	547.317612044959
-0.95	418.776947635951
-0.93	330.773267122438
-0.91	267.898680506996
-0.89	221.426071958641
-0.87	186.112146147345
-0.85	158.652701875945
-0.83	136.88170277631
-0.81	119.331313252261
-0.79	104.978279235241
-0.77	93.0916235965762
-0.75	83.1379101754382
-0.73	74.7204875595481
-0.71	67.5394655688443
-0.69	61.3647162745923
-0.67	56.0172716802148
-0.65	51.3562611415402
-0.63	47.2695803848846
-0.61	43.6671217977577
-0.59	40.475792957652
-0.57	37.6358032665138
-0.55	35.0978627646088
-0.53	32.8210457621191
-0.51	30.7711449077788
-0.49	28.9193911321675
-0.47	27.2414493959298
-0.45	25.7166243710652
-0.429999999999999	24.327227368165
-0.409999999999999	23.0580681667622
-0.389999999999999	21.8960443683505
-0.369999999999999	20.829807464063
-0.349999999999999	19.849489674265
-0.329999999999999	18.9464792508238
-0.309999999999999	18.1132346691172
-0.289999999999999	17.3431302137594
-0.269999999999999	16.6303270502407
-0.249999999999999	15.969665097782
-0.229999999999999	15.3565719669778
-0.209999999999999	14.7869859656929
-0.189999999999999	14.2572907575114
-0.169999999999999	13.7642597156543
-0.149999999999999	13.3050083794396
-0.129999999999999	12.8769537110545
-0.109999999999999	12.4777790836848
-0.0899999999999994	12.1054041201891
-0.0699999999999994	11.7579586540049
-0.0499999999999994	11.4337602082047
-0.0299999999999994	11.1312944903299
-0.00999999999999938	10.849198484339
0.0100000000000006	10.5862457902895
0.0300000000000006	10.3413339200619
0.0500000000000006	10.1134733058127
0.0700000000000006	9.9017778187451
0.0900000000000006	9.70545663071347
0.110000000000001	9.52380728136956
0.130000000000001	9.35620984007087
0.150000000000001	9.20212207549522
0.170000000000001	9.06107556765275
0.190000000000001	8.93267271749906
0.210000000000001	8.81658462935078
0.230000000000001	8.71254986152893
0.250000000000001	8.62037406190284
0.270000000000001	8.5399305281846
0.290000000000001	8.47116175900886
0.310000000000001	8.41408209235502
0.330000000000001	8.36878156441248
0.350000000000001	8.33543116674895
0.370000000000001	8.31428973551357
0.390000000000001	8.30571277729088
0.410000000000001	8.31016362742593
0.430000000000001	8.32822745548887
0.450000000000001	8.36062878926128
0.470000000000001	8.40825343764265
0.490000000000001	8.47217597483772
0.510000000000001	8.55369433298358
0.530000000000001	8.65437358187373
0.550000000000001	8.77610171792683
0.570000000000001	8.92116133871627
0.590000000000001	9.09232259584655
0.610000000000001	9.29296503488065
0.630000000000001	9.52723922452946
0.650000000000001	9.80028406423285
0.670000000000001	10.1185233659523
0.690000000000001	10.4900774871963
0.710000000000001	10.9253455339291
0.730000000000001	11.4378465544195
0.750000000000001	12.0454647369488
0.770000000000001	12.7723445051502
0.790000000000001	13.6518687546565
0.810000000000001	14.7315183137479
0.830000000000001	16.081161849584
0.850000000000001	17.8079779469093
0.870000000000001	20.0851516754237
0.890000000000001	23.2118767880717
0.910000000000001	27.7533611703863
0.930000000000001	34.9208420102442
0.950000000000001	47.8636378633323
0.970000000000001	78.1294097301539
0.990000000000001	229.647557101853
