# Program settings for SigmaNu
# Electroweak scheme and input parameters
# Scheme = Complex mass scheme
# alpha_GF = 0.00755898078237864
# Pole masses/widths for particles [GeV]
# mw = 80.35797361
# gw = 2.084298894
# mz = 91.15348062
# gz = 2.494266379
# s^2_thetaw (derived) = (0.222868505240788,-0.00110716741475141)
# charged leptons
# m_e = 0.0005109989461
# m_m = 0.10565837
# m_t = 1.77686
# quarks
# m_d = 0.05
# m_u = 0.05
# m_s = 0.2
# m_c = 1.51
# m_b = 4.92
# m_t = 173
# Ecms (default) = 139.645

# channel_id = 28
# process  = nu_e A -> W+ e-
-0.99	104.070632690127
-0.97	100.113595628803
-0.95	96.3887709332279
-0.93	92.8788036960602
-0.91	89.5679399658268
-0.89	86.4418535380962
-0.87	83.4874942449378
-0.85	80.6929547500333
-0.83	78.0473533175336
-0.81	75.5407304060361
-0.79	73.1639572589604
-0.77	70.9086549304882
-0.75	68.7671224112395
-0.73	66.7322727074329
-0.71	64.7975758874538
-0.69	62.9570082454807
-0.67	61.2050068471391
-0.65	59.5364288203899
-0.63	57.9465148387728
-0.61	56.4308563159665
-0.59	54.9853658923035
-0.57	53.6062508469362
-0.55	52.2899891151215
-0.53	51.0333076296507
-0.51	49.8331627397366
-0.49	48.686722490443
-0.47	47.5913505716618
-0.45	46.5445917682613
-0.429999999999999	45.5441587628172
-0.409999999999999	44.5879201596885
-0.389999999999999	43.6738896144634
-0.369999999999999	42.8002159662606
-0.349999999999999	41.9651742822811
-0.329999999999999	41.1671577345871
-0.309999999999999	40.4046702385138
-0.289999999999999	39.6763197905774
-0.269999999999999	38.9808124513521
-0.249999999999999	38.3169469256996
-0.229999999999999	37.6836096990425
-0.209999999999999	37.0797706941883
-0.189999999999999	36.5044794186374
-0.169999999999999	35.9568615774164
-0.149999999999999	35.4361161313706
-0.129999999999999	34.941512785605
-0.109999999999999	34.4723898974556
-0.0899999999999994	34.0281527981115
-0.0699999999999994	33.6082725268631
-0.0499999999999994	33.2122849820391
-0.0299999999999994	32.8397904981254
-0.00999999999999938	32.4904538644575
0.0100000000000006	32.1640048074018
0.0300000000000006	31.8602389652649
0.0500000000000006	31.5790193935097
0.0700000000000006	31.3202786474688
0.0900000000000006	31.0840215009509
0.110000000000001	30.8703283723197
0.130000000000001	30.6793595452797
0.150000000000001	30.51136029033
0.170000000000001	30.3666670154184
0.190000000000001	30.2457146017103
0.210000000000001	30.1490451138239
0.230000000000001	30.0773181149605
0.250000000000001	30.0313228681388
0.270000000000001	30.01199276789
0.290000000000001	30.0204224257976
0.310000000000001	30.0578879327722
0.330000000000001	30.1258709470793
0.350000000000001	30.2260874180764
0.370000000000001	30.3605219624371
0.390000000000001	30.5314691773899
0.410000000000001	30.7415835248448
0.430000000000001	30.9939398798615
0.450000000000001	31.292107446818
0.470000000000001	31.6402405636073
0.490000000000001	32.0431910194259
0.510000000000001	32.5066480228915
0.530000000000001	33.0373140470818
0.550000000000001	33.6431277038209
0.570000000000001	34.3335489499414
0.590000000000001	35.1199279007207
0.610000000000001	36.0159872546316
0.630000000000001	37.0384613089475
0.650000000000001	38.2079541941525
0.670000000000001	39.5501103207854
0.690000000000001	41.0972380296576
0.710000000000001	42.8906052250799
0.730000000000001	44.98375541852
0.750000000000001	47.4474156042475
0.770000000000001	50.3769648997692
0.790000000000001	53.9041711189769
0.810000000000001	58.2163400616418
0.830000000000001	63.588982099892
0.850000000000001	70.4446121956695
0.870000000000001	79.4658270334148
0.890000000000001	91.831739221022
0.910000000000001	109.769657318407
0.930000000000001	138.05250333253
0.950000000000001	189.090032562941
0.970000000000001	308.38493339335
0.990000000000001	905.462125830112
