# Program settings for SigmaNu
# Electroweak scheme and input parameters
# Scheme = Complex mass scheme
# alpha_GF = 0.00755898078237864
# Pole masses/widths for particles [GeV]
# mw = 80.35797361
# gw = 2.084298894
# mz = 91.15348062
# gz = 2.494266379
# s^2_thetaw (derived) = (0.222868505240788,-0.00110716741475141)
# charged leptons
# m_e = 0.0005109989461
# m_m = 0.10565837
# m_t = 1.77686
# quarks
# m_d = 0.05
# m_u = 0.05
# m_s = 0.2
# m_c = 1.51
# m_b = 4.92
# m_t = 173
# Ecms (default) = 335.496

# channel_id = 28
# process  = nu_e A -> W+ e-
-0.99	682.636461348104
-0.97	514.587157212612
-0.95	401.787923332351
-0.93	322.434607915318
-0.91	264.506198392523
-0.89	220.933952458629
-0.87	187.340708881919
-0.85	160.898589642554
-0.83	139.714723227877
-0.81	122.483410480742
-0.79	108.280397038397
-0.77	96.4365771514177
-0.75	86.4579196797561
-0.73	77.9732479396954
-0.71	70.6993267446285
-0.69	64.4169987433324
-0.67	58.9545472106082
-0.65	54.1758884865027
-0.63	49.9720558435796
-0.61	46.2549665363335
-0.59	42.9527983830182
-0.57	40.0065178521148
-0.55	37.3672432052891
-0.53	34.9942208225207
-0.51	32.8532570167845
-0.49	30.9154918431968
-0.47	29.1564322582712
-0.45	27.5551837920571
-0.429999999999999	26.093835492309
-0.409999999999999	24.7569641771682
-0.389999999999999	23.5312322712305
-0.369999999999999	22.4050595764456
-0.349999999999999	21.368353852052
-0.329999999999999	20.4122884728377
-0.309999999999999	19.5291180041812
-0.289999999999999	18.7120244913346
-0.269999999999999	17.9549887649741
-0.249999999999999	17.2526822285081
-0.229999999999999	16.6003754981965
-0.209999999999999	15.9938609763433
-0.189999999999999	15.4293869965485
-0.169999999999999	14.9036016226676
-0.149999999999999	14.4135045357579
-0.129999999999999	13.9564057256674
-0.109999999999999	13.5298899312051
-0.0899999999999994	13.1317859566717
-0.0699999999999994	12.7601401419725
-0.0499999999999994	12.4131933856087
-0.0299999999999994	12.0893612200681
-0.00999999999999938	11.7872165218499
0.0100000000000006	11.5054745070124
0.0300000000000006	11.2429797204714
0.0500000000000006	10.9986947755081
0.0700000000000006	10.7716906408702
0.0900000000000006	10.5611383079287
0.110000000000001	10.3663017008169
0.130000000000001	10.1865317193582
0.150000000000001	10.0212613287986
0.170000000000001	9.87000163269043
0.190000000000001	9.73233888650873
0.210000000000001	9.60793243044318
0.230000000000001	9.49651354108461
0.250000000000001	9.39788522425257
0.270000000000001	9.31192299595839
0.290000000000001	9.2385767266253
0.310000000000001	9.17787365663111
0.330000000000001	9.12992273082997
0.350000000000001	9.09492044833117
0.370000000000001	9.073158484628
0.390000000000001	9.06503342042916
0.410000000000001	9.07105901104745
0.430000000000001	9.09188155994463
0.450000000000001	9.12829913118522
0.470000000000001	9.1812855638941
0.490000000000001	9.25202055990067
0.510000000000001	9.34192753625778
0.530000000000001	9.452721515185
0.550000000000001	9.58647013657069
0.570000000000001	9.74567203033658
0.590000000000001	9.93335844345065
0.610000000000001	10.1532264383723
0.630000000000001	10.4098155795446
0.650000000000001	10.7087454753137
0.670000000000001	11.0570399661913
0.690000000000001	11.4635770646414
0.710000000000001	11.9397253295361
0.730000000000001	12.5002633213831
0.750000000000001	13.1647406404163
0.770000000000001	13.9595493143768
0.790000000000001	14.9211790799046
0.810000000000001	16.1015288776251
0.830000000000001	17.5769678905043
0.850000000000001	19.4646456756439
0.870000000000001	21.9538580808385
0.890000000000001	25.3716308272304
0.910000000000001	30.3357482091129
0.930000000000001	38.1701171105538
0.950000000000001	52.3170051816562
0.970000000000001	85.3982325181112
0.990000000000001	251.010665669409
