# Program settings for SigmaNu
# Electroweak scheme and input parameters
# Scheme = Complex mass scheme
# alpha_GF = 0.00755898078237864
# Pole masses/widths for particles [GeV]
# mw = 80.35797361
# gw = 2.084298894
# mz = 91.15348062
# gz = 2.494266379
# s^2_thetaw (derived) = (0.222868505240788,-0.00110716741475141)
# charged leptons
# m_e = 0.0005109989461
# m_m = 0.10565837
# m_t = 1.77686
# quarks
# m_d = 0.05
# m_u = 0.05
# m_s = 0.2
# m_c = 1.51
# m_b = 4.92
# m_t = 173
# Ecms (default) = 384.14

# channel_id = 28
# process  = nu_e A -> W+ e-
-0.99	863.389725248143
-0.97	602.655189315886
-0.95	444.451541204817
-0.93	341.3080413105
-0.91	270.355061224714
-0.89	219.471657057171
-0.87	181.747614664029
-0.85	153.009517805558
-0.83	130.616092854714
-0.81	112.829671301235
-0.79	98.4691226905806
-0.77	86.7089067316427
-0.75	76.9579455370702
-0.73	68.7840350570313
-0.71	61.8652306235134
-0.69	55.9577415415726
-0.67	50.8742251830396
-0.65	46.4688017429381
-0.63	42.6265126587324
-0.61	39.2557781944214
-0.59	36.2829172475442
-0.57	33.6481093071663
-0.55	31.3023806161875
-0.53	29.205328076076
-0.51	27.323381513426
-0.49	25.6284635600771
-0.47	24.0969464810476
-0.45	22.7088330742769
-0.429999999999999	21.4471082864084
-0.409999999999999	20.2972220680254
-0.389999999999999	19.246673972564
-0.369999999999999	18.2846772570546
-0.349999999999999	17.4018855675602
-0.329999999999999	16.5901692374224
-0.309999999999999	15.8424311753779
-0.289999999999999	15.1524545431919
-0.269999999999999	14.5147761107558
-0.249999999999999	13.9245804685826
-0.229999999999999	13.3776112733074
-0.209999999999999	12.8700964742581
-0.189999999999999	12.3986850722665
-0.169999999999999	11.9603934356356
-0.149999999999999	11.5525595724715
-0.129999999999999	11.1728040559728
-0.109999999999999	10.8189965368049
-0.0899999999999994	10.4892269674315
-0.0699999999999994	10.1817808172117
-0.0499999999999994	9.89511768195346
-0.0299999999999994	9.62785279342524
-0.00999999999999938	9.37874101778077
0.0100000000000006	9.14666300062435
0.0300000000000006	8.93061317346494
0.0500000000000006	8.72968938390013
0.0700000000000006	8.54308395190771
0.0900000000000006	8.3700759886191
0.110000000000001	8.21002484315145
0.130000000000001	8.0623645685255
0.150000000000001	7.92659932027924
0.170000000000001	7.80229962188462
0.190000000000001	7.68909945019466
0.210000000000001	7.58669411256804
0.230000000000001	7.49483890571779
0.250000000000001	7.41334856543107
0.270000000000001	7.34209753691584
0.290000000000001	7.28102111859562
0.310000000000001	7.23011755885396
0.330000000000001	7.18945121698723
0.350000000000001	7.15915693834823
0.370000000000001	7.13944584184959
0.390000000000001	7.13061277899264
0.410000000000001	7.13304580194983
0.430000000000001	7.14723808023675
0.450000000000001	7.17380283992418
0.470000000000001	7.21349207853284
0.490000000000001	7.2672200504101
0.510000000000001	7.33609284711661
0.530000000000001	7.42144585272643
0.550000000000001	7.52489149090061
0.570000000000001	7.64838058366434
0.590000000000001	7.79428194088668
0.610000000000001	7.96548669766799
0.630000000000001	8.1655467381012
0.650000000000001	8.39886081570168
0.670000000000001	8.67092858237677
0.690000000000001	8.98870317223844
0.710000000000001	9.3610898972417
0.730000000000001	9.79966679581455
0.750000000000001	10.3197512521745
0.770000000000001	10.9420233184518
0.790000000000001	11.6950768554252
0.810000000000001	12.6195821282957
0.830000000000001	13.7753869184868
0.850000000000001	15.2542987462682
0.870000000000001	17.2046663024294
0.890000000000001	19.8827772414993
0.910000000000001	23.7727866514965
0.930000000000001	29.9122375237963
0.950000000000001	40.9988307858064
0.970000000000001	66.9242761320104
0.990000000000001	196.714354652302
