# Program settings for SigmaNu
# Electroweak scheme and input parameters
# Scheme = Complex mass scheme
# alpha_GF = 0.00755898078237864
# Pole masses/widths for particles [GeV]
# mw = 80.35797361
# gw = 2.084298894
# mz = 91.15348062
# gz = 2.494266379
# s^2_thetaw (derived) = (0.222868505240788,-0.00110716741475141)
# charged leptons
# m_e = 0.0005109989461
# m_m = 0.10565837
# m_t = 1.77686
# quarks
# m_d = 0.05
# m_u = 0.05
# m_s = 0.2
# m_c = 1.51
# m_b = 4.92
# m_t = 173
# Ecms (default) = 3703.77

# channel_id = 28
# process  = nu_e A -> W+ e-
-0.99	764.183148092583
-0.97	95.5725256208985
-0.95	35.2668171278409
-0.93	18.19060886348
-0.91	11.0741235683917
-0.89	7.44526993881407
-0.87	5.34810358662648
-0.85	4.02787208251878
-0.83	3.14333614805629
-0.81	2.52193580163122
-0.79	2.0687936756099
-0.77	1.72823708769931
-0.75	1.46585048927941
-0.73	1.25943041418229
-0.71	1.09413178464808
-0.69	0.959724353879305
-0.67	0.848972431878538
-0.65	0.756641459576555
-0.63	0.678868847192337
-0.61	0.612754056797486
-0.59	0.556084770578891
-0.57	0.507149858823427
-0.55	0.464609070053252
-0.53	0.42740060255684
-0.51	0.394674475407824
-0.49	0.365743785448248
-0.47	0.340048566335482
-0.45	0.317128659144192
-0.429999999999999	0.296603115197607
-0.409999999999999	0.278154393625924
-0.389999999999999	0.261516119311431
-0.369999999999999	0.246463513202267
-0.349999999999999	0.232805848607042
-0.329999999999999	0.220380457809966
-0.309999999999999	0.20904793540293
-0.289999999999999	0.198688272955726
-0.269999999999999	0.189197724075216
-0.249999999999999	0.180486246412652
-0.229999999999999	0.172475402529024
-0.209999999999999	0.165096628058271
-0.189999999999999	0.158289795679834
-0.169999999999999	0.152002018713921
-0.149999999999999	0.146186649903356
-0.129999999999999	0.140802440031458
-0.109999999999999	0.135812828096753
-0.0899999999999994	0.131185340303631
-0.0699999999999994	0.126891079491996
-0.0499999999999994	0.122904290087484
-0.0299999999999994	0.119201986410609
-0.00999999999999938	0.115763634392838
0.0100000000000006	0.11257087852869
0.0300000000000006	0.109607307336846
0.0500000000000006	0.106858251780905
0.0700000000000006	0.104310612067119
0.0900000000000006	0.101952709035889
0.110000000000001	0.0997741570306044
0.130000000000001	0.097765755689301
0.150000000000001	0.0959193985844701
0.170000000000001	0.0942279970523725
0.190000000000001	0.0926854179221354
0.210000000000001	0.0912864341897423
0.230000000000001	0.0900266879963555
0.250000000000001	0.0889026655759819
0.270000000000001	0.0879116841470477
0.290000000000001	0.0870518910497177
0.310000000000001	0.0863222757909545
0.330000000000001	0.0857226960716227
0.350000000000001	0.0852539193575555
0.370000000000001	0.0849176821497929
0.390000000000001	0.0847167698485272
0.410000000000001	0.084655121044477
0.430000000000001	0.0847379612850797
0.450000000000001	0.0849719729538787
0.470000000000001	0.0853655100156957
0.490000000000001	0.0859288692250234
0.510000000000001	0.0866746332714669
0.530000000000001	0.0876181066847422
0.550000000000001	0.0887778727990025
0.570000000000001	0.0901765106736806
0.590000000000001	0.0918415261090778
0.610000000000001	0.0938065731623476
0.630000000000001	0.0961130756621802
0.650000000000001	0.0988124083256479
0.670000000000001	0.101968874509686
0.690000000000001	0.105663840011672
0.710000000000001	0.110001580671486
0.730000000000001	0.115117732085585
0.750000000000001	0.121191798298983
0.770000000000001	0.128466189848147
0.790000000000001	0.137276143751073
0.810000000000001	0.14809854341865
0.830000000000001	0.161635202823604
0.850000000000001	0.178962781255771
0.870000000000001	0.201821084354965
0.890000000000001	0.23321587906452
0.910000000000001	0.278825465997719
0.930000000000001	0.350818523596729
0.950000000000001	0.480834784534847
0.970000000000001	0.784888427305387
0.990000000000001	2.30711219326808
