# Program settings for SigmaNu
# Electroweak scheme and input parameters
# Scheme = Complex mass scheme
# alpha_GF = 0.00755898078237864
# Pole masses/widths for particles [GeV]
# mw = 80.35797361
# gw = 2.084298894
# mz = 91.15348062
# gz = 2.494266379
# s^2_thetaw (derived) = (0.222868505240788,-0.00110716741475141)
# charged leptons
# m_e = 0.0005109989461
# m_m = 0.10565837
# m_t = 1.77686
# quarks
# m_d = 0.05
# m_u = 0.05
# m_s = 0.2
# m_c = 1.51
# m_b = 4.92
# m_t = 173
# Ecms (default) = 3352.09

# channel_id = 28
# process  = nu_e A -> W+ e-
-0.99	898.531428830846
-0.97	115.136265598365
-0.95	42.7097208345563
-0.93	22.0802822156306
-0.91	13.4593990874547
-0.89	9.05637366519021
-0.87	6.50911756505161
-0.85	4.90434027954736
-0.83	3.82856171741742
-0.81	3.07248270415045
-0.79	2.52093830987868
-0.77	2.1063107638664
-0.75	1.78677995012766
-0.73	1.53535438540223
-0.71	1.33398161769614
-0.69	1.17021747494406
-0.67	1.03525818330693
-0.65	0.922733379480533
-0.63	0.827941454685785
-0.61	0.747351221111529
-0.59	0.678268935355399
-0.57	0.618610819855128
-0.55	0.56674454189733
-0.53	0.521376755211795
-0.51	0.481472019008546
-0.49	0.446193473827305
-0.47	0.414858849229602
-0.45	0.386907436686371
-0.429999999999999	0.361875011912115
-0.409999999999999	0.339374592908774
-0.389999999999999	0.319081531893247
-0.369999999999999	0.300721860517698
-0.349999999999999	0.284063101728955
-0.329999999999999	0.268906969325324
-0.309999999999999	0.255083524784406
-0.289999999999999	0.24244646829684
-0.269999999999999	0.230869319353855
-0.249999999999999	0.220242300061384
-0.229999999999999	0.210469777384537
-0.209999999999999	0.201468152822944
-0.189999999999999	0.193164112454008
-0.169999999999999	0.185493168912114
-0.149999999999999	0.17839844117979
-0.129999999999999	0.171829629130652
-0.109999999999999	0.165742148375571
-0.0899999999999994	0.160096397708561
-0.0699999999999994	0.154857136763933
-0.0499999999999994	0.149992955709028
-0.0299999999999994	0.145475822154717
-0.00999999999999938	0.1412806931577
0.0100000000000006	0.137385182358381
0.0300000000000006	0.133769274057193
0.0500000000000006	0.130415077467066
0.0700000000000006	0.127306615557582
0.0900000000000006	0.124429643880495
0.110000000000001	0.121771495578841
0.130000000000001	0.119320949466671
0.150000000000001	0.117068118651153
0.170000000000001	0.115004357676066
0.190000000000001	0.113122186615207
0.210000000000001	0.11141523095266
0.230000000000001	0.109878176470012
0.250000000000001	0.108506738733288
0.270000000000001	0.107297647150028
0.290000000000001	0.106248643966026
0.310000000000001	0.105358499010812
0.330000000000001	0.104627041503994
0.350000000000001	0.104055210829605
0.370000000000001	0.1036451289097
0.390000000000001	0.103400197710737
0.410000000000001	0.103325226562594
0.430000000000001	0.103426595451262
0.450000000000001	0.103712462388346
0.470000000000001	0.104193025540812
0.490000000000001	0.104880854276844
0.510000000000001	0.105791308015136
0.530000000000001	0.106943068293266
0.550000000000001	0.10835881859753
0.570000000000001	0.110066119431478
0.590000000000001	0.112098544703372
0.610000000000001	0.114497172691882
0.630000000000001	0.117312565241608
0.650000000000001	0.120607429997374
0.670000000000001	0.124460254994546
0.690000000000001	0.128970354299667
0.710000000000001	0.134265005483135
0.730000000000001	0.140509763178273
0.750000000000001	0.147923726948959
0.770000000000001	0.156802778754447
0.790000000000001	0.167556102705264
0.810000000000001	0.180765773691936
0.830000000000001	0.197288412410321
0.850000000000001	0.218438168373288
0.870000000000001	0.246338614498231
0.890000000000001	0.284658531216238
0.910000000000001	0.340328741113274
0.930000000000001	0.428202094621714
0.950000000000001	0.586897429011454
0.970000000000001	0.958019375029897
0.990000000000001	2.81601587541901
