# Program settings for SigmaNu
# Electroweak scheme and input parameters
# Scheme = Complex mass scheme
# alpha_GF = 0.00755898078237864
# Pole masses/widths for particles [GeV]
# mw = 80.35797361
# gw = 2.084298894
# mz = 91.15348062
# gz = 2.494266379
# s^2_thetaw (derived) = (0.222868505240788,-0.00110716741475141)
# charged leptons
# m_e = 0.0005109989461
# m_m = 0.10565837
# m_t = 1.77686
# quarks
# m_d = 0.05
# m_u = 0.05
# m_s = 0.2
# m_c = 1.51
# m_b = 4.92
# m_t = 173
# Ecms (default) = 22153.6

# channel_id = 28
# process  = nu_e A -> W+ e-
-0.99	25.4273300024365
-0.97	2.83546000022001
-0.95	1.02169236125896
-0.93	0.521592114354705
-0.91	0.315717930031869
-0.89	0.211484918300106
-0.87	0.15152894492191
-0.85	0.11390993040575
-0.83	0.0887681054576246
-0.81	0.0711394614581709
-0.79	0.0583038524517659
-0.77	0.0486693776522712
-0.75	0.0412540824082588
-0.73	0.0354255813606794
-0.71	0.0307617014533015
-0.69	0.0269718821012773
-0.67	0.0238508421911251
-0.65	0.0212502175907987
-0.63	0.01906062338284
-0.61	0.0171999811107136
-0.59	0.0156057295899223
-0.57	0.0142295098660573
-0.55	0.0130334652873702
-0.53	0.0119876191985872
-0.51	0.0110679859321374
-0.49	0.0102551897766476
-0.47	0.0095334416016705
-0.45	0.008889771071258
-0.429999999999999	0.00831344401622287
-0.409999999999999	0.00779551563999138
-0.389999999999999	0.00732848453795675
-0.369999999999999	0.00690602234995085
-0.349999999999999	0.00652276072652425
-0.329999999999999	0.00617412213481022
-0.309999999999999	0.0058561844918166
-0.289999999999999	0.00556557211419009
-0.269999999999999	0.00529936729930755
-0.249999999999999	0.00505503819820332
-0.229999999999999	0.00483037964182844
-0.209999999999999	0.00462346433295015
-0.189999999999999	0.00443260238394274
-0.169999999999999	0.00425630761350424
-0.149999999999999	0.00409326934753112
-0.129999999999999	0.00394232872627549
-0.109999999999999	0.00380245871963671
-0.0899999999999994	0.00367274720895437
-0.0699999999999994	0.00355238261690984
-0.0499999999999994	0.00344064166477383
-0.0299999999999994	0.00333687891406582
-0.00999999999999938	0.00324051781204936
0.0100000000000006	0.00315104301077988
0.0300000000000006	0.00306799377003406
0.0500000000000006	0.00299095828781937
0.0700000000000006	0.00291956882929808
0.0900000000000006	0.00285349754753358
0.110000000000001	0.00279245290826867
0.130000000000001	0.00273617664675361
0.150000000000001	0.00268444119817956
0.170000000000001	0.00263704755494375
0.190000000000001	0.00259382351437721
0.210000000000001	0.00255462229002111
0.230000000000001	0.00251932146827726
0.250000000000001	0.00248782230090442
0.270000000000001	0.0024600493325464
0.290000000000001	0.00243595037155912
0.310000000000001	0.00241549682258924
0.330000000000001	0.00239868441088216
0.350000000000001	0.00238553434189641
0.370000000000001	0.00237609495651498
0.390000000000001	0.00237044396275187
0.410000000000001	0.00236869135115959
0.430000000000001	0.00237098313510026
0.450000000000001	0.00237750610159374
0.470000000000001	0.00238849381758712
0.490000000000001	0.00240423421600845
0.510000000000001	0.00242507919460001
0.530000000000001	0.00245145680993551
0.550000000000001	0.0024838868584765
0.570000000000001	0.00252300093272585
0.590000000000001	0.00256956846718141
0.610000000000001	0.00262453091162104
0.630000000000001	0.00268904709512611
0.650000000000001	0.00276455424596606
0.670000000000001	0.0028528512988039
0.690000000000001	0.00295621454440815
0.710000000000001	0.00307756122598703
0.730000000000001	0.0032206859340537
0.750000000000001	0.00339061055833285
0.770000000000001	0.00359411690945351
0.790000000000001	0.00384058378195749
0.810000000000001	0.00414335277514815
0.830000000000001	0.00452205831093734
0.850000000000001	0.005006821757244
0.870000000000001	0.00564631714582784
0.890000000000001	0.0065246359589959
0.910000000000001	0.00780063841464952
0.930000000000001	0.00981476423398921
0.950000000000001	0.0134521894269422
0.970000000000001	0.0219586104886508
0.990000000000001	0.0645454396919325
