# Program settings for SigmaNu
# Electroweak scheme and input parameters
# Scheme = Complex mass scheme
# alpha_GF = 0.00755898078237864
# Pole masses/widths for particles [GeV]
# mw = 80.35797361
# gw = 2.084298894
# mz = 91.15348062
# gz = 2.494266379
# s^2_thetaw (derived) = (0.222868505240788,-0.00110716741475141)
# charged leptons
# m_e = 0.0005109989461
# m_m = 0.10565837
# m_t = 1.77686
# quarks
# m_d = 0.05
# m_u = 0.05
# m_s = 0.2
# m_c = 1.51
# m_b = 4.92
# m_t = 173
# Ecms (default) = 378.704

# channel_id = 28
# process  = nu_e A -> W+ e-
-0.99	842.940011650929
-0.97	593.561029819953
-0.95	440.516314297569
-0.93	339.900729785054
-0.91	270.243819093875
-0.89	220.03756295837
-0.87	182.663336482817
-0.85	154.095535885601
-0.83	131.771626220711
-0.81	113.997544285117
-0.79	99.6170455810611
-0.77	87.8191147105323
-0.75	78.0212814744514
-0.73	69.7964825976225
-0.71	62.8258407223936
-0.69	56.8673725130251
-0.67	51.7347683703246
-0.65	47.2827025418673
-0.63	43.3964739633439
-0.61	39.9845779045118
-0.59	36.9732977484255
-0.57	34.3027126267036
-0.55	31.9237126290385
-0.53	29.7957411317171
-0.51	27.8850686490237
-0.49	26.1634598721733
-0.47	24.6071347842024
-0.45	23.1959519844108
-0.429999999999999	21.9127615268847
-0.409999999999999	20.7428882305035
-0.389999999999999	19.6737162507385
-0.369999999999999	18.6943528600976
-0.349999999999999	17.7953546442754
-0.329999999999999	16.9685032233841
-0.309999999999999	16.2066205279265
-0.289999999999999	15.5034158626076
-0.269999999999999	14.8533586665789
-0.249999999999999	14.2515721621849
-0.229999999999999	13.6937440743178
-0.209999999999999	13.1760513712693
-0.189999999999999	12.6950965787071
-0.169999999999999	12.2478536906793
-0.149999999999999	11.8316220749724
-0.129999999999999	11.443987067057
-0.109999999999999	11.0827861841873
-0.0899999999999994	10.7460800819267
-0.0699999999999994	10.4321275293865
-0.0499999999999994	10.139363804489
-0.0299999999999994	9.86638201255787
-0.00999999999999938	9.61191691519907
0.0100000000000006	9.37483092541701
0.0300000000000006	9.15410198214813
0.0500000000000006	8.94881306519954
0.0700000000000006	8.75814315182739
0.0900000000000006	8.58135945039374
0.110000000000001	8.41781077595097
0.130000000000001	8.26692195826091
0.150000000000001	8.12818919555539
0.170000000000001	8.00117628806726
0.190000000000001	7.88551170472572
0.210000000000001	7.78088645509802
0.230000000000001	7.68705275736445
0.250000000000001	7.60382351256577
0.270000000000001	7.53107261638838
0.290000000000001	7.46873616331872
0.310000000000001	7.41681462529236
0.330000000000001	7.37537611948066
0.350000000000001	7.34456091953773
0.370000000000001	7.324587414031
0.390000000000001	7.31575977833518
0.410000000000001	7.31847770665551
0.430000000000001	7.333248655506
0.450000000000001	7.36070318789225
0.470000000000001	7.40161419133366
0.490000000000001	7.45692099085666
0.510000000000001	7.52775971648116
0.530000000000001	7.61550175207037
0.550000000000001	7.72180274612451
0.570000000000001	7.84866559193122
0.590000000000001	7.99852211774186
0.610000000000001	8.17434017581119
0.630000000000001	8.37976571466118
0.650000000000001	8.61931380320804
0.670000000000001	8.89862935075005
0.690000000000001	9.22484897592922
0.710000000000001	9.60711283363084
0.730000000000001	10.0573041349186
0.750000000000001	10.5911438477814
0.770000000000001	11.2298567557672
0.790000000000001	12.002789760022
0.810000000000001	12.9516840580345
0.830000000000001	14.137963195218
0.850000000000001	15.6558517834508
0.870000000000001	17.657604044879
0.890000000000001	20.4062546627823
0.910000000000001	24.398704391505
0.930000000000001	30.6998099135533
0.950000000000001	42.078289797593
0.970000000000001	68.6862549695705
0.990000000000001	201.893106698303
