# Program settings for SigmaNu
# Electroweak scheme and input parameters
# Scheme = Complex mass scheme
# alpha_GF = 0.00755898078237864
# Pole masses/widths for particles [GeV]
# mw = 80.35797361
# gw = 2.084298894
# mz = 91.15348062
# gz = 2.494266379
# s^2_thetaw (derived) = (0.222868505240788,-0.00110716741475141)
# charged leptons
# m_e = 0.0005109989461
# m_m = 0.10565837
# m_t = 1.77686
# quarks
# m_d = 0.05
# m_u = 0.05
# m_s = 0.2
# m_c = 1.51
# m_b = 4.92
# m_t = 173
# Ecms (default) = 90183.1

# channel_id = 28
# process  = nu_e A -> W+ e-
-0.99	1.541979044431
-0.97	0.171384699692499
-0.95	0.0617138319349266
-0.93	0.0314971105335366
-0.91	0.0190621019301381
-0.89	0.0127675500307972
-0.87	0.00914731716441077
-0.85	0.00687602908398478
-0.83	0.00535816683557447
-0.81	0.00429394584477018
-0.79	0.00351910709370089
-0.77	0.00293752883977936
-0.75	0.00248992242190917
-0.73	0.00213810739565193
-0.71	0.00185659598266661
-0.69	0.00162784683104583
-0.67	0.00143946734436623
-0.65	0.00128250117693179
-0.63	0.00115034520629919
-0.61	0.00103804479138005
-0.59	0.000941823514313454
-0.57	0.000858762302815994
-0.55	0.000786576064818651
-0.53	0.000723455382658187
-0.51	0.000667952477817469
-0.49	0.000618897842587105
-0.47	0.00057533846323576
-0.45	0.000536491472680481
-0.429999999999999	0.000501708980710321
-0.409999999999999	0.000470451104014812
-0.389999999999999	0.0004422650818901
-0.369999999999999	0.000416768957530527
-0.349999999999999	0.000393638719025312
-0.329999999999999	0.000372598086669619
-0.309999999999999	0.000353410342195333
-0.289999999999999	0.000335871746520718
-0.269999999999999	0.000319806202852318
-0.249999999999999	0.000305060903173514
-0.229999999999999	0.000291502756613337
-0.209999999999999	0.000279015443485208
-0.189999999999999	0.000267496973074291
-0.169999999999999	0.00025685764940713
-0.149999999999999	0.000247018369233177
-0.129999999999999	0.000237909191996052
-0.109999999999999	0.000229468133643287
-0.0899999999999994	0.000221640145494194
-0.0699999999999994	0.000214376246928095
-0.0499999999999994	0.000207632786466012
-0.0299999999999994	0.000201370810546534
-0.00999999999999938	0.000195555523081265
0.0100000000000006	0.000190155821871145
0.0300000000000006	0.000185143900434872
0.0500000000000006	0.00018049490583765
0.0700000000000006	0.000176186644684969
0.0900000000000006	0.000172199330904649
0.110000000000001	0.000168515369951299
0.130000000000001	0.000165119175138082
0.150000000000001	0.000161997012561184
0.170000000000001	0.000159136871769153
0.190000000000001	0.000156528359994492
0.210000000000001	0.000154162618348727
0.230000000000001	0.000152032258847847
0.250000000000001	0.000150131321695322
0.270000000000001	0.000148455252802326
0.290000000000001	0.000147000902018757
0.310000000000001	0.000145766543199333
0.330000000000001	0.000144751917900584
0.350000000000001	0.000143958305352658
0.370000000000001	0.000143388622344963
0.390000000000001	0.000143047557894258
0.410000000000001	0.000142941749180294
0.430000000000001	0.00014308000723883
0.450000000000001	0.000143473603660966
0.470000000000001	0.000144136633060528
0.490000000000001	0.00014508647083121
0.510000000000001	0.000146344352420719
0.530000000000001	0.000147936109174921
0.550000000000001	0.000149893108598902
0.570000000000001	0.00015225346467497
0.590000000000001	0.000155063609600725
0.610000000000001	0.000158380356057397
0.630000000000001	0.00016227363470384
0.650000000000001	0.000166830176518087
0.670000000000001	0.000172158540052791
0.690000000000001	0.00017839609042085
0.710000000000001	0.000185718871727547
0.730000000000001	0.000194355872533567
0.750000000000001	0.000204610144116638
0.770000000000001	0.000216890942060965
0.790000000000001	0.000231764239757858
0.810000000000001	0.000250035150331845
0.830000000000001	0.000272888534036854
0.850000000000001	0.00030214209720936
0.870000000000001	0.000340733126650394
0.890000000000001	0.000393736213319713
0.910000000000001	0.000470737948039565
0.930000000000001	0.000592282532250828
0.950000000000001	0.000811786865065275
0.970000000000001	0.00132511599537328
0.990000000000001	0.0038950640420067
