# Program settings for SigmaNu
# Electroweak scheme and input parameters
# Scheme = Complex mass scheme
# alpha_GF = 0.00755898078237864
# Pole masses/widths for particles [GeV]
# mw = 80.35797361
# gw = 2.084298894
# mz = 91.15348062
# gz = 2.494266379
# s^2_thetaw (derived) = (0.222868505240788,-0.00110716741475141)
# charged leptons
# m_e = 0.0005109989461
# m_m = 0.10565837
# m_t = 1.77686
# quarks
# m_d = 0.05
# m_u = 0.05
# m_s = 0.2
# m_c = 1.51
# m_b = 4.92
# m_t = 173
# Ecms (default) = 835.266

# channel_id = 28
# process  = nu_e A -> W+ e-
-0.99	2205.89877051176
-0.97	765.843643094057
-0.95	384.850396758527
-0.93	230.913178619273
-0.91	153.812522377329
-0.89	109.775787989649
-0.87	82.2830913446929
-0.85	63.9774519977967
-0.83	51.1792697019633
-0.81	41.8823425138075
-0.79	34.9172456024039
-0.77	29.564947390834
-0.75	25.3636211405351
-0.73	22.0056493026617
-0.71	19.2797206173859
-0.69	17.0367916015246
-0.67	15.1692994824747
-0.65	13.5980426206357
-0.63	12.2636586090478
-0.61	11.1209467752674
-0.59	10.1349996309871
-0.57	9.27851335049935
-0.55	8.52988380300781
-0.53	7.87183645661673
-0.51	7.29042568325829
-0.49	6.77429387611814
-0.47	6.31411605449978
-0.45	5.90217872307951
-0.429999999999999	5.53205713967082
-0.409999999999999	5.19836556425671
-0.389999999999999	4.89656222159385
-0.369999999999999	4.62279569748147
-0.349999999999999	4.3737830080899
-0.329999999999999	4.14671209450717
-0.309999999999999	3.93916330872879
-0.289999999999999	3.74904578060103
-0.269999999999999	3.57454552993424
-0.249999999999999	3.41408291254214
-0.229999999999999	3.26627753219699
-0.209999999999999	3.12991916111013
-0.189999999999999	3.00394352432081
-0.169999999999999	2.88741204335858
-0.149999999999999	2.77949481995584
-0.129999999999999	2.67945628478181
-0.109999999999999	2.5866430490184
-0.0899999999999994	2.5004735854498
-0.0699999999999994	2.4204294361027
-0.0499999999999994	2.34604769951447
-0.0299999999999994	2.27691459558532
-0.00999999999999938	2.21265994210883
0.0100000000000006	2.15295240633657
0.0300000000000006	2.09749541876166
0.0500000000000006	2.04602365582932
0.0700000000000006	1.99830001438583
0.0900000000000006	1.95411301406082
0.110000000000001	1.913274575002
0.130000000000001	1.87561812789921
0.150000000000001	1.84099702141687
0.170000000000001	1.80928319931206
0.190000000000001	1.78036612591599
0.210000000000001	1.7541519445381
0.230000000000001	1.73056285893523
0.250000000000001	1.70953673349096
0.270000000000001	1.69102691339926
0.290000000000001	1.67500227219049
0.310000000000001	1.6614475006691
0.330000000000001	1.65036365910401
0.350000000000001	1.64176902377238
0.370000000000001	1.63570027028596
0.390000000000001	1.63221405029724
0.410000000000001	1.63138903623385
0.430000000000001	1.63332853207398
0.450000000000001	1.63816377884667
0.470000000000001	1.64605812432713
0.490000000000001	1.65721228131106
0.510000000000001	1.67187097370059
0.530000000000001	1.69033137293496
0.550000000000001	1.71295387172853
0.570000000000001	1.74017594679479
0.590000000000001	1.77253015666994
0.610000000000001	1.81066775093596
0.630000000000001	1.85539000647919
0.650000000000001	1.90769037443942
0.670000000000001	1.96881201742383
0.690000000000001	2.04032768097594
0.710000000000001	2.12425267517968
0.730000000000001	2.22320812867166
0.750000000000001	2.34066266184811
0.770000000000001	2.48130020706003
0.790000000000001	2.6515980682416
0.810000000000001	2.86077012771527
0.830000000000001	3.12237590404552
0.850000000000001	3.45721691622314
0.870000000000001	3.89890667813182
0.890000000000001	4.50551711912021
0.910000000000001	5.38675364202878
0.930000000000001	6.77771608537841
0.950000000000001	9.28968611094504
0.970000000000001	15.164064319381
0.990000000000001	44.5735532424035
