# Program settings for SigmaNu
# Electroweak scheme and input parameters
# Scheme = Complex mass scheme
# alpha_GF = 0.00755898078237864
# Pole masses/widths for particles [GeV]
# mw = 80.35797361
# gw = 2.084298894
# mz = 91.15348062
# gz = 2.494266379
# s^2_thetaw (derived) = (0.222868505240788,-0.00110716741475141)
# charged leptons
# m_e = 0.0005109989461
# m_m = 0.10565837
# m_t = 1.77686
# quarks
# m_d = 0.05
# m_u = 0.05
# m_s = 0.2
# m_c = 1.51
# m_b = 4.92
# m_t = 173
# Ecms (default) = 1201.33

# channel_id = 28
# process  = nu_e A -> W+ e-
-0.99	2421.53049754409
-0.97	574.451911207215
-0.95	251.006485078095
-0.93	140.032733015632
-0.91	89.2016221396364
-0.89	61.7683962903845
-0.87	45.300545224431
-0.85	34.6471111217512
-0.83	27.3614784666336
-0.81	22.1605729281738
-0.79	18.3188804822695
-0.77	15.4010879904814
-0.75	13.1331647536516
-0.73	11.3356298845168
-0.71	9.8869447181557
-0.69	8.70243410132552
-0.67	7.72164022623533
-0.65	6.90046294256773
-0.63	6.20612272897356
-0.61	5.61384455833799
-0.59	5.10462210918515
-0.57	4.6636780350978
-0.55	4.27938321668238
-0.53	3.94248503966457
-0.51	3.64554769043164
-0.49	3.38254042219833
-0.47	3.14853071659301
-0.45	2.9394528757132
-0.429999999999999	2.75193157428462
-0.409999999999999	2.58314594570126
-0.389999999999999	2.43072390012437
-0.369999999999999	2.29265922750264
-0.349999999999999	2.16724604044899
-0.329999999999999	2.05302653334541
-0.309999999999999	1.94874905484928
-0.289999999999999	1.85333423194392
-0.269999999999999	1.76584742693871
-0.249999999999999	1.68547621090045
-0.229999999999999	1.61151183722537
-0.209999999999999	1.54333392512115
-0.189999999999999	1.48039773433055
-0.169999999999999	1.42222354360762
-0.149999999999999	1.36838774647325
-0.129999999999999	1.3185153560921
-0.109999999999999	1.27227367221984
-0.0899999999999994	1.22936691114522
-0.0699999999999994	1.18953163744161
-0.0499999999999994	1.15253286643895
-0.0299999999999994	1.11816073036798
-0.00999999999999938	1.08622762043926
0.0100000000000006	1.05656573271661
0.0300000000000006	1.02902495831523
0.0500000000000006	1.00347106881022
0.0700000000000006	0.979784156260211
0.0900000000000006	0.957857294311851
0.110000000000001	0.937595392754788
0.130000000000001	0.918914222886241
0.150000000000001	0.901739595317031
0.170000000000001	0.886006675571953
0.190000000000001	0.87165942614743
0.210000000000001	0.858650166712348
0.230000000000001	0.846939246988585
0.250000000000001	0.836494829637254
0.270000000000001	0.827292783319431
0.290000000000001	0.819316689121713
0.310000000000001	0.812557966881496
0.330000000000001	0.807016131789867
0.350000000000001	0.802699196210944
0.370000000000001	0.799624237220534
0.390000000000001	0.797818157311658
0.410000000000001	0.797318674549244
0.430000000000001	0.798175589881032
0.450000000000001	0.80045239429891
0.470000000000001	0.804228298466712
0.490000000000001	0.809600794244777
0.510000000000001	0.816688894083931
0.530000000000001	0.825637244688125
0.550000000000001	0.836621381844425
0.570000000000001	0.849854493240375
0.590000000000001	0.865596199798509
0.610000000000001	0.884164076021567
0.630000000000001	0.905948941884126
0.650000000000001	0.931435431266204
0.670000000000001	0.961230072033451
0.690000000000001	0.996100266859824
0.710000000000001	1.03702943410181
0.730000000000001	1.08529668500957
0.750000000000001	1.14259477471726
0.770000000000001	1.21120962125734
0.790000000000001	1.2943024351539
0.810000000000001	1.39637006460844
0.830000000000001	1.52403031925884
0.850000000000001	1.68743558298055
0.870000000000001	1.90299133171138
0.890000000000001	2.19904034131922
0.910000000000001	2.62912587760118
0.930000000000001	3.30799182855942
0.950000000000001	4.53398321209818
0.970000000000001	7.40104880318502
0.990000000000001	21.754775531137
