# Program settings for SigmaNu
# Electroweak scheme and input parameters
# Scheme = Complex mass scheme
# alpha_GF = 0.00755898078237864
# Pole masses/widths for particles [GeV]
# mw = 80.35797361
# gw = 2.084298894
# mz = 91.15348062
# gz = 2.494266379
# s^2_thetaw (derived) = (0.222868505240788,-0.00110716741475141)
# charged leptons
# m_e = 0.0005109989461
# m_m = 0.10565837
# m_t = 1.77686
# quarks
# m_d = 0.05
# m_u = 0.05
# m_s = 0.2
# m_c = 1.51
# m_b = 4.92
# m_t = 173
# Ecms (default) = 2906.83

# channel_id = 28
# process  = nu_e A -> W+ e-
-0.99	1117.71225171298
-0.97	149.474172358399
-0.95	55.9730731205518
-0.93	29.057445823093
-0.91	17.753763118365
-0.89	11.9637532199185
-0.87	8.60767986997681
-0.85	6.49047184679592
-0.83	5.06973843785764
-0.81	4.07043103851219
-0.79	3.34099746617212
-0.77	2.79235829023781
-0.75	2.36937093476254
-0.73	2.0364191900265
-0.71	1.76966746251766
-0.69	1.55267637382062
-0.67	1.37381037958736
-0.65	1.22464670339089
-0.63	1.0989667808635
-0.61	0.992098643939047
-0.59	0.900477319536532
-0.57	0.821344389275517
-0.55	0.752538549703187
-0.53	0.692346983160791
-0.51	0.639398166957762
-0.49	0.592583424676763
-0.47	0.550998737745071
-0.45	0.513901050852968
-0.429999999999999	0.480675087581499
-0.409999999999999	0.450807883360616
-0.389999999999999	0.423869050903864
-0.369999999999999	0.399495349653169
-0.349999999999999	0.377378519109692
-0.329999999999999	0.357255610413836
-0.309999999999999	0.338901246839528
-0.289999999999999	0.322121385802804
-0.269999999999999	0.306748258668405
-0.249999999999999	0.292636241112297
-0.229999999999999	0.279658463716597
-0.209999999999999	0.267704015199981
-0.189999999999999	0.256675623019593
-0.169999999999999	0.246487720735289
-0.149999999999999	0.237064830463621
-0.129999999999999	0.228340203393794
-0.109999999999999	0.220254672738098
-0.0899999999999994	0.21275568241968
-0.0699999999999994	0.205796461838248
-0.0499999999999994	0.199335322633139
-0.0299999999999994	0.193335057810419
-0.00999999999999938	0.187762427166021
0.0100000000000006	0.182587715811152
0.0300000000000006	0.177784354936694
0.0500000000000006	0.173328595854248
0.0700000000000006	0.169199229912231
0.0900000000000006	0.165377348176424
0.110000000000001	0.161846135841141
0.130000000000001	0.158590697245035
0.150000000000001	0.155597908140698
0.170000000000001	0.152856292539776
0.190000000000001	0.150355922051533
0.210000000000001	0.148088336174534
0.230000000000001	0.146046482509501
0.250000000000001	0.144224676356054
0.270000000000001	0.142618579657402
0.290000000000001	0.141225199787082
0.310000000000001	0.140042909255682
0.330000000000001	0.13907148808382
0.350000000000001	0.138312191378334
0.370000000000001	0.137767845610951
0.390000000000001	0.137442978297826
0.410000000000001	0.137343987302086
0.430000000000001	0.137479357950311
0.450000000000001	0.137859938735242
0.470000000000001	0.138499289807176
0.490000000000001	0.1394141230722
0.510000000000001	0.140624859004895
0.530000000000001	0.142156333961438
0.550000000000001	0.14403870391109
0.570000000000001	0.146308607698498
0.590000000000001	0.149010677678611
0.610000000000001	0.152199521695146
0.630000000000001	0.155942354067853
0.650000000000001	0.160322534550889
0.670000000000001	0.165444399855843
0.690000000000001	0.171439970901852
0.710000000000001	0.178478440765335
0.730000000000001	0.186779884643513
0.750000000000001	0.196635555646622
0.770000000000001	0.208438774683206
0.790000000000001	0.222733476674451
0.810000000000001	0.240293422533968
0.830000000000001	0.262257330579106
0.850000000000001	0.290372118338596
0.870000000000001	0.327460680811185
0.890000000000001	0.378399978278412
0.910000000000001	0.452403247911893
0.930000000000001	0.569214586040134
0.950000000000001	0.78017053800215
0.970000000000001	1.27350806293521
0.990000000000001	3.74336811877515
