# Program settings for SigmaNu
# Electroweak scheme and input parameters
# Scheme = Complex mass scheme
# alpha_GF = 0.00755898078237864
# Pole masses/widths for particles [GeV]
# mw = 80.35797361
# gw = 2.084298894
# mz = 91.15348062
# gz = 2.494266379
# s^2_thetaw (derived) = (0.222868505240788,-0.00110716741475141)
# charged leptons
# m_e = 0.0005109989461
# m_m = 0.10565837
# m_t = 1.77686
# quarks
# m_d = 0.05
# m_u = 0.05
# m_s = 0.2
# m_c = 1.51
# m_b = 4.92
# m_t = 173
# Ecms (default) = 468.969

# channel_id = 28
# process  = nu_e A -> W+ e-
-0.99	1182.92939639455
-0.97	717.925841522118
-0.95	481.656961932035
-0.93	345.440688039509
-0.91	259.837050575969
-0.89	202.559931850992
-0.87	162.364319965798
-0.85	133.077939748792
-0.83	111.083895531939
-0.81	94.1487930719458
-0.79	80.8330834850073
-0.77	70.1750604275038
-0.75	61.5124360212724
-0.73	54.3770676157556
-0.71	48.4304652444214
-0.69	43.4229761798999
-0.67	39.1672093660099
-0.65	35.5202925737756
-0.63	32.3717599149336
-0.61	29.635116681211
-0.59	27.2418588328961
-0.57	25.1371634920489
-0.55	23.276737408636
-0.53	21.6244809969039
-0.51	20.1507353675878
-0.49	18.8309518185134
-0.47	17.6446713187698
-0.45	16.5747341161407
-0.429999999999999	15.6066620243127
-0.409999999999999	14.7281715886303
-0.389999999999999	13.9287873780921
-0.369999999999999	13.1995325481622
-0.349999999999999	12.5326795254348
-0.329999999999999	11.921547831501
-0.309999999999999	11.3603391347306
-0.289999999999999	10.8440019035219
-0.269999999999999	10.368119748915
-0.249999999999999	9.92881884118011
-0.229999999999999	9.52269077334973
-0.209999999999999	9.14672800344772
-0.189999999999999	8.79826959373363
-0.169999999999999	8.4749554216801
-0.149999999999999	8.17468739474553
-0.129999999999999	7.89559648246556
-0.109999999999999	7.6360146023531
-0.0899999999999994	7.39445057370468
-0.0699999999999994	7.16956949565038
-0.0499999999999994	6.96017502030152
-0.0299999999999994	6.76519408453134
-0.00999999999999938	6.58366373933176
0.0100000000000006	6.41471977737846
0.0300000000000006	6.25758691019711
0.0500000000000006	6.11157028835828
0.0700000000000006	5.97604819319012
0.0900000000000006	5.85046575799285
0.110000000000001	5.7343296018098
0.130000000000001	5.62720328039434
0.150000000000001	5.52870347789907
0.170000000000001	5.43849687967736
0.190000000000001	5.35629768203019
0.210000000000001	5.28186570930597
0.230000000000001	5.21500512300902
0.250000000000001	5.15556372204759
0.270000000000001	5.1034328485583
0.290000000000001	5.05854793057196
0.310000000000001	5.02088971196701
0.330000000000001	4.99048624272342
0.350000000000001	4.96741572976865
0.370000000000001	4.95181038243708
0.390000000000001	4.94386142907056
0.410000000000001	4.94382553572692
0.430000000000001	4.95203292868137
0.450000000000001	4.96889761545884
0.470000000000001	4.99493022307346
0.490000000000001	5.03075413919114
0.510000000000001	5.07712586976005
0.530000000000001	5.13496084121987
0.550000000000001	5.20536631533019
0.570000000000001	5.28968370832282
0.590000000000001	5.38954350316955
0.610000000000001	5.50693725453511
0.630000000000001	5.64431313411897
0.650000000000001	5.80470441382687
0.670000000000001	5.99190484262522
0.690000000000001	6.21071207791023
0.710000000000001	6.46727200902069
0.730000000000001	6.76957627162829
0.750000000000001	7.12819872462804
0.770000000000001	7.55741633001072
0.790000000000001	8.07697068960075
0.810000000000001	8.71494228686899
0.830000000000001	9.51265376428048
0.850000000000001	10.5334959873973
0.870000000000001	11.8799014193471
0.890000000000001	13.728834092641
0.910000000000001	16.4145997552214
0.930000000000001	20.6536165170042
0.950000000000001	28.3086353700211
0.970000000000001	46.209843282537
0.990000000000001	135.829204775424
