# Program settings for SigmaNu
# Electroweak scheme and input parameters
# Scheme = Complex mass scheme
# alpha_GF = 0.00755898078237864
# Pole masses/widths for particles [GeV]
# mw = 80.35797361
# gw = 2.084298894
# mz = 91.15348062
# gz = 2.494266379
# s^2_thetaw (derived) = (0.222868505240788,-0.00110716741475141)
# charged leptons
# m_e = 0.0005109989461
# m_m = 0.10565837
# m_t = 1.77686
# quarks
# m_d = 0.05
# m_u = 0.05
# m_s = 0.2
# m_c = 1.51
# m_b = 4.92
# m_t = 173
# Ecms (default) = 19626

# channel_id = 28
# process  = nu_e A -> W+ e-
-0.99	32.35210631931
-0.97	3.61111602163532
-0.95	1.3014320125144
-0.93	0.66445890793462
-0.91	0.402213123040039
-0.89	0.269431918010756
-0.87	0.193051864028867
-0.85	0.145126395865103
-0.83	0.113095854477372
-0.81	0.0906367210421888
-0.79	0.0742837813260345
-0.77	0.0620090582965294
-0.75	0.0525615848641364
-0.73	0.0451357184760891
-0.71	0.0391936152073666
-0.69	0.0343651002464376
-0.67	0.0303886427197506
-0.65	0.0270752233008958
-0.63	0.0242854821438522
-0.61	0.0219148480734503
-0.59	0.0198836152600796
-0.57	0.0181301718739539
-0.55	0.0166062863577564
-0.53	0.0152737665739676
-0.51	0.0141020531693491
-0.49	0.0130664601038228
-0.47	0.0121468708369073
-0.45	0.0113267601385267
-0.429999999999999	0.0105924517961176
-0.409999999999999	0.0099325493775338
-0.389999999999999	0.00933749543366998
-0.369999999999999	0.00879922706054665
-0.349999999999999	0.00831090448159673
-0.329999999999999	0.00786669548363686
-0.309999999999999	0.00746160295065229
-0.289999999999999	0.00709132592621462
-0.269999999999999	0.0067521469613688
-0.249999999999999	0.00644084021933557
-0.229999999999999	0.00615459608354191
-0.209999999999999	0.00589095897219661
-0.189999999999999	0.00564777578610912
-0.169999999999999	0.0054231529678366
-0.149999999999999	0.00521542057357654
-0.129999999999999	0.00502310208637321
-0.109999999999999	0.00484488895379342
-0.0899999999999994	0.00467961903258535
-0.0699999999999994	0.0045262582798219
-0.0499999999999994	0.00438388515445978
-0.0299999999999994	0.00425167729242157
-0.00999999999999938	0.00412890009767752
0.0100000000000006	0.00401489695593758
0.0300000000000006	0.00390908082934322
0.0500000000000006	0.0038109270329649
0.0700000000000006	0.00371996702854115
0.0900000000000006	0.00363578309969723
0.110000000000001	0.00355800379675556
0.130000000000001	0.00348630005940451
0.150000000000001	0.00342038194283704
0.170000000000001	0.0033599958876642
0.190000000000001	0.00330492248738916
0.210000000000001	0.00325497471902043
0.230000000000001	0.00320999661376464
0.250000000000001	0.00316986235563929
0.270000000000001	0.00313447580692274
0.290000000000001	0.0031037704710521
0.310000000000001	0.00307770991642062
0.330000000000001	0.00305628869927214
0.350000000000001	0.00303953384130564
0.370000000000001	0.00302750693867195
0.390000000000001	0.00302030700553181
0.410000000000001	0.00301807418877382
0.430000000000001	0.00302099453370643
0.450000000000001	0.00302930603740468
0.470000000000001	0.00304330630160828
0.490000000000001	0.00306336219856549
0.510000000000001	0.00308992210141926
0.530000000000001	0.00312353142128128
0.550000000000001	0.00316485245990028
0.570000000000001	0.00321468996430719
0.590000000000001	0.00327402431337481
0.610000000000001	0.00334405505984694
0.630000000000001	0.00342625873108261
0.650000000000001	0.00352246657781933
0.670000000000001	0.00363497072034831
0.690000000000001	0.00376667150408368
0.710000000000001	0.00392128594643598
0.730000000000001	0.0041036489403223
0.750000000000001	0.00432015914671501
0.770000000000001	0.00457945763668422
0.790000000000001	0.00489349443853119
0.810000000000001	0.00527926880377497
0.830000000000001	0.00576179800857528
0.850000000000001	0.00637946131249385
0.870000000000001	0.00719427692462083
0.890000000000001	0.00831339033773727
0.910000000000001	0.00993921392282394
0.930000000000001	0.0125055202883193
0.950000000000001	0.0171401599249426
0.970000000000001	0.0279786497730949
0.990000000000001	0.0822408255391049
