# Program settings for SigmaNu
# Electroweak scheme and input parameters
# Scheme = Complex mass scheme
# alpha_GF = 0.00755898078237864
# Pole masses/widths for particles [GeV]
# mw = 80.35797361
# gw = 2.084298894
# mz = 91.15348062
# gz = 2.494266379
# s^2_thetaw (derived) = (0.222868505240788,-0.00110716741475141)
# charged leptons
# m_e = 0.0005109989461
# m_m = 0.10565837
# m_t = 1.77686
# quarks
# m_d = 0.05
# m_u = 0.05
# m_s = 0.2
# m_c = 1.51
# m_b = 4.92
# m_t = 173
# Ecms (default) = 14758.4

# channel_id = 28
# process  = nu_e A -> W+ e-
-0.99	56.9200859192029
-0.97	6.37510335146528
-0.95	2.29913743222542
-0.93	1.17419237207273
-0.91	0.710883319592445
-0.89	0.476251434476333
-0.87	0.341265610017145
-0.85	0.256559364052577
-0.83	0.199942760647847
-0.81	0.160242247755764
-0.79	0.131334266134777
-0.77	0.109634803017654
-0.75	0.0929329085793762
-0.73	0.0798046243772679
-0.71	0.069299280764166
-0.69	0.0607625490487711
-0.67	0.0537321273532032
-0.65	0.0478738816048454
-0.63	0.0429414560838897
-0.61	0.0387499893889392
-0.59	0.0351585745067996
-0.57	0.0320582898251979
-0.55	0.029363866975714
-0.53	0.0270077852905369
-0.51	0.0249360175672051
-0.49	0.0231049197762601
-0.47	0.0214789262159938
-0.45	0.0200288202704589
-0.429999999999999	0.0187304221663354
-0.409999999999999	0.0175635826488525
-0.389999999999999	0.0165114037101066
-0.369999999999999	0.0155596296613681
-0.349999999999999	0.014696167291936
-0.329999999999999	0.0139107047683377
-0.309999999999999	0.0131944067244287
-0.289999999999999	0.0125396686259593
-0.269999999999999	0.0119399176050994
-0.249999999999999	0.0113894499911169
-0.229999999999999	0.0108832980177312
-0.209999999999999	0.0104171198788256
-0.189999999999999	0.00998710858321689
-0.169999999999999	0.0095899160339872
-0.149999999999999	0.00922258950617008
-0.129999999999999	0.00888251827502562
-0.109999999999999	0.00856738859719738
-0.0899999999999994	0.008275145599429
-0.0699999999999994	0.0080039609071536
-0.0499999999999994	0.00775220506519414
-0.0299999999999994	0.00751842397811372
-0.00999999999999938	0.00730131873819711
0.0100000000000006	0.00709972832225189
0.0300000000000006	0.00691261473016589
0.0500000000000006	0.00673905021294753
0.0700000000000006	0.00657820629937987
0.0900000000000006	0.00642934438118878
0.110000000000001	0.00629180765893719
0.130000000000001	0.00616501428649225
0.150000000000001	0.00604845158244475
0.170000000000001	0.0059416712030896
0.190000000000001	0.0058442851950906
0.210000000000001	0.00575596286712082
0.230000000000001	0.00567642843963635
0.250000000000001	0.00560545945129977
0.270000000000001	0.00554288592017471
0.290000000000001	0.00548859027841821
0.310000000000001	0.00544250812200213
0.330000000000001	0.0054046298430015
0.350000000000001	0.00537500324271701
0.370000000000001	0.00535373726139599
0.390000000000001	0.00534100700686849
0.410000000000001	0.00533706032366953
0.430000000000001	0.0053422262207416
0.450000000000001	0.00535692557607313
0.470000000000001	0.00538168467000671
0.490000000000001	0.00541715227814873
0.510000000000001	0.0054641212993111
0.530000000000001	0.00552355623096239
0.550000000000001	0.0055966282761697
0.570000000000001	0.00568476053382068
0.590000000000001	0.00578968668489389
0.610000000000001	0.00591352799103867
0.630000000000001	0.00605889550788292
0.650000000000001	0.0062290275738656
0.670000000000001	0.00642797751633845
0.690000000000001	0.0066608742311092
0.710000000000001	0.00693429079433614
0.730000000000001	0.00725677710263402
0.750000000000001	0.00763964837739273
0.770000000000001	0.00809818525701207
0.790000000000001	0.00865351984987662
0.810000000000001	0.00933571317361226
0.830000000000001	0.0101890051030098
0.850000000000001	0.0112812644817414
0.870000000000001	0.0127221626305691
0.890000000000001	0.0147011727347898
0.910000000000001	0.0175762353432695
0.930000000000001	0.0221144221739312
0.950000000000001	0.0303101934480429
0.970000000000001	0.0494766851666008
0.990000000000001	0.145432445369603
