# Program settings for SigmaNu
# Electroweak scheme and input parameters
# Scheme = Complex mass scheme
# alpha_GF = 0.00755898078237864
# Pole masses/widths for particles [GeV]
# mw = 80.35797361
# gw = 2.084298894
# mz = 91.15348062
# gz = 2.494266379
# s^2_thetaw (derived) = (0.222868505240788,-0.00110716741475141)
# charged leptons
# m_e = 0.0005109989461
# m_m = 0.10565837
# m_t = 1.77686
# quarks
# m_d = 0.05
# m_u = 0.05
# m_s = 0.2
# m_c = 1.51
# m_b = 4.92
# m_t = 173
# Ecms (default) = 63151.5

# channel_id = 28
# process  = nu_e A -> W+ e-
-0.99	3.14353639851299
-0.97	0.349468153558762
-0.95	0.125845352560334
-0.93	0.0642293568769753
-0.91	0.0388721173221684
-0.89	0.0260362164464567
-0.87	0.0186537454961991
-0.85	0.0140220491295697
-0.83	0.0109267532377581
-0.81	0.0087565363216421
-0.79	0.00717643891031649
-0.77	0.00599044714879017
-0.75	0.00507765764804714
-0.73	0.00436021133742651
-0.71	0.00378613239099019
-0.69	0.00331964961053562
-0.67	0.00293549134572617
-0.65	0.00261539330189424
-0.63	0.00234588999167793
-0.61	0.00211687759697258
-0.59	0.00192065499774909
-0.57	0.0017512694230258
-0.55	0.0016040609528292
-0.53	0.00147533969246978
-0.51	0.00136215322540478
-0.49	0.00126211660361814
-0.47	0.00117328636854566
-0.45	0.00109406603668097
-0.429999999999999	0.00102313437908402
-0.409999999999999	0.000959390422426227
-0.389999999999999	0.000901910860315573
-0.369999999999999	0.000849916775049333
-0.349999999999999	0.000802747414626568
-0.329999999999999	0.000759839366291807
-0.309999999999999	0.000720709894103562
-0.289999999999999	0.00068494351592007
-0.269999999999999	0.000652181119993125
-0.249999999999999	0.00062211108695721
-0.229999999999999	0.00059446200627688
-0.209999999999999	0.000568996668607998
-0.189999999999999	0.000545507085464065
-0.169999999999999	0.000523810340827607
-0.149999999999999	0.000503745120266428
-0.129999999999999	0.000485168794714234
-0.109999999999999	0.000467954960677541
-0.0899999999999994	0.000451991357896976
-0.0699999999999994	0.000437178100625738
-0.0499999999999994	0.000423426170768158
-0.0299999999999994	0.000410656130650868
-0.00999999999999938	0.000398797020885805
0.0100000000000006	0.000387785414993127
0.0300000000000006	0.000377564607424802
0.0500000000000006	0.00036808391576656
0.0700000000000006	0.000359298081195146
0.0900000000000006	0.000351166754103587
0.110000000000001	0.000343654054063637
0.130000000000001	0.000336728195256078
0.150000000000001	0.000330361170225317
0.170000000000001	0.000324528486142538
0.190000000000001	0.000319208949126635
0.210000000000001	0.000314384493322946
0.230000000000001	0.000310040052475685
0.250000000000001	0.000306163472843774
0.270000000000001	0.000302745467339177
0.290000000000001	0.000299779611926991
0.310000000000001	0.000297262386537459
0.330000000000001	0.00029519326418698
0.350000000000001	0.000293574853683156
0.370000000000001	0.000292413103303974
0.390000000000001	0.000291717575431971
0.410000000000001	0.000291501805340551
0.430000000000001	0.000291783761472122
0.450000000000001	0.000292586430081765
0.470000000000001	0.000293938554413351
0.490000000000001	0.000295875568238272
0.510000000000001	0.000298440777142821
0.530000000000001	0.000301686859157709
0.550000000000001	0.000305677782229489
0.570000000000001	0.000310491272414943
0.590000000000001	0.000316222019188286
0.610000000000001	0.000322985880944757
0.630000000000001	0.000330925467687557
0.650000000000001	0.000340217650379938
0.670000000000001	0.000351083813058051
0.690000000000001	0.000363804085171811
0.710000000000001	0.000378737474395145
0.730000000000001	0.000396350958361762
0.750000000000001	0.000417262551160739
0.770000000000001	0.000442306849923848
0.790000000000001	0.00047263804722657
0.810000000000001	0.000509898014585776
0.830000000000001	0.000556503043904195
0.850000000000001	0.000616159993459568
0.870000000000001	0.000694858887964361
0.890000000000001	0.000802948368060306
0.910000000000001	0.000959978419814163
0.930000000000001	0.00120784494345193
0.950000000000001	0.00165548130800217
0.970000000000001	0.00270231615864944
0.990000000000001	0.00794322500071868
