# Program settings for SigmaNu
# Electroweak scheme and input parameters
# Scheme = Complex mass scheme
# alpha_GF = 0.00755898078237864
# Pole masses/widths for particles [GeV]
# mw = 80.35797361
# gw = 2.084298894
# mz = 91.15348062
# gz = 2.494266379
# s^2_thetaw (derived) = (0.222868505240788,-0.00110716741475141)
# charged leptons
# m_e = 0.0005109989461
# m_m = 0.10565837
# m_t = 1.77686
# quarks
# m_d = 0.05
# m_u = 0.05
# m_s = 0.2
# m_c = 1.51
# m_b = 4.92
# m_t = 173
# Ecms (default) = 87.874

# channel_id = 28
# process  = nu_e A -> W+ e-
-0.99	29.8607991564463
-0.97	29.9504595606499
-0.95	30.0435653823104
-0.93	30.1402097596712
-0.91	30.2404898769517
-0.89	30.3445071766561
-0.87	30.4523675855329
-0.85	30.5641817552144
-0.83	30.6800653186612
-0.81	30.8001391636323
-0.79	30.9245297245129
-0.77	31.0533692939512
-0.75	31.1867963558887
-0.73	31.3249559417145
-0.71	31.468000011437
-0.69	31.6160878619448
-0.67	31.7693865646269
-0.65	31.9280714348441
-0.63	32.0923265359854
-0.61	32.2623452211179
-0.59	32.4383307155389
-0.57	32.6204967438776
-0.55	32.8090682057702
-0.53	33.0042819045515
-0.51	33.2063873338798
-0.49	33.4156475277363
-0.47	33.6323399798361
-0.45	33.8567576391508
-0.429999999999999	34.0892099889943
-0.409999999999999	34.3300242179696
-0.389999999999999	34.5795464920257
-0.369999999999999	34.8381433379605
-0.349999999999999	35.106203149923
-0.329999999999999	35.3841378318642
-0.309999999999999	35.672384590464
-0.289999999999999	35.9714078948654
-0.269999999999999	36.2817016216028
-0.249999999999999	36.6037914054667
-0.229999999999999	36.9382372197435
-0.209999999999999	37.285636212371
-0.189999999999999	37.6466258281142
-0.169999999999999	38.0218872509888
-0.149999999999999	38.4121492059161
-0.129999999999999	38.8181921641176
-0.109999999999999	39.2408530031691
-0.0899999999999994	39.6810301801131
-0.0699999999999994	40.139689484755
-0.0499999999999994	40.6178704505037
-0.0299999999999994	41.1166935121294
-0.00999999999999938	41.637368013972
0.0100000000000006	42.181201188865
0.0300000000000006	42.7496082478783
0.0500000000000006	43.3441237445794
0.0700000000000006	43.9664144056744
0.0900000000000006	44.618293653627
0.110000000000001	45.3017380874074
0.130000000000001	46.0189062364734
0.150000000000001	46.7721599623971
0.170000000000001	47.5640889547288
0.190000000000001	48.3975388559019
0.210000000000001	49.2756436583027
0.230000000000001	50.2018631502595
0.250000000000001	51.1800263534168
0.270000000000001	52.2143821005263
0.290000000000001	53.309658161624
0.310000000000001	54.4711306530495
0.330000000000001	55.7047058779576
0.350000000000001	57.017017275877
0.370000000000001	58.4155408388803
0.390000000000001	59.9087332326043
0.410000000000001	61.5061980097095
0.430000000000001	63.2188868156799
0.450000000000001	65.0593444940987
0.470000000000001	67.0420096874922
0.490000000000001	69.1835861678155
0.510000000000001	71.50350510505
0.530000000000001	74.0245053618597
0.550000000000001	76.7733685335259
0.570000000000001	79.7818591153394
0.590000000000001	83.087939840976
0.610000000000001	86.7373609711766
0.630000000000001	90.7857650274481
0.650000000000001	95.3015131487819
0.670000000000001	100.369539214496
0.690000000000001	106.096695885631
0.710000000000001	112.619312801452
0.730000000000001	120.114113974421
0.750000000000001	128.814375534787
0.770000000000001	139.034513602774
0.790000000000001	151.208722373436
0.810000000000001	165.954015202314
0.830000000000001	184.177765280655
0.850000000000001	207.271278849973
0.870000000000001	237.482051381858
0.890000000000001	278.692121402794
0.910000000000001	338.234229400744
0.930000000000001	431.821391930501
0.950000000000001	600.307453200334
0.970000000000001	993.489839495047
0.990000000000001	2959.54520869323
