# Program settings for SigmaNu
# Electroweak scheme and input parameters
# Scheme = Complex mass scheme
# alpha_GF = 0.00755898078237864
# Pole masses/widths for particles [GeV]
# mw = 80.35797361
# gw = 2.084298894
# mz = 91.15348062
# gz = 2.494266379
# s^2_thetaw (derived) = (0.222868505240788,-0.00110716741475141)
# charged leptons
# m_e = 0.0005109989461
# m_m = 0.10565837
# m_t = 1.77686
# quarks
# m_d = 0.05
# m_u = 0.05
# m_s = 0.2
# m_c = 1.51
# m_b = 4.92
# m_t = 173
# Ecms (default) = 46816.7

# channel_id = 28
# process  = nu_e A -> W+ e-
-0.99	5.71681838888715
-0.97	0.635765704777718
-0.95	0.228958832746237
-0.93	0.116860291314429
-0.91	0.0707259687949121
-0.89	0.0473721654993683
-0.87	0.0339402186016399
-0.85	0.0255130532932689
-0.83	0.0198812595280799
-0.81	0.0159325958322289
-0.79	0.013057629238444
-0.77	0.0108997248638638
-0.75	0.00923890521267694
-0.73	0.00793350897506932
-0.71	0.00688896790437629
-0.69	0.0060401972796506
-0.67	0.00534121587305189
-0.65	0.00475879209716626
-0.63	0.00426842565582208
-0.61	0.00385173273021655
-0.59	0.00349470116459734
-0.57	0.00318649989790514
-0.55	0.00291865019675011
-0.53	0.00268443828090009
-0.51	0.00247849220790314
-0.49	0.00229647254300025
-0.47	0.00213484314161258
-0.45	0.00199069918118054
-0.429999999999999	0.00186163666615594
-0.409999999999999	0.00174565235756116
-0.389999999999999	0.00164106628294379
-0.369999999999999	0.00154646118657728
-0.349999999999999	0.00146063481664425
-0.329999999999999	0.00138256203140492
-0.309999999999999	0.00131136448178026
-0.289999999999999	0.00124628618808471
-0.269999999999999	0.00118667373754913
-0.249999999999999	0.00113196013068571
-0.229999999999999	0.00108165152877093
-0.209999999999999	0.00103531632287156
-0.189999999999999	0.000992576072042067
-0.169999999999999	0.000953097955272341
-0.149999999999999	0.000916588456150319
-0.129999999999999	0.000882788056752867
-0.109999999999999	0.000851466762006867
-0.0899999999999994	0.000822420310819044
-0.0699999999999994	0.000795466957864667
-0.0499999999999994	0.000770444731820695
-0.0299999999999994	0.000747209093213538
-0.00999999999999938	0.000725630929063018
0.0100000000000006	0.000705594832739433
0.0300000000000006	0.000686997626564631
0.0500000000000006	0.000669747092138658
0.0700000000000006	0.00065376087947344
0.0900000000000006	0.00063896557105627
0.110000000000001	0.000625295881190675
0.130000000000001	0.000612693974482822
0.150000000000001	0.000601108890403674
0.170000000000001	0.000590496063404172
0.190000000000001	0.000580816930509283
0.210000000000001	0.000572038620309084
0.230000000000001	0.000564133719280584
0.250000000000001	0.000557080113342955
0.270000000000001	0.000550860904412314
0.290000000000001	0.000545464403852879
0.310000000000001	0.000540884206925364
0.330000000000001	0.00053711935494777
0.350000000000001	0.000534174594951477
0.370000000000001	0.000532060750295197
0.390000000000001	0.000530795220389644
0.410000000000001	0.000530402633495191
0.430000000000001	0.000530915684252279
0.450000000000001	0.000532376197470247
0.470000000000001	0.000534836473082379
0.490000000000001	0.000538360984790693
0.510000000000001	0.000543028529457848
0.530000000000001	0.000548934957611096
0.550000000000001	0.000556196662351867
0.570000000000001	0.000564955070376068
0.590000000000001	0.000575382474214555
0.610000000000001	0.000587689684359401
0.630000000000001	0.000602136187239971
0.650000000000001	0.000619043808905516
0.670000000000001	0.000638815369282011
0.690000000000001	0.000661960578634461
0.710000000000001	0.000689132670334995
0.730000000000001	0.000721181334711055
0.750000000000001	0.000759231080888263
0.770000000000001	0.000804800502202836
0.790000000000001	0.00085998971268053
0.810000000000001	0.000927786183747078
0.830000000000001	0.00101258648544042
0.850000000000001	0.00112113544102633
0.870000000000001	0.00126433221503313
0.890000000000001	0.00146100670245815
0.910000000000001	0.00174673112951511
0.930000000000001	0.00219773728638513
0.950000000000001	0.00301223515786709
0.970000000000001	0.00491700613622011
0.990000000000001	0.0144531149570295
