# Program settings for SigmaNu
# Electroweak scheme and input parameters
# Scheme = Complex mass scheme
# alpha_GF = 0.00755898078237864
# Pole masses/widths for particles [GeV]
# mw = 80.35797361
# gw = 2.084298894
# mz = 91.15348062
# gz = 2.494266379
# s^2_thetaw (derived) = (0.222868505240788,-0.00110716741475141)
# charged leptons
# m_e = 0.0005109989461
# m_m = 0.10565837
# m_t = 1.77686
# quarks
# m_d = 0.05
# m_u = 0.05
# m_s = 0.2
# m_c = 1.51
# m_b = 4.92
# m_t = 173
# Ecms (default) = 10044.3

# channel_id = 28
# process  = nu_e A -> W+ e-
-0.99	121.228783369299
-0.97	13.7011740062327
-0.95	4.95025335768499
-0.93	2.53012369952039
-0.91	1.53246254572589
-0.89	1.0269473951689
-0.87	0.736016876182296
-0.85	0.553406488379548
-0.83	0.431329150492921
-0.81	0.345714075408694
-0.79	0.283366144435317
-0.77	0.236560934528579
-0.75	0.200532533864948
-0.73	0.17221105211618
-0.71	0.149546722997122
-0.69	0.131128593181904
-0.67	0.115959700714584
-0.65	0.103319427246601
-0.63	0.092676429686712
-0.61	0.083631973987165
-0.59	0.0758821174294972
-0.57	0.0691919005121339
-0.55	0.063377379581802
-0.53	0.0582928914413582
-0.51	0.0538218785404866
-0.49	0.0498701809026917
-0.47	0.0463610649671562
-0.45	0.0432314937569197
-0.429999999999999	0.0404292963729179
-0.409999999999999	0.0379109972795717
-0.389999999999999	0.0356401353048984
-0.369999999999999	0.033585950057551
-0.349999999999999	0.031722346781396
-0.329999999999999	0.0300270741979429
-0.309999999999999	0.0284810667011299
-0.289999999999999	0.0270679144172977
-0.269999999999999	0.0257734335113445
-0.249999999999999	0.0245853156567269
-0.229999999999999	0.0234928404491004
-0.209999999999999	0.0224866381910488
-0.189999999999999	0.0215584932342777
-0.169999999999999	0.0207011801681466
-0.149999999999999	0.0199083267576537
-0.129999999999999	0.0191742987816869
-0.109999999999999	0.018494102893203
-0.0899999999999994	0.0178633043832449
-0.0699999999999994	0.0172779573295364
-0.0499999999999994	0.016734545084874
-0.0299999999999994	0.0162299294387674
-0.00999999999999938	0.0157613070886546
0.0100000000000006	0.015326172301428
0.0300000000000006	0.0149222848437136
0.0500000000000006	0.0145476424209408
0.0700000000000006	0.0142004569975705
0.0900000000000006	0.0138791344804142
0.110000000000001	0.0135822573383394
0.130000000000001	0.0133085698084605
0.150000000000001	0.0130569654047958
0.170000000000001	0.0128264765020759
0.190000000000001	0.0126162658180102
0.210000000000001	0.0124256196630272
0.230000000000001	0.0122539428694111
0.250000000000001	0.0121007553535546
0.270000000000001	0.0119656903072471
0.290000000000001	0.0118484940585417
0.310000000000001	0.0117490276918407
0.330000000000001	0.011667270573066
0.350000000000001	0.0116033259920876
0.370000000000001	0.0115574292154591
0.390000000000001	0.0115299583431302
0.410000000000001	0.0115214484906191
0.430000000000001	0.0115326099833511
0.450000000000001	0.0115643514663617
0.470000000000001	0.0116178091203648
0.490000000000001	0.0116943835621944
0.510000000000001	0.0117957865353456
0.530000000000001	0.0119241002240211
0.550000000000001	0.0120818530417613
0.570000000000001	0.012272117187802
0.590000000000001	0.0124986353383869
0.610000000000001	0.0127659868704024
0.630000000000001	0.0130798085181514
0.650000000000001	0.0134470911823952
0.670000000000001	0.0138765851475909
0.690000000000001	0.0143793626173123
0.710000000000001	0.0149696134680771
0.730000000000001	0.0156657951049591
0.750000000000001	0.0164923346728256
0.770000000000001	0.017482219797428
0.790000000000001	0.0186810701680253
0.810000000000001	0.0201537810666938
0.830000000000001	0.0219958568764125
0.850000000000001	0.0243538118390233
0.870000000000001	0.0274644027491951
0.890000000000001	0.0317366614560441
0.910000000000001	0.0379433045979495
0.930000000000001	0.047740274976897
0.950000000000001	0.0654331830845944
0.970000000000001	0.10680951603912
0.990000000000001	0.313957357359409
