# Program settings for SigmaNu
# Electroweak scheme and input parameters
# Scheme = Complex mass scheme
# alpha_GF = 0.00755898078237864
# Pole masses/widths for particles [GeV]
# mw = 80.35797361
# gw = 2.084298894
# mz = 91.15348062
# gz = 2.494266379
# s^2_thetaw (derived) = (0.222868505240788,-0.00110716741475141)
# charged leptons
# m_e = 0.0005109989461
# m_m = 0.10565837
# m_t = 1.77686
# quarks
# m_d = 0.05
# m_u = 0.05
# m_s = 0.2
# m_c = 1.51
# m_b = 4.92
# m_t = 173
# Ecms (default) = 24304

# channel_id = 28
# process  = nu_e A -> W+ e-
-0.99	21.1455290512182
-0.97	2.35659213391923
-0.95	0.849042767316521
-0.93	0.433429398626175
-0.91	0.262345929688381
-0.89	0.175730311995327
-0.87	0.125909202634834
-0.85	0.0946497558398416
-0.83	0.073758458589836
-0.81	0.0591102862236302
-0.79	0.0484448711186503
-0.77	0.0404394040327886
-0.75	0.0342779264512628
-0.73	0.0294349602179802
-0.71	0.0255597048465397
-0.69	0.0224107234314377
-0.67	0.0198174416712212
-0.65	0.0176565798916916
-0.63	0.0158372476545633
-0.61	0.014291244337841
-0.59	0.012966586780062
-0.57	0.0118230928151803
-0.55	0.0108293068788079
-0.53	0.00996032105436416
-0.51	0.00919620544371365
-0.49	0.00852086063368744
-0.47	0.00792116735052407
-0.45	0.00738634849051257
-0.429999999999999	0.00690748500393692
-0.409999999999999	0.00647714464647234
-0.389999999999999	0.00608909449876976
-0.369999999999999	0.00573807633115348
-0.349999999999999	0.00541962959142869
-0.329999999999999	0.00512995081975457
-0.309999999999999	0.0048657811712331
-0.289999999999999	0.00462431580523656
-0.269999999999999	0.00440313041756205
-0.249999999999999	0.00420012130965945
-0.229999999999999	0.00401345622090202
-0.209999999999999	0.00384153377377509
-0.189999999999999	0.00368294985372294
-0.169999999999999	0.00353646960503571
-0.149999999999999	0.00340100400017438
-0.129999999999999	0.00327559015337926
-0.109999999999999	0.00315937471539894
-0.0899999999999994	0.00305159981616978
-0.0699999999999994	0.00295159112472546
-0.0499999999999994	0.00285874767673416
-0.0299999999999994	0.00277253318468853
-0.00999999999999938	0.00269246859764843
0.0100000000000006	0.002618125719159
0.0300000000000006	0.00254912172578219
0.0500000000000006	0.00248511445634558
0.0700000000000006	0.00242579836457985
0.0900000000000006	0.00237090104661141
0.110000000000001	0.00232018027032186
0.130000000000001	0.00227342144679082
0.150000000000001	0.00223043549526547
0.170000000000001	0.00219105706275611
0.190000000000001	0.0021551430680939
0.210000000000001	0.00212257154802637
0.230000000000001	0.0020932407903034
0.250000000000001	0.00206706874581159
0.270000000000001	0.00204399271905113
0.290000000000001	0.00202396934390018
0.310000000000001	0.00200697485991693
0.330000000000001	0.00199300571412676
0.350000000000001	0.00198207952451824
0.370000000000001	0.00197423645528683
0.390000000000001	0.00196954107110004
0.410000000000001	0.00196808475941535
0.430000000000001	0.00196998883817725
0.450000000000001	0.00197540850315086
0.470000000000001	0.00198453781838152
0.490000000000001	0.001997616019225
0.510000000000001	0.0020149354877752
0.530000000000001	0.00203685188454211
0.550000000000001	0.00206379709434336
0.570000000000001	0.00209629589042264
0.590000000000001	0.0021349875753554
0.610000000000001	0.00218065437472725
0.630000000000001	0.00223425912890386
0.650000000000001	0.00229699599285428
0.670000000000001	0.00237035965392755
0.690000000000001	0.00245624142213658
0.710000000000001	0.0025570651580778
0.730000000000001	0.002675983687217
0.750000000000001	0.00281716956572503
0.770000000000001	0.00298625762188742
0.790000000000001	0.00319104044975393
0.810000000000001	0.00344260323385554
0.830000000000001	0.00375725969988011
0.850000000000001	0.00416003690168714
0.870000000000001	0.00469137681458513
0.890000000000001	0.0054211488439217
0.910000000000001	0.00648134577496494
0.930000000000001	0.00815483003622938
0.950000000000001	0.0111770711406499
0.970000000000001	0.0182448331143948
0.990000000000001	0.0536291116874131
