# Program settings for SigmaNu
# Electroweak scheme and input parameters
# Scheme = Complex mass scheme
# alpha_GF = 0.00755898078237864
# Pole masses/widths for particles [GeV]
# mw = 80.35797361
# gw = 2.084298894
# mz = 91.15348062
# gz = 2.494266379
# s^2_thetaw (derived) = (0.222868505240788,-0.00110716741475141)
# charged leptons
# m_e = 0.0005109989461
# m_m = 0.10565837
# m_t = 1.77686
# quarks
# m_d = 0.05
# m_u = 0.05
# m_s = 0.2
# m_c = 1.51
# m_b = 4.92
# m_t = 173
# Ecms (default) = 177.93

# channel_id = 28
# process  = nu_e A -> W+ e-
-0.99	187.150493615997
-0.97	173.663506266592
-0.95	161.601412570157
-0.93	150.771506715548
-0.91	141.012583928224
-0.89	132.18896127928
-0.87	124.185781559412
-0.85	116.905294990968
-0.83	110.263892864784
-0.81	104.189724248125
-0.79	98.620768396005
-0.77	93.5032659613953
-0.75	88.7904346781193
-0.73	84.4414120717937
-0.71	80.4203804808717
-0.69	76.6958393394809
-0.67	73.2399970750036
-0.65	70.0282606781093
-0.63	67.0388054293393
-0.61	64.2522107225413
-0.59	61.6511506403323
-0.57	59.2201300815514
-0.55	56.9452589443251
-0.53	54.8140582286801
-0.51	52.8152930142306
-0.49	50.9388281485863
-0.47	49.1755031950045
-0.45	47.517023767746
-0.429999999999999	45.9558668573797
-0.409999999999999	44.4851981369133
-0.389999999999999	43.0987995596603
-0.369999999999999	41.7910058242915
-0.349999999999999	40.556648501995
-0.329999999999999	39.3910068033929
-0.309999999999999	38.2897641155407
-0.289999999999999	37.2489695673201
-0.269999999999999	36.2650039892121
-0.249999999999999	35.3345497243067
-0.229999999999999	34.4545638243773
-0.209999999999999	33.622254230264
-0.189999999999999	32.8350585916134
-0.169999999999999	32.0906254288148
-0.149999999999999	31.3867973810777
-0.129999999999999	30.7215963201194
-0.109999999999999	30.0932101398051
-0.0899999999999994	29.499981059083
-0.0699999999999994	28.9403952993593
-0.0499999999999994	28.4130740186296
-0.0299999999999994	27.9167654037373
-0.00999999999999938	27.4503378395038
0.0100000000000006	27.0127740895858
0.0300000000000006	26.603166439144
0.0500000000000006	26.2207127641185
0.0700000000000006	25.8647135064818
0.0900000000000006	25.5345695496585
0.110000000000001	25.2297810037933
0.130000000000001	24.9499469271746
0.150000000000001	24.694766028446
0.170000000000001	24.464038414896
0.190000000000001	24.2576684759163
0.210000000000001	24.0756690186389
0.230000000000001	23.9181668060415
0.250000000000001	23.7854096880301
0.270000000000001	23.6777755652023
0.290000000000001	23.5957834858063
0.310000000000001	23.5401072523194
0.330000000000001	23.5115920096727
0.350000000000001	23.5112744085895
0.370000000000001	23.5404070930689
0.390000000000001	23.6004884619841
0.410000000000001	23.6932989165217
0.430000000000001	23.8209451491662
0.450000000000001	23.9859144860748
0.470000000000001	24.1911419053684
0.490000000000001	24.440093179736
0.510000000000001	24.7368687206749
0.530000000000001	25.0863342626734
0.550000000000001	25.4942867107361
0.570000000000001	25.9676665741812
0.590000000000001	26.5148328696825
0.610000000000001	27.1459228948331
0.630000000000001	27.8733289626492
0.650000000000001	28.7123388593647
0.670000000000001	29.6820094624633
0.690000000000001	30.8063787962056
0.710000000000001	32.1161798877373
0.730000000000001	33.6513165964136
0.750000000000001	35.4645281012164
0.770000000000001	37.6269655571491
0.790000000000001	40.2369556796234
0.810000000000001	43.4342994988901
0.830000000000001	47.4246646385224
0.850000000000001	52.5234917181062
0.870000000000001	59.2404300670562
0.890000000000001	68.4558854832163
0.910000000000001	81.8329654098869
0.930000000000001	102.935616333145
0.950000000000001	141.030291570499
0.970000000000001	230.09429120161
0.990000000000001	675.924183647989
