# Program settings for SigmaNu
# Electroweak scheme and input parameters
# Scheme = Complex mass scheme
# alpha_GF = 0.00755898078237864
# Pole masses/widths for particles [GeV]
# mw = 80.35797361
# gw = 2.084298894
# mz = 91.15348062
# gz = 2.494266379
# s^2_thetaw (derived) = (0.222868505240788,-0.00110716741475141)
# charged leptons
# m_e = 0.0005109989461
# m_m = 0.10565837
# m_t = 1.77686
# quarks
# m_d = 0.05
# m_u = 0.05
# m_s = 0.2
# m_c = 1.51
# m_b = 4.92
# m_t = 173
# Ecms (default) = 11418.9

# channel_id = 28
# process  = nu_e A -> W+ e-
-0.99	94.336152966726
-0.97	10.6213043796562
-0.95	3.83454675990972
-0.93	1.95922875603904
-0.91	1.18646140593296
-0.89	0.794989208101789
-0.87	0.569725539449408
-0.85	0.428347664105349
-0.83	0.333842224528617
-0.81	0.267567871405612
-0.79	0.21930688808923
-0.77	0.183078328485629
-0.75	0.155192245990543
-0.73	0.13327195182996
-0.71	0.115730606233145
-0.69	0.101475955078985
-0.67	0.0897362524249001
-0.65	0.0799536863940253
-0.63	0.0717169692622467
-0.61	0.0647174671318539
-0.59	0.0587199228966751
-0.57	0.0535424771930388
-0.55	0.0490427595516135
-0.53	0.0451080299553281
-0.51	0.0416480767965284
-0.49	0.0385900243930537
-0.47	0.0358744850610172
-0.45	0.0334526720862848
-0.429999999999999	0.0312842088422464
-0.409999999999999	0.0293354486272743
-0.389999999999999	0.0275781735655108
-0.369999999999999	0.0259885779023523
-0.349999999999999	0.0245464668181472
-0.329999999999999	0.0232346200981355
-0.309999999999999	0.0220382830123633
-0.289999999999999	0.020944756163097
-0.269999999999999	0.01994306292183
-0.249999999999999	0.019023678137715
-0.229999999999999	0.0181783055628167
-0.209999999999999	0.0173996942629919
-0.189999999999999	0.016681486418672
-0.169999999999999	0.0160180905472499
-0.149999999999999	0.0154045754281867
-0.129999999999999	0.0148365809776792
-0.109999999999999	0.0143102430711871
-0.0899999999999994	0.0138221299005407
-0.0699999999999994	0.0133691879157852
-0.0499999999999994	0.0129486957692646
-0.0299999999999994	0.012558224972062
-0.00999999999999938	0.0121956062074294
0.0100000000000006	0.0118589004349505
0.0300000000000006	0.0115463740722077
0.0500000000000006	0.0112564776658008
0.0700000000000006	0.010987827565972
0.0900000000000006	0.0107391902038884
0.110000000000001	0.010509468641342
0.130000000000001	0.0102976911220832
0.150000000000001	0.0101030014049516
0.170000000000001	0.00992465070290093
0.190000000000001	0.00976199109115095
0.210000000000001	0.00961447028309831
0.230000000000001	0.00948162770580332
0.250000000000001	0.00936309183923376
0.270000000000001	0.00925857881606316
0.290000000000001	0.00916789231342784
0.310000000000001	0.00909092480595761
0.330000000000001	0.00902766029291385
0.350000000000001	0.00897817866365515
0.370000000000001	0.00894266192812193
0.390000000000001	0.00892140261695891
0.410000000000001	0.00891481475475899
0.430000000000001	0.00892344793777359
0.450000000000001	0.00894800521494442
0.470000000000001	0.00898936569379226
0.490000000000001	0.0090486130921293
0.510000000000001	0.0091270718649444
0.530000000000001	0.00922635309879731
0.550000000000001	0.00934841315352532
0.570000000000001	0.00949562914682833
0.590000000000001	0.00967089698220471
0.610000000000001	0.00987775996519451
0.630000000000001	0.0101205795375631
0.650000000000001	0.0104047649346701
0.670000000000001	0.0107370867242041
0.690000000000001	0.0111261120706556
0.710000000000001	0.0115828204536525
0.730000000000001	0.0121214933742733
0.750000000000001	0.0127610314492478
0.770000000000001	0.0135269590094112
0.790000000000001	0.0144545745065548
0.810000000000001	0.0155940909764545
0.830000000000001	0.0170194053958764
0.850000000000001	0.0188438838681627
0.870000000000001	0.0212507181110127
0.890000000000001	0.0245563985033036
0.910000000000001	0.0293588182982446
0.930000000000001	0.0369392712877095
0.950000000000001	0.0506292445220654
0.970000000000001	0.0826443829190262
0.990000000000001	0.242926031964844
