# Program settings for SigmaNu
# Electroweak scheme and input parameters
# Scheme = Complex mass scheme
# alpha_GF = 0.00755898078237864
# Pole masses/widths for particles [GeV]
# mw = 80.35797361
# gw = 2.084298894
# mz = 91.15348062
# gz = 2.494266379
# s^2_thetaw (derived) = (0.222868505240788,-0.00110716741475141)
# charged leptons
# m_e = 0.0005109989461
# m_m = 0.10565837
# m_t = 1.77686
# quarks
# m_d = 0.05
# m_u = 0.05
# m_s = 0.2
# m_c = 1.51
# m_b = 4.92
# m_t = 173
# Ecms (default) = 27630.2

# channel_id = 28
# process  = nu_e A -> W+ e-
-0.99	16.37698038163
-0.97	1.82395430571605
-0.95	0.657055205081264
-0.93	0.335402364265053
-0.91	0.203005801799958
-0.89	0.135979087446663
-0.87	0.0974264567855243
-0.85	0.0732376713972668
-0.83	0.0570720527016714
-0.81	0.0457374622411798
-0.79	0.0374847530616626
-0.77	0.0312903065753113
-0.75	0.0265227237167583
-0.73	0.0227753867535839
-0.71	0.0197768466572939
-0.69	0.0173402811177113
-0.67	0.0153337016410609
-0.65	0.0136617162894228
-0.63	0.0122539957479381
-0.61	0.0110577678717265
-0.59	0.0100328093781414
-0.57	0.00914802840462757
-0.55	0.00837908556689981
-0.53	0.00770670790860515
-0.51	0.00711547434418151
-0.49	0.00659292771666069
-0.47	0.00612891681662394
-0.45	0.00571510273521243
-0.429999999999999	0.0053445842665361
-0.409999999999999	0.00501161064497375
-0.389999999999999	0.00471135910067511
-0.369999999999999	0.00443976104326633
-0.349999999999999	0.00419336509522326
-0.329999999999999	0.0039692283115853
-0.309999999999999	0.00376482914869162
-0.289999999999999	0.00357799735277572
-0.269999999999999	0.00340685711316979
-0.249999999999999	0.00324978069009581
-0.229999999999999	0.00310535037053896
-0.209999999999999	0.00297232708851593
-0.189999999999999	0.00284962441114582
-0.169999999999999	0.00273628687020682
-0.149999999999999	0.00263147183245695
-0.129999999999999	0.00253443426714357
-0.109999999999999	0.00244451389756016
-0.0899999999999994	0.00236112432410579
-0.0699999999999994	0.0022837437855842
-0.0499999999999994	0.00221190728819957
-0.0299999999999994	0.00214519988179296
-0.00999999999999938	0.00208325090290414
0.0100000000000006	0.00202572903662166
0.0300000000000006	0.00197233807527877
0.0500000000000006	0.00192281327349906
0.0700000000000006	0.00187691821654117
0.0900000000000006	0.00183444213343365
0.110000000000001	0.00179519759844883
0.130000000000001	0.00175901857460808
0.150000000000001	0.0017257587617171
0.170000000000001	0.00169529021875174
0.190000000000001	0.00166750223733054
0.210000000000001	0.00164230044887011
0.230000000000001	0.00161960615379938
0.250000000000001	0.00159935586668223
0.270000000000001	0.00158150107672318
0.290000000000001	0.00156600822898452
0.310000000000001	0.00155285893816171
0.330000000000001	0.00154205045418917
0.350000000000001	0.00153359640771068
0.370000000000001	0.00152752787414903
0.390000000000001	0.00152389480838215
0.410000000000001	0.0015227679189634
0.430000000000001	0.00152424107263675
0.450000000000001	0.00152843434849485
0.470000000000001	0.00153549789924979
0.490000000000001	0.00154561682807267
0.510000000000001	0.00155901735941516
0.530000000000001	0.0015759746781934
0.550000000000001	0.00159682294641278
0.570000000000001	0.00162196819669685
0.590000000000001	0.00165190507651777
0.610000000000001	0.00168723881723401
0.630000000000001	0.00172871439734788
0.650000000000001	0.00177725577051686
0.670000000000001	0.00183401942140328
0.690000000000001	0.00190046871367426
0.710000000000001	0.00197847906153016
0.730000000000001	0.0020704899013928
0.750000000000001	0.00217972966624767
0.770000000000001	0.00231055819332677
0.790000000000001	0.00246900484862254
0.810000000000001	0.00266364657516768
0.830000000000001	0.00290710579671132
0.850000000000001	0.00321874670304841
0.870000000000001	0.00362986047575419
0.890000000000001	0.00419450719068485
0.910000000000001	0.0050148136650916
0.930000000000001	0.00630963913054087
0.950000000000001	0.00864803863377059
0.970000000000001	0.014116580213458
0.990000000000001	0.0414944686744975
