# Program settings for SigmaNu
# Electroweak scheme and input parameters
# Scheme = Complex mass scheme
# alpha_GF = 0.00755898078237864
# Pole masses/widths for particles [GeV]
# mw = 80.35797361
# gw = 2.084298894
# mz = 91.15348062
# gz = 2.494266379
# s^2_thetaw (derived) = (0.222868505240788,-0.00110716741475141)
# charged leptons
# m_e = 0.0005109989461
# m_m = 0.10565837
# m_t = 1.77686
# quarks
# m_d = 0.05
# m_u = 0.05
# m_s = 0.2
# m_c = 1.51
# m_b = 4.92
# m_t = 173
# Ecms (default) = 823.446

# channel_id = 28
# process  = nu_e A -> W+ e-
-0.99	2186.36086195856
-0.97	770.833539736128
-0.95	389.869460755464
-0.93	234.758142474792
-0.91	156.726056188534
-0.89	112.02898250181
-0.87	84.0674046989247
-0.85	65.4214848102575
-0.83	52.3702013719477
-0.81	42.8806141084216
-0.79	35.7657998469759
-0.77	30.2950148313136
-0.75	25.9984030642749
-0.73	22.5627147644281
-0.71	19.7726031916925
-0.69	17.4760770705658
-0.67	15.5633823517257
-0.65	13.9536624785648
-0.63	12.5862871296988
-0.61	11.4150714679718
-0.59	10.4043349583222
-0.57	9.52615993000642
-0.55	8.75844994863346
-0.53	8.08353202725976
-0.51	7.48713531048155
-0.49	6.95763465762025
-0.47	6.48548341847054
-0.45	6.06278319422583
-0.429999999999999	5.68295404176779
-0.409999999999999	5.34047919109404
-0.389999999999999	5.03070564061852
-0.369999999999999	4.74968707903227
-0.349999999999999	4.49405917076413
-0.329999999999999	4.26093980494448
-0.309999999999999	4.04784875855013
-0.289999999999999	3.85264257483851
-0.269999999999999	3.67346145313622
-0.249999999999999	3.50868568581646
-0.229999999999999	3.35689973308005
-0.209999999999999	3.21686244559128
-0.189999999999999	3.08748226457429
-0.169999999999999	2.96779647420834
-0.149999999999999	2.85695377066231
-0.129999999999999	2.75419955951098
-0.109999999999999	2.65886350865374
-0.0899999999999994	2.57034897471347
-0.0699999999999994	2.48812399285809
-0.0499999999999994	2.41171357730969
-0.0299999999999994	2.34069312571821
-0.00999999999999938	2.2746827575526
0.0100000000000006	2.21334244660545
0.0300000000000006	2.15636783209509
0.0500000000000006	2.10348661283314
0.0700000000000006	2.05445544541097
0.0900000000000006	2.009057281062
0.110000000000001	1.9670990873513
0.130000000000001	1.92840991059242
0.150000000000001	1.89283924327448
0.170000000000001	1.86025566811738
0.190000000000001	1.83054575693454
0.210000000000001	1.80361320851302
0.230000000000001	1.7793782154485
0.250000000000001	1.75777705551953
0.270000000000001	1.73876190898454
0.290000000000001	1.72230090939288
0.310000000000001	1.70837844241622
0.330000000000001	1.69699571519304
0.350000000000001	1.68817162819675
0.370000000000001	1.68194399328356
0.390000000000001	1.67837115614296
0.410000000000001	1.67753409993385
0.430000000000001	1.67953913091399
0.450000000000001	1.68452127840972
0.470000000000001	1.69264858341383
0.490000000000001	1.70412750656978
0.510000000000001	1.7192097632708
0.530000000000001	1.73820099983151
0.550000000000001	1.76147187321545
0.570000000000001	1.78947230732307
0.590000000000001	1.82275000163113
0.610000000000001	1.86197471036128
0.630000000000001	1.90797046782619
0.650000000000001	1.96175893107654
0.670000000000001	2.02461854932219
0.690000000000001	2.09816670108077
0.710000000000001	2.18447588058491
0.730000000000001	2.2862415825175
0.750000000000001	2.4070308302235
0.770000000000001	2.5516604289538
0.790000000000001	2.72679142180126
0.810000000000001	2.94189904990599
0.830000000000001	3.21092745002426
0.850000000000001	3.55526817181824
0.870000000000001	4.00948816077258
0.890000000000001	4.63330652010283
0.910000000000001	5.53954036730668
0.930000000000001	6.96995796622155
0.950000000000001	9.55317949529879
0.970000000000001	15.5941810715394
0.990000000000001	45.8378475640041
