# Program settings for SigmaNu
# Electroweak scheme and input parameters
# Scheme = Complex mass scheme
# alpha_GF = 0.00755898078237864
# Pole masses/widths for particles [GeV]
# mw = 80.35797361
# gw = 2.084298894
# mz = 91.15348062
# gz = 2.494266379
# s^2_thetaw (derived) = (0.222868505240788,-0.00110716741475141)
# charged leptons
# m_e = 0.0005109989461
# m_m = 0.10565837
# m_t = 1.77686
# quarks
# m_d = 0.05
# m_u = 0.05
# m_s = 0.2
# m_c = 1.51
# m_b = 4.92
# m_t = 173
# Ecms (default) = 1167.57

# channel_id = 28
# process  = nu_e A -> W+ e-
-0.99	2426.94163136329
-0.97	592.110855245422
-0.95	261.090884074072
-0.93	146.317530165619
-0.91	93.4565277274391
-0.89	64.8307143045884
-0.87	47.6071421943136
-0.85	36.4460681382989
-0.83	28.803519201349
-0.81	23.3423497385309
-0.79	19.3051456184976
-0.77	16.2368163944564
-0.75	13.8505527839454
-0.73	11.9583245597606
-0.71	10.4327004730438
-0.69	9.18483826071823
-0.67	8.15126649949996
-0.65	7.28566229781965
-0.63	6.55357788062655
-0.61	5.92896650973393
-0.59	5.39183881661654
-0.57	4.92664792226699
-0.55	4.52115540012073
-0.53	4.16562115282829
-0.51	3.85221562601245
-0.49	3.57458726179381
-0.47	3.32754004420901
-0.45	3.10679024056476
-0.429999999999999	2.90878086574208
-0.409999999999999	2.73053873115167
-0.389999999999999	2.56956326439037
-0.369999999999999	2.42373927980957
-0.349999999999999	2.29126798080375
-0.329999999999999	2.17061196648082
-0.309999999999999	2.06045108706129
-0.289999999999999	1.95964677046984
-0.269999999999999	1.86721301322781
-0.249999999999999	1.78229265119891
-0.229999999999999	1.70413784124864
-0.209999999999999	1.6320939224941
-0.189999999999999	1.56558600618966
-0.169999999999999	1.50410778123425
-0.149999999999999	1.44721212852671
-0.129999999999999	1.3945032197763
-0.109999999999999	1.34562984066478
-0.0899999999999994	1.30027972873944
-0.0699999999999994	1.25817475629117
-0.0499999999999994	1.21906682015103
-0.0299999999999994	1.1827343256461
-0.00999999999999938	1.1489791722871
0.0100000000000006	1.11762416518373
0.0300000000000006	1.08851078952787
0.0500000000000006	1.06149729639171
0.0700000000000006	1.03645705706234
0.0900000000000006	1.0132771505735
0.110000000000001	0.991857155316718
0.130000000000001	0.972108120872516
0.150000000000001	0.953951700706773
0.170000000000001	0.937319430300793
0.190000000000001	0.922152138774952
0.210000000000001	0.908399485255127
0.230000000000001	0.896019614239994
0.250000000000001	0.884978927172508
0.270000000000001	0.87525197042182
0.290000000000001	0.866821443074661
0.310000000000001	0.859678331470593
0.330000000000001	0.853822181478919
0.350000000000001	0.849261524338404
0.370000000000001	0.846014477766447
0.390000000000001	0.8441095513905
0.410000000000001	0.843586694901541
0.430000000000001	0.844498639416436
0.450000000000001	0.846912598393401
0.470000000000001	0.850912415522879
0.490000000000001	0.856601275388343
0.510000000000001	0.864105131356243
0.530000000000001	0.873577058510935
0.550000000000001	0.8852028140459
0.570000000000001	0.899207993250095
0.590000000000001	0.915867321288479
0.610000000000001	0.935516843140276
0.630000000000001	0.958570104233224
0.650000000000001	0.985539914226209
0.670000000000001	1.01706805892822
0.690000000000001	1.05396654639101
0.710000000000001	1.09727595210385
0.730000000000001	1.14834972632256
0.750000000000001	1.20897899925766
0.770000000000001	1.28158253199554
0.790000000000001	1.36950524068877
0.810000000000001	1.47750529243459
0.830000000000001	1.61258506421285
0.850000000000001	1.78548690071228
0.870000000000001	2.01356960515343
0.890000000000001	2.32682295627664
0.910000000000001	2.78190162179657
0.930000000000001	3.50021725690614
0.950000000000001	4.79745170044187
0.970000000000001	7.83112304942759
0.990000000000001	23.018944886201
