# Program settings for SigmaNu
# Electroweak scheme and input parameters
# Scheme = Complex mass scheme
# alpha_GF = 0.00755898078237864
# Pole masses/widths for particles [GeV]
# mw = 80.35797361
# gw = 2.084298894
# mz = 91.15348062
# gz = 2.494266379
# s^2_thetaw (derived) = (0.222868505240788,-0.00110716741475141)
# charged leptons
# m_e = 0.0005109989461
# m_m = 0.10565837
# m_t = 1.77686
# quarks
# m_d = 0.05
# m_u = 0.05
# m_s = 0.2
# m_c = 1.51
# m_b = 4.92
# m_t = 173
# Ecms (default) = 32090.4

# channel_id = 28
# process  = nu_e A -> W+ e-
-0.99	12.1515083669457
-0.97	1.35256277099118
-0.95	0.487185886753883
-0.93	0.248677934255799
-0.91	0.150510750217323
-0.89	0.100814619961499
-0.87	0.0722308939073244
-0.85	0.0542971096720373
-0.83	0.0423119166051878
-0.81	0.0339085264273277
-0.79	0.027790067612359
-0.77	0.0231976074556787
-0.75	0.0196630180419186
-0.73	0.0168848299991351
-0.71	0.0146617904765874
-0.69	0.0128553898938763
-0.67	0.0113677728413677
-0.65	0.0101282166856465
-0.63	0.00908458018549926
-0.61	0.00819773889935971
-0.59	0.00743787201200735
-0.57	0.00678192864514303
-0.55	0.00621186411872054
-0.53	0.0057133899241318
-0.51	0.00527507326244427
-0.49	0.00488767873405776
-0.47	0.0045436805203425
-0.45	0.00423689640130613
-0.429999999999999	0.00396221003532061
-0.409999999999999	0.00371535798792528
-0.389999999999999	0.00349276481597128
-0.369999999999999	0.00329141420397778
-0.349999999999999	0.00310874742020889
-0.329999999999999	0.00294258266961141
-0.309999999999999	0.00279105057102394
-0.289999999999999	0.00265254217844178
-0.269999999999999	0.00252566683635597
-0.249999999999999	0.0024092178007128
-0.229999999999999	0.00230214403411429
-0.209999999999999	0.0022035269418265
-0.189999999999999	0.0021125610858566
-0.169999999999999	0.00202853812066047
-0.149999999999999	0.00195083335238013
-0.129999999999999	0.00187889444598121
-0.109999999999999	0.00181223189984774
-0.0899999999999994	0.00175041098199499
-0.0699999999999994	0.00169304488081493
-0.0499999999999994	0.00163978886979812
-0.0299999999999994	0.00159033532276699
-0.00999999999999938	0.00154440944589903
0.0100000000000006	0.00150176561676143
0.0300000000000006	0.00146218423996402
0.0500000000000006	0.00142546904492709
0.0700000000000006	0.00139144476418913
0.0900000000000006	0.00135995514147112
0.110000000000001	0.00133086122762439
0.130000000000001	0.00130403993017608
0.150000000000001	0.00127938278860516
0.170000000000001	0.00125679495304709
0.190000000000001	0.00123619434911477
0.210000000000001	0.00121751101597822
0.230000000000001	0.00120068660906195
0.250000000000001	0.00118567406281754
0.270000000000001	0.00117243741314987
0.290000000000001	0.00116095178348883
0.310000000000001	0.00115120354325974
0.330000000000001	0.00114319065305
0.350000000000001	0.00113692321725063
0.370000000000001	0.00113242427288142
0.390000000000001	0.00112973085318424
0.410000000000001	0.00112889537706538
0.430000000000001	0.00112998743164624
0.450000000000001	0.00113309603644803
0.470000000000001	0.00113833250592264
0.490000000000001	0.00114583406485856
0.510000000000001	0.00115576842308218
0.530000000000001	0.00116833958697761
0.550000000000001	0.00118379528526162
0.570000000000001	0.00120243652750902
0.590000000000001	0.00122463001739003
0.610000000000001	0.00125082443927134
0.630000000000001	0.00128157207822377
0.650000000000001	0.00131755790146531
0.670000000000001	0.00135963926166243
0.690000000000001	0.00140890101435539
0.710000000000001	0.00146673348623465
0.730000000000001	0.00153494513840077
0.750000000000001	0.00161592934973753
0.770000000000001	0.00171291825871256
0.790000000000001	0.00183038169871774
0.810000000000001	0.00197467813374877
0.830000000000001	0.00215516512010268
0.850000000000001	0.00238619818096978
0.870000000000001	0.00269097484167783
0.890000000000001	0.00310957220763659
0.910000000000001	0.00371770136792748
0.930000000000001	0.00467761227058509
0.950000000000001	0.00641117038183483
0.970000000000001	0.0104652401107031
0.990000000000001	0.0307616696810873
