# Program settings for SigmaNu
# Electroweak scheme and input parameters
# Scheme = Complex mass scheme
# alpha_GF = 0.00755898078237864
# Pole masses/widths for particles [GeV]
# mw = 80.35797361
# gw = 2.084298894
# mz = 91.15348062
# gz = 2.494266379
# s^2_thetaw (derived) = (0.222868505240788,-0.00110716741475141)
# charged leptons
# m_e = 0.0005109989461
# m_m = 0.10565837
# m_t = 1.77686
# quarks
# m_d = 0.05
# m_u = 0.05
# m_s = 0.2
# m_c = 1.51
# m_b = 4.92
# m_t = 173
# Ecms (default) = 179.202

# channel_id = 28
# process  = nu_e A -> W+ e-
-0.99	190.238607007482
-0.97	176.297883747544
-0.95	163.853301813741
-0.93	152.699381655657
-0.91	142.664735684653
-0.89	133.605503387482
-0.87	125.400214998482
-0.85	117.945739256121
-0.83	111.154061467088
-0.81	104.949703023167
-0.79	99.2676404967187
-0.77	94.051616786648
-0.75	89.2527621373691
-0.73	84.8284617337505
-0.71	80.7414207563408
-0.69	76.9588885185137
-0.67	73.4520114986435
-0.65	70.1952913745587
-0.63	67.1661290367646
-0.61	64.3444393482026
-0.59	61.7123243884287
-0.57	59.2537952605288
-0.55	56.9545343936217
-0.53	54.8016917511519
-0.51	52.7837095380304
-0.49	50.8901709513645
-0.47	49.111669288786
-0.45	47.4396943529628
-0.429999999999999	45.8665336001903
-0.409999999999999	44.3851858979571
-0.389999999999999	42.9892860991881
-0.369999999999999	41.6730389237499
-0.349999999999999	40.4311608721125
-0.329999999999999	39.2588290908396
-0.309999999999999	38.1516362720656
-0.289999999999999	37.1055508051399
-0.269999999999999	36.1168815128693
-0.249999999999999	35.1822464010879
-0.229999999999999	34.2985449317272
-0.209999999999999	33.4629333986813
-0.189999999999999	32.6728030446421
-0.169999999999999	31.9257606074339
-0.149999999999999	31.2196110276178
-0.129999999999999	30.5523420864502
-0.109999999999999	29.9221107756477
-0.0899999999999994	29.3272312286719
-0.0699999999999994	28.7661640681019
-0.0499999999999994	28.2375070457265
-0.0299999999999994	27.7399868717822
-0.00999999999999938	27.2724521477698
0.0100000000000006	26.8338673339111
0.0300000000000006	26.4233076979746
0.0500000000000006	26.0399552072671
0.0700000000000006	25.6830953404557
0.0900000000000006	25.3521148109341
0.110000000000001	25.0465002091083
0.130000000000001	24.7658375877328
0.150000000000001	24.5098130328131
0.170000000000001	24.2782142832703
0.190000000000001	24.0709334863252
0.210000000000001	23.8879712033759
0.230000000000001	23.7294418142573
0.250000000000001	23.5955805077411
0.270000000000001	23.4867520949812
0.290000000000001	23.4034619429615
0.310000000000001	23.3463694002932
0.330000000000001	23.316304182512
0.350000000000001	23.3142863044176
0.370000000000001	23.3415503011977
0.390000000000001	23.3995746792247
0.410000000000001	23.4901177968287
0.430000000000001	23.6152617162176
0.450000000000001	23.7774660197281
0.470000000000001	23.9796341887212
0.490000000000001	24.2251959617918
0.510000000000001	24.5182102075979
0.530000000000001	24.8634943943655
0.550000000000001	25.2667889032753
0.570000000000001	25.7349675041778
0.590000000000001	26.2763097314022
0.610000000000001	26.9008573562071
0.630000000000001	27.620886753079
0.650000000000001	28.4515434950178
0.670000000000001	29.4117079804553
0.690000000000001	30.525196407419
0.710000000000001	31.8224589658599
0.730000000000001	33.3430330443946
0.750000000000001	35.1391742391094
0.770000000000001	37.2813820669909
0.790000000000001	39.8670834998081
0.810000000000001	43.0348011125411
0.830000000000001	46.9883225661358
0.850000000000001	52.0402059806932
0.870000000000001	58.6954444416372
0.890000000000001	67.8264012363647
0.910000000000001	81.0809924835162
0.930000000000001	101.990611904698
0.950000000000001	139.737075691205
0.970000000000001	227.987347832882
0.990000000000001	669.744971899405
