# Program settings for SigmaNu
# Electroweak scheme and input parameters
# Scheme = Complex mass scheme
# alpha_GF = 0.00755898078237864
# Pole masses/widths for particles [GeV]
# mw = 80.35797361
# gw = 2.084298894
# mz = 91.15348062
# gz = 2.494266379
# s^2_thetaw (derived) = (0.222868505240788,-0.00110716741475141)
# charged leptons
# m_e = 0.0005109989461
# m_m = 0.10565837
# m_t = 1.77686
# quarks
# m_d = 0.05
# m_u = 0.05
# m_s = 0.2
# m_c = 1.51
# m_b = 4.92
# m_t = 173
# Ecms (default) = 1016.19

# channel_id = 13
# process  = nu_e nu_m~ -> e- m+
-0.99	1.69908338792222e-05
-0.97	0.000156018179403728
-0.95	0.000442261985551287
-0.93	0.000884775065140542
-0.91	0.00149317637880698
-0.89	0.00227769085501481
-0.87	0.00324919239660277
-0.85	0.00441925036263599
-0.83	0.00580017984373468
-0.81	0.00740509608178633
-0.79	0.0092479734214352
-0.77	0.0113437092214629
-0.75	0.0137081931996638
-0.73	0.016358382735702
-0.71	0.019312384713419
-0.69	0.0225895445479496
-0.67	0.0262105431147324
-0.65	0.0301975023781231
-0.63	0.0345741006080748
-0.61	0.0393656981756275
-0.59	0.0445994750333922
-0.57	0.0503045811176871
-0.55	0.056512301056662
-0.53	0.0632562347361465
-0.51	0.0705724954649957
-0.49	0.0784999276977922
-0.47	0.0870803465188443
-0.45	0.0963588013721298
-0.429999999999999	0.106383866842582
-0.409999999999999	0.117207963661242
-0.389999999999999	0.128887713527759
-0.369999999999999	0.141484331827279
-0.349999999999999	0.155064062875312
-0.329999999999999	0.169698662965822
-0.309999999999999	0.185465937239302
-0.289999999999999	0.202450337245853
-0.269999999999999	0.220743627074229
-0.249999999999999	0.240445627075545
-0.229999999999999	0.261665045559574
-0.209999999999999	0.284520410417223
-0.189999999999999	0.309141114467483
-0.169999999999999	0.335668590491954
-0.149999999999999	0.364257634466961
-0.129999999999999	0.39507789850754
-0.109999999999999	0.428315578590866
-0.0899999999999994	0.464175326340946
-0.0699999999999994	0.5028824191691
-0.0499999999999994	0.544685229044737
-0.0299999999999994	0.589858037327059
-0.00999999999999938	0.638704251679084
0.0100000000000006	0.691560091432786
0.0300000000000006	0.748798820280025
0.0500000000000006	0.810835620332786
0.0700000000000006	0.878133220063201
0.0900000000000006	0.95120841120289
0.110000000000001	1.03063961737436
0.130000000000001	1.11707571135008
0.150000000000001	1.21124632006395
0.170000000000001	1.31397390899819
0.190000000000001	1.42618800314542
0.210000000000001	1.54894198406348
0.230000000000001	1.68343300641493
0.250000000000001	1.83102570916907
0.270000000000001	1.99328056480239
0.290000000000001	2.17198792568711
0.310000000000001	2.36920910568616
0.330000000000001	2.58732619754301
0.350000000000001	2.82910280142005
0.370000000000001	3.09775846621642
0.390000000000001	3.3970604779008
0.410000000000001	3.73143774517046
0.430000000000001	4.1061230419574
0.450000000000001	4.52733192619157
0.470000000000001	5.00248949370624
0.490000000000001	5.54052008183734
0.510000000000001	6.15222061049185
0.530000000000001	6.85074619632469
0.550000000000001	7.65224815835072
0.570000000000001	8.57672135709639
0.590000000000001	9.6491428348344
0.610000000000001	10.901021566273
0.630000000000001	12.3725373826717
0.650000000000001	14.1155385751992
0.670000000000001	16.1978143307997
0.690000000000001	18.7092989482284
0.710000000000001	21.7712706366275
0.730000000000001	25.5503119793566
0.750000000000001	30.2800618787073
0.770000000000001	36.2961379766712
0.790000000000001	44.0941668718138
0.810000000000001	54.4301437519551
0.830000000000001	68.5023521437317
0.850000000000001	88.3001747397834
0.870000000000001	117.320221668672
0.890000000000001	162.167376765211
0.910000000000001	236.548759494922
0.930000000000001	372.814279114269
0.950000000000001	663.083007111739
0.970000000000001	1463.3788128472
0.990000000000001	5325.48410706551
