# Program settings for SigmaNu
# Electroweak scheme and input parameters
# Scheme = Complex mass scheme
# alpha_GF = 0.00755898078237864
# Pole masses/widths for particles [GeV]
# mw = 80.35797361
# gw = 2.084298894
# mz = 91.15348062
# gz = 2.494266379
# s^2_thetaw (derived) = (0.222868505240788,-0.00110716741475141)
# charged leptons
# m_e = 0.0005109989461
# m_m = 0.10565837
# m_t = 1.77686
# quarks
# m_d = 0.05
# m_u = 0.05
# m_s = 0.2
# m_c = 1.51
# m_b = 4.92
# m_t = 173
# Ecms (default) = 290.504

# channel_id = 13
# process  = nu_e nu_m~ -> e- m+
-0.99	0.000181534713026341
-0.97	0.00166471055728303
-0.95	0.00471255018707735
-0.93	0.00941480327431619
-0.91	0.015866449197179
-0.89	0.0241680394825793
-0.87	0.0344260657406817
-0.85	0.0467533552388301
-0.83	0.0612694964653052
-0.81	0.078101297257757
-0.79	0.0973832783194626
-0.77	0.119258205221534
-0.75	0.143877662294005
-0.73	0.171402672146966
-0.71	0.202004364938614
-0.69	0.235864701924864
-0.67	0.273177258290183
-0.65	0.314148070777592
-0.63	0.358996556213897
-0.61	0.407956507672015
-0.59	0.461277175734358
-0.57	0.51922444312972
-0.55	0.582082101922357
-0.53	0.650153243449092
-0.51	0.723761772343371
-0.49	0.803254057271436
-0.47	0.889000732455162
-0.45	0.981398665691536
-0.429999999999999	1.08087311042657
-0.409999999999999	1.18788006153254
-0.389999999999999	1.30290883680715
-0.369999999999999	1.42648490890253
-0.349999999999999	1.55917301544946
-0.329999999999999	1.70158057862305
-0.309999999999999	1.85436146936547
-0.289999999999999	2.01822015601647
-0.269999999999999	2.19391628229108
-0.249999999999999	2.38226972549252
-0.229999999999999	2.58416619267977
-0.209999999999999	2.80056342036912
-0.189999999999999	3.03249805241002
-0.169999999999999	3.28109328114175
-0.149999999999999	3.5475673490512
-0.129999999999999	3.83324302220217
-0.109999999999999	4.13955816303825
-0.0899999999999994	4.46807754918666
-0.0699999999999994	4.82050610710482
-0.0499999999999994	5.19870375541072
-0.0299999999999994	5.60470208324173
-0.00999999999999938	6.04072312486457
0.0100000000000006	6.5092005340682
0.0300000000000006	7.01280351189927
0.0500000000000006	7.55446390061799
0.0700000000000006	8.13740692728839
0.0900000000000006	8.76518616454359
0.110000000000001	9.44172337670835
0.130000000000001	10.1713540402491
0.150000000000001	10.9588794729632
0.170000000000001	11.8096266820544
0.190000000000001	12.7295172543308
0.210000000000001	13.7251468711129
0.230000000000001	14.8038773472994
0.250000000000001	15.973943482732
0.270000000000001	17.2445774927847
0.290000000000001	18.6261543774515
0.310000000000001	20.1303623243675
0.330000000000001	21.7704031604554
0.350000000000001	23.5612290204592
0.370000000000001	25.5198228557824
0.390000000000001	27.6655322526038
0.410000000000001	30.0204683823297
0.430000000000001	32.6099849281702
0.450000000000001	35.4632557322179
0.470000000000001	38.6139749775802
0.490000000000001	42.1012103566598
0.510000000000001	45.9704484276695
0.530000000000001	50.2748829906888
0.550000000000001	55.0770128964883
0.570000000000001	60.4506367626232
0.590000000000001	66.4833608041909
0.610000000000001	73.279775574792
0.630000000000001	80.9655125357123
0.650000000000001	89.6924689936633
0.670000000000001	99.645600581676
0.690000000000001	111.051840203028
0.710000000000001	124.191936262205
0.730000000000001	139.416350709775
0.750000000000001	157.16688282885
0.770000000000001	178.006492874837
0.790000000000001	202.661067271181
0.810000000000001	232.078898085349
0.830000000000001	267.516981164171
0.850000000000001	310.668846676477
0.870000000000001	363.858358045069
0.890000000000001	430.341323101534
0.910000000000001	514.789097148853
0.930000000000001	624.090991493807
0.950000000000001	768.739611317543
0.970000000000001	965.336955298226
0.990000000000001	1241.38788009225
