# Program settings for SigmaNu
# Electroweak scheme and input parameters
# Scheme = Complex mass scheme
# alpha_GF = 0.00755898078237864
# Pole masses/widths for particles [GeV]
# mw = 80.35797361
# gw = 2.084298894
# mz = 91.15348062
# gz = 2.494266379
# s^2_thetaw (derived) = (0.222868505240788,-0.00110716741475141)
# charged leptons
# m_e = 0.0005109989461
# m_m = 0.10565837
# m_t = 1.77686
# quarks
# m_d = 0.05
# m_u = 0.05
# m_s = 0.2
# m_c = 1.51
# m_b = 4.92
# m_t = 173
# Ecms (default) = 21.2665

# channel_id = 13
# process  = nu_e nu_m~ -> e- m+
-0.99	0.000167442740030003
-0.97	0.00150401666754493
-0.95	0.00418055134488823
-0.93	0.00820231623278962
-0.91	0.0135746015329408
-0.89	0.0203027182787555
-0.87	0.0283919984265768
-0.85	0.0378477949473344
-0.83	0.0486754819186524
-0.81	0.0608804546174134
-0.79	0.0744681296127783
-0.77	0.0894439448596663
-0.75	0.105813359792696
-0.73	0.123581855420594
-0.71	0.142754934421063
-0.69	0.163338121236134
-0.67	0.185336962167972
-0.65	0.208757025475177
-0.63	0.233603901469543
-0.61	0.259883202613313
-0.59	0.287600563616908
-0.57	0.316761641537147
-0.55	0.347372115875948
-0.53	0.379437688679531
-0.51	0.412964084638103
-0.49	0.447957051186049
-0.47	0.484422358602617
-0.45	0.522365800113109
-0.429999999999999	0.561793191990571
-0.409999999999999	0.602710373657997
-0.389999999999999	0.645123207791043
-0.369999999999999	0.689037580421249
-0.349999999999999	0.734459401039783
-0.329999999999999	0.781394602701702
-0.309999999999999	0.829849142130735
-0.289999999999999	0.879828999824595
-0.269999999999999	0.931340180160809
-0.249999999999999	0.984388711503093
-0.229999999999999	1.03898064630825
-0.209999999999999	1.0951220612336
-0.189999999999999	1.15281905724499
-0.169999999999999	1.21207775972528
-0.149999999999999	1.27290431858341
-0.129999999999999	1.33530490836406
-0.109999999999999	1.39928572835777
-0.0899999999999994	1.46485300271171
-0.0699999999999994	1.53201298054092
-0.0499999999999994	1.60077193604018
-0.0299999999999994	1.67113616859643
-0.00999999999999938	1.74311200290172
0.0100000000000006	1.81670578906679
0.0300000000000006	1.89192390273517
0.0500000000000006	1.96877274519788
0.0700000000000006	2.04725874350875
0.0900000000000006	2.12738835060026
0.110000000000001	2.20916804539998
0.130000000000001	2.29260433294766
0.150000000000001	2.37770374451284
0.170000000000001	2.46447283771309
0.190000000000001	2.55291819663287
0.210000000000001	2.64304643194295
0.230000000000001	2.73486418102049
0.250000000000001	2.82837810806968
0.270000000000001	2.92359490424304
0.290000000000001	3.02052128776331
0.310000000000001	3.11916400404597
0.330000000000001	3.2195298258224
0.350000000000001	3.32162555326362
0.370000000000001	3.42545801410474
0.390000000000001	3.53103406377
0.410000000000001	3.63836058549842
0.430000000000001	3.74744449047019
0.450000000000001	3.85829271793358
0.470000000000001	3.97091223533261
0.490000000000001	4.08531003843535
0.510000000000001	4.20149315146281
0.530000000000001	4.31946862721858
0.550000000000001	4.43924354721911
0.570000000000001	4.56082502182462
0.590000000000001	4.68422019037075
0.610000000000001	4.80943622130083
0.630000000000001	4.93648031229888
0.650000000000001	5.06535969042323
0.670000000000001	5.19608161224093
0.690000000000001	5.32865336396276
0.710000000000001	5.46308226157898
0.730000000000001	5.59937565099575
0.750000000000001	5.73754090817237
0.770000000000001	5.87758543925903
0.790000000000001	6.01951668073547
0.810000000000001	6.16334209955024
0.830000000000001	6.30906919326071
0.850000000000001	6.45670549017384
0.870000000000001	6.60625854948765
0.890000000000001	6.75773596143341
0.910000000000001	6.91114534741863
0.930000000000001	7.0664943601707
0.950000000000001	7.22379068388141
0.970000000000001	7.38304203435205
0.990000000000001	7.54425615913944
