# Program settings for SigmaNu
# Electroweak scheme and input parameters
# Scheme = Complex mass scheme
# alpha_GF = 0.00755898078237864
# Pole masses/widths for particles [GeV]
# mw = 80.35797361
# gw = 2.084298894
# mz = 91.15348062
# gz = 2.494266379
# s^2_thetaw (derived) = (0.222868505240788,-0.00110716741475141)
# charged leptons
# m_e = 0.0005109989461
# m_m = 0.10565837
# m_t = 1.77686
# quarks
# m_d = 0.05
# m_u = 0.05
# m_s = 0.2
# m_c = 1.51
# m_b = 4.92
# m_t = 173
# Ecms (default) = 78599.3

# channel_id = 13
# process  = nu_e nu_m~ -> e- m+
-0.99	2.87585563361074e-09
-0.97	2.64109049037188e-08
-0.95	7.48762353749421e-08
-0.93	1.49814782199616e-07
-0.91	2.52866606176157e-07
-0.89	3.85775770446406e-07
-0.87	5.50397771185719e-07
-0.85	7.48707572830916e-07
-0.83	9.82808303572654e-07
-0.81	1.25494067261162e-06
-0.79	1.56749317711817e-06
-0.77	1.92301317402632e-06
-0.75	2.32421889983389e-06
-0.73	2.774012530581e-06
-0.71	3.27549438426655e-06
-0.69	3.83197837928146e-06
-0.67	4.44700887515578e-06
-0.65	5.12437903622461e-06
-0.63	5.86815087493706e-06
-0.61	6.6826771497147e-06
-0.59	7.5726253128074e-06
-0.57	8.54300372683009e-06
-0.55	9.59919039499066e-06
-0.53	1.07469644798881e-05
-0.51	1.19925409197041e-05
-0.49	1.33426084892447e-05
-0.47	1.48043716973336e-05
-0.45	1.63855969623503e-05
-0.429999999999999	1.80946635652413e-05
-0.409999999999999	1.99406199452531e-05
-0.389999999999999	2.19332459793136e-05
-0.369999999999999	2.4083121973027e-05
-0.349999999999999	2.64017051915303e-05
-0.329999999999999	2.8901414874251e-05
-0.309999999999999	3.15957268115489e-05
-0.289999999999999	3.44992787165092e-05
-0.269999999999999	3.76279878055462e-05
-0.249999999999999	4.09991822115127e-05
-0.229999999999999	4.46317480981012e-05
-0.209999999999999	4.85462946310069e-05
-0.189999999999999	5.27653392974456e-05
-0.169999999999999	5.73135164607088e-05
-0.149999999999999	6.22178125020214e-05
-0.129999999999999	6.75078314520797e-05
-0.109999999999999	7.32160956664272e-05
-0.0899999999999994	7.9378386873251e-05
-0.0699999999999994	8.60341338450344e-05
-0.0499999999999994	9.32268540485809e-05
-0.0299999999999994	0.000101004657950581
-0.00999999999999938	0.000109420826247027
0.0100000000000006	0.000118534472205369
0.0300000000000006	0.000128411303634741
0.0500000000000006	0.000139124501827931
0.0700000000000006	0.000150755738270398
0.0900000000000006	0.000163396354140536
0.110000000000001	0.000177148732828021
0.130000000000001	0.000192127902125042
0.150000000000001	0.000208463410722825
0.170000000000001	0.000226301533592841
0.190000000000001	0.000245807873295472
0.210000000000001	0.000267170439954953
0.230000000000001	0.000290603312512636
0.250000000000001	0.000316351009173928
0.270000000000001	0.000344693727371287
0.290000000000001	0.000375953655327878
0.310000000000001	0.000410502611475237
0.330000000000001	0.000448771338722091
0.350000000000001	0.000491260873631337
0.370000000000001	0.000538556533915656
0.390000000000001	0.000591345232495968
0.410000000000001	0.000650437048522845
0.430000000000001	0.000716792287906755
0.450000000000001	0.000791555680832361
0.470000000000001	0.000876099939447787
0.490000000000001	0.000972081706571826
0.510000000000001	0.00108151407272861
0.530000000000001	0.00120686148696558
0.550000000000001	0.00135116528876695
0.570000000000001	0.00151821164047852
0.590000000000001	0.00171275897719467
0.610000000000001	0.00194085025145585
0.630000000000001	0.00221024796399526
0.650000000000001	0.00253105019367373
0.670000000000001	0.00291657874309881
0.690000000000001	0.00338468541691461
0.710000000000001	0.00395971664978309
0.730000000000001	0.00467554346713585
0.750000000000001	0.00558036958436243
0.770000000000001	0.00674461419181349
0.790000000000001	0.00827433255978894
0.810000000000001	0.0103350965261856
0.830000000000001	0.0131967746808001
0.850000000000001	0.0173229949812047
0.870000000000001	0.0235644163231834
0.890000000000001	0.0336198581765955
0.910000000000001	0.0512903528123202
0.930000000000001	0.0865698658621016
0.950000000000001	0.173207640295717
0.970000000000001	0.491024955310486
0.990000000000001	4.50815395688445
