# Program settings for SigmaNu
# Electroweak scheme and input parameters
# Scheme = Complex mass scheme
# alpha_GF = 0.00755898078237864
# Pole masses/widths for particles [GeV]
# mw = 80.35797361
# gw = 2.084298894
# mz = 91.15348062
# gz = 2.494266379
# s^2_thetaw (derived) = (0.222868505240788,-0.00110716741475141)
# charged leptons
# m_e = 0.0005109989461
# m_m = 0.10565837
# m_t = 1.77686
# quarks
# m_d = 0.05
# m_u = 0.05
# m_s = 0.2
# m_c = 1.51
# m_b = 4.92
# m_t = 173
# Ecms (default) = 1.04456

# channel_id = 13
# process  = nu_e nu_m~ -> e- m+
-0.99	1.36762447217264e-06
-0.97	6.77776812389033e-06
-0.95	1.57545879620613e-05
-0.93	2.82981197464343e-05
-0.91	4.44083992371167e-05
-0.89	6.40854621945735e-05
-0.87	8.73293443796288e-05
-0.85	0.000114140081553466
-0.83	0.000144517709477624
-0.81	0.000178462263914005
-0.79	0.000215973780624864
-0.77	0.000257052295372819
-0.75	0.000301697843920844
-0.73	0.000349910462032274
-0.71	0.000401690185470799
-0.69	0.00045703705000047
-0.67	0.000515951091385696
-0.65	0.000578432345391244
-0.63	0.00064448084778224
-0.61	0.000714096634324168
-0.59	0.00078727974078287
-0.57	0.00086403020292455
-0.55	0.000944348056515766
-0.53	0.00102823333732344
-0.51	0.00111568608111484
-0.49	0.00120670632365761
-0.47	0.00130129410071974
-0.45	0.00139944944806958
-0.429999999999999	0.00150117240147585
-0.409999999999999	0.00160646299670761
-0.389999999999999	0.0017153212695343
-0.369999999999999	0.00182774725572569
-0.349999999999999	0.00194374099105194
-0.329999999999999	0.00206330251128355
-0.309999999999999	0.00218643185219138
-0.289999999999999	0.00231312904954665
-0.269999999999999	0.00244339413912094
-0.249999999999999	0.00257722715668619
-0.229999999999999	0.0027146281380147
-0.209999999999999	0.00285559711887912
-0.189999999999999	0.00300013413505247
-0.169999999999999	0.00314823922230811
-0.149999999999999	0.00329991241641979
-0.129999999999999	0.00345515375316158
-0.109999999999999	0.00361396326830794
-0.0899999999999994	0.00377634099763368
-0.0699999999999994	0.00394228697691396
-0.0499999999999994	0.0041118012419243
-0.0299999999999994	0.00428488382844059
-0.00999999999999938	0.00446153477223907
0.0100000000000006	0.00464175410909634
0.0300000000000006	0.00482554187478936
0.0500000000000006	0.00501289810509544
0.0700000000000006	0.00520382283579226
0.0900000000000006	0.00539831610265786
0.110000000000001	0.00559637794147063
0.130000000000001	0.00579800838800932
0.150000000000001	0.00600320747805304
0.170000000000001	0.00621197524738126
0.190000000000001	0.00642431173177382
0.210000000000001	0.00664021696701089
0.230000000000001	0.00685969098887302
0.250000000000001	0.00708273383314111
0.270000000000001	0.00730934553559644
0.290000000000001	0.00753952613202061
0.310000000000001	0.00777327565819562
0.330000000000001	0.00801059414990379
0.350000000000001	0.00825148164292783
0.370000000000001	0.00849593817305079
0.390000000000001	0.00874396377605609
0.410000000000001	0.0089955584877275
0.430000000000001	0.00925072234384916
0.450000000000001	0.00950945538020555
0.470000000000001	0.00977175763258152
0.490000000000001	0.0100376291367623
0.510000000000001	0.0103070699285334
0.530000000000001	0.0105800800436808
0.550000000000001	0.0108566595179908
0.570000000000001	0.01113680838725
0.590000000000001	0.0114205266872454
0.610000000000001	0.0117078144537644
0.630000000000001	0.0119986717225947
0.650000000000001	0.0122930985295244
0.670000000000001	0.0125910949103419
0.690000000000001	0.0128926609008359
0.710000000000001	0.0131977965367958
0.730000000000001	0.0135065018540109
0.750000000000001	0.0138187768882712
0.770000000000001	0.0141346216753669
0.790000000000001	0.0144540362510885
0.810000000000001	0.0147770206512271
0.830000000000001	0.0151035749115738
0.850000000000001	0.0154336990679205
0.870000000000001	0.0157673931560591
0.890000000000001	0.016104657211782
0.910000000000001	0.016445491270882
0.930000000000001	0.0167898953691521
0.950000000000001	0.0171378695423858
0.970000000000001	0.0174894138263769
0.990000000000001	0.0178445282569196
