# Program settings for SigmaNu
# Electroweak scheme and input parameters
# Scheme = Complex mass scheme
# alpha_GF = 0.00755898078237864
# Pole masses/widths for particles [GeV]
# mw = 80.35797361
# gw = 2.084298894
# mz = 91.15348062
# gz = 2.494266379
# s^2_thetaw (derived) = (0.222868505240788,-0.00110716741475141)
# charged leptons
# m_e = 0.0005109989461
# m_m = 0.10565837
# m_t = 1.77686
# quarks
# m_d = 0.05
# m_u = 0.05
# m_s = 0.2
# m_c = 1.51
# m_b = 4.92
# m_t = 173
# Ecms (default) = 52.7373

# channel_id = 13
# process  = nu_e nu_m~ -> e- m+
-0.99	0.000575151206461916
-0.97	0.0052049202472239
-0.95	0.0145443690159267
-0.93	0.0286793169156897
-0.91	0.0476971548699288
-0.89	0.07168687740778
-0.87	0.100739115488821
-0.85	0.134946170086222
-0.83	0.174402046548019
-0.81	0.219202489756768
-0.79	0.269445020108421
-0.77	0.325228970331888
-0.75	0.386655523171353
-0.73	0.453827749954082
-0.71	0.526850650067104
-0.69	0.605831191366867
-0.67	0.690878351546629
-0.65	0.782103160487164
-0.63	0.879618743617013
-0.61	0.98354036630941
-0.59	1.09398547934371
-0.57	1.21107376546008
-0.55	1.33492718703702
-0.53	1.46567003492217
-0.51	1.60342897844783
-0.49	1.74833311666354
-0.47	1.90051403081904
-0.45	2.06010583813198
-0.429999999999999	2.22724524687581
-0.409999999999999	2.40207161282425
-0.389999999999999	2.58472699709016
-0.369999999999999	2.77535622539738
-0.349999999999999	2.97410694882568
-0.329999999999999	3.18112970607002
-0.309999999999999	3.39657798725663
-0.289999999999999	3.62060829935981
-0.269999999999999	3.85338023326462
-0.249999999999999	4.09505653252226
-0.229999999999999	4.34580316384616
-0.209999999999999	4.6057893893985
-0.189999999999999	4.87518784091846
-0.169999999999999	5.15417459574505
-0.149999999999999	5.44292925478917
-0.129999999999999	5.74163502251111
-0.109999999999999	6.05047878896196
-0.0899999999999994	6.36965121394862
-0.0699999999999994	6.69934681338473
-0.0499999999999994	7.03976404789133
-0.0299999999999994	7.3911054137136
-0.00999999999999938	7.7535775360218
0.0100000000000006	8.12739126466697
0.0300000000000006	8.51276177246444
0.0500000000000006	8.90990865608035
0.0700000000000006	9.3190560395989
0.0900000000000006	9.74043268085093
0.110000000000001	10.1742720805868
0.130000000000001	10.6208125945797
0.150000000000001	11.0802975487474
0.170000000000001	11.5529753573862
0.190000000000001	12.0390996446088
0.210000000000001	12.5389293690882
0.230000000000001	13.0527289522054
0.250000000000001	13.580768409709
0.270000000000001	14.1233234869928
0.290000000000001	14.6806757981062
0.310000000000001	15.2531129686119
0.330000000000001	15.8409287824117
0.350000000000001	16.4444233326659
0.370000000000001	17.0639031769341
0.390000000000001	17.6996814966712
0.410000000000001	18.3520782612176
0.430000000000001	19.0214203964259
0.450000000000001	19.708041958072
0.470000000000001	20.4122843102059
0.490000000000001	21.1344963085988
0.510000000000001	21.8750344894538
0.530000000000001	22.6342632635487
0.550000000000001	23.4125551159896
0.570000000000001	24.2102908117576
0.590000000000001	25.0278596072396
0.610000000000001	25.8656594679391
0.630000000000001	26.7240972925728
0.650000000000001	27.6035891437639
0.670000000000001	28.5045604855524
0.690000000000001	29.4274464279501
0.710000000000001	30.3726919787772
0.730000000000001	31.3407523030257
0.750000000000001	32.3320929900049
0.770000000000001	33.3471903285317
0.790000000000001	34.3865315904429
0.810000000000001	35.4506153227119
0.830000000000001	36.5399516484665
0.850000000000001	37.6550625772158
0.870000000000001	38.7964823246045
0.890000000000001	39.964757642026
0.910000000000001	41.1604481564395
0.930000000000001	42.3841267207484
0.950000000000001	43.6363797751123
0.970000000000001	44.9178077195793
0.990000000000001	46.2290252984403
