# Program settings for SigmaNu
# Electroweak scheme and input parameters
# Scheme = Complex mass scheme
# alpha_GF = 0.00755898078237864
# Pole masses/widths for particles [GeV]
# mw = 80.35797361
# gw = 2.084298894
# mz = 91.15348062
# gz = 2.494266379
# s^2_thetaw (derived) = (0.222868505240788,-0.00110716741475141)
# charged leptons
# m_e = 0.0005109989461
# m_m = 0.10565837
# m_t = 1.77686
# quarks
# m_d = 0.05
# m_u = 0.05
# m_s = 0.2
# m_c = 1.51
# m_b = 4.92
# m_t = 173
# Ecms (default) = 1.86178

# channel_id = 13
# process  = nu_e nu_m~ -> e- m+
-0.99	2.37974451518154e-06
-0.97	1.58127155224479e-05
-0.95	4.08106759779811e-05
-0.93	7.73739967133868e-05
-0.91	0.000125503048572156
-0.89	0.00018519820240967
-0.87	0.000256459829093199
-0.85	0.000339288299501902
-0.83	0.000433683984526828
-0.81	0.000539647255070919
-0.79	0.000657178482048999
-0.77	0.000786278036387796
-0.75	0.00092694628902592
-0.73	0.00107918361091388
-0.71	0.00124299037301406
-0.69	0.00141836694630077
-0.67	0.00160531370176017
-0.65	0.00180383101039036
-0.63	0.0020139192432013
-0.61	0.00223557877121486
-0.59	0.00246880996546479
-0.57	0.00271361319699675
-0.55	0.00296998883686831
-0.53	0.00323793725614889
-0.51	0.00351745882591985
-0.49	0.00380855391727443
-0.47	0.00411122290131778
-0.45	0.00442546614916691
-0.429999999999999	0.00475128403195079
-0.409999999999999	0.00508867692081022
-0.389999999999999	0.00543764518689795
-0.369999999999999	0.00579818920137861
-0.349999999999999	0.00617030933542874
-0.329999999999999	0.00655400596023677
-0.309999999999999	0.00694927944700304
-0.289999999999999	0.00735613016693976
-0.269999999999999	0.00777455849127109
-0.249999999999999	0.00820456479123308
-0.229999999999999	0.00864614943807365
-0.209999999999999	0.00909931280305265
-0.189999999999999	0.00956405525744182
-0.169999999999999	0.0100403771725248
-0.149999999999999	0.0105282789195972
-0.129999999999999	0.0110277608699665
-0.109999999999999	0.011538823394952
-0.0899999999999994	0.0120614668658849
-0.0699999999999994	0.0125956916541086
-0.0499999999999994	0.013141498130978
-0.0299999999999994	0.0136988866678601
-0.00999999999999938	0.0142678576361339
0.0100000000000006	0.0148484114071901
0.0300000000000006	0.0154405483524315
0.0500000000000006	0.0160442688432726
0.0700000000000006	0.0166595732511401
0.0900000000000006	0.0172864619474724
0.110000000000001	0.0179249353037197
0.130000000000001	0.0185749936913444
0.150000000000001	0.0192366374818207
0.170000000000001	0.0199098670466346
0.190000000000001	0.0205946827572841
0.210000000000001	0.0212910849852791
0.230000000000001	0.0219990741021415
0.250000000000001	0.0227186504794049
0.270000000000001	0.0234498144886151
0.290000000000001	0.0241925665013295
0.310000000000001	0.0249469068891177
0.330000000000001	0.025712836023561
0.350000000000001	0.0264903542762528
0.370000000000001	0.0272794620187982
0.390000000000001	0.0280801596228144
0.410000000000001	0.0288924474599304
0.430000000000001	0.0297163259017872
0.450000000000001	0.0305517953200377
0.470000000000001	0.0313988560863467
0.490000000000001	0.0322575085723909
0.510000000000001	0.0331277531498589
0.530000000000001	0.0340095901904513
0.550000000000001	0.0349030200658806
0.570000000000001	0.0358080431478711
0.590000000000001	0.0367246598081592
0.610000000000001	0.037652870418493
0.630000000000001	0.0385926753506329
0.650000000000001	0.0395440749763507
0.670000000000001	0.0405070696674306
0.690000000000001	0.0414816597956684
0.710000000000001	0.0424678457328721
0.730000000000001	0.0434656278508612
0.750000000000001	0.0444750065214676
0.770000000000001	0.0454959821165349
0.790000000000001	0.0465285550079185
0.810000000000001	0.0475727255674861
0.830000000000001	0.0486284941671167
0.850000000000001	0.049695861178702
0.870000000000001	0.0507748269741451
0.890000000000001	0.0518653919253611
0.910000000000001	0.0529675564042772
0.930000000000001	0.0540813207828322
0.950000000000001	0.0552066854329773
0.970000000000001	0.0563436507266753
0.990000000000001	0.0574922170359009
