# Program settings for SigmaNu
# Electroweak scheme and input parameters
# Scheme = Complex mass scheme
# alpha_GF = 0.00755898078237864
# Pole masses/widths for particles [GeV]
# mw = 80.35797361
# gw = 2.084298894
# mz = 91.15348062
# gz = 2.494266379
# s^2_thetaw (derived) = (0.222868505240788,-0.00110716741475141)
# charged leptons
# m_e = 0.0005109989461
# m_m = 0.10565837
# m_t = 1.77686
# quarks
# m_d = 0.05
# m_u = 0.05
# m_s = 0.2
# m_c = 1.51
# m_b = 4.92
# m_t = 173
# Ecms (default) = 20688.9

# channel_id = 13
# process  = nu_e nu_m~ -> e- m+
-0.99	4.15066211974649e-08
-0.97	3.81182940779217e-07
-0.95	1.0806723713041e-06
-0.93	2.16224342421912e-06
-0.91	3.6495663624917e-06
-0.89	5.56781244604669e-06
-0.87	7.94376117238201e-06
-0.85	1.0805916241815e-05
-0.83	1.41846310515862e-05
-0.81	1.81122446063612e-05
-0.79	2.26232288256069e-05
-0.77	2.77543483321057e-05
-0.75	3.35448339219074e-05
-0.73	4.00365710459087e-05
-0.71	4.72743047788246e-05
-0.69	5.53058629146653e-05
-0.67	6.4182399011377e-05
-0.65	7.39586574137818e-05
-0.63	8.46932625165709e-05
-0.61	9.64490347915065e-05
-0.59	0.00010929333639941
-0.57	0.000123298449542842
-0.55	0.000138541991095304
-0.53	0.000155107367473814
-0.51	0.000173084274211582
-0.49	0.000192569245245019
-0.47	0.000213666257564905
-0.45	0.000236487397607345
-0.429999999999999	0.000261153596590372
-0.409999999999999	0.000287795442953365
-0.389999999999999	0.00031655408114859
-0.369999999999999	0.000347582207290096
-0.349999999999999	0.000381045173612499
-0.329999999999999	0.000417122215362996
-0.309999999999999	0.000456007815682984
-0.289999999999999	0.000497913226276365
-0.269999999999999	0.000543068164264921
-0.249999999999999	0.000591722708661938
-0.229999999999999	0.000644149423432163
-0.209999999999999	0.000700645738243054
-0.189999999999999	0.000761536622862716
-0.169999999999999	0.000827177596861207
-0.149999999999999	0.000897958122990325
-0.129999999999999	0.000974305440555283
-0.109999999999999	0.00105668890449699
-0.0899999999999994	0.00114562490707863
-0.0699999999999994	0.00124168247238709
-0.0499999999999994	0.00134548962977721
-0.0299999999999994	0.00145774069147265
-0.00999999999999938	0.00157920458249696
0.0100000000000006	0.00171073439882214
0.0300000000000006	0.00185327840319179
0.0500000000000006	0.00200789270888785
0.0700000000000006	0.00217575595151546
0.0900000000000006	0.00235818630990118
0.110000000000001	0.00255666131227072
0.130000000000001	0.00277284095662334
0.150000000000001	0.00300859478933026
0.170000000000001	0.00326603372951128
0.190000000000001	0.00354754760657706
0.210000000000001	0.00385584960480184
0.230000000000001	0.00419402909553767
0.250000000000001	0.00456561470277415
0.270000000000001	0.00497464991533456
0.290000000000001	0.00542578416156126
0.310000000000001	0.00592438304390619
0.330000000000001	0.00647666245154282
0.350000000000001	0.00708985261178319
0.370000000000001	0.00777239992080639
0.390000000000001	0.00853421677236975
0.410000000000001	0.00938699280832482
0.430000000000001	0.010344585373905
0.450000000000001	0.011423512946974
0.470000000000001	0.0126435836162024
0.490000000000001	0.0140287023348444
0.510000000000001	0.0156079172161671
0.530000000000001	0.0174167889129518
0.550000000000001	0.019499201772284
0.570000000000001	0.021909786697827
0.590000000000001	0.024717202646751
0.610000000000001	0.0280086414008159
0.630000000000001	0.0318961036416954
0.650000000000001	0.0365252860410896
0.670000000000001	0.0420883936578853
0.690000000000001	0.048842983762644
0.710000000000001	0.0571403057974157
0.730000000000001	0.067469007228658
0.750000000000001	0.0805244852998632
0.770000000000001	0.0973225822881988
0.790000000000001	0.119393142970119
0.810000000000001	0.14912440560621
0.830000000000001	0.190408744576145
0.850000000000001	0.249932619221138
0.870000000000001	0.339962987053281
0.890000000000001	0.484994396955154
0.910000000000001	0.739822048742118
0.930000000000001	1.248478091816
0.950000000000001	2.49713442299232
0.970000000000001	7.07381171903179
0.990000000000001	64.7032411949383
