# Program settings for SigmaNu
# Electroweak scheme and input parameters
# Scheme = Complex mass scheme
# alpha_GF = 0.00755898078237864
# Pole masses/widths for particles [GeV]
# mw = 80.35797361
# gw = 2.084298894
# mz = 91.15348062
# gz = 2.494266379
# s^2_thetaw (derived) = (0.222868505240788,-0.00110716741475141)
# charged leptons
# m_e = 0.0005109989461
# m_m = 0.10565837
# m_t = 1.77686
# quarks
# m_d = 0.05
# m_u = 0.05
# m_s = 0.2
# m_c = 1.51
# m_b = 4.92
# m_t = 173
# Ecms (default) = 2352.43

# channel_id = 13
# process  = nu_e nu_m~ -> e- m+
-0.99	3.20297887045756e-06
-0.97	2.941438940591e-05
-0.95	8.33892373716571e-05
-0.93	0.000166843737031728
-0.91	0.00028160200397856
-0.89	0.000429603685323024
-0.87	0.000612912203810366
-0.85	0.000833723671804626
-0.83	0.00109437653681123
-0.81	0.00139736202658803
-0.79	0.00174533546901176
-0.77	0.00214112856981256
-0.75	0.00258776274017294
-0.73	0.00308846357612898
-0.71	0.0036466766028525
-0.69	0.00426608440939305
-0.67	0.0049506253134999
-0.65	0.00570451371194011
-0.63	0.00653226228951951
-0.61	0.00743870628007986
-0.59	0.00842902999540923
-0.57	0.00950879586363778
-0.55	0.0106839762477276
-0.53	0.0119609883476061
-0.51	0.0133467325269188
-0.49	0.0148486344479654
-0.47	0.0164746914469291
-0.45	0.018233523636928
-0.429999999999999	0.0201344302898045
-0.409999999999999	0.0221874521201789
-0.389999999999999	0.0244034401786383
-0.369999999999999	0.0267941321567541
-0.349999999999999	0.0293722370170174
-0.329999999999999	0.0321515289882036
-0.309999999999999	0.0351469521140509
-0.289999999999999	0.0383747367139408
-0.269999999999999	0.0418525293126441
-0.249999999999999	0.045599537827106
-0.229999999999999	0.0496366940676236
-0.209999999999999	0.0539868359257697
-0.189999999999999	0.0586749119906385
-0.169999999999999	0.0637282117688552
-0.149999999999999	0.0691766251949037
-0.129999999999999	0.075052935722057
-0.109999999999999	0.0813931519992555
-0.0899999999999994	0.0882368839886099
-0.0699999999999994	0.0956277703899634
-0.0499999999999994	0.10361396544786
-0.0299999999999994	0.112248694665273
-0.00999999999999938	0.12159089069089
0.0100000000000006	0.131705922749159
0.0300000000000006	0.142666435527861
0.0500000000000006	0.154553316531401
0.0700000000000006	0.167456814681421
0.0900000000000006	0.181477837567294
0.110000000000001	0.196729460431208
0.130000000000001	0.21333868698945
0.150000000000001	0.231448510895225
0.170000000000001	0.251220337494838
0.190000000000001	0.272836839111393
0.210000000000001	0.296505334185121
0.230000000000001	0.322461802229897
0.250000000000001	0.350975674087888
0.270000000000001	0.382355572188426
0.290000000000001	0.416956220876345
0.310000000000001	0.455186805663501
0.330000000000001	0.497521136971251
0.350000000000001	0.544510074758031
0.370000000000001	0.596796803951954
0.390000000000001	0.655135728862461
0.410000000000001	0.720415994741705
0.430000000000001	0.793690970720555
0.450000000000001	0.876215475586378
0.470000000000001	0.969493147650992
0.490000000000001	1.07533722827564
0.510000000000001	1.19594925945317
0.530000000000001	1.33402196257944
0.550000000000001	1.49287513598753
0.570000000000001	1.67663720349024
0.590000000000001	1.89049073722657
0.610000000000001	2.14100896075386
0.630000000000001	2.43662373492577
0.650000000000001	2.788286942035
0.670000000000001	3.21042192862236
0.690000000000001	3.72231946287108
0.710000000000001	4.35023149117473
0.730000000000001	5.13059026833037
0.750000000000001	6.11509867148478
0.770000000000001	7.37904194366193
0.790000000000001	9.03537218629443
0.810000000000001	11.2596317626849
0.830000000000001	14.3363807903937
0.850000000000001	18.7512057751572
0.870000000000001	25.3875014002875
0.890000000000001	35.98993348448
0.910000000000001	54.4031032772004
0.930000000000001	90.5128882650832
0.950000000000001	176.515560913058
0.970000000000001	471.950915897289
0.990000000000001	3309.66028076798
