# Program settings for SigmaNu
# Electroweak scheme and input parameters
# Scheme = Complex mass scheme
# alpha_GF = 0.00755898078237864
# Pole masses/widths for particles [GeV]
# mw = 80.35797361
# gw = 2.084298894
# mz = 91.15348062
# gz = 2.494266379
# s^2_thetaw (derived) = (0.222868505240788,-0.00110716741475141)
# charged leptons
# m_e = 0.0005109989461
# m_m = 0.10565837
# m_t = 1.77686
# quarks
# m_d = 0.05
# m_u = 0.05
# m_s = 0.2
# m_c = 1.51
# m_b = 4.92
# m_t = 173
# Ecms (default) = 4079.06

# channel_id = 13
# process  = nu_e nu_m~ -> e- m+
-0.99	1.06695597033192e-06
-0.97	9.79849174051701e-06
-0.95	2.77789894795503e-05
-0.93	5.55806388989644e-05
-0.91	9.38116336431365e-05
-0.89	0.000143118719394967
-0.87	0.000204189947173863
-0.85	0.000277757650539493
-0.83	0.000364601667332225
-0.81	0.00046555282871757
-0.79	0.000581496740684984
-0.77	0.000713377885812416
-0.75	0.000862204076083174
-0.73	0.00102905129087172
-0.71	0.00121506893794703
-0.69	0.00142148557952987
-0.67	0.0016496151701451
-0.65	0.00190086385830283
-0.63	0.00217673741000493
-0.61	0.0024788493187983
-0.59	0.00280892967469352
-0.57	0.00316883487286147
-0.55	0.00356055825275552
-0.53	0.00398624176935283
-0.51	0.00444818881075926
-0.49	0.00494887829070711
-0.47	0.00549098016075872
-0.45	0.00607737250562236
-0.429999999999999	0.00671116040625471
-0.409999999999999	0.00739569677979195
-0.389999999999999	0.00813460543332379
-0.369999999999999	0.00893180660069159
-0.349999999999999	0.00979154526855478
-0.329999999999999	0.0107184226407564
-0.309999999999999	0.0117174311395127
-0.289999999999999	0.0127939933993237
-0.269999999999999	0.0139540057761473
-0.249999999999999	0.0152038869719669
-0.229999999999999	0.0165506324654149
-0.209999999999999	0.0180018755449969
-0.189999999999999	0.019565955865596
-0.169999999999999	0.0212519965948274
-0.149999999999999	0.0230699913877251
-0.129999999999999	0.0250309026313383
-0.109999999999999	0.0271467726414193
-0.0899999999999994	0.0294308497792386
-0.0699999999999994	0.0318977317971513
-0.0499999999999994	0.0345635291286075
-0.0299999999999994	0.0374460513263233
-0.00999999999999938	0.0405650204393498
0.0100000000000006	0.0439423158282385
0.0300000000000006	0.0476022557755604
0.0500000000000006	0.0515719222920548
0.0700000000000006	0.0558815367913637
0.0900000000000006	0.060564895865343
0.110000000000001	0.0656598783096295
0.130000000000001	0.071209036918101
0.150000000000001	0.0772602915043838
0.170000000000001	0.0838677432730875
0.190000000000001	0.0910926352541038
0.210000000000001	0.0990044892935103
0.230000000000001	0.107682457411532
0.250000000000001	0.117216934652109
0.270000000000001	0.127711492474784
0.290000000000001	0.139285207104804
0.310000000000001	0.152075477182044
0.330000000000001	0.166241451063602
0.350000000000001	0.181968218345624
0.370000000000001	0.199471965503226
0.390000000000001	0.219006356105597
0.410000000000001	0.240870477653184
0.430000000000001	0.265418808010816
0.450000000000001	0.293073806684932
0.470000000000001	0.324341947387022
0.490000000000001	0.359834304471517
0.510000000000001	0.400293226018695
0.530000000000001	0.446627230075226
0.550000000000001	0.499957139921278
0.570000000000001	0.56167777394286
0.590000000000001	0.633541457431466
0.610000000000001	0.717772605511116
0.630000000000001	0.817227268611131
0.650000000000001	0.935618909336889
0.670000000000001	1.07784367244551
0.690000000000001	1.25045839969616
0.710000000000001	1.46239890182808
0.730000000000001	1.72608657499436
0.750000000000001	2.05918237333135
0.770000000000001	2.48745852770375
0.790000000000001	3.04968002906113
0.810000000000001	3.80627463020772
0.830000000000001	4.8555546998484
0.850000000000001	6.36603816376887
0.870000000000001	8.64603840839778
0.890000000000001	12.3089799791616
0.910000000000001	18.7203572242681
0.930000000000001	31.4435479716799
0.950000000000001	62.3649039428796
0.970000000000001	173.258235539436
0.990000000000001	1442.00083856572
