# Program settings for SigmaNu
# Electroweak scheme and input parameters
# Scheme = Complex mass scheme
# alpha_GF = 0.00755898078237864
# Pole masses/widths for particles [GeV]
# mw = 80.35797361
# gw = 2.084298894
# mz = 91.15348062
# gz = 2.494266379
# s^2_thetaw (derived) = (0.222868505240788,-0.00110716741475141)
# charged leptons
# m_e = 0.0005109989461
# m_m = 0.10565837
# m_t = 1.77686
# quarks
# m_d = 0.05
# m_u = 0.05
# m_s = 0.2
# m_c = 1.51
# m_b = 4.92
# m_t = 173
# Ecms (default) = 6.1638

# channel_id = 13
# process  = nu_e nu_m~ -> e- m+
-0.99	1.67456128665904e-05
-0.97	0.000145148906098724
-0.95	0.000400138606818385
-0.93	0.000781759105510678
-0.91	0.00129005480822535
-0.89	0.00192507013658282
-0.87	0.00268684952778033
-0.85	0.00357543743459789
-0.83	0.00459087832540442
-0.81	0.00573321668416388
-0.79	0.00700249701044121
-0.77	0.00839876381940851
-0.75	0.00992206164185108
-0.73	0.0115724350241735
-0.71	0.0133499285284058
-0.69	0.0152545867322095
-0.67	0.0172864542288835
-0.65	0.0194455756273705
-0.63	0.021731995552263
-0.61	0.0241457586438094
-0.59	0.0266869095579198
-0.57	0.0293554929661725
-0.55	0.0321515535558201
-0.53	0.0350751360297954
-0.51	0.0381262851067176
-0.49	0.0413050455208982
-0.47	0.0446114620223478
-0.45	0.0480455793767814
-0.429999999999999	0.0516074423656249
-0.409999999999999	0.0552970957860212
-0.389999999999999	0.0591145844508367
-0.369999999999999	0.0630599531886665
-0.349999999999999	0.0671332468438416
-0.329999999999999	0.0713345102764341
-0.309999999999999	0.0756637883622643
-0.289999999999999	0.0801211259929056
-0.269999999999999	0.0847065680756923
-0.249999999999999	0.089420159533724
-0.229999999999999	0.094261945305873
-0.209999999999999	0.0992319703467899
-0.189999999999999	0.10433027962691
-0.169999999999999	0.109556918132459
-0.149999999999999	0.11491193086546
-0.129999999999999	0.120395362843739
-0.109999999999999	0.12600725910093
-0.0899999999999994	0.131747664686486
-0.0699999999999994	0.137616624665676
-0.0499999999999994	0.143614184119603
-0.0299999999999994	0.149740388145199
-0.00999999999999938	0.155995281855238
0.0100000000000006	0.16237891037834
0.0300000000000006	0.168891318858979
0.0500000000000006	0.175532552457485
0.0700000000000006	0.182302656350055
0.0900000000000006	0.189201675728756
0.110000000000001	0.196229655801533
0.130000000000001	0.203386641792213
0.150000000000001	0.210672678940515
0.170000000000001	0.218087812502052
0.190000000000001	0.225632087748339
0.210000000000001	0.233305549966801
0.230000000000001	0.241108244460775
0.250000000000001	0.249040216549522
0.270000000000001	0.257101511568226
0.290000000000001	0.265292174868008
0.310000000000001	0.273612251815925
0.330000000000001	0.282061787794982
0.350000000000001	0.290640828204134
0.370000000000001	0.299349418458297
0.390000000000001	0.308187603988348
0.410000000000001	0.317155430241137
0.430000000000001	0.326252942679488
0.450000000000001	0.335480186782211
0.470000000000001	0.344837208044104
0.490000000000001	0.35432405197596
0.510000000000001	0.363940764104575
0.530000000000001	0.373687389972752
0.550000000000001	0.383563975139308
0.570000000000001	0.393570565179082
0.590000000000001	0.403707205682938
0.610000000000001	0.413973942257776
0.630000000000001	0.424370820526531
0.650000000000001	0.434897886128188
0.670000000000001	0.445555184717781
0.690000000000001	0.456342761966404
0.710000000000001	0.467260663561213
0.730000000000001	0.478308935205437
0.750000000000001	0.489487622618381
0.770000000000001	0.500796771535434
0.790000000000001	0.512236427708075
0.810000000000001	0.523806636903876
0.830000000000001	0.535507444906516
0.850000000000001	0.547338897515777
0.870000000000001	0.559301040547559
0.890000000000001	0.571393919833884
0.910000000000001	0.5836175812229
0.930000000000001	0.595972070578887
0.950000000000001	0.608457433782267
0.970000000000001	0.621073716729609
0.990000000000001	0.633820965333635
