# Program settings for SigmaNu
# Electroweak scheme and input parameters
# Scheme = Complex mass scheme
# alpha_GF = 0.00755898078237864
# Pole masses/widths for particles [GeV]
# mw = 80.35797361
# gw = 2.084298894
# mz = 91.15348062
# gz = 2.494266379
# s^2_thetaw (derived) = (0.222868505240788,-0.00110716741475141)
# charged leptons
# m_e = 0.0005109989461
# m_m = 0.10565837
# m_t = 1.77686
# quarks
# m_d = 0.05
# m_u = 0.05
# m_s = 0.2
# m_c = 1.51
# m_b = 4.92
# m_t = 173
# Ecms (default) = 2022

# channel_id = 13
# process  = nu_e nu_m~ -> e- m+
-0.99	4.33177231478031e-06
-0.97	3.97802673823366e-05
-0.95	0.000112775336972841
-0.93	0.000225636959532313
-0.91	0.000380830911485946
-0.89	0.000580979072761477
-0.87	0.00082887056112929
-0.85	0.00112747377084942
-0.83	0.00147994939884049
-0.81	0.00188966455019145
-0.79	0.00236020802443498
-0.77	0.00289540689471768
-0.75	0.00349934450398133
-0.73	0.00417638001567648
-0.71	0.00493116967155148
-0.69	0.0057686899259146
-0.67	0.00669426264469866
-0.65	0.0077135825789532
-0.63	0.00883274734637349
-0.61	0.0100582901815257
-0.59	0.0113972157459779
-0.57	0.0128570393240985
-0.55	0.0144458297694203
-0.53	0.0161722566108627
-0.51	0.0180456417785373
-0.49	0.0200760164662597
-0.47	0.0222741837132897
-0.45	0.0246517873625047
-0.429999999999999	0.0272213881375958
-0.409999999999999	0.0299965476797022
-0.389999999999999	0.0329919214961618
-0.369999999999999	0.0362233619031251
-0.349999999999999	0.0397080321924642
-0.329999999999999	0.0434645334250049
-0.309999999999999	0.0475130454505695
-0.289999999999999	0.0518754839852933
-0.269999999999999	0.0565756758437706
-0.249999999999999	0.0616395547344362
-0.229999999999999	0.0670953803892083
-0.209999999999999	0.0729739842223954
-0.189999999999999	0.079309045210786
-0.169999999999999	0.0861374002706837
-0.149999999999999	0.0934993940953836
-0.129999999999999	0.101439274228835
-0.109999999999999	0.11000563811317
-0.0899999999999994	0.119251939990188
-0.0699999999999994	0.129237066897629
-0.0499999999999994	0.140025994626706
-0.0299999999999994	0.1516905364557
-0.00999999999999938	0.164310199816871
0.0100000000000006	0.177973168879985
0.0300000000000006	0.192777434456954
0.0500000000000006	0.208832096788977
0.0700000000000006	0.226258871847358
0.0900000000000006	0.245193837986721
0.110000000000001	0.265789467421085
0.130000000000001	0.288216996415957
0.150000000000001	0.312669199775402
0.170000000000001	0.339363649762748
0.190000000000001	0.368546557822068
0.210000000000001	0.400497320405266
0.230000000000001	0.43553391922651
0.250000000000001	0.474019363177635
0.270000000000001	0.516369406367932
0.290000000000001	0.563061837554767
0.310000000000001	0.614647715014793
0.330000000000001	0.67176502368147
0.350000000000001	0.735155366413259
0.370000000000001	0.80568448003284
0.390000000000001	0.884367605358542
0.410000000000001	0.972401061551842
0.430000000000001	1.0712018111804
0.450000000000001	1.18245740030769
0.470000000000001	1.30818948613563
0.490000000000001	1.4508353245211
0.510000000000001	1.61335323286426
0.530000000000001	1.79936040120782
0.550000000000001	2.01331485212946
0.570000000000001	2.26075840713085
0.590000000000001	2.54864509649407
0.610000000000001	2.88579100449272
0.630000000000001	3.28349948874566
0.650000000000001	3.75644416091358
0.670000000000001	4.3239381318386
0.690000000000001	5.011794651898
0.710000000000001	5.85511515128232
0.730000000000001	6.90257117794406
0.750000000000001	8.22316694842185
0.770000000000001	9.91726597784237
0.790000000000001	12.1352453235712
0.810000000000001	15.1104416914545
0.830000000000001	19.220382184907
0.850000000000001	25.1077894204374
0.870000000000001	33.9384759904944
0.890000000000001	48.0060217708817
0.910000000000001	72.3381818127009
0.930000000000001	119.764973583744
0.950000000000001	231.561650086871
0.970000000000001	607.408297075185
0.990000000000001	3935.53931131772
