# Program settings for SigmaNu
# Electroweak scheme and input parameters
# Scheme = Complex mass scheme
# alpha_GF = 0.00755898078237864
# Pole masses/widths for particles [GeV]
# mw = 80.35797361
# gw = 2.084298894
# mz = 91.15348062
# gz = 2.494266379
# s^2_thetaw (derived) = (0.222868505240788,-0.00110716741475141)
# charged leptons
# m_e = 0.0005109989461
# m_m = 0.10565837
# m_t = 1.77686
# quarks
# m_d = 0.05
# m_u = 0.05
# m_s = 0.2
# m_c = 1.51
# m_b = 4.92
# m_t = 173
# Ecms (default) = 3.22829

# channel_id = 13
# process  = nu_e nu_m~ -> e- m+
-0.99	5.30137354886412e-06
-0.97	4.20964701872836e-05
-0.95	0.000113817520982732
-0.93	0.000220467896875076
-0.91	0.000362050969129472
-0.89	0.000538570109336396
-0.87	0.000750028689411688
-0.85	0.000996430081596577
-0.83	0.00127777765845772
-0.81	0.00159407479288724
-0.79	0.00194532485810275
-0.77	0.0023315312276474
-0.75	0.00275269727538992
-0.73	0.00320882637552462
-0.71	0.00369992190257145
-0.69	0.00422598723137605
-0.67	0.00478702573710976
-0.65	0.00538304079526966
-0.63	0.00601403578167859
-0.61	0.00668001407248524
-0.59	0.00738097904416411
-0.57	0.00811693407351559
-0.55	0.00888788253766601
-0.53	0.00969382781406762
-0.51	0.0105347732804987
-0.49	0.0114107223150635
-0.47	0.0123216782961923
-0.45	0.0132676446026416
-0.429999999999999	0.0142486246134939
-0.409999999999999	0.0152646217081579
-0.389999999999999	0.0163156392663686
-0.369999999999999	0.017401680668187
-0.349999999999999	0.0185227492940006
-0.329999999999999	0.0196788485245231
-0.309999999999999	0.0208699817407944
-0.289999999999999	0.0220961523241811
-0.269999999999999	0.0233573636563759
-0.249999999999999	0.0246536191193982
-0.229999999999999	0.0259849220955935
-0.209999999999999	0.0273512759676342
-0.189999999999999	0.0287526841185191
-0.169999999999999	0.0301891499315736
-0.149999999999999	0.0316606767904496
-0.129999999999999	0.0331672680791257
-0.109999999999999	0.0347089271819074
-0.0899999999999994	0.0362856574834266
-0.0699999999999994	0.0378974623686422
-0.0499999999999994	0.0395443452228397
-0.0299999999999994	0.0412263094316316
-0.00999999999999938	0.0429433583809572
0.0100000000000006	0.0446954954570826
0.0300000000000006	0.046482724046601
0.0500000000000006	0.0483050475364325
0.0700000000000006	0.0501624693138241
0.0900000000000006	0.0520549927663499
0.110000000000001	0.0539826212819112
0.130000000000001	0.0559453582487362
0.150000000000001	0.0579432070553804
0.170000000000001	0.0599761710907264
0.190000000000001	0.0620442537439841
0.210000000000001	0.0641474584046904
0.230000000000001	0.0662857884627099
0.250000000000001	0.0684592473082341
0.270000000000001	0.0706678383317821
0.290000000000001	0.0729115649242003
0.310000000000001	0.0751904304766626
0.330000000000001	0.0775044383806702
0.350000000000001	0.079853592028052
0.370000000000001	0.0822378948109643
0.390000000000001	0.0846573501218909
0.410000000000001	0.0871119613536435
0.430000000000001	0.089601731899361
0.450000000000001	0.0921266651525102
0.470000000000001	0.0946867645068857
0.490000000000001	0.0972820333566097
0.510000000000001	0.0999124750961322
0.530000000000001	0.102578093120231
0.550000000000001	0.105278890824012
0.570000000000001	0.108014871602908
0.590000000000001	0.110786038852682
0.610000000000001	0.113592395969421
0.630000000000001	0.116433946349545
0.650000000000001	0.119310693389797
0.670000000000001	0.122222640487253
0.690000000000001	0.125169791039313
0.710000000000001	0.128152148443706
0.730000000000001	0.131169716098492
0.750000000000001	0.134222497402055
0.770000000000001	0.13731049575311
0.790000000000001	0.1404337145507
0.810000000000001	0.143592157194195
0.830000000000001	0.146785827083296
0.850000000000001	0.150014727618028
0.870000000000001	0.153278862198749
0.890000000000001	0.156578234226142
0.910000000000001	0.159912847101221
0.930000000000001	0.163282704225327
0.950000000000001	0.166687809000129
0.970000000000001	0.170128164827628
0.990000000000001	0.173603775110148
