# Program settings for SigmaNu
# Electroweak scheme and input parameters
# Scheme = Complex mass scheme
# alpha_GF = 0.00755898078237864
# Pole masses/widths for particles [GeV]
# mw = 80.35797361
# gw = 2.084298894
# mz = 91.15348062
# gz = 2.494266379
# s^2_thetaw (derived) = (0.222868505240788,-0.00110716741475141)
# charged leptons
# m_e = 0.0005109989461
# m_m = 0.10565837
# m_t = 1.77686
# quarks
# m_d = 0.05
# m_u = 0.05
# m_s = 0.2
# m_c = 1.51
# m_b = 4.92
# m_t = 173
# Ecms (default) = 1.24917

# channel_id = 13
# process  = nu_e nu_m~ -> e- m+
-0.99	1.57085484255652e-06
-0.97	8.57332917057678e-06
-0.95	2.07236353653202e-05
-0.93	3.80218474638304e-05
-0.91	6.04680395042155e-05
-0.89	8.80622855256474e-05
-0.87	0.000120804659568364
-0.85	0.000158695235673667
-0.83	0.000201734087883923
-0.81	0.000249921290242562
-0.79	0.000303256916794083
-0.77	0.000361741041584042
-0.75	0.000425373738659069
-0.73	0.000494155082066849
-0.71	0.000568085145856141
-0.69	0.000647164004076763
-0.67	0.000731391730779601
-0.65	0.000820768400016599
-0.63	0.000915294085840775
-0.61	0.00101496886230621
-0.59	0.00111979280346804
-0.57	0.00122976598338248
-0.55	0.0013448884761068
-0.53	0.00146516035569935
-0.51	0.00159058169621951
-0.49	0.00172115257172777
-0.47	0.00185687305628565
-0.45	0.00199774322395575
-0.429999999999999	0.00214376314880174
-0.409999999999999	0.00229493290488834
-0.389999999999999	0.00245125256628135
-0.369999999999999	0.00261272220704762
-0.349999999999999	0.00277934190125508
-0.329999999999999	0.00295111172297272
-0.309999999999999	0.00312803174627058
-0.289999999999999	0.00331010204521979
-0.269999999999999	0.00349732269389254
-0.249999999999999	0.00368969376636206
-0.229999999999999	0.00388721533670268
-0.209999999999999	0.00408988747898977
-0.189999999999999	0.00429771026729978
-0.169999999999999	0.00451068377571021
-0.149999999999999	0.00472880807829965
-0.129999999999999	0.00495208324914772
-0.109999999999999	0.00518050936233514
-0.0899999999999994	0.00541408649194368
-0.0699999999999994	0.00565281471205618
-0.0499999999999994	0.00589669409675652
-0.0299999999999994	0.00614572472012969
-0.00999999999999938	0.0063999066562617
0.0100000000000006	0.00665923997923967
0.0300000000000006	0.00692372476315174
0.0500000000000006	0.00719336108208716
0.0700000000000006	0.00746814901013621
0.0900000000000006	0.00774808862139025
0.110000000000001	0.0080331799899417
0.130000000000001	0.00832342318988406
0.150000000000001	0.00861881829531188
0.170000000000001	0.00891936538032078
0.190000000000001	0.00922506451900745
0.210000000000001	0.00953591578546964
0.230000000000001	0.00985191925380615
0.250000000000001	0.0101730749981169
0.270000000000001	0.0104993830925028
0.290000000000001	0.0108308436110659
0.310000000000001	0.0111674566279092
0.330000000000001	0.011509222217137
0.350000000000001	0.0118561404528544
0.370000000000001	0.0122082114091676
0.390000000000001	0.0125654351601841
0.410000000000001	0.0129278117800123
0.430000000000001	0.0132953413427615
0.450000000000001	0.0136680239225424
0.470000000000001	0.0140458595934666
0.490000000000001	0.0144288484296467
0.510000000000001	0.0148169905051965
0.530000000000001	0.0152102858942307
0.550000000000001	0.0156087346708653
0.570000000000001	0.0160123369092172
0.590000000000001	0.0164210926834043
0.610000000000001	0.0168350020675458
0.630000000000001	0.0172540651357617
0.650000000000001	0.0176782819621733
0.670000000000001	0.0181076526209029
0.690000000000001	0.0185421771860737
0.710000000000001	0.0189818557318101
0.730000000000001	0.0194266883322377
0.750000000000001	0.019876675061483
0.770000000000001	0.0203318159936734
0.790000000000001	0.0207921112029378
0.810000000000001	0.0212575607634058
0.830000000000001	0.0217281647492082
0.850000000000001	0.0222039232344769
0.870000000000001	0.0226848362933448
0.890000000000001	0.0231709039999459
0.910000000000001	0.0236621264284152
0.930000000000001	0.0241585036528889
0.950000000000001	0.0246600357475041
0.970000000000001	0.0251667227863992
0.990000000000001	0.0256785648437133
