# Program settings for SigmaNu
# Electroweak scheme and input parameters
# Scheme = Complex mass scheme
# alpha_GF = 0.00755898078237864
# Pole masses/widths for particles [GeV]
# mw = 80.35797361
# gw = 2.084298894
# mz = 91.15348062
# gz = 2.494266379
# s^2_thetaw (derived) = (0.222868505240788,-0.00110716741475141)
# charged leptons
# m_e = 0.0005109989461
# m_m = 0.10565837
# m_t = 1.77686
# quarks
# m_d = 0.05
# m_u = 0.05
# m_s = 0.2
# m_c = 1.51
# m_b = 4.92
# m_t = 173
# Ecms (default) = 2736.87

# channel_id = 13
# process  = nu_e nu_m~ -> e- m+
-0.99	2.367799401243e-06
-0.97	2.17446988065784e-05
-0.95	6.16462009986084e-05
-0.93	0.000123341445886023
-0.91	0.000208179391872754
-0.89	0.000317594462009609
-0.87	0.000453112644584499
-0.85	0.000616358089574555
-0.83	0.00080906024662566
-0.81	0.00103306159495124
-0.79	0.00129032602081374
-0.77	0.00158294790413872
-0.75	0.00191316198239213
-0.73	0.00228335406721682
-0.71	0.00269607269757821
-0.69	0.00315404182243019
-0.67	0.00366017461631637
-0.65	0.00421758854302564
-0.63	0.00482962179560389
-0.61	0.00549985125589348
-0.59	0.00623211213356726
-0.57	0.00703051946362182
-0.55	0.00789949166281419
-0.53	0.00884377636994106
-0.51	0.00986847882259899
-0.49	0.010979093054633
-0.47	0.012181536234465
-0.45	0.0134821865055783
-0.429999999999999	0.0148879247374228
-0.409999999999999	0.0164061806488437
-0.389999999999999	0.0180449838279232
-0.369999999999999	0.0198130202431822
-0.349999999999999	0.0217196949229451
-0.329999999999999	0.0237752015741627
-0.309999999999999	0.0259906000212834
-0.289999999999999	0.0283779024724402
-0.269999999999999	0.0309501697673568
-0.249999999999999	0.0337216189326571
-0.229999999999999	0.0367077435700905
-0.209999999999999	0.0399254488368738
-0.189999999999999	0.043393203051286
-0.169999999999999	0.0471312082785675
-0.149999999999999	0.0511615926314468
-0.129999999999999	0.0555086274676423
-0.109999999999999	0.0601989731973781
-0.0899999999999994	0.0652619580443574
-0.0699999999999994	0.0707298948546552
-0.0499999999999994	0.0766384419454577
-0.0299999999999994	0.0830270150613696
-0.00999999999999938	0.0899392587998147
0.0100000000000006	0.0974235874282781
0.0300000000000006	0.105533806906678
0.0500000000000006	0.114329832225836
0.0700000000000006	0.123878516976064
0.0900000000000006	0.13425461549302
0.110000000000001	0.14554190215
0.130000000000001	0.157834477580323
0.150000000000001	0.171238298082479
0.170000000000001	0.185872972523329
0.190000000000001	0.201873881152636
0.210000000000001	0.219394683453609
0.230000000000001	0.238610298240784
0.250000000000001	0.259720459688586
0.270000000000001	0.282953979179611
0.290000000000001	0.308573876613961
0.310000000000001	0.336883588575083
0.330000000000001	0.368234517855273
0.350000000000001	0.403035263918322
0.370000000000001	0.441762973322648
0.390000000000001	0.48497738191973
0.410000000000001	0.533338299477675
0.430000000000001	0.587627530410169
0.450000000000001	0.64877655775218
0.470000000000001	0.717901779778347
0.490000000000001	0.796349736506032
0.510000000000001	0.885755681980824
0.530000000000001	0.988120177400902
0.550000000000001	1.10591030022041
0.570000000000001	1.24219490025226
0.590000000000001	1.40082758903089
0.610000000000001	1.58669764432139
0.630000000000001	1.80607911470828
0.650000000000001	2.06712444861103
0.670000000000001	2.38057501661937
0.690000000000001	2.76080425377437
0.710000000000001	3.22738335493079
0.730000000000001	3.80749045440404
0.750000000000001	4.53972368045377
0.770000000000001	5.48033387389831
0.790000000000001	6.71379902427301
0.810000000000001	8.3715633176384
0.830000000000001	10.6670043437283
0.850000000000001	13.9648750240045
0.870000000000001	18.9302085386194
0.890000000000001	26.880196784108
0.910000000000001	40.7288579244001
0.930000000000001	68.0121609271994
0.950000000000001	133.501158081277
0.970000000000001	362.204855659448
0.990000000000001	2706.06935584514
