# Program settings for SigmaNu
# Electroweak scheme and input parameters
# Scheme = Complex mass scheme
# alpha_GF = 0.00755898078237864
# Pole masses/widths for particles [GeV]
# mw = 80.35797361
# gw = 2.084298894
# mz = 91.15348062
# gz = 2.494266379
# s^2_thetaw (derived) = (0.222868505240788,-0.00110716741475141)
# charged leptons
# m_e = 0.0005109989461
# m_m = 0.10565837
# m_t = 1.77686
# quarks
# m_d = 0.05
# m_u = 0.05
# m_s = 0.2
# m_c = 1.51
# m_b = 4.92
# m_t = 173
# Ecms (default) = 1.53555

# channel_id = 13
# process  = nu_e nu_m~ -> e- m+
-0.99	1.910883125434e-06
-0.97	1.16079305422752e-05
-0.95	2.91388839509689e-05
-0.93	5.45039139963446e-05
-0.91	8.77031913269465e-05
-0.89	0.000128736886595038
-0.87	0.000177605170456595
-0.85	0.000234308213571314
-0.83	0.000298846186602606
-0.81	0.000371219260217599
-0.79	0.000451427605087137
-0.77	0.000539471391885784
-0.75	0.000635350791291817
-0.73	0.000739065973987234
-0.71	0.000850617110657747
-0.69	0.000970004371992788
-0.67	0.00109722792868551
-0.65	0.00123228795143276
-0.63	0.00137518461093514
-0.61	0.00152591807789695
-0.59	0.0016844885230262
-0.57	0.00185089611703463
-0.55	0.0020251410306377
-0.53	0.00220722343455457
-0.51	0.00239714349950814
-0.49	0.00259490139622502
-0.47	0.00280049729543553
-0.45	0.00301393136787372
-0.429999999999999	0.00323520378427735
-0.409999999999999	0.00346431471538791
-0.389999999999999	0.00370126433195059
-0.369999999999999	0.00394605280471433
-0.349999999999999	0.00419868030443174
-0.329999999999999	0.0044591470018592
-0.309999999999999	0.00472745306775678
-0.289999999999999	0.00500359867288828
-0.269999999999999	0.0052875839880212
-0.249999999999999	0.00557940918392679
-0.229999999999999	0.00587907443138
-0.209999999999999	0.0061865799011595
-0.189999999999999	0.00650192576404769
-0.169999999999999	0.00682511219083067
-0.149999999999999	0.00715613935229828
-0.129999999999999	0.00749500741924407
-0.109999999999999	0.00784171656246532
-0.0899999999999994	0.00819626695276301
-0.0699999999999994	0.00855865876094186
-0.0499999999999994	0.0089288921578103
-0.0299999999999994	0.00930696731418047
-0.00999999999999938	0.00969288440086827
0.0100000000000006	0.0100866435886933
0.0300000000000006	0.0104882450484788
0.0500000000000006	0.0108976889510519
0.0700000000000006	0.0113149754672433
0.0900000000000006	0.0117401047678874
0.110000000000001	0.0121730770238226
0.130000000000001	0.0126138924058907
0.150000000000001	0.0130625510849373
0.170000000000001	0.0135190532318118
0.190000000000001	0.0139833990173673
0.210000000000001	0.0144555886124606
0.230000000000001	0.0149356221879522
0.250000000000001	0.0154234999147063
0.270000000000001	0.015919221963591
0.290000000000001	0.0164227885054778
0.310000000000001	0.0169341997112424
0.330000000000001	0.0174534557517636
0.350000000000001	0.0179805567979245
0.370000000000001	0.0185155030206116
0.390000000000001	0.0190582945907151
0.410000000000001	0.0196089316791292
0.430000000000001	0.0201674144567515
0.450000000000001	0.0207337430944835
0.470000000000001	0.0213079177632305
0.490000000000001	0.0218899386339012
0.510000000000001	0.0224798058774085
0.530000000000001	0.0230775196646685
0.550000000000001	0.0236830801666014
0.570000000000001	0.024296487554131
0.590000000000001	0.0249177419981849
0.610000000000001	0.0255468436696942
0.630000000000001	0.0261837927395939
0.650000000000001	0.0268285893788228
0.670000000000001	0.0274812337583232
0.690000000000001	0.0281417260490413
0.710000000000001	0.028810066421927
0.730000000000001	0.0294862550479339
0.750000000000001	0.0301702920980192
0.770000000000001	0.030862177743144
0.790000000000001	0.0315619121542731
0.810000000000001	0.0322694955023749
0.830000000000001	0.0329849279584217
0.850000000000001	0.0337082096933894
0.870000000000001	0.0344393408782577
0.890000000000001	0.0351783216840099
0.910000000000001	0.0359251522816331
0.930000000000001	0.0366798328421182
0.950000000000001	0.0374423635364598
0.970000000000001	0.038212744535656
0.990000000000001	0.038990976010709
