# Program settings for SigmaNu
# Electroweak scheme and input parameters
# Scheme = Complex mass scheme
# alpha_GF = 0.00755898078237864
# Pole masses/widths for particles [GeV]
# mw = 80.35797361
# gw = 2.084298894
# mz = 91.15348062
# gz = 2.494266379
# s^2_thetaw (derived) = (0.222868505240788,-0.00110716741475141)
# charged leptons
# m_e = 0.0005109989461
# m_m = 0.10565837
# m_t = 1.77686
# quarks
# m_d = 0.05
# m_u = 0.05
# m_s = 0.2
# m_c = 1.51
# m_b = 4.92
# m_t = 173
# Ecms (default) = 1198.64

# channel_id = 13
# process  = nu_e nu_m~ -> e- m+
-0.99	1.22550146630575e-05
-0.97	0.000112535603114828
-0.95	0.000319014275562533
-0.93	0.000638233292260509
-0.91	0.00107714480706172
-0.89	0.00164313975088757
-0.87	0.00234407903089791
-0.85	0.003188327255615
-0.83	0.00418478921770135
-0.81	0.00534294938997697
-0.79	0.00667291471688932
-0.77	0.00818546101337204
-0.75	0.00989208331624106
-0.73	0.011805050570433
-0.71	0.0139374650740123
-0.69	0.0163033271525481
-0.67	0.0189176055858759
-0.65	0.0217963143691911
-0.63	0.0249565964567648
-0.61	0.0284168152113727
-0.59	0.0321966543669631
-0.57	0.0363172274075525
-0.55	0.0408011973734113
-0.53	0.0456729082281453
-0.51	0.0509585290594276
-0.49	0.0566862125444123
-0.47	0.0628862692911427
-0.45	0.069591359873003
-0.429999999999999	0.0768367066083913
-0.409999999999999	0.0846603274070214
-0.389999999999999	0.0931032943130572
-0.369999999999999	0.102210019730128
-0.349999999999999	0.112028573721792
-0.329999999999999	0.122611036252223
-0.309999999999999	0.134013888776556
-0.289999999999999	0.146298450221055
-0.269999999999999	0.159531363125368
-0.249999999999999	0.173785136570599
-0.229999999999999	0.189138753509515
-0.209999999999999	0.20567835127498
-0.189999999999999	0.223497985400966
-0.169999999999999	0.24270048848527
-0.149999999999999	0.263398437700077
-0.129999999999999	0.285715246771739
-0.109999999999999	0.309786400872336
-0.0899999999999994	0.33576085597608
-0.0699999999999994	0.363802627935242
-0.0499999999999994	0.394092600948642
-0.0299999999999994	0.42683059038603
-0.00999999999999938	0.462237701286238
0.0100000000000006	0.500559031505485
0.0300000000000006	0.542066777754101
0.0500000000000006	0.587063814001193
0.0700000000000006	0.635887825421499
0.0900000000000006	0.688916097807022
0.110000000000001	0.746571082931964
0.130000000000001	0.80932688571957
0.150000000000001	0.877716850468746
0.170000000000001	0.952342462478173
0.190000000000001	1.03388383026253
0.210000000000001	1.12311207494126
0.230000000000001	1.2209040309129
0.250000000000001	1.32825976039282
0.270000000000001	1.44632351016158
0.290000000000001	1.57640890049
0.310000000000001	1.72002934521682
0.330000000000001	1.87893497406513
0.350000000000001	2.05515768505032
0.370000000000001	2.25106642608724
0.390000000000001	2.46943543230444
0.410000000000001	2.71352898784945
0.430000000000001	2.98720742175492
0.450000000000001	3.29506060712276
0.470000000000001	3.64257738674947
0.490000000000001	4.03636235467743
0.510000000000001	4.48441566767136
0.530000000000001	4.99649762711587
0.550000000000001	5.58460855741149
0.570000000000001	6.26362741236836
0.590000000000001	7.05217179171798
0.610000000000001	7.97377124793909
0.630000000000001	9.05849086012183
0.650000000000001	10.3452130984037
0.670000000000001	11.8849003958892
0.690000000000001	13.7453495078396
0.710000000000001	16.0182682870074
0.730000000000001	18.8300630635301
0.750000000000001	22.3587306753281
0.770000000000001	26.861133640604
0.790000000000001	32.7186230046995
0.810000000000001	40.5165512393588
0.830000000000001	51.1897284350506
0.850000000000001	66.3044147210369
0.870000000000001	88.6452000686816
0.890000000000001	123.549908047508
0.910000000000001	182.3159209152
0.930000000000001	292.355851870896
0.950000000000001	535.124250853474
0.970000000000001	1250.16444158256
0.990000000000001	5377.3880175253
