# Program settings for SigmaNu
# Electroweak scheme and input parameters
# Scheme = Complex mass scheme
# alpha_GF = 0.00755898078237864
# Pole masses/widths for particles [GeV]
# mw = 80.35797361
# gw = 2.084298894
# mz = 91.15348062
# gz = 2.494266379
# s^2_thetaw (derived) = (0.222868505240788,-0.00110716741475141)
# charged leptons
# m_e = 0.0005109989461
# m_m = 0.10565837
# m_t = 1.77686
# quarks
# m_d = 0.05
# m_u = 0.05
# m_s = 0.2
# m_c = 1.51
# m_b = 4.92
# m_t = 173
# Ecms (default) = 0.961783

# channel_id = 13
# process  = nu_e nu_m~ -> e- m+
-0.99	1.29431973373649e-06
-0.97	6.13818347287403e-06
-0.95	1.39891758475279e-05
-0.93	2.4847322371443e-05
-0.91	3.87126485585807e-05
-0.89	5.55851799231188e-05
-0.87	7.54649419794515e-05
-0.85	9.83519602421894e-05
-0.83	0.00012424626022616
-0.81	0.000153147867446406
-0.79	0.000185056807418187
-0.77	0.000219973105656981
-0.75	0.00025789678767848
-0.73	0.000298827878998593
-0.71	0.000342766405133445
-0.69	0.00038971239159938
-0.67	0.000439665863912955
-0.65	0.000492626847590946
-0.63	0.000548595368150343
-0.61	0.000607571451108356
-0.59	0.000669555121982408
-0.57	0.000734546406290141
-0.55	0.000802545329549409
-0.53	0.000873551917278291
-0.51	0.000947566194995073
-0.49	0.00102458818821826
-0.47	0.00110461792246658
-0.45	0.00118765542325898
-0.429999999999999	0.00127370071611459
-0.409999999999999	0.00136275382655281
-0.389999999999999	0.00145481478009322
-0.369999999999999	0.00154988360225562
-0.349999999999999	0.00164796031856004
-0.329999999999999	0.00174904495452671
-0.309999999999999	0.00185313753567609
-0.289999999999999	0.00196023808752886
-0.269999999999999	0.00207034663560589
-0.249999999999999	0.00218346320542829
-0.229999999999999	0.00229958782251739
-0.209999999999999	0.00241872051239472
-0.189999999999999	0.00254086130058203
-0.169999999999999	0.0026660102126013
-0.149999999999999	0.00279416727397472
-0.129999999999999	0.00292533251022468
-0.109999999999999	0.0030595059468738
-0.0899999999999994	0.00319668760944493
-0.0699999999999994	0.00333687752346111
-0.0499999999999994	0.00348007571444562
-0.0299999999999994	0.00362628220792194
-0.00999999999999938	0.00377549702941377
0.0100000000000006	0.00392772020444503
0.0300000000000006	0.00408295175853986
0.0500000000000006	0.00424119171722261
0.0700000000000006	0.00440244010601785
0.0900000000000006	0.00456669695045036
0.110000000000001	0.00473396227604515
0.130000000000001	0.00490423610832742
0.150000000000001	0.00507751847282263
0.170000000000001	0.00525380939505641
0.190000000000001	0.00543310890055464
0.210000000000001	0.0056154170148434
0.230000000000001	0.00580073376344899
0.250000000000001	0.00598905917189793
0.270000000000001	0.00618039326571695
0.290000000000001	0.006374736070433
0.310000000000001	0.00657208761157326
0.330000000000001	0.00677244791466509
0.350000000000001	0.00697581700523611
0.370000000000001	0.00718219490881413
0.390000000000001	0.00739158165092718
0.410000000000001	0.00760397725710351
0.430000000000001	0.0078193817528716
0.450000000000001	0.00803779516376011
0.470000000000001	0.00825921751529795
0.490000000000001	0.00848364883301424
0.510000000000001	0.00871108914243831
0.530000000000001	0.0089415384690997
0.550000000000001	0.0091749968385282
0.570000000000001	0.00941146427625377
0.590000000000001	0.00965094080780661
0.610000000000001	0.00989342645871714
0.630000000000001	0.010138921254516
0.650000000000001	0.010387425220734
0.670000000000001	0.0106389383829023
0.690000000000001	0.0108934607665521
0.710000000000001	0.0111509923972149
0.730000000000001	0.0114115333004224
0.750000000000001	0.0116750835017066
0.770000000000001	0.0119416430265996
0.790000000000001	0.0122112119006337
0.810000000000001	0.0124837901493417
0.830000000000001	0.0127593777982561
0.850000000000001	0.0130379748729102
0.870000000000001	0.013319581398837
0.890000000000001	0.0136041974015701
0.910000000000001	0.0138918229066431
0.930000000000001	0.0141824579395899
0.950000000000001	0.0144761025259446
0.970000000000001	0.0147727566912415
0.990000000000001	0.0150724204610151
