# Program settings for SigmaNu
# Electroweak scheme and input parameters
# Scheme = Complex mass scheme
# alpha_GF = 0.00755898078237864
# Pole masses/widths for particles [GeV]
# mw = 80.35797361
# gw = 2.084298894
# mz = 91.15348062
# gz = 2.494266379
# s^2_thetaw (derived) = (0.222868505240788,-0.00110716741475141)
# charged leptons
# m_e = 0.0005109989461
# m_m = 0.10565837
# m_t = 1.77686
# quarks
# m_d = 0.05
# m_u = 0.05
# m_s = 0.2
# m_c = 1.51
# m_b = 4.92
# m_t = 173
# Ecms (default) = 1493.85

# channel_id = 13
# process  = nu_e nu_m~ -> e- m+
-0.99	7.91533776566274e-06
-0.97	7.26875117201014e-05
-0.95	0.000206060324383072
-0.93	0.000412266832523058
-0.91	0.000695805751664301
-0.89	0.00106146020766849
-0.87	0.00151431799428102
-0.85	0.00205979347361245
-0.83	0.0027036512705223
-0.81	0.00345203192746166
-0.79	0.00431147970371581
-0.77	0.00528897272239483
-0.75	0.00639195569021132
-0.73	0.00762837543935537
-0.71	0.00900671956796945
-0.69	0.0105360584862274
-0.67	0.0122260912092803
-0.65	0.0140871952768581
-0.63	0.0161304812226995
-0.61	0.0183678520659035
-0.59	0.0208120683515345
-0.57	0.023476819330279
-0.55	0.0263768009376856
-0.53	0.0295278013137457
-0.51	0.0329467946946954
-0.49	0.0366520446125824
-0.47	0.0406632174562704
-0.45	0.0450015075823708
-0.429999999999999	0.0496897753187398
-0.409999999999999	0.054752699379711
-0.389999999999999	0.0602169454147869
-0.369999999999999	0.066111352645328
-0.349999999999999	0.0724671408119002
-0.329999999999999	0.0793181399643111
-0.309999999999999	0.0867010459840554
-0.289999999999999	0.0946557051432805
-0.269999999999999	0.103225431485506
-0.249999999999999	0.112457361373112
-0.229999999999999	0.122402850199437
-0.209999999999999	0.133117917026336
-0.189999999999999	0.144663743802078
-0.169999999999999	0.157107236864519
-0.149999999999999	0.17052165967094
-0.129999999999999	0.184987347155803
-0.109999999999999	0.200592513845831
-0.0899999999999994	0.217434169913568
-0.0699999999999994	0.23561916179331
-0.0499999999999994	0.255265356900575
-0.0299999999999994	0.276502995490928
-0.00999999999999938	0.299476236893977
0.0100000000000006	0.324344932422899
0.0300000000000006	0.351286663388239
0.0500000000000006	0.380499090087237
0.0700000000000006	0.412202666712344
0.0900000000000006	0.44664378822511
0.110000000000001	0.484098448883867
0.130000000000001	0.524876508947786
0.150000000000001	0.569326686944516
0.170000000000001	0.617842420868453
0.190000000000001	0.670868774181689
0.210000000000001	0.72891060336422
0.230000000000001	0.792542255430619
0.250000000000001	0.862419129510539
0.270000000000001	0.939291520563751
0.290000000000001	1.02402127131747
0.310000000000001	1.11760189835123
0.330000000000001	1.22118304051101
0.350000000000001	1.33610031707184
0.370000000000001	1.46391199946894
0.390000000000001	1.60644432220441
0.410000000000001	1.76584782556452
0.430000000000001	1.94466789190059
0.450000000000001	2.14593369041324
0.470000000000001	2.37327120221777
0.490000000000001	2.63104803454586
0.510000000000001	2.92456061446943
0.530000000000001	3.26027847942488
0.550000000000001	3.64616637163486
0.570000000000001	4.09211366314466
0.590000000000001	4.61051382813073
0.610000000000001	5.21705674095168
0.630000000000001	5.93182765889317
0.650000000000001	6.78085587834349
0.670000000000001	7.79833544998679
0.690000000000001	9.02987181902244
0.710000000000001	10.5373319656325
0.730000000000001	12.4062679451282
0.750000000000001	14.757595563334
0.770000000000001	17.766552250382
0.790000000000001	21.6946035640549
0.810000000000001	26.9454536454919
0.830000000000001	34.1683907363116
0.850000000000001	44.4607334860841
0.870000000000001	59.7946143568111
0.890000000000001	84.003764189798
0.910000000000001	125.356705294108
0.930000000000001	204.464480500031
0.950000000000001	385.206257202749
0.970000000000001	955.35574425129
0.990000000000001	5008.99011452462
