# Program settings for SigmaNu
# Electroweak scheme and input parameters
# Scheme = Complex mass scheme
# alpha_GF = 0.00755898078237864
# Pole masses/widths for particles [GeV]
# mw = 80.35797361
# gw = 2.084298894
# mz = 91.15348062
# gz = 2.494266379
# s^2_thetaw (derived) = (0.222868505240788,-0.00110716741475141)
# charged leptons
# m_e = 0.0005109989461
# m_m = 0.10565837
# m_t = 1.77686
# quarks
# m_d = 0.05
# m_u = 0.05
# m_s = 0.2
# m_c = 1.51
# m_b = 4.92
# m_t = 173
# Ecms (default) = 6423.49

# channel_id = 13
# process  = nu_e nu_m~ -> e- m+
-0.99	4.30453914309774e-07
-0.97	3.9531333898656e-06
-0.95	1.12072943743663e-05
-0.93	2.24238412201025e-05
-0.91	3.78482110201913e-05
-0.89	5.77414023869295e-05
-0.87	8.23810870955902e-05
-0.85	0.000112062812152863
-0.83	0.000147101300623878
-0.81	0.000187831860414982
-0.79	0.000234611911172352
-0.77	0.00028782264053179
-0.75	0.000347870802157297
-0.73	0.0004151906693517
-0.71	0.000490246159530781
-0.69	0.000573533146544687
-0.67	0.000665581979731808
-0.65	0.000766960230729441
-0.63	0.00087827569147523
-0.61	0.00100017964955172
-0.59	0.00113337047009693
-0.57	0.00127859751697749
-0.55	0.00143666544985629
-0.53	0.00160843893825123
-0.51	0.00179484783875598
-0.49	0.00199689288736793
-0.47	0.00221565196545191
-0.45	0.00245228700538575
-0.429999999999999	0.00270805161053207
-0.409999999999999	0.00298429947403393
-0.389999999999999	0.00328249369224178
-0.369999999999999	0.00360421708158695
-0.349999999999999	0.00395118362270402
-0.329999999999999	0.00432525117290784
-0.309999999999999	0.00472843560814707
-0.289999999999999	0.00516292657876003
-0.269999999999999	0.00563110509031392
-0.249999999999999	0.00613556315219162
-0.229999999999999	0.00667912577321082
-0.209999999999999	0.00726487562639272
-0.189999999999999	0.0078961807552157
-0.169999999999999	0.00857672575271431
-0.149999999999999	0.00931054691433768
-0.129999999999999	0.0101020719476598
-0.109999999999999	0.0109561649193955
-0.0899999999999994	0.011878177235853
-0.0699999999999994	0.0128740055907941
-0.0499999999999994	0.0139501579794275
-0.0299999999999994	0.0151138290747962
-0.00999999999999938	0.0163729865004445
0.0100000000000006	0.0177364698200565
0.0300000000000006	0.0192141044121555
0.0500000000000006	0.0208168328202696
0.0700000000000006	0.0225568666843238
0.0900000000000006	0.0244478629903857
0.110000000000001	0.0265051291525811
0.130000000000001	0.0287458624005533
0.150000000000001	0.0311894301366295
0.170000000000001	0.0338576994115139
0.190000000000001	0.0367754255274122
0.210000000000001	0.0399707121198538
0.230000000000001	0.0434755580349503
0.250000000000001	0.0473265100942442
0.270000000000001	0.0515654456741757
0.290000000000001	0.0562405152571774
0.310000000000001	0.0614072831913295
0.330000000000001	0.067130115446625
0.350000000000001	0.0734838770337692
0.370000000000001	0.0805560201446811
0.390000000000001	0.0884491686490601
0.410000000000001	0.0972843376982369
0.430000000000001	0.107204972221918
0.450000000000001	0.118382049938447
0.470000000000001	0.131020580281237
0.490000000000001	0.145367950963405
0.510000000000001	0.161724744664198
0.530000000000001	0.180458893755358
0.550000000000001	0.202024398580567
0.570000000000001	0.226986363522215
0.590000000000001	0.256054899362517
0.610000000000001	0.290131654444865
0.630000000000001	0.330374627969825
0.650000000000001	0.378289925178508
0.670000000000001	0.435864004148385
0.690000000000001	0.505758119672753
0.710000000000001	0.591600657168114
0.730000000000001	0.698437799382091
0.750000000000001	0.833448329515901
0.770000000000001	1.00711489977607
0.790000000000001	1.23521687984161
0.810000000000001	1.54237377111273
0.830000000000001	1.96868382414186
0.850000000000001	2.58297237697298
0.870000000000001	3.511374217535
0.890000000000001	5.00540939245064
0.910000000000001	7.62668098469309
0.930000000000001	12.8473258818615
0.950000000000001	25.6140447058736
0.970000000000001	72.0184796410769
0.990000000000001	634.899747810762
