# Program settings for SigmaNu
# Electroweak scheme and input parameters
# Scheme = Complex mass scheme
# alpha_GF = 0.00755898078237864
# Pole masses/widths for particles [GeV]
# mw = 80.35797361
# gw = 2.084298894
# mz = 91.15348062
# gz = 2.494266379
# s^2_thetaw (derived) = (0.222868505240788,-0.00110716741475141)
# charged leptons
# m_e = 0.0005109989461
# m_m = 0.10565837
# m_t = 1.77686
# quarks
# m_d = 0.05
# m_u = 0.05
# m_s = 0.2
# m_c = 1.51
# m_b = 4.92
# m_t = 173
# Ecms (default) = 0.67251

# channel_id = 13
# process  = nu_e nu_m~ -> e- m+
-0.99	1.0721707270669e-06
-0.97	4.2774314398617e-06
-0.95	8.89754578941258e-06
-0.93	1.49325195703578e-05
-0.91	2.23823585773591e-05
-0.89	3.12470686051025e-05
-0.87	4.1526655448297e-05
-0.85	5.32211249016758e-05
-0.83	6.63304827599959e-05
-0.81	8.08547348180377e-05
-0.79	9.67938868706054e-05
-0.77	0.000114147944712527
-0.75	0.000132916914138655
-0.73	0.000153100800943864
-0.71	0.000174699610923053
-0.69	0.000197713349871146
-0.67	0.000222142023583089
-0.65	0.000247985637853853
-0.63	0.00027524419847843
-0.61	0.00030391771125184
-0.59	0.000334006181969125
-0.57	0.000365509616425348
-0.55	0.0003984280204156
-0.53	0.000432761399734993
-0.51	0.000468509760178664
-0.49	0.000505673107541772
-0.47	0.000544251447619502
-0.45	0.000584244786207061
-0.429999999999999	0.000625653129099682
-0.409999999999999	0.000668476482092618
-0.389999999999999	0.000712714850981149
-0.369999999999999	0.000758368241560577
-0.349999999999999	0.00080543665962623
-0.329999999999999	0.000853920110973456
-0.309999999999999	0.000903818601397629
-0.289999999999999	0.000955132136694147
-0.269999999999999	0.00100786072265843
-0.249999999999999	0.00106200436508593
-0.229999999999999	0.00111756306977211
-0.209999999999999	0.00117453684251245
-0.189999999999999	0.00123292568910249
-0.169999999999999	0.00129272961533776
-0.149999999999999	0.00135394862701381
-0.129999999999999	0.00141658272992625
-0.109999999999999	0.00148063192987068
-0.0899999999999994	0.00154609623264273
-0.0699999999999994	0.00161297564403807
-0.0499999999999994	0.00168127016985238
-0.0299999999999994	0.00175097981588135
-0.00999999999999938	0.00182210458792073
0.0100000000000006	0.00189464449176627
0.0300000000000006	0.00196859953321373
0.0500000000000006	0.00204396971805894
0.0700000000000006	0.00212075505209769
0.0900000000000006	0.00219895554112586
0.110000000000001	0.00227857119093931
0.130000000000001	0.00235960200733393
0.150000000000001	0.00244204799610564
0.170000000000001	0.00252590916305039
0.190000000000001	0.00261118551396415
0.210000000000001	0.0026978770546429
0.230000000000001	0.00278598379088267
0.250000000000001	0.00287550572847948
0.270000000000001	0.0029664428732294
0.290000000000001	0.00305879523092852
0.310000000000001	0.00315256280737295
0.330000000000001	0.00324774560835881
0.350000000000001	0.00334434363968227
0.370000000000001	0.00344235690713951
0.390000000000001	0.00354178541652673
0.410000000000001	0.00364262917364015
0.430000000000001	0.00374488818427604
0.450000000000001	0.00384856245423067
0.470000000000001	0.00395365198930033
0.490000000000001	0.00406015679528135
0.510000000000001	0.00416807687797007
0.530000000000001	0.00427741224316288
0.550000000000001	0.00438816289665615
0.570000000000001	0.00450032884424631
0.590000000000001	0.00461391009172981
0.610000000000001	0.0047289066449031
0.630000000000001	0.00484531850956267
0.650000000000001	0.00496314569150504
0.670000000000001	0.00508238819652675
0.690000000000001	0.00520304603042436
0.710000000000001	0.00532511919899444
0.730000000000001	0.00544860770803361
0.750000000000001	0.0055735115633385
0.770000000000001	0.00569983077070576
0.790000000000001	0.00582756533593209
0.810000000000001	0.00595671526481416
0.830000000000001	0.00608728056314872
0.850000000000001	0.00621926123673251
0.870000000000001	0.00635265729136231
0.890000000000001	0.00648746873283492
0.910000000000001	0.00662369556694715
0.930000000000001	0.00676133779949585
0.950000000000001	0.0069003954362779
0.970000000000001	0.00704086848309018
0.990000000000001	0.00718275694572961
