# Program settings for SigmaNu
# Electroweak scheme and input parameters
# Scheme = Complex mass scheme
# alpha_GF = 0.00755898078237864
# Pole masses/widths for particles [GeV]
# mw = 80.35797361
# gw = 2.084298894
# mz = 91.15348062
# gz = 2.494266379
# s^2_thetaw (derived) = (0.222868505240788,-0.00110716741475141)
# charged leptons
# m_e = 0.0005109989461
# m_m = 0.10565837
# m_t = 1.77686
# quarks
# m_d = 0.05
# m_u = 0.05
# m_s = 0.2
# m_c = 1.51
# m_b = 4.92
# m_t = 173
# Ecms (default) = 47.2399

# channel_id = 13
# process  = nu_e nu_m~ -> e- m+
-0.99	0.000521569175990644
-0.97	0.00471520570068044
-0.95	0.0131638127778158
-0.93	0.0259334451680833
-0.91	0.0430911873611865
-0.89	0.0647051714637435
-0.87	0.0908445954376987
-0.85	0.12157974169695
-0.83	0.156981996070108
-0.81	0.197123867137459
-0.79	0.242079005950459
-0.77	0.291922226142226
-0.75	0.346729524437759
-0.73	0.406578101572808
-0.71	0.47154638363054
-0.69	0.541714043805375
-0.67	0.617162024603613
-0.65	0.697972560490686
-0.63	0.784229200995164
-0.61	0.876016834279834
-0.59	0.973421711190495
-0.57	1.07653146979334
-0.55	1.18543516041209
-0.53	1.30022327117634
-0.51	1.42098775409282
-0.49	1.54782205165163
-0.47	1.68082112397982
-0.45	1.82008147655494
-0.429999999999999	1.96570118849157
-0.409999999999999	2.11777994141417
-0.389999999999999	2.27641904892986
-0.369999999999999	2.44172148671531
-0.349999999999999	2.6137919232319
-0.329999999999999	2.79273675108422
-0.309999999999999	2.97866411903674
-0.289999999999999	3.17168396470447
-0.269999999999999	3.37190804793353
-0.249999999999999	3.57944998488781
-0.229999999999999	3.79442528285887
-0.209999999999999	4.01695137581612
-0.189999999999999	4.24714766071505
-0.169999999999999	4.48513553458182
-0.149999999999999	4.73103843239278
-0.129999999999999	4.98498186576815
-0.109999999999999	5.24709346249968
-0.0899999999999994	5.51750300693235
-0.0699999999999994	5.79634248122106
-0.0499999999999994	6.08374610748359
-0.0299999999999994	6.37985039087177
-0.00999999999999938	6.68479416358352
0.0100000000000006	6.99871862983875
0.0300000000000006	7.32176741184297
0.0500000000000006	7.65408659676318
0.0700000000000006	7.99582478474099
0.0900000000000006	8.34713313796893
0.110000000000001	8.70816543085646
0.130000000000001	9.07907810131283
0.150000000000001	9.46003030317513
0.170000000000001	9.85118395981004
0.190000000000001	10.2527038189192
0.210000000000001	10.6647575085782
0.230000000000001	11.0875155945416
0.250000000000001	11.5211516388446
0.270000000000001	11.9658422597361
0.290000000000001	12.4217671929764
0.310000000000001	12.889109354534
0.330000000000001	13.3680549047198
0.350000000000001	13.8587933137931
0.370000000000001	14.361517429079
0.390000000000001	14.8764235436371
0.410000000000001	15.4037114665205
0.430000000000001	15.9435845946671
0.450000000000001	16.4962499864675
0.470000000000001	17.0619184370509
0.490000000000001	17.6408045553373
0.510000000000001	18.2331268429
0.530000000000001	18.839107774689
0.550000000000001	19.4589738816629
0.570000000000001	20.0929558353813
0.590000000000001	20.7412885346098
0.610000000000001	21.4042111939925
0.630000000000001	22.0819674348461
0.650000000000001	22.7748053781354
0.670000000000001	23.4829777396864
0.690000000000001	24.2067419277014
0.710000000000001	24.946360142635
0.730000000000001	25.7020994794997
0.750000000000001	26.4742320326645
0.770000000000001	27.2630350032172
0.790000000000001	28.0687908089608
0.810000000000001	28.8917871971164
0.830000000000001	29.7323173598092
0.850000000000001	30.590680052414
0.870000000000001	31.467179714841
0.890000000000001	32.3621265958447
0.910000000000001	33.2758368804402
0.930000000000001	34.2086328205159
0.950000000000001	35.1608428687326
0.970000000000001	36.1328018158026
0.990000000000001	37.1248509312454
