# Program settings for SigmaNu
# Electroweak scheme and input parameters
# Scheme = Complex mass scheme
# alpha_GF = 0.00755898078237864
# Pole masses/widths for particles [GeV]
# mw = 80.35797361
# gw = 2.084298894
# mz = 91.15348062
# gz = 2.494266379
# s^2_thetaw (derived) = (0.222868505240788,-0.00110716741475141)
# charged leptons
# m_e = 0.0005109989461
# m_m = 0.10565837
# m_t = 1.77686
# quarks
# m_d = 0.05
# m_u = 0.05
# m_s = 0.2
# m_c = 1.51
# m_b = 4.92
# m_t = 173
# Ecms (default) = 10835.8

# channel_id = 13
# process  = nu_e nu_m~ -> e- m+
-0.99	1.51298766984365e-07
-0.97	1.38947617931423e-06
-0.95	3.9392299765926e-06
-0.93	7.88172910434067e-06
-0.91	1.33032516923381e-05
-0.89	2.02955467747456e-05
-0.87	2.89562251490281e-05
-0.85	3.93891820320863e-05
-0.83	5.17050544444974e-05
-0.81	6.60217165573833e-05
-0.79	8.24648165750983e-05
-0.77	0.000101168359105145
-0.75	0.000122275337389589
-0.73	0.00014593842024557
-0.71	0.00017232069909301
-0.69	0.000201596501042878
-0.67	0.000233952274688209
-0.65	0.000269587555992515
-0.63	0.000308716022517891
-0.61	0.000351566645191294
-0.59	0.000398384947887672
-0.57	0.000449434386330542
-0.55	0.000504997859194988
-0.53	0.000565379365868786
-0.51	0.000630905827112311
-0.49	0.000701929086889413
-0.47	0.000778828115957488
-0.45	0.000862011440449678
-0.429999999999999	0.000951919821707269
-0.409999999999999	0.00104902921708687
-0.389999999999999	0.00115385405544626
-0.369999999999999	0.00126695086558928
-0.349999999999999	0.00138892230122342
-0.329999999999999	0.00152042161207192
-0.309999999999999	0.00166215761782525
-0.289999999999999	0.00181490024978127
-0.269999999999999	0.00197948673450866
-0.249999999999999	0.00215682850491103
-0.229999999999999	0.00234791893695605
-0.209999999999999	0.0025538420254063
-0.189999999999999	0.00277578212956121
-0.169999999999999	0.00301503494079121
-0.149999999999999	0.00327301984812317
-0.129999999999999	0.00355129390705807
-0.109999999999999	0.00385156765106793
-0.0899999999999994	0.00417572302593239
-0.0699999999999994	0.00452583377559143
-0.0499999999999994	0.00490418866618008
-0.0299999999999994	0.00531331800444327
-0.00999999999999938	0.00575602399037237
0.0100000000000006	0.00623541554486688
0.0300000000000006	0.0067549483755177
0.0500000000000006	0.00731847119228293
0.0700000000000006	0.00793027916626012
0.0900000000000006	0.00859517594704613
0.110000000000001	0.00931854582763685
0.130000000000001	0.0101064379836812
0.150000000000001	0.0109656651332036
0.170000000000001	0.0119039194857089
0.190000000000001	0.0129299095046195
0.210000000000001	0.0140535218319093
0.230000000000001	0.0152860137682168
0.250000000000001	0.016640243031463
0.270000000000001	0.0181309432200156
0.290000000000001	0.019775055600988
0.310000000000001	0.0215921306906679
0.330000000000001	0.0236048168112915
0.350000000000001	0.0258394576980091
0.370000000000001	0.0283268277109431
0.390000000000001	0.0311030418673125
0.410000000000001	0.0342106895797087
0.430000000000001	0.0377002568592439
0.450000000000001	0.0416319235386112
0.470000000000001	0.0460778523108158
0.490000000000001	0.0511251288004027
0.510000000000001	0.0568795720969754
0.530000000000001	0.0634707217360818
0.550000000000001	0.0710584332405943
0.570000000000001	0.0798417008509694
0.590000000000001	0.0900706063130768
0.610000000000001	0.10206272100148
0.630000000000001	0.116225956046039
0.650000000000001	0.133090916513351
0.670000000000001	0.153357542465182
0.690000000000001	0.177963700486175
0.710000000000001	0.208188331404096
0.730000000000001	0.245810507611632
0.750000000000001	0.293361792026834
0.770000000000001	0.354539897544151
0.790000000000001	0.434912796172143
0.810000000000001	0.543171279576503
0.830000000000001	0.693477007155176
0.850000000000001	0.910151705813797
0.870000000000001	1.23780275731438
0.890000000000001	1.76546729866083
0.910000000000001	2.69221885413997
0.930000000000001	4.54092478469978
0.950000000000001	9.07423609359025
0.970000000000001	25.6507857947827
0.990000000000001	232.163493113064
