# Program settings for SigmaNu
# Electroweak scheme and input parameters
# Scheme = Complex mass scheme
# alpha_GF = 0.00755898078237864
# Pole masses/widths for particles [GeV]
# mw = 80.35797361
# gw = 2.084298894
# mz = 91.15348062
# gz = 2.494266379
# s^2_thetaw (derived) = (0.222868505240788,-0.00110716741475141)
# charged leptons
# m_e = 0.0005109989461
# m_m = 0.10565837
# m_t = 1.77686
# quarks
# m_d = 0.05
# m_u = 0.05
# m_s = 0.2
# m_c = 1.51
# m_b = 4.92
# m_t = 173
# Ecms (default) = 0.214627

# channel_id = 13
# process  = nu_e nu_m~ -> e- m+
-0.99	5.49796470717723e-07
-0.97	1.69792570649114e-06
-0.95	2.91361545008518e-06
-0.93	4.19686572339384e-06
-0.91	5.54767654831108e-06
-0.89	6.9660479467309e-06
-0.87	8.45197994054728e-06
-0.85	1.00054725516543e-05
-0.83	1.16265258019459e-05
-0.81	1.33151397133161e-05
-0.79	1.5071314307659e-05
-0.77	1.68950496068686e-05
-0.75	1.8786345632839e-05
-0.73	2.07452024074641e-05
-0.71	2.27716199526381e-05
-0.69	2.4865598290255e-05
-0.67	2.70271374422089e-05
-0.65	2.92562374303939e-05
-0.63	3.15528982767041e-05
-0.61	3.39171200030335e-05
-0.59	3.63489026312762e-05
-0.57	3.88482461833264e-05
-0.55	4.14151506810783e-05
-0.53	4.40496161464258e-05
-0.51	4.67516426012633e-05
-0.49	4.95212300674846e-05
-0.47	5.23583785669841e-05
-0.45	5.52630881216558e-05
-0.429999999999999	5.8235358753394e-05
-0.409999999999999	6.12751904840928e-05
-0.389999999999999	6.43825833356463e-05
-0.369999999999999	6.75575373299487e-05
-0.349999999999999	7.08000524888944e-05
-0.329999999999999	7.41101288343773e-05
-0.309999999999999	7.74877663882918e-05
-0.289999999999999	8.0932965172532e-05
-0.269999999999999	8.44457252089921e-05
-0.249999999999999	8.80260465195665e-05
-0.229999999999999	9.16739291261492e-05
-0.209999999999999	9.53893730506345e-05
-0.189999999999999	9.91723783149168e-05
-0.169999999999999	0.00010302294494089
-0.149999999999999	0.000106941072950449
-0.129999999999999	0.000110926762365487
-0.109999999999999	0.0001149800132079
-0.0899999999999994	0.00011910082549958
-0.0699999999999994	0.000123289199262423
-0.0499999999999994	0.000127545134518323
-0.0299999999999994	0.000131868631289174
-0.00999999999999938	0.000136259689596871
0.0100000000000006	0.000140718309463307
0.0300000000000006	0.000145244490910377
0.0500000000000006	0.000149838233959975
0.0700000000000006	0.000154499538633996
0.0900000000000006	0.000159228404954334
0.110000000000001	0.000164024832942884
0.130000000000001	0.000168888822621539
0.150000000000001	0.000173820374012195
0.170000000000001	0.000178819487136745
0.190000000000001	0.000183886162017083
0.210000000000001	0.000189020398675105
0.230000000000001	0.000194222197132705
0.250000000000001	0.000199491557411777
0.270000000000001	0.000204828479534215
0.290000000000001	0.000210232963521914
0.310000000000001	0.000215705009396768
0.330000000000001	0.000221244617180672
0.350000000000001	0.00022685178689552
0.370000000000001	0.000232526518563207
0.390000000000001	0.000238268812205626
0.410000000000001	0.000244078667844674
0.430000000000001	0.000249956085502243
0.450000000000001	0.000255901065200228
0.470000000000001	0.000261913606960525
0.490000000000001	0.000267993710805027
0.510000000000001	0.000274141376755628
0.530000000000001	0.000280356604834225
0.550000000000001	0.00028663939506271
0.570000000000001	0.000292989747462978
0.590000000000001	0.000299407662056924
0.610000000000001	0.000305893138866443
0.630000000000001	0.000312446177913429
0.650000000000001	0.000319066779219776
0.670000000000001	0.000325754942807379
0.690000000000001	0.000332510668698133
0.710000000000001	0.000339333956913932
0.730000000000001	0.000346224807476671
0.750000000000001	0.000353183220408244
0.770000000000001	0.000360209195730546
0.790000000000001	0.000367302733465472
0.810000000000001	0.000374463833634916
0.830000000000001	0.000381692496260772
0.850000000000001	0.000388988721364936
0.870000000000001	0.000396352508969302
0.890000000000001	0.000403783859095764
0.910000000000001	0.000411282771766217
0.930000000000001	0.000418849247002557
0.950000000000001	0.000426483284826677
0.970000000000001	0.000434184885260472
0.990000000000001	0.000441954048325836
