# Program settings for SigmaNu
# Electroweak scheme and input parameters
# Scheme = Complex mass scheme
# alpha_GF = 0.00755898078237864
# Pole masses/widths for particles [GeV]
# mw = 80.35797361
# gw = 2.084298894
# mz = 91.15348062
# gz = 2.494266379
# s^2_thetaw (derived) = (0.222868505240788,-0.00110716741475141)
# charged leptons
# m_e = 0.0005109989461
# m_m = 0.10565837
# m_t = 1.77686
# quarks
# m_d = 0.05
# m_u = 0.05
# m_s = 0.2
# m_c = 1.51
# m_b = 4.92
# m_t = 173
# Ecms (default) = 26871

# channel_id = 13
# process  = nu_e nu_m~ -> e- m+
-0.99	2.46053692189971e-08
-0.97	2.25967518345293e-07
-0.95	6.40629102388157e-07
-0.93	1.28179111619088e-06
-0.91	2.16348553218222e-06
-0.89	3.30063413482077e-06
-0.87	4.70911209475318e-06
-0.85	6.40581671512455e-06
-0.83	8.40874182680677e-06
-0.81	1.07370583587028e-05
-0.79	1.34112016643787e-05
-0.77	1.64529662478055e-05
-0.75	1.98856085997789e-05
-0.73	2.37339589335938e-05
-0.71	2.80245426948453e-05
-0.69	3.27857128170726e-05
-0.67	3.80477938037677e-05
-0.65	4.38432388396835e-05
-0.63	5.02068012722746e-05
-0.61	5.71757219596686e-05
-0.59	6.47899341572924e-05
-0.57	7.30922878140775e-05
-0.55	8.21287953743887e-05
-0.53	9.19489014373674e-05
-0.51	0.000102605778915774
-0.49	0.000114156654666939
-0.47	0.000126663167945233
-0.45	0.000140191765455749
-0.429999999999999	0.000154814137281084
-0.409999999999999	0.000170607698517085
-0.389999999999999	0.000187656122100884
-0.369999999999999	0.000206049929059112
-0.349999999999999	0.00022588714326221
-0.329999999999999	0.000247274018761284
-0.309999999999999	0.00027032584892991
-0.289999999999999	0.000295167867961741
-0.269999999999999	0.000321936256818064
-0.249999999999999	0.000350779267516298
-0.229999999999999	0.000381858481747238
-0.209999999999999	0.00041535022226141
-0.189999999999999	0.000451447138340465
-0.169999999999999	0.000490359990049552
-0.149999999999999	0.000532319659949638
-0.129999999999999	0.000577579425654989
-0.109999999999999	0.000626417532196949
-0.0899999999999994	0.000679140109780356
-0.0699999999999994	0.000736084490413834
-0.0499999999999994	0.000797622986331976
-0.0299999999999994	0.000864167204442601
-0.00999999999999938	0.000936172984644184
0.0100000000000006	0.00101414606628888
0.0300000000000006	0.00109864860696885
0.0500000000000006	0.00119030670199939
0.0700000000000006	0.0012898190825003
0.0900000000000006	0.00139796720615406
0.110000000000001	0.00151562699922628
0.130000000000001	0.00164378256342338
0.150000000000001	0.00178354222940739
0.170000000000001	0.00193615742388142
0.190000000000001	0.00210304492377717
0.210000000000001	0.00228581320534936
0.230000000000001	0.00248629376598709
0.250000000000001	0.00270657851300853
0.270000000000001	0.00294906459092933
0.290000000000001	0.00321650837594468
0.310000000000001	0.00351209082974347
0.330000000000001	0.00383949700993536
0.350000000000001	0.004203013330429
0.370000000000001	0.00460764722028769
0.390000000000001	0.00505927523959891
0.410000000000001	0.00556482761123177
0.430000000000001	0.00613251971191391
0.450000000000001	0.00677214461534132
0.470000000000001	0.00749544570463082
0.490000000000001	0.00831659527991369
0.510000000000001	0.00925281489341098
0.530000000000001	0.0103251872419497
0.550000000000001	0.0115597299912191
0.570000000000001	0.0129888322887058
0.590000000000001	0.0146532003758382
0.610000000000001	0.0166045285072773
0.630000000000001	0.0189092201278859
0.650000000000001	0.0216536572139518
0.670000000000001	0.0249517970993017
0.690000000000001	0.0289563456470784
0.710000000000001	0.033875561261286
0.730000000000001	0.0399991704395006
0.750000000000001	0.047739490929392
0.770000000000001	0.0576988504781007
0.790000000000001	0.0707843649599549
0.810000000000001	0.0884121656690107
0.830000000000001	0.112890344649579
0.850000000000001	0.148183967105751
0.870000000000001	0.201567660380832
0.890000000000001	0.287568200204504
0.910000000000001	0.438685174005624
0.930000000000001	0.74035577864028
0.950000000000001	1.48102502727648
0.970000000000001	4.19677881155408
0.990000000000001	38.4501289661709
