# Program settings for SigmaNu
# Electroweak scheme and input parameters
# Scheme = Complex mass scheme
# alpha_GF = 0.00755898078237864
# Pole masses/widths for particles [GeV]
# mw = 80.35797361
# gw = 2.084298894
# mz = 91.15348062
# gz = 2.494266379
# s^2_thetaw (derived) = (0.222868505240788,-0.00110716741475141)
# charged leptons
# m_e = 0.0005109989461
# m_m = 0.10565837
# m_t = 1.77686
# quarks
# m_d = 0.05
# m_u = 0.05
# m_s = 0.2
# m_c = 1.51
# m_b = 4.92
# m_t = 173
# Ecms (default) = 9706.3

# channel_id = 13
# process  = nu_e nu_m~ -> e- m+
-0.99	1.88555023922213e-07
-0.97	1.73162442913075e-06
-0.95	4.90923488500742e-06
-0.93	9.82254109406961e-06
-0.91	1.65790648573065e-05
-0.89	2.52931458456528e-05
-0.87	3.60864286833708e-05
-0.85	4.90883896561265e-05
-0.83	6.44369066960991e-05
-0.81	8.22788766748153e-05
-0.79	0.000102770884456431
-0.77	0.000126079928635489
-0.75	0.000152384209410118
-0.73	0.000181873984631463
-0.71	0.000214752500731213
-0.69	0.000251237005970852
-0.67	0.000291559854289702
-0.65	0.000335969708966472
-0.63	0.000384732856365293
-0.61	0.000438134641228733
-0.59	0.00049648103632632
-0.57	0.000560100360789753
-0.55	0.000629345163191042
-0.53	0.000704594287377127
-0.51	0.000786255141298704
-0.49	0.000874766191602535
-0.47	0.000970599709642454
-0.45	0.00107426479785984
-0.429999999999999	0.00118631072925393
-0.409999999999999	0.00130733063698186
-0.389999999999999	0.00143796559608695
-0.369999999999999	0.00157890914505616
-0.349999999999999	0.00173091230147896
-0.329999999999999	0.00189478913366566
-0.309999999999999	0.00207142295885963
-0.289999999999999	0.00226177324885128
-0.269999999999999	0.00246688333562059
-0.249999999999999	0.00268788902339534
-0.229999999999999	0.00292602822956962
-0.209999999999999	0.00318265179570832
-0.189999999999999	0.003459235631884
-0.169999999999999	0.00375739438347508
-0.149999999999999	0.00407889684005463
-0.129999999999999	0.00442568334203657
-0.109999999999999	0.00479988548344217
-0.0899999999999994	0.00520384845988001
-0.0699999999999994	0.0056401564712836
-0.0499999999999994	0.00611166166120701
-0.0299999999999994	0.00662151716111509
-0.00999999999999938	0.00717321491232617
0.0100000000000006	0.00777062906406099
0.0300000000000006	0.00841806589842857
0.0500000000000006	0.00912032141842416
0.0700000000000006	0.00988274796107555
0.0900000000000006	0.0107113314748364
0.110000000000001	0.0116127814410467
0.130000000000001	0.01259463584024
0.150000000000001	0.0136653840865026
0.170000000000001	0.0148346115044625
0.190000000000001	0.016113169739617
0.210000000000001	0.0175133785204801
0.230000000000001	0.0190492654922836
0.250000000000001	0.0207368524986952
0.270000000000001	0.0225944988097799
0.290000000000001	0.0246433145285767
0.310000000000001	0.0269076609549066
0.330000000000001	0.0294157593161486
0.350000000000001	0.0322004353664292
0.370000000000001	0.035300035429971
0.390000000000001	0.0387595602531922
0.410000000000001	0.0426320775700371
0.430000000000001	0.0469804940589045
0.450000000000001	0.0518797945227049
0.470000000000001	0.0574198937959573
0.490000000000001	0.0637092997280682
0.510000000000001	0.0708798605998555
0.530000000000001	0.0790929781512591
0.550000000000001	0.0885478245113841
0.570000000000001	0.0994923336525846
0.590000000000001	0.112238087060525
0.610000000000001	0.12718074693003
0.630000000000001	0.144828521461852
0.650000000000001	0.165842468799445
0.670000000000001	0.191094596785402
0.690000000000001	0.221753303500563
0.710000000000001	0.259411858356446
0.730000000000001	0.306286517174265
0.750000000000001	0.365530836884168
0.770000000000001	0.441750866595507
0.790000000000001	0.541882030137379
0.810000000000001	0.676748937063745
0.830000000000001	0.863989174909113
0.850000000000001	1.13389175331287
0.870000000000001	1.54200281135644
0.890000000000001	2.19917888831901
0.910000000000001	3.35323373263251
0.930000000000001	5.65487893665436
0.950000000000001	11.2967935899698
0.970000000000001	31.9105381155245
0.990000000000001	287.795672764352
