# Program settings for SigmaNu
# Electroweak scheme and input parameters
# Scheme = Complex mass scheme
# alpha_GF = 0.00755898078237864
# Pole masses/widths for particles [GeV]
# mw = 80.35797361
# gw = 2.084298894
# mz = 91.15348062
# gz = 2.494266379
# s^2_thetaw (derived) = (0.222868505240788,-0.00110716741475141)
# charged leptons
# m_e = 0.0005109989461
# m_m = 0.10565837
# m_t = 1.77686
# quarks
# m_d = 0.05
# m_u = 0.05
# m_s = 0.2
# m_c = 1.51
# m_b = 4.92
# m_t = 173
# Ecms (default) = 57275.5

# channel_id = 13
# process  = nu_e nu_m~ -> e- m+
-0.99	5.41584034729952e-09
-0.97	4.97372816596005e-08
-0.95	1.41007676574291e-07
-0.93	2.82132693153297e-07
-0.91	4.76200907090157e-07
-0.89	7.26496751937287e-07
-0.87	1.03651451261382e-06
-0.85	1.40997345738073e-06
-0.83	1.85083421322725e-06
-0.81	2.36331650048468e-06
-0.79	2.95191835461108e-06
-0.77	3.62143697663369e-06
-0.75	4.37699136887802e-06
-0.73	5.22404692956237e-06
-0.71	6.16844219883287e-06
-0.69	7.21641797013081e-06
-0.67	8.3746490047345e-06
-0.65	9.65027861426304e-06
-0.63	1.10509564062845e-05
-0.61	1.25848795224125e-05
-0.59	1.42608377369575e-05
-0.57	1.60882628279587e-05
-0.55	1.8077282681997e-05
-0.53	2.02387806504423e-05
-0.51	2.25844607387104e-05
-0.49	2.51269192828569e-05
-0.47	2.78797238507833e-05
-0.45	3.08575002000411e-05
-0.429999999999999	3.4076028232562e-05
-0.409999999999999	3.75523480107915e-05
-0.389999999999999	4.13048770422178e-05
-0.369999999999999	4.53535402031898e-05
-0.349999999999999	4.97199138617845e-05
-0.329999999999999	5.44273859775276e-05
-0.309999999999999	5.95013342080231e-05
-0.289999999999999	6.49693243449701e-05
-0.269999999999999	7.08613317417629e-05
-0.249999999999999	7.72099887904027e-05
-0.229999999999999	8.4050861967011e-05
-0.209999999999999	9.14227625051026e-05
-0.189999999999999	9.93680953887715e-05
-0.169999999999999	0.000107933252101964
-0.149999999999999	0.000117169053446795
-0.129999999999999	0.000127131249779827
-0.109999999999999	0.000137881087242664
-0.0899999999999994	0.000149485950021587
-0.0699999999999994	0.000162020090408865
-0.0499999999999994	0.000175565460515693
-0.0299999999999994	0.000190212661977499
-0.00999999999999938	0.000206062032988759
0.0100000000000006	0.000223224895621307
0.0300000000000006	0.000241824990761195
0.0500000000000006	0.000262000133325482
0.0700000000000006	0.000283904126920352
0.0900000000000006	0.000307708985065761
0.110000000000001	0.000333607515909312
0.130000000000001	0.000361816339457074
0.150000000000001	0.000392579421372302
0.170000000000001	0.000426172226125023
0.190000000000001	0.000462906615746127
0.210000000000001	0.00050313664999811
0.230000000000001	0.000547265481199337
0.250000000000001	0.000595753584589279
0.270000000000001	0.000649128626150221
0.290000000000001	0.000707997348446405
0.310000000000001	0.000773059957050653
0.330000000000001	0.00084512762335103
0.350000000000001	0.000925143894777648
0.370000000000001	0.00101421103578488
0.390000000000001	0.00111362263333358
0.410000000000001	0.00122490421897404
0.430000000000001	0.00134986422862009
0.450000000000001	0.00149065840248355
0.470000000000001	0.0016498718118027
0.490000000000001	0.00183062421993423
0.510000000000001	0.00203670664435265
0.530000000000001	0.00227276008981256
0.550000000000001	0.00254451194598639
0.570000000000001	0.00285909223202572
0.590000000000001	0.00322546192184706
0.610000000000001	0.00365500095112713
0.630000000000001	0.00416232744900783
0.650000000000001	0.00476645781806987
0.670000000000001	0.0054924792474459
0.690000000000001	0.00637400962847414
0.710000000000001	0.00745689723232365
0.730000000000001	0.00880492654867091
0.750000000000001	0.0105088725815817
0.770000000000001	0.0127013451433158
0.790000000000001	0.0155820614774416
0.810000000000001	0.0194628159075112
0.830000000000001	0.024851805522294
0.850000000000001	0.0326220963788693
0.870000000000001	0.0443755684231224
0.890000000000001	0.0633112482697295
0.910000000000001	0.0965867262315634
0.930000000000001	0.163020947650802
0.950000000000001	0.326162893091744
0.970000000000001	0.924591061926085
0.990000000000001	8.48668324232014
