# Program settings for SigmaNu
# Electroweak scheme and input parameters
# Scheme = Complex mass scheme
# alpha_GF = 0.00755898078237864
# Pole masses/widths for particles [GeV]
# mw = 80.35797361
# gw = 2.084298894
# mz = 91.15348062
# gz = 2.494266379
# s^2_thetaw (derived) = (0.222868505240788,-0.00110716741475141)
# charged leptons
# m_e = 0.0005109989461
# m_m = 0.10565837
# m_t = 1.77686
# quarks
# m_d = 0.05
# m_u = 0.05
# m_s = 0.2
# m_c = 1.51
# m_b = 4.92
# m_t = 173
# Ecms (default) = 138.18

# channel_id = 13
# process  = nu_e nu_m~ -> e- m+
-0.99	0.000518328610002635
-0.97	0.0047353621494597
-0.95	0.0133546617760727
-0.93	0.0265781894404089
-0.91	0.0446172899394045
-0.89	0.0676931796428863
-0.87	0.0960374640979607
-0.85	0.129892686437994
-0.83	0.169512908666895
-0.81	0.21516432804535
-0.79	0.267125930974687
-0.77	0.325690186957286
-0.75	0.391163785411276
-0.73	0.463868418333184
-0.71	0.544141612036674
-0.69	0.632337611450563
-0.67	0.728828320736582
-0.65	0.83400430428934
-0.63	0.948275852509873
-0.61	1.07207411710261
-0.59	1.20585232103681
-0.57	1.35008704874046
-0.55	1.505279622561
-0.53	1.67195757203722
-0.51	1.85067620308481
-0.49	2.0420202748085
-0.47	2.24660579232375
-0.45	2.46508192470477
-0.429999999999999	2.69813305798153
-0.409999999999999	2.94648099399398
-0.389999999999999	3.21088730688459
-0.369999999999999	3.49215587008154
-0.349999999999999	3.79113556780462
-0.329999999999999	4.1087232064258
-0.309999999999999	4.44586664245166
-0.289999999999999	4.80356814547911
-0.269999999999999	5.18288801622761
-0.249999999999999	5.58494848168918
-0.229999999999999	6.01093789158475
-0.209999999999999	6.46211524269524
-0.189999999999999	6.93981506027806
-0.169999999999999	7.44545266871494
-0.149999999999999	7.98052988680183
-0.129999999999999	8.54664118672715
-0.109999999999999	9.14548035983698
-0.0899999999999994	9.7788477368086
-0.0699999999999994	10.4486580149068
-0.0499999999999994	11.1569487506504
-0.0299999999999994	11.9058895825478
-0.00999999999999938	12.6977922556603
0.0100000000000006	13.5351215277243
0.0300000000000006	14.4205070455292
0.0500000000000006	15.3567562903363
0.0700000000000006	16.3468687025051
0.0900000000000006	17.3940511083376
0.110000000000001	18.5017345866727
0.130000000000001	19.6735929292088
0.150000000000001	20.9135628671796
0.170000000000001	22.2258662581863
0.190000000000001	23.6150344510811
0.210000000000001	25.0859350742506
0.230000000000001	26.6438015239741
0.250000000000001	28.2942654653554
0.270000000000001	30.0433926993459
0.290000000000001	31.8977227964539
0.310000000000001	33.8643129518355
0.330000000000001	35.9507865787868
0.350000000000001	38.1653872295651
0.370000000000001	40.5170385156272
0.390000000000001	43.0154107957241
0.410000000000001	45.6709955121875
0.430000000000001	48.4951881859566
0.450000000000001	51.5003812327918
0.470000000000001	54.700067940714
0.490000000000001	58.1089591568507
0.510000000000001	61.7431144764361
0.530000000000001	65.620090014803
0.550000000000001	69.7591051834888
0.570000000000001	74.1812312946076
0.590000000000001	78.9096052963528
0.610000000000001	83.9696725127886
0.630000000000001	89.3894629425445
0.650000000000001	95.1999064879138
0.670000000000001	101.435193468289
0.690000000000001	108.133187957431
0.710000000000001	115.335902919832
0.730000000000001	123.090047866546
0.750000000000001	131.447661880186
0.770000000000001	140.466847467088
0.790000000000001	150.212623903058
0.810000000000001	160.757922702657
0.830000000000001	172.184752760357
0.850000000000001	184.585568844062
0.870000000000001	198.064884804157
0.890000000000001	212.741182536336
0.910000000000001	228.749179985924
0.930000000000001	246.242537077887
0.950000000000001	265.39709843235
0.970000000000001	286.414797468848
0.990000000000001	309.528379896426
