# Program settings for SigmaNu
# Electroweak scheme and input parameters
# Scheme = Complex mass scheme
# alpha_GF = 0.00755898078237864
# Pole masses/widths for particles [GeV]
# mw = 80.35797361
# gw = 2.084298894
# mz = 91.15348062
# gz = 2.494266379
# s^2_thetaw (derived) = (0.222868505240788,-0.00110716741475141)
# charged leptons
# m_e = 0.0005109989461
# m_m = 0.10565837
# m_t = 1.77686
# quarks
# m_d = 0.05
# m_u = 0.05
# m_s = 0.2
# m_c = 1.51
# m_b = 4.92
# m_t = 173
# Ecms (default) = 347.409

# channel_id = 13
# process  = nu_e nu_m~ -> e- m+
-0.99	0.000132567629717619
-0.97	0.00121618173280917
-0.95	0.00344428655500912
-0.93	0.00688400815058915
-0.91	0.0116064734464912
-0.89	0.0176870782804188
-0.87	0.0252057758587039
-0.85	0.0342473873946822
-0.83	0.0449019368587763
-0.81	0.0572650119603454
-0.79	0.0714381536907776
-0.77	0.0875292769897817
-0.75	0.10565312535516
-0.73	0.125931762503715
-0.71	0.148495104510958
-0.69	0.173481496214038
-0.67	0.201038336060515
-0.65	0.231322754030507
-0.63	0.264502347757501
-0.61	0.300755982530639
-0.59	0.340274661486466
-0.57	0.383262473000237
-0.55	0.429937623076135
-0.53	0.480533561424393
-0.51	0.535300210915137
-0.49	0.59450531122958
-0.47	0.658435888807798
-0.45	0.727399866639663
-0.429999999999999	0.801727829086778
-0.409999999999999	0.88177495878687
-0.389999999999999	0.967923164811788
-0.369999999999999	1.06058342366497
-0.349999999999999	1.16019835745948
-0.329999999999999	1.26724507676728
-0.309999999999999	1.38223831923599
-0.289999999999999	1.50573391920606
-0.269999999999999	1.6383326483139
-0.249999999999999	1.78068447253902
-0.229999999999999	1.93349327746574
-0.209999999999999	2.0975221208263
-0.189999999999999	2.27359907984301
-0.169999999999999	2.4626237706958
-0.149999999999999	2.66557462885106
-0.129999999999999	2.88351705228896
-0.109999999999999	3.11761252520953
-0.0899999999999994	3.36912885800316
-0.0699999999999994	3.63945170064816
-0.0499999999999994	3.93009751186235
-0.0299999999999994	4.24272819603624
-0.00999999999999938	4.57916765512574
0.0100000000000006	4.94142054439836
0.0300000000000006	5.33169357057932
0.0500000000000006	5.75241973022036
0.0700000000000006	6.20628595709994
0.0900000000000006	6.69626473274704
0.110000000000001	7.22565031698354
0.130000000000001	7.79810037973396
0.150000000000001	8.41768396631416
0.170000000000001	9.08893691236683
0.190000000000001	9.81692604964463
0.210000000000001	10.6073238202438
0.230000000000001	11.4664952578258
0.250000000000001	12.4015997167524
0.270000000000001	13.42071025578
0.290000000000001	14.5329542404256
0.310000000000001	15.7486795545078
0.330000000000001	17.0796518555333
0.350000000000001	18.53928963524
0.370000000000001	20.1429455418915
0.390000000000001	21.9082446004786
0.410000000000001	23.8554927870975
0.430000000000001	26.0081730872908
0.450000000000001	28.3935509873506
0.470000000000001	31.0434177172759
0.490000000000001	33.9950080499815
0.510000000000001	37.2921408617168
0.530000000000001	40.9866461112733
0.550000000000001	45.1401630398725
0.570000000000001	49.8264236189998
0.590000000000001	55.1341761051748
0.610000000000001	61.1709612681828
0.630000000000001	68.0680364302075
0.650000000000001	75.986862178323
0.670000000000001	85.1277427120053
0.690000000000001	95.7414738455334
0.710000000000001	108.145252299409
0.730000000000001	122.744718180482
0.750000000000001	140.064978430833
0.770000000000001	160.795033584746
0.790000000000001	185.852633030729
0.810000000000001	216.481003991014
0.830000000000001	254.396634014107
0.850000000000001	302.021286032024
0.870000000000001	362.857750242331
0.890000000000001	442.120551129973
0.910000000000001	547.839672692505
0.930000000000001	692.889525724432
0.950000000000001	898.945782340734
0.970000000000001	1204.78070903153
0.990000000000001	1685.30734635679
