# Program settings for SigmaNu
# Electroweak scheme and input parameters
# Scheme = Complex mass scheme
# alpha_GF = 0.00755898078237864
# Pole masses/widths for particles [GeV]
# mw = 80.35797361
# gw = 2.084298894
# mz = 91.15348062
# gz = 2.494266379
# s^2_thetaw (derived) = (0.222868505240788,-0.00110716741475141)
# charged leptons
# m_e = 0.0005109989461
# m_m = 0.10565837
# m_t = 1.77686
# quarks
# m_d = 0.05
# m_u = 0.05
# m_s = 0.2
# m_c = 1.51
# m_b = 4.92
# m_t = 173
# Ecms (default) = 5.91453

# channel_id = 13
# process  = nu_e nu_m~ -> e- m+
-0.99	1.5505400666172e-05
-0.97	0.000133979591965527
-0.95	0.000369103031508796
-0.93	0.000720913399414443
-0.91	0.0011894483879708
-0.89	0.00177474570164041
-0.87	0.00247684305706441
-0.85	0.00329577818306688
-0.83	0.00423158882065929
-0.81	0.00528431272304472
-0.79	0.00645398765562243
-0.77	0.00774065139599204
-0.75	0.00914434173395811
-0.73	0.0106650964715343
-0.71	0.012302953422948
-0.69	0.0140579504146445
-0.67	0.0159301252852915
-0.65	0.0179195158857834
-0.63	0.0200261600792458
-0.61	0.0222500957410399
-0.59	0.0245913607587666
-0.57	0.0270499930322714
-0.55	0.0296260304736484
-0.53	0.0323195110072447
-0.51	0.0351304725696653
-0.49	0.0380589531097768
-0.47	0.0411049905887121
-0.45	0.044268622979875
-0.429999999999999	0.0475498882689444
-0.409999999999999	0.0509488244538787
-0.389999999999999	0.0544654695449204
-0.369999999999999	0.0580998615646001
-0.349999999999999	0.0618520385477416
-0.329999999999999	0.0657220385414655
-0.309999999999999	0.0697098996051941
-0.289999999999999	0.0738156598106561
-0.269999999999999	0.0780393572418902
-0.249999999999999	0.0823810299952502
-0.229999999999999	0.0868407161794093
-0.209999999999999	0.0914184539153643
-0.189999999999999	0.0961142813364402
-0.169999999999999	0.100928236588295
-0.149999999999999	0.105860357828922
-0.129999999999999	0.110910683228659
-0.109999999999999	0.116079250970187
-0.0899999999999994	0.121366099248538
-0.0699999999999994	0.126771266271101
-0.0499999999999994	0.13229479025762
-0.0299999999999994	0.137936709440207
-0.00999999999999938	0.143697062063339
0.0100000000000006	0.149575886383867
0.0300000000000006	0.155573220671018
0.0500000000000006	0.161689103206402
0.0700000000000006	0.167923572284014
0.0900000000000006	0.174276666210239
0.110000000000001	0.180748423303858
0.130000000000001	0.187338881896049
0.150000000000001	0.194048080330397
0.170000000000001	0.200876056962892
0.190000000000001	0.207822850161939
0.210000000000001	0.214888498308358
0.230000000000001	0.222073039795394
0.250000000000001	0.229376513028713
0.270000000000001	0.236798956426417
0.290000000000001	0.244340408419039
0.310000000000001	0.252000907449553
0.330000000000001	0.259780491973377
0.350000000000001	0.267679200458377
0.370000000000001	0.275697071384873
0.390000000000001	0.28383414324564
0.410000000000001	0.292090454545918
0.430000000000001	0.30046604380341
0.450000000000001	0.308960949548293
0.470000000000001	0.317575210323217
0.490000000000001	0.326308864683313
0.510000000000001	0.335161951196197
0.530000000000001	0.344134508441972
0.550000000000001	0.353226575013235
0.570000000000001	0.36243818951508
0.590000000000001	0.371769390565107
0.610000000000001	0.381220216793417
0.630000000000001	0.390790706842628
0.650000000000001	0.400480899367869
0.670000000000001	0.410290833036792
0.690000000000001	0.420220546529575
0.710000000000001	0.430270078538921
0.730000000000001	0.440439467770071
0.750000000000001	0.450728752940802
0.770000000000001	0.461137972781436
0.790000000000001	0.471667166034839
0.810000000000001	0.482316371456433
0.830000000000001	0.493085627814194
0.850000000000001	0.503974973888658
0.870000000000001	0.51498444847293
0.890000000000001	0.52611409037268
0.910000000000001	0.537363938406158
0.930000000000001	0.548734031404189
0.950000000000001	0.560224408210183
0.970000000000001	0.57183510768014
0.990000000000001	0.583566168682648
