# Program settings for SigmaNu
# Electroweak scheme and input parameters
# Scheme = Complex mass scheme
# alpha_GF = 0.00755898078237864
# Pole masses/widths for particles [GeV]
# mw = 80.35797361
# gw = 2.084298894
# mz = 91.15348062
# gz = 2.494266379
# s^2_thetaw (derived) = (0.222868505240788,-0.00110716741475141)
# charged leptons
# m_e = 0.0005109989461
# m_m = 0.10565837
# m_t = 1.77686
# quarks
# m_d = 0.05
# m_u = 0.05
# m_s = 0.2
# m_c = 1.51
# m_b = 4.92
# m_t = 173
# Ecms (default) = 10255.5

# channel_id = 13
# process  = nu_e nu_m~ -> e- m+
-0.99	1.68903281115441e-07
-0.97	1.55114981703071e-06
-0.95	4.39758171626446e-06
-0.93	8.79881176996828e-06
-0.91	1.48511563586941e-05
-0.89	2.26570392524781e-05
-0.87	3.23254279393045e-05
-0.85	4.39723054495744e-05
-0.83	5.77211809483964e-05
-0.81	7.37036427064379e-05
-0.79	9.20599574381546e-05
-0.77	0.000112939720418405
-0.75	0.00013650256126051
-0.73	0.000162918910767197
-0.71	0.000192370834858067
-0.69	0.000225052942241699
-0.67	0.000261173373247173
-0.65	0.000300954878069688
-0.63	0.000344635993631245
-0.61	0.000392472329324722
-0.59	0.000444737973115493
-0.57	0.000501727030838782
-0.55	0.000563755313076302
-0.53	0.000631162185749148
-0.51	0.000704312602556402
-0.49	0.000783599339656759
-0.47	0.000869445455575806
-0.45	0.000962307002273849
-0.429999999999999	0.00106267601668615
-0.409999999999999	0.00117108382591701
-0.389999999999999	0.00128810470371127
-0.369999999999999	0.00141435992093528
-0.349999999999999	0.00155052223868613
-0.329999999999999	0.00169732089944385
-0.309999999999999	0.00185554717954331
-0.289999999999999	0.00202606057535646
-0.269999999999999	0.00220979570616374
-0.249999999999999	0.00240777002902018
-0.229999999999999	0.00262109247530728
-0.209999999999999	0.0028509731354865
-0.189999999999999	0.00309873413829771
-0.169999999999999	0.00336582189383281
-0.149999999999999	0.00365382089723868
-0.129999999999999	0.00396446932208818
-0.109999999999999	0.00429967667070773
-0.0899999999999994	0.004661543794197
-0.0699999999999994	0.00505238564903239
-0.0499999999999994	0.00547475722187771
-0.0299999999999994	0.0059314831318403
-0.00999999999999938	0.00642569151277881
0.0100000000000006	0.00696085289096717
0.0300000000000006	0.00754082490992845
0.0500000000000006	0.00816990392020962
0.0700000000000006	0.00885288465439131
0.0900000000000006	0.00959512945575209
0.110000000000001	0.0104026488342542
0.130000000000001	0.01128219550065
0.150000000000001	0.0122413744975447
0.170000000000001	0.0132887726298104
0.190000000000001	0.0144341111279162
0.210000000000001	0.015688426398523
0.230000000000001	0.017064284882482
0.250000000000001	0.0185760395246595
0.270000000000001	0.0202401372609164
0.290000000000001	0.022075489377136
0.310000000000001	0.0241039197723415
0.330000000000001	0.0263507103070781
0.350000000000001	0.0288452678759704
0.370000000000001	0.0316219450774058
0.390000000000001	0.0347210560194429
0.410000000000001	0.0381901418279805
0.430000000000001	0.042085558139657
0.450000000000001	0.0464744811900168
0.470000000000001	0.0514374628605818
0.490000000000001	0.0570717123962812
0.510000000000001	0.063495349710221
0.530000000000001	0.0708529717989503
0.550000000000001	0.0793230145642812
0.570000000000001	0.0891276005074043
0.590000000000001	0.100545875533927
0.610000000000001	0.11393231624537
0.630000000000001	0.129742233940685
0.650000000000001	0.148567886104005
0.670000000000001	0.171190533280269
0.690000000000001	0.198656994207821
0.710000000000001	0.23239476743896
0.730000000000001	0.274389549790181
0.750000000000001	0.327466880081272
0.770000000000001	0.395753791000942
0.790000000000001	0.485464587919854
0.810000000000001	0.606298651157231
0.830000000000001	0.774060657811594
0.850000000000001	1.01589309545381
0.870000000000001	1.381574418318
0.890000000000001	1.97045715324411
0.910000000000001	3.00465955978663
0.930000000000001	5.06750315668028
0.950000000000001	10.125034596998
0.970000000000001	28.6114449901982
0.990000000000001	258.525392547568
