# Program settings for SigmaNu
# Electroweak scheme and input parameters
# Scheme = Complex mass scheme
# alpha_GF = 0.00755898078237864
# Pole masses/widths for particles [GeV]
# mw = 80.35797361
# gw = 2.084298894
# mz = 91.15348062
# gz = 2.494266379
# s^2_thetaw (derived) = (0.222868505240788,-0.00110716741475141)
# charged leptons
# m_e = 0.0005109989461
# m_m = 0.10565837
# m_t = 1.77686
# quarks
# m_d = 0.05
# m_u = 0.05
# m_s = 0.2
# m_c = 1.51
# m_b = 4.92
# m_t = 173
# Ecms (default) = 0.532238

# channel_id = 13
# process  = nu_e nu_m~ -> e- m+
-0.99	9.74433780529084e-07
-0.97	3.55797270574907e-06
-0.95	6.98820458910029e-06
-0.93	1.12651315698196e-05
-0.91	1.63887557871493e-05
-0.89	2.23590793803368e-05
-0.87	2.91761044886351e-05
-0.85	3.68398332513028e-05
-0.83	4.53502678076034e-05
-0.81	5.47074102968063e-05
-0.79	6.4911262858186e-05
-0.77	7.59618276310224e-05
-0.75	8.78591067546011e-05
-0.73	0.000100603102368213
-0.71	0.000114193816611154
-0.69	0.000128631251622726
-0.67	0.000143915409542236
-0.65	0.000160046292508996
-0.63	0.000177023902662325
-0.61	0.000194848242141544
-0.59	0.000213519313085984
-0.57	0.000233037117634978
-0.55	0.000253401657927866
-0.53	0.000274612936103992
-0.51	0.000296670954302706
-0.49	0.000319575714663365
-0.47	0.000343327219325329
-0.45	0.000367925470427966
-0.429999999999999	0.000393370470110646
-0.409999999999999	0.000419662220512746
-0.389999999999999	0.000446800723773651
-0.369999999999999	0.000474785982032747
-0.349999999999999	0.000503617997429429
-0.329999999999999	0.000533296772103095
-0.309999999999999	0.000563822308193149
-0.289999999999999	0.000595194607839001
-0.269999999999999	0.000627413673180067
-0.249999999999999	0.000660479506355766
-0.229999999999999	0.000694392109505524
-0.209999999999999	0.000729151484768775
-0.189999999999999	0.000764757634284953
-0.169999999999999	0.0008012105601935
-0.149999999999999	0.000838510264633865
-0.129999999999999	0.0008766567497455
-0.109999999999999	0.000915650017667864
-0.0899999999999994	0.00095549007054042
-0.0699999999999994	0.000996176910502638
-0.0499999999999994	0.00103771053969399
-0.0299999999999994	0.00108009096025396
-0.00999999999999938	0.00112331817432203
0.0100000000000006	0.0011673921840377
0.0300000000000006	0.00121231299154045
0.0500000000000006	0.00125808059896979
0.0700000000000006	0.00130469500846523
0.0900000000000006	0.00135215622216628
0.110000000000001	0.00140046424221245
0.130000000000001	0.00144961907074328
0.150000000000001	0.00149962070989828
0.170000000000001	0.001550469161817
0.190000000000001	0.00160216442863897
0.210000000000001	0.00165470651250374
0.230000000000001	0.00170809541555085
0.250000000000001	0.00176233113991987
0.270000000000001	0.00181741368775035
0.290000000000001	0.00187334306118186
0.310000000000001	0.00193011926235397
0.330000000000001	0.00198774229340627
0.350000000000001	0.00204621215647832
0.370000000000001	0.00210552885370973
0.390000000000001	0.00216569238724008
0.410000000000001	0.00222670275920897
0.430000000000001	0.00228855997175601
0.450000000000001	0.0023512640270208
0.470000000000001	0.00241481492714297
0.490000000000001	0.00247921267426213
0.510000000000001	0.0025444572705179
0.530000000000001	0.00261054871804993
0.550000000000001	0.00267748701899784
0.570000000000001	0.00274527217550128
0.590000000000001	0.00281390418969989
0.610000000000001	0.00288338306373334
0.630000000000001	0.00295370879974126
0.650000000000001	0.00302488139986335
0.670000000000001	0.00309690086623924
0.690000000000001	0.00316976720100864
0.710000000000001	0.0032434804063112
0.730000000000001	0.00331804048428663
0.750000000000001	0.00339344743707461
0.770000000000001	0.00346970126681483
0.790000000000001	0.003546801975647
0.810000000000001	0.00362474956571083
0.830000000000001	0.00370354403914602
0.850000000000001	0.0037831853980923
0.870000000000001	0.00386367364468938
0.890000000000001	0.00394500878107701
0.910000000000001	0.0040271908093949
0.930000000000001	0.0041102197317828
0.950000000000001	0.00419409555038045
0.970000000000001	0.00427881826732762
0.990000000000001	0.00436438788476404
