# Program settings for SigmaNu
# Electroweak scheme and input parameters
# Scheme = Complex mass scheme
# alpha_GF = 0.00755898078237864
# Pole masses/widths for particles [GeV]
# mw = 80.35797361
# gw = 2.084298894
# mz = 91.15348062
# gz = 2.494266379
# s^2_thetaw (derived) = (0.222868505240788,-0.00110716741475141)
# charged leptons
# m_e = 0.0005109989461
# m_m = 0.10565837
# m_t = 1.77686
# quarks
# m_d = 0.05
# m_u = 0.05
# m_s = 0.2
# m_c = 1.51
# m_b = 4.92
# m_t = 173
# Ecms (default) = 0.427059

# channel_id = 13
# process  = nu_e nu_m~ -> e- m+
-0.99	8.93351899058008e-07
-0.97	3.06115389511896e-06
-0.95	5.73780617127217e-06
-0.93	8.92330953646925e-06
-0.91	1.2617664799663e-05
-0.89	1.68208727698077e-05
-0.87	2.15329342558588e-05
-0.85	2.6753850066773e-05
-0.83	3.24836210115083e-05
-0.81	3.87222478990241e-05
-0.79	4.5469731538281e-05
-0.77	5.27260727382408e-05
-0.75	6.04912723078666e-05
-0.73	6.87653310561232e-05
-0.71	7.75482497919759e-05
-0.69	8.68400293243921e-05
-0.67	9.664067046234e-05
-0.65	0.000106950174014789
-0.63	0.00011776854079071
-0.61	0.000129095771599076
-0.59	0.000140931867248859
-0.57	0.000153276828549035
-0.55	0.00016613065630858
-0.53	0.00017949335133647
-0.51	0.000193364914441685
-0.49	0.000207745346433204
-0.47	0.000222634648120009
-0.45	0.000238032820311082
-0.429999999999999	0.000253939863815407
-0.409999999999999	0.000270355779441968
-0.389999999999999	0.000287280567999752
-0.369999999999999	0.000304714230297747
-0.349999999999999	0.000322656767144942
-0.329999999999999	0.000341108179350327
-0.309999999999999	0.000360068467722892
-0.289999999999999	0.000379537633071632
-0.269999999999999	0.00039951567620554
-0.249999999999999	0.000420002597933611
-0.229999999999999	0.000440998399064842
-0.209999999999999	0.000462503080408231
-0.189999999999999	0.000484516642772776
-0.169999999999999	0.00050703908696748
-0.149999999999999	0.000530070413801342
-0.129999999999999	0.000553610624083367
-0.109999999999999	0.000577659718622558
-0.0899999999999994	0.000602217698227922
-0.0699999999999994	0.000627284563708464
-0.0499999999999994	0.000652860315873194
-0.0299999999999994	0.00067894495553112
-0.00999999999999938	0.000705538483491254
0.0100000000000006	0.000732640900562607
0.0300000000000006	0.000760252207554194
0.0500000000000006	0.000788372405275027
0.0700000000000006	0.000817001494534124
0.0900000000000006	0.000846139476140501
0.110000000000001	0.000875786350903177
0.130000000000001	0.000905942119631172
0.150000000000001	0.000936606783133507
0.170000000000001	0.000967780342219203
0.190000000000001	0.000999462797697285
0.210000000000001	0.00103165415037678
0.230000000000001	0.00106435440106671
0.250000000000001	0.0010975635505761
0.270000000000001	0.00113128159971399
0.290000000000001	0.0011655085492894
0.310000000000001	0.00120024440011136
0.330000000000001	0.00123548915298891
0.350000000000001	0.00127124280873108
0.370000000000001	0.00130750536814691
0.390000000000001	0.00134427683204543
0.410000000000001	0.00138155720123568
0.430000000000001	0.0014193464765267
0.450000000000001	0.00145764465872753
0.470000000000001	0.00149645174864721
0.490000000000001	0.00153576774709478
0.510000000000001	0.0015755926548793
0.530000000000001	0.00161592647280979
0.550000000000001	0.00165676920169532
0.570000000000001	0.00169812084234493
0.590000000000001	0.00173998139556766
0.610000000000001	0.00178235086217257
0.630000000000001	0.00182522924296871
0.650000000000001	0.00186861653876513
0.670000000000001	0.0019125127503709
0.690000000000001	0.00195691787859506
0.710000000000001	0.00200183192424666
0.730000000000001	0.00204725488813478
0.750000000000001	0.00209318677106847
0.770000000000001	0.00213962757385678
0.790000000000001	0.00218657729730879
0.810000000000001	0.00223403594223355
0.830000000000001	0.00228200350944013
0.850000000000001	0.0023304799997376
0.870000000000001	0.00237946541393502
0.890000000000001	0.00242895975284147
0.910000000000001	0.002478963017266
0.930000000000001	0.0025294752080177
0.950000000000001	0.00258049632590563
0.970000000000001	0.00263202637173888
0.990000000000001	0.0026840653463265
