# Program settings for SigmaNu
# Electroweak scheme and input parameters
# Scheme = Complex mass scheme
# alpha_GF = 0.00755898078237864
# Pole masses/widths for particles [GeV]
# mw = 80.35797361
# gw = 2.084298894
# mz = 91.15348062
# gz = 2.494266379
# s^2_thetaw (derived) = (0.222868505240788,-0.00110716741475141)
# charged leptons
# m_e = 0.0005109989461
# m_m = 0.10565837
# m_t = 1.77686
# quarks
# m_d = 0.05
# m_u = 0.05
# m_s = 0.2
# m_c = 1.51
# m_b = 4.92
# m_t = 173
# Ecms (default) = 18.7893

# channel_id = 13
# process  = nu_e nu_m~ -> e- m+
-0.99	0.000134704757024667
-0.97	0.00120851526815439
-0.95	0.00335764252627185
-0.93	0.0065854341285215
-0.91	0.0108952481004433
-0.89	0.016290452932084
-0.87	0.0227744276142472
-0.85	0.0303505616748875
-0.83	0.0390222552156438
-0.81	0.048792918948517
-0.79	0.0596659742326902
-0.77	0.071644853111493
-0.75	0.0847329983495103
-0.73	0.098933863469835
-0.71	0.114250912791469
-0.69	0.130687621466867
-0.67	0.148247475519632
-0.65	0.166933971882352
-0.63	0.186750618434593
-0.61	0.207700934041032
-0.59	0.229788448589749
-0.57	0.253016703030661
-0.55	0.277389249414112
-0.53	0.302909650929612
-0.51	0.32958148194473
-0.49	0.35740832804414
-0.47	0.386393786068818
-0.45	0.416541464155397
-0.429999999999999	0.447854981775671
-0.409999999999999	0.480337969776265
-0.389999999999999	0.513994070418449
-0.369999999999999	0.548826937418118
-0.349999999999999	0.584840235985926
-0.329999999999999	0.62203764286758
-0.309999999999999	0.66042284638429
-0.289999999999999	0.699999546473383
-0.269999999999999	0.740771454729073
-0.249999999999999	0.7827422944434
-0.229999999999999	0.825915800647317
-0.209999999999999	0.870295720151958
-0.189999999999999	0.915885811590053
-0.169999999999999	0.962689845457517
-0.149999999999999	1.0107116041552
-0.129999999999999	1.05995488203079
-0.109999999999999	1.11042348542094
-0.0899999999999994	1.16212123269345
-0.0699999999999994	1.21505195428975
-0.0499999999999994	1.26921949276742
-0.0299999999999994	1.32462770284302
-0.00999999999999938	1.38128045143496
0.0100000000000006	1.4391816177066
0.0300000000000006	1.49833509310956
0.0500000000000006	1.55874478142709
0.0700000000000006	1.62041459881777
0.0900000000000006	1.6833484738592
0.110000000000001	1.74755034759205
0.130000000000001	1.81302417356414
0.150000000000001	1.87977391787477
0.170000000000001	1.94780355921923
0.190000000000001	2.01711708893342
0.210000000000001	2.08771851103876
0.230000000000001	2.15961184228715
0.250000000000001	2.23280111220622
0.270000000000001	2.30729036314472
0.290000000000001	2.38308365031805
0.310000000000001	2.46018504185405
0.330000000000001	2.53859861883891
0.350000000000001	2.61832847536332
0.370000000000001	2.69937871856873
0.390000000000001	2.78175346869387
0.410000000000001	2.86545685912145
0.430000000000001	2.95049303642495
0.450000000000001	3.03686616041575
0.470000000000001	3.12458040419034
0.490000000000001	3.21363995417774
0.510000000000001	3.30404901018717
0.530000000000001	3.39581178545579
0.550000000000001	3.4889325066968
0.570000000000001	3.58341541414754
0.590000000000001	3.679264761618
0.610000000000001	3.77648481653932
0.630000000000001	3.8750798600126
0.650000000000001	3.97505418685793
0.670000000000001	4.07641210566353
0.690000000000001	4.17915793883512
0.710000000000001	4.28329602264554
0.730000000000001	4.38883070728453
0.750000000000001	4.49576635690869
0.770000000000001	4.60410734969168
0.790000000000001	4.7138580778746
0.810000000000001	4.82502294781663
0.830000000000001	4.93760638004576
0.850000000000001	5.05161280930984
0.870000000000001	5.1670466846278
0.890000000000001	5.28391246934107
0.910000000000001	5.40221464116516
0.930000000000001	5.52195769224159
0.950000000000001	5.64314612918986
0.970000000000001	5.76578447315976
0.990000000000001	5.88987725988386
