# Program settings for SigmaNu
# Electroweak scheme and input parameters
# Scheme = Complex mass scheme
# alpha_GF = 0.00755898078237864
# Pole masses/widths for particles [GeV]
# mw = 80.35797361
# gw = 2.084298894
# mz = 91.15348062
# gz = 2.494266379
# s^2_thetaw (derived) = (0.222868505240788,-0.00110716741475141)
# charged leptons
# m_e = 0.0005109989461
# m_m = 0.10565837
# m_t = 1.77686
# quarks
# m_d = 0.05
# m_u = 0.05
# m_s = 0.2
# m_c = 1.51
# m_b = 4.92
# m_t = 173
# Ecms (default) = 873.452

# channel_id = 13
# process  = nu_e nu_m~ -> e- m+
-0.99	2.28966003512032e-05
-0.97	0.00021023837407064
-0.95	0.00059593192541391
-0.93	0.00119214695302538
-0.91	0.00201181247815943
-0.89	0.00306867012735298
-0.87	0.00437733166892588
-0.85	0.00595334118788417
-0.83	0.00781324232286088
-0.81	0.00997465103220758
-0.79	0.0124563344048036
-0.77	0.0152782960852045
-0.75	0.0184618689431285
-0.73	0.0220298156847918
-0.71	0.0260064381791903
-0.69	0.0304176963571462
-0.67	0.0352913376360336
-0.65	0.0406570379299462
-0.63	0.0465465554253152
-0.61	0.0529938984374577
-0.59	0.060035508816395
-0.57	0.0677104625429826
-0.55	0.0760606893518135
-0.53	0.0851312134387855
-0.51	0.0949704175625295
-0.49	0.105630333134524
-0.47	0.117166959217895
-0.45	0.129640613725695
-0.429999999999999	0.143116320532965
-0.409999999999999	0.157664236701442
-0.389999999999999	0.173360124571174
-0.369999999999999	0.190285874111034
-0.349999999999999	0.208530081653744
-0.329999999999999	0.228188691986589
-0.309999999999999	0.249365711745534
-0.289999999999999	0.272174003190434
-0.269999999999999	0.296736168749427
-0.249999999999999	0.323185538243327
-0.229999999999999	0.351667272474399
-0.209999999999999	0.382339598934117
-0.189999999999999	0.415375197806837
-0.169999999999999	0.450962759287513
-0.149999999999999	0.48930873657226
-0.129999999999999	0.530639322818908
-0.109999999999999	0.57520268502985
-0.0899999999999994	0.623271493327162
-0.0699999999999994	0.675145790648751
-0.0499999999999994	0.731156255713415
-0.0299999999999994	0.791667921453228
-0.00999999999999938	0.857084422328585
0.0100000000000006	0.927852857441766
0.0300000000000006	1.00446937266887
0.0500000000000006	1.08748558478992
0.0700000000000006	1.17751599463272
0.0900000000000006	1.27524656559601
0.110000000000001	1.3814446798976
0.130000000000001	1.49697072918606
0.150000000000001	1.62279165091494
0.170000000000001	1.75999678988626
0.190000000000001	1.90981654922778
0.210000000000001	2.07364440147177
0.230000000000001	2.25306296451052
0.250000000000001	2.44987501713942
0.270000000000001	2.66614054545423
0.290000000000001	2.90422118897224
0.310000000000001	3.16683381342928
0.330000000000001	3.45711540213332
0.350000000000001	3.77870206558985
0.370000000000001	4.13582576959067
0.390000000000001	4.53343344427142
0.410000000000001	4.97733455797447
0.430000000000001	5.47438515792941
0.450000000000001	6.03271899232047
0.470000000000001	6.66203992152352
0.490000000000001	7.37399481998623
0.510000000000001	8.18265318788602
0.530000000000001	9.10512967190247
0.550000000000001	10.1624000706682
0.570000000000001	11.3803823964545
0.590000000000001	12.7913856884268
0.610000000000001	14.436076159761
0.630000000000001	16.366182143903
0.650000000000001	18.6482716388678
0.670000000000001	21.3691155150953
0.690000000000001	24.6434422138448
0.710000000000001	28.6253802429932
0.730000000000001	33.5257301984353
0.750000000000001	39.6387123990456
0.770000000000001	47.3846110105673
0.790000000000001	57.3800671076717
0.810000000000001	70.5585097975133
0.830000000000001	88.3860481834638
0.850000000000001	113.269930085913
0.870000000000001	149.38350483893
0.890000000000001	204.472933759602
0.910000000000001	294.244669765621
0.930000000000001	454.585873391984
0.950000000000001	782.827581727211
0.970000000000001	1625.02750615381
0.990000000000001	5035.12918849203
