# Program settings for SigmaNu
# Electroweak scheme and input parameters
# Scheme = Complex mass scheme
# alpha_GF = 0.00755898078237864
# Pole masses/widths for particles [GeV]
# mw = 80.35797361
# gw = 2.084298894
# mz = 91.15348062
# gz = 2.494266379
# s^2_thetaw (derived) = (0.222868505240788,-0.00110716741475141)
# charged leptons
# m_e = 0.0005109989461
# m_m = 0.10565837
# m_t = 1.77686
# quarks
# m_d = 0.05
# m_u = 0.05
# m_s = 0.2
# m_c = 1.51
# m_b = 4.92
# m_t = 173
# Ecms (default) = 6.88109

# channel_id = 13
# process  = nu_e nu_m~ -> e- m+
-0.99	2.05853469780792e-05
-0.97	0.000179730995444885
-0.95	0.000496233796956411
-0.93	0.000970162430865992
-0.91	0.00160158560649945
-0.89	0.00239057206316962
-0.87	0.00333719057019088
-0.85	0.00444150992689374
-0.83	0.00570359896263934
-0.81	0.00712352653683405
-0.79	0.00870136153894408
-0.77	0.0104371728885099
-0.75	0.0123310295351611
-0.73	0.0143830004586307
-0.71	0.0165931546687699
-0.69	0.0189615612055626
-0.67	0.0214882891391404
-0.65	0.0241734075697966
-0.63	0.0270169856280011
-0.61	0.0300190924744155
-0.59	0.0331797972999068
-0.57	0.0364991693255632
-0.55	0.0399772778027076
-0.53	0.0436141920129133
-0.51	0.0474099812680179
-0.49	0.0513647149101386
-0.47	0.0554784623116863
-0.45	0.059751292875381
-0.429999999999999	0.0641832760342659
-0.409999999999999	0.0687744812517224
-0.389999999999999	0.0735249780214848
-0.369999999999999	0.0784348358676552
-0.349999999999999	0.0835041243447177
-0.329999999999999	0.0887329130375541
-0.309999999999999	0.0941212715614574
-0.289999999999999	0.099669269562148
-0.269999999999999	0.105376976715787
-0.249999999999999	0.111244462728993
-0.229999999999999	0.117271797338854
-0.209999999999999	0.123459050312945
-0.189999999999999	0.129806291449341
-0.169999999999999	0.136313590576633
-0.149999999999999	0.142981017553942
-0.129999999999999	0.149808642270934
-0.109999999999999	0.156796534647836
-0.0899999999999994	0.163944764635449
-0.0699999999999994	0.171253402215162
-0.0499999999999994	0.178722517398972
-0.0299999999999994	0.186352180229494
-0.00999999999999938	0.194142460779975
0.0100000000000006	0.202093429154316
0.0300000000000006	0.210205155487077
0.0500000000000006	0.218477709943501
0.0700000000000006	0.226911162719523
0.0900000000000006	0.235505584041787
0.110000000000001	0.244261044167661
0.130000000000001	0.253177613385252
0.150000000000001	0.26225536201342
0.170000000000001	0.271494360401796
0.190000000000001	0.280894678930791
0.210000000000001	0.290456388011617
0.230000000000001	0.300179558086299
0.250000000000001	0.310064259627691
0.270000000000001	0.320110563139489
0.290000000000001	0.33031853915625
0.310000000000001	0.340688258243403
0.330000000000001	0.351219790997265
0.350000000000001	0.361913208045059
0.370000000000001	0.372768580044925
0.390000000000001	0.383785977685936
0.410000000000001	0.394965471688116
0.430000000000001	0.406307132802452
0.450000000000001	0.417811031810908
0.470000000000001	0.429477239526445
0.490000000000001	0.441305826793032
0.510000000000001	0.453296864485662
0.530000000000001	0.465450423510366
0.550000000000001	0.477766574804232
0.570000000000001	0.490245389335416
0.590000000000001	0.502886938103159
0.610000000000001	0.515691292137801
0.630000000000001	0.5286585225008
0.650000000000001	0.54178870028474
0.670000000000001	0.555081896613353
0.690000000000001	0.56853818264153
0.710000000000001	0.58215762955534
0.730000000000001	0.59594030857204
0.750000000000001	0.609886290940094
0.770000000000001	0.623995647939188
0.790000000000001	0.638268450880244
0.810000000000001	0.652704771105435
0.830000000000001	0.667304679988202
0.850000000000001	0.682068248933269
0.870000000000001	0.696995549376654
0.890000000000001	0.71208665278569
0.910000000000001	0.727341630659039
0.930000000000001	0.742760554526704
0.950000000000001	0.758343495950047
0.970000000000001	0.774090526521806
0.990000000000001	0.790001717866104
