# Program settings for SigmaNu
# Electroweak scheme and input parameters
# Scheme = Complex mass scheme
# alpha_GF = 0.00755898078237864
# Pole masses/widths for particles [GeV]
# mw = 80.35797361
# gw = 2.084298894
# mz = 91.15348062
# gz = 2.494266379
# s^2_thetaw (derived) = (0.222868505240788,-0.00110716741475141)
# charged leptons
# m_e = 0.0005109989461
# m_m = 0.10565837
# m_t = 1.77686
# quarks
# m_d = 0.05
# m_u = 0.05
# m_s = 0.2
# m_c = 1.51
# m_b = 4.92
# m_t = 173
# Ecms (default) = 6335.71

# channel_id = 13
# process  = nu_e nu_m~ -> e- m+
-0.99	4.42460366530489e-07
-0.97	4.06339594764571e-06
-0.95	1.15198921727811e-05
-0.93	2.30492927493907e-05
-0.91	3.89038793397626e-05
-0.89	5.93519290197244e-05
-0.87	8.46788569125236e-05
-0.85	0.000115188451767739
-0.83	0.00015120421305142
-0.81	0.000193070799000927
-0.79	0.000241155596087664
-0.77	0.000295850421436177
-0.75	0.000357573370983773
-0.73	0.000426770827548008
-0.71	0.000503919644519616
-0.69	0.000589529522637873
-0.67	0.000684145599259818
-0.65	0.00078835127173343
-0.63	0.000902771278961736
-0.61	0.00102807506803878
-0.59	0.00116498047599462
-0.57	0.00131425776025682
-0.55	0.00147673401548096
-0.53	0.00165329801899173
-0.51	0.00184490555229177
-0.49	0.00205258525203045
-0.47	0.00227744505059194
-0.45	0.00252067927418806
-0.429999999999999	0.00278357647518001
-0.409999999999999	0.00306752808548004
-0.389999999999999	0.00337403798950941
-0.369999999999999	0.00370473312855868
-0.349999999999999	0.00406137526380103
-0.329999999999999	0.00444587404299447
-0.309999999999999	0.00486030153648232
-0.289999999999999	0.00530690843195136
-0.269999999999999	0.00578814210511275
-0.249999999999999	0.00630666681572794
-0.229999999999999	0.00686538631604174
-0.209999999999999	0.00746746920270971
-0.189999999999999	0.00811637739492337
-0.169999999999999	0.00881589818210464
-0.149999999999999	0.00957018035603084
-0.129999999999999	0.0103837750267177
-0.109999999999999	0.011261681821459
-0.0899999999999994	0.0122094012853174
-0.0699999999999994	0.0132329944430405
-0.0499999999999994	0.0143391506517103
-0.0299999999999994	0.0155352650764736
-0.00999999999999938	0.0168295273659318
0.0100000000000006	0.0182310233985609
0.0300000000000006	0.0197498523285908
0.0500000000000006	0.0213972615938439
0.0700000000000006	0.0231858030777227
0.0900000000000006	0.0251295142664658
0.110000000000001	0.0272441290410913
0.130000000000001	0.0295473237296867
0.150000000000001	0.0320590052696225
0.170000000000001	0.0348016498552037
0.190000000000001	0.0378007023580926
0.210000000000001	0.041085049215324
0.230000000000001	0.0446875805276653
0.250000000000001	0.0486458609914418
0.270000000000001	0.0530029342562326
0.290000000000001	0.0578082917039859
0.310000000000001	0.0631190449495912
0.330000000000001	0.0690013522072731
0.350000000000001	0.0755321629306591
0.370000000000001	0.0828013640386347
0.390000000000001	0.0909144362969638
0.410000000000001	0.0999957634623339
0.430000000000001	0.110192783080512
0.450000000000001	0.121681231382248
0.470000000000001	0.134671822884024
0.490000000000001	0.149418828959772
0.510000000000001	0.16623119515002
0.530000000000001	0.185487089219075
0.550000000000001	0.207653139485084
0.570000000000001	0.23331016633126
0.590000000000001	0.263188026100124
0.610000000000001	0.298213434218922
0.630000000000001	0.339576577622945
0.650000000000001	0.388825416232615
0.670000000000001	0.448001598601214
0.690000000000001	0.519840298307551
0.710000000000001	0.608070652060864
0.730000000000001	0.717878914573077
0.750000000000001	0.856643059425913
0.770000000000001	1.03513646962049
0.790000000000001	1.26957591394502
0.810000000000001	1.58526290614442
0.830000000000001	2.0234056525247
0.850000000000001	2.65473283777539
0.870000000000001	3.60886329669652
0.890000000000001	5.14425355806022
0.910000000000001	7.83796132978368
0.930000000000001	13.2025064337301
0.950000000000001	26.3195786189663
0.970000000000001	73.9852704076483
0.990000000000001	651.510530521969
