# Program settings for SigmaNu
# Electroweak scheme and input parameters
# Scheme = Complex mass scheme
# alpha_GF = 0.00755898078237864
# Pole masses/widths for particles [GeV]
# mw = 80.35797361
# gw = 2.084298894
# mz = 91.15348062
# gz = 2.494266379
# s^2_thetaw (derived) = (0.222868505240788,-0.00110716741475141)
# charged leptons
# m_e = 0.0005109989461
# m_m = 0.10565837
# m_t = 1.77686
# quarks
# m_d = 0.05
# m_u = 0.05
# m_s = 0.2
# m_c = 1.51
# m_b = 4.92
# m_t = 173
# Ecms (default) = 483.356

# channel_id = 13
# process  = nu_e nu_m~ -> e- m+
-0.99	7.19907039666015e-05
-0.97	0.00066077189316284
-0.95	0.00187227058404629
-0.93	0.003743957941377
-0.91	0.00631559740786659
-0.89	0.00962940237375231
-0.87	0.0137302061821319
-0.85	0.0186656455627456
-0.83	0.0244863586956004
-0.81	0.0312461992265902
-0.79	0.0390024676915458
-0.77	0.0478161619546343
-0.75	0.0577522484336103
-0.73	0.0688799560702833
-0.71	0.0812730952121494
-0.69	0.0950104038032817
-0.67	0.110175923542473
-0.65	0.12685940895797
-0.63	0.145156772675128
-0.61	0.165170570520799
-0.59	0.187010530521778
-0.57	0.210794130320579
-0.55	0.23664722805756
-0.53	0.26470475236246
-0.51	0.29511145777064
-0.49	0.328022752641029
-0.47	0.363605607517395
-0.45	0.402039552857215
-0.429999999999999	0.443517776171355
-0.409999999999999	0.488248329893633
-0.389999999999999	0.536455462756787
-0.369999999999999	0.588381089119112
-0.349999999999999	0.644286412597577
-0.329999999999999	0.704453722558519
-0.309999999999999	0.769188384542535
-0.289999999999999	0.838821048611483
-0.269999999999999	0.913710102967905
-0.249999999999999	0.994244404088584
-0.229999999999999	1.08084631912698
-0.209999999999999	1.17397512158451
-0.189999999999999	1.2741307873602
-0.169999999999999	1.38185824542138
-0.149999999999999	1.49775214568488
-0.129999999999999	1.62246221649043
-0.109999999999999	1.75669929556259
-0.0899999999999994	1.9012421319357
-0.0699999999999994	2.05694507236683
-0.0499999999999994	2.22474676479118
-0.0299999999999994	2.40568003399713
-0.00999999999999938	2.60088311167461
0.0100000000000006	2.81161243525559
0.0300000000000006	3.03925726868042
0.0500000000000006	3.28535644482952
0.0700000000000006	3.55161758565791
0.0900000000000006	3.83993922431718
0.110000000000001	4.15243633658684
0.130000000000001	4.49146989035928
0.150000000000001	4.85968114629323
0.170000000000001	5.26003159589861
0.190000000000001	5.6958496127171
0.210000000000001	6.17088512755962
0.230000000000001	6.68937393245762
0.250000000000001	7.25611358638588
0.270000000000001	7.87655336031101
0.290000000000001	8.55690124795113
0.310000000000001	9.30425181932032
0.330000000000001	10.1267396568739
0.350000000000001	11.0337243565098
0.370000000000001	12.0360146896571
0.390000000000001	13.1461416338772
0.410000000000001	14.378692761276
0.430000000000001	15.7507241680793
0.450000000000001	17.2822710743806
0.470000000000001	18.9969849021096
0.490000000000001	20.9229337427649
0.510000000000001	23.0936156568403
0.530000000000001	25.5492516756294
0.550000000000001	28.338449890832
0.570000000000001	31.520366914878
0.590000000000001	35.1675433163135
0.610000000000001	39.3696632103403
0.630000000000001	44.2385973845648
0.650000000000001	49.9152540656309
0.670000000000001	56.5790143432519
0.690000000000001	64.4609251305165
0.710000000000001	73.8624553836957
0.730000000000001	85.1826568173218
0.750000000000001	98.9583089554163
0.770000000000001	115.924632376223
0.790000000000001	137.109513975499
0.810000000000001	163.984105072908
0.830000000000001	198.711775463006
0.850000000000001	244.576072317562
0.870000000000001	306.750957164599
0.890000000000001	393.765039531579
0.910000000000001	520.476260188147
0.930000000000001	714.634757814342
0.950000000000001	1032.97357090688
0.970000000000001	1606.61243750916
0.990000000000001	2797.29247292694
