# Program settings for SigmaNu
# Electroweak scheme and input parameters
# Scheme = Complex mass scheme
# alpha_GF = 0.00755898078237864
# Pole masses/widths for particles [GeV]
# mw = 80.35797361
# gw = 2.084298894
# mz = 91.15348062
# gz = 2.494266379
# s^2_thetaw (derived) = (0.222868505240788,-0.00110716741475141)
# charged leptons
# m_e = 0.0005109989461
# m_m = 0.10565837
# m_t = 1.77686
# quarks
# m_d = 0.05
# m_u = 0.05
# m_s = 0.2
# m_c = 1.51
# m_b = 4.92
# m_t = 173
# Ecms (default) = 1.11896

# channel_id = 13
# process  = nu_e nu_m~ -> e- m+
-0.99	1.4378122867834e-06
-0.97	7.39507591146666e-06
-0.95	1.74613357173667e-05
-0.93	3.16366390408765e-05
-0.91	4.9921033218934e-05
-0.89	7.23145655890219e-05
-0.87	9.88172834891697e-05
-0.85	0.000129429234257951
-0.83	0.000164150465234484
-0.81	0.000202981023758432
-0.79	0.000245920957170007
-0.77	0.000292970312809963
-0.75	0.000344129138019597
-0.73	0.000399397480140759
-0.71	0.000458775386515836
-0.69	0.000522262904487764
-0.67	0.000589860081400026
-0.65	0.000661566964596645
-0.63	0.000737383601422197
-0.61	0.000817310039221795
-0.59	0.000901346325341104
-0.57	0.00098949250712633
-0.55	0.00108174863192423
-0.53	0.00117811474708209
-0.51	0.00127859089994777
-0.49	0.00138317713786965
-0.47	0.00149187350819666
-0.45	0.00160468005827829
-0.429999999999999	0.00172159683546456
-0.409999999999999	0.00184262388710604
-0.389999999999999	0.00196776126055385
-0.369999999999999	0.00209700900315964
-0.349999999999999	0.00223036716227563
-0.329999999999999	0.00236783578525457
-0.309999999999999	0.00250941491944974
-0.289999999999999	0.00265510461221501
-0.269999999999999	0.00280490491090475
-0.249999999999999	0.00295881586287389
-0.229999999999999	0.00311683751547793
-0.209999999999999	0.00327896991607288
-0.189999999999999	0.0034452131120153
-0.169999999999999	0.00361556715066233
-0.149999999999999	0.00379003207937162
-0.129999999999999	0.00396860794550137
-0.109999999999999	0.00415129479641034
-0.0899999999999994	0.00433809267945782
-0.0699999999999994	0.00452900164200365
-0.0499999999999994	0.00472402173140824
-0.0299999999999994	0.00492315299503251
-0.00999999999999938	0.00512639548023793
0.0100000000000006	0.00533374923438653
0.0300000000000006	0.0055452143048409
0.0500000000000006	0.00576079073896413
0.0700000000000006	0.00598047858411989
0.0900000000000006	0.0062042778876724
0.110000000000001	0.00643218869698639
0.130000000000001	0.00666421105942718
0.150000000000001	0.0069003450223606
0.170000000000001	0.00714059063315304
0.190000000000001	0.00738494793917145
0.210000000000001	0.00763341698778329
0.230000000000001	0.00788599782635659
0.250000000000001	0.00814269050225994
0.270000000000001	0.00840349506286244
0.290000000000001	0.00866841155553375
0.310000000000001	0.00893744002764409
0.330000000000001	0.00921058052656421
0.350000000000001	0.00948783309966542
0.370000000000001	0.00976919779431955
0.390000000000001	0.010054674657899
0.410000000000001	0.0103442637377767
0.430000000000001	0.0106379650813261
0.450000000000001	0.0109357787359213
0.470000000000001	0.0112377047489369
0.490000000000001	0.0115437431677479
0.510000000000001	0.01185389403973
0.530000000000001	0.0121681574122595
0.550000000000001	0.012486533332713
0.570000000000001	0.012809021848468
0.590000000000001	0.0131356230069022
0.610000000000001	0.013466336855394
0.630000000000001	0.0138011634413224
0.650000000000001	0.0141401028120669
0.670000000000001	0.0144831550150074
0.690000000000001	0.0148303200975246
0.710000000000001	0.0151815981069997
0.730000000000001	0.0155369890908142
0.750000000000001	0.0158964930963503
0.770000000000001	0.0162601101709909
0.790000000000001	0.0166278403621192
0.810000000000001	0.0169996837171192
0.830000000000001	0.0173756402833751
0.850000000000001	0.0177557101082719
0.870000000000001	0.0181398932391952
0.890000000000001	0.0185281897235309
0.910000000000001	0.0189205996086657
0.930000000000001	0.0193171229419867
0.950000000000001	0.0197177597708814
0.970000000000001	0.0201225101427383
0.990000000000001	0.0205313741049459
