# Program settings for SigmaNu
# Electroweak scheme and input parameters
# Scheme = Complex mass scheme
# alpha_GF = 0.00755898078237864
# Pole masses/widths for particles [GeV]
# mw = 80.35797361
# gw = 2.084298894
# mz = 91.15348062
# gz = 2.494266379
# s^2_thetaw (derived) = (0.222868505240788,-0.00110716741475141)
# charged leptons
# m_e = 0.0005109989461
# m_m = 0.10565837
# m_t = 1.77686
# quarks
# m_d = 0.05
# m_u = 0.05
# m_s = 0.2
# m_c = 1.51
# m_b = 4.92
# m_t = 173
# Ecms (default) = 0.200357

# channel_id = 13
# process  = nu_e nu_m~ -> e- m+
-0.99	4.98088524379418e-07
-0.97	1.53001237930086e-06
-0.95	2.6128638372266e-06
-0.93	3.7466429118601e-06
-0.91	4.93134961690491e-06
-0.89	6.16698396606457e-06
-0.87	7.45354597304261e-06
-0.85	8.79103565154254e-06
-0.83	1.0179453015268e-05
-0.81	1.16187980779224e-05
-0.79	1.31090708532093e-05
-0.77	1.46502713548323e-05
-0.75	1.6242399596495e-05
-0.73	1.78854555919009e-05
-0.71	1.95794393547536e-05
-0.69	2.13243508987566e-05
-0.67	2.31201902376135e-05
-0.65	2.49669573850279e-05
-0.63	2.68646523547034e-05
-0.61	2.88132751603435e-05
-0.59	3.08128258156518e-05
-0.57	3.28633043343319e-05
-0.55	3.49647107300874e-05
-0.53	3.7117045016622e-05
-0.51	3.93203072076391e-05
-0.49	4.15744973168425e-05
-0.47	4.38796153579356e-05
-0.45	4.62356613446222e-05
-0.429999999999999	4.86426352906058e-05
-0.409999999999999	5.11005372095901e-05
-0.389999999999999	5.36093671152786e-05
-0.369999999999999	5.6169125021375e-05
-0.349999999999999	5.87798109415829e-05
-0.329999999999999	6.14414248896061e-05
-0.309999999999999	6.41539668791479e-05
-0.289999999999999	6.69174369239123e-05
-0.269999999999999	6.97318350376027e-05
-0.249999999999999	7.25971612339228e-05
-0.229999999999999	7.55134155265764e-05
-0.209999999999999	7.84805979292669e-05
-0.189999999999999	8.14987084556981e-05
-0.169999999999999	8.45677471195737e-05
-0.149999999999999	8.76877139345973e-05
-0.129999999999999	9.08586089144727e-05
-0.109999999999999	9.40804320729033e-05
-0.0899999999999994	9.7353183423593e-05
-0.0699999999999994	0.000100676862980245
-0.0499999999999994	0.000104051470756564
-0.0299999999999994	0.000107477006766253
-0.00999999999999938	0.000110953471023016
0.0100000000000006	0.000114480863540556
0.0300000000000006	0.000118059184332577
0.0500000000000006	0.000121688433412783
0.0700000000000006	0.000125368610794878
0.0900000000000006	0.000129099716492565
0.110000000000001	0.000132881750519548
0.130000000000001	0.000136714712889531
0.150000000000001	0.000140598603616217
0.170000000000001	0.000144533422713311
0.190000000000001	0.000148519170194515
0.210000000000001	0.000152555846073534
0.230000000000001	0.000156643450364072
0.250000000000001	0.000160781983079831
0.270000000000001	0.000164971444234516
0.290000000000001	0.000169211833841831
0.310000000000001	0.000173503151915479
0.330000000000001	0.000177845398469165
0.350000000000001	0.000182238573516591
0.370000000000001	0.000186682677071462
0.390000000000001	0.000191177709147481
0.410000000000001	0.000195723669758352
0.430000000000001	0.000200320558917779
0.450000000000001	0.000204968376639466
0.470000000000001	0.000209667122937117
0.490000000000001	0.000214416797824435
0.510000000000001	0.000219217401315123
0.530000000000001	0.000224068933422887
0.550000000000001	0.000228971394161429
0.570000000000001	0.000233924783544454
0.590000000000001	0.000238929101585665
0.610000000000001	0.000243984348298766
0.630000000000001	0.000249090523697461
0.650000000000001	0.000254247627795453
0.670000000000001	0.000259455660606447
0.690000000000001	0.000264714622144146
0.710000000000001	0.000270024512422255
0.730000000000001	0.000275385331454476
0.750000000000001	0.000280797079254514
0.770000000000001	0.000286259755836073
0.790000000000001	0.000291773361212856
0.810000000000001	0.000297337895398568
0.830000000000001	0.000302953358406912
0.850000000000001	0.000308619750251591
0.870000000000001	0.000314337070946311
0.890000000000001	0.000320105320504774
0.910000000000001	0.000325924498940685
0.930000000000001	0.000331794606267747
0.950000000000001	0.000337715642499665
0.970000000000001	0.000343687607650142
0.990000000000001	0.000349710501732881
