# Program settings for SigmaNu
# Electroweak scheme and input parameters
# Scheme = Complex mass scheme
# alpha_GF = 0.00755898078237864
# Pole masses/widths for particles [GeV]
# mw = 80.35797361
# gw = 2.084298894
# mz = 91.15348062
# gz = 2.494266379
# s^2_thetaw (derived) = (0.222868505240788,-0.00110716741475141)
# charged leptons
# m_e = 0.0005109989461
# m_m = 0.10565837
# m_t = 1.77686
# quarks
# m_d = 0.05
# m_u = 0.05
# m_s = 0.2
# m_c = 1.51
# m_b = 4.92
# m_t = 173
# Ecms (default) = 16.8307

# channel_id = 13
# process  = nu_e nu_m~ -> e- m+
-0.99	0.000110490067459525
-0.97	0.000990057470570619
-0.95	0.0027495872661696
-0.93	0.00539129958687279
-0.91	0.00891742016942945
-0.89	0.0133301803704436
-0.87	0.0186318171821468
-0.85	0.0248245732482194
-0.83	0.0319106968796626
-0.81	0.0398924420707202
-0.79	0.0487720685148515
-0.77	0.0585518416207536
-0.75	0.0692340325284349
-0.73	0.0808209181253401
-0.71	0.0933147810625253
-0.69	0.106717909770884
-0.67	0.121032598477429
-0.65	0.136261147221614
-0.63	0.152405861871725
-0.61	0.169469054141306
-0.59	0.18745304160565
-0.57	0.206360147718334
-0.55	0.226192701827811
-0.53	0.24695303919405
-0.51	0.268643501005237
-0.49	0.291266434394523
-0.47	0.314824192456823
-0.45	0.339319134265675
-0.429999999999999	0.364753624890151
-0.409999999999999	0.391130035411817
-0.389999999999999	0.418450742941752
-0.369999999999999	0.446718130637621
-0.349999999999999	0.4759345877208
-0.329999999999999	0.506102509493557
-0.309999999999999	0.537224297356288
-0.289999999999999	0.569302358824807
-0.269999999999999	0.602339107547692
-0.249999999999999	0.636336963323687
-0.229999999999999	0.671298352119159
-0.209999999999999	0.707225706085611
-0.189999999999999	0.744121463577247
-0.169999999999999	0.781988069168602
-0.149999999999999	0.820827973672223
-0.129999999999999	0.860643634156403
-0.109999999999999	0.901437513962979
-0.0899999999999994	0.943212082725181
-0.0699999999999994	0.985969816385545
-0.0499999999999994	1.02971319721388
-0.0299999999999994	1.07444471382528
-0.00999999999999938	1.12016686119822
0.0100000000000006	1.16688214069271
0.0300000000000006	1.21459306006844
0.0500000000000006	1.26330213350309
0.0700000000000006	1.31301188161063
0.0900000000000006	1.3637248314597
0.110000000000001	1.415443516592
0.130000000000001	1.46817047704086
0.150000000000001	1.52190825934971
0.170000000000001	1.57665941659076
0.190000000000001	1.63242650838363
0.210000000000001	1.6892121009141
0.230000000000001	1.7470187669529
0.250000000000001	1.80584908587456
0.270000000000001	1.86570564367632
0.290000000000001	1.92659103299711
0.310000000000001	1.98850785313661
0.330000000000001	2.05145871007429
0.350000000000001	2.11544621648862
0.370000000000001	2.18047299177629
0.390000000000001	2.24654166207145
0.410000000000001	2.31365486026511
0.430000000000001	2.38181522602452
0.450000000000001	2.45102540581262
0.470000000000001	2.52128805290765
0.490000000000001	2.59260582742265
0.510000000000001	2.66498139632519
0.530000000000001	2.73841743345707
0.550000000000001	2.81291661955413
0.570000000000001	2.88848164226607
0.590000000000001	2.96511519617639
0.610000000000001	3.04281998282236
0.630000000000001	3.1215987107151
0.650000000000001	3.20145409535964
0.670000000000001	3.28238885927514
0.690000000000001	3.36440573201512
0.710000000000001	3.44750745018777
0.730000000000001	3.53169675747632
0.750000000000001	3.6169764046595
0.770000000000001	3.70334914963201
0.790000000000001	3.79081775742517
0.810000000000001	3.87938500022745
0.830000000000001	3.9690536574053
0.850000000000001	4.05982651552386
0.870000000000001	4.15170636836779
0.890000000000001	4.24469601696224
0.910000000000001	4.3387982695938
0.930000000000001	4.43401594183155
0.950000000000001	4.53035185654818
0.970000000000001	4.62780884394118
0.990000000000001	4.72638974155411
