# Program settings for SigmaNu
# Electroweak scheme and input parameters
# Scheme = Complex mass scheme
# alpha_GF = 0.00755898078237864
# Pole masses/widths for particles [GeV]
# mw = 80.35797361
# gw = 2.084298894
# mz = 91.15348062
# gz = 2.494266379
# s^2_thetaw (derived) = (0.222868505240788,-0.00110716741475141)
# charged leptons
# m_e = 0.0005109989461
# m_m = 0.10565837
# m_t = 1.77686
# quarks
# m_d = 0.05
# m_u = 0.05
# m_s = 0.2
# m_c = 1.51
# m_b = 4.92
# m_t = 173
# Ecms (default) = 15496.7

# channel_id = 13
# process  = nu_e nu_m~ -> e- m+
-0.99	7.39781437216612e-08
-0.97	6.79390388694688e-07
-0.95	1.9261046678365e-06
-0.93	3.85381010669894e-06
-0.91	6.50469413895808e-06
-0.89	9.92361938695981e-06
-0.87	1.4158314791521e-05
-0.85	1.92595822910221e-05
-0.83	2.52815204830892e-05
-0.81	3.22817668506428e-05
-0.79	4.0321760299722e-05
-0.77	4.94670259414552e-05
-0.75	5.97874842573501e-05
-0.73	7.13577870185599e-05
-0.71	8.42576825892198e-05
-0.69	9.85724135350685e-05
-0.67	0.000114393149785669
-0.65	0.000131817460966526
-0.63	0.000150949831931955
-0.61	0.000171902225997202
-0.59	0.000194794700896577
-0.57	0.000219756083091983
-0.55	0.000246924706733272
-0.53	0.00027644922434005
-0.51	0.000308489497147539
-0.49	0.000343217574052648
-0.47	0.000380818769229179
-0.45	0.000421492849774499
-0.429999999999999	0.0004654553462296
-0.409999999999999	0.000512939000509871
-0.389999999999999	0.000564195367730128
-0.369999999999999	0.000619496590645763
-0.349999999999999	0.000679137368011012
-0.329999999999999	0.000743437141133
-0.309999999999999	0.00081274252634497
-0.289999999999999	0.000887430025115411
-0.269999999999999	0.000967909048148925
-0.249999999999999	0.00105462529523602
-0.229999999999999	0.00114806453891191
-0.209999999999999	0.00124875686735676
-0.189999999999999	0.00135728145061346
-0.169999999999999	0.0014742719043594
-0.149999999999999	0.00160042233744096
-0.129999999999999	0.00173649418352627
-0.109999999999999	0.00188332393399235
-0.0899999999999994	0.00204183190907696
-0.0699999999999994	0.00221303222805689
-0.0499999999999994	0.00239804416757944
-0.0299999999999994	0.0025981051312854
-0.00999999999999938	0.00281458549477656
0.0100000000000006	0.0030490056393668
0.0300000000000006	0.00330305554787726
0.0500000000000006	0.00357861740846278
0.0700000000000006	0.00387779176120921
0.0900000000000006	0.00420292783097921
0.110000000000001	0.00455665882375746
0.130000000000001	0.00494194312902536
0.150000000000001	0.00536211257581528
0.170000000000001	0.00582092914585078
0.190000000000001	0.00632265186762918
0.210000000000001	0.00687211601886672
0.230000000000001	0.00747482727568149
0.250000000000001	0.00813707409744635
0.270000000000001	0.00886606246942773
0.290000000000001	0.00967007819901265
0.310000000000001	0.0105586833539567
0.330000000000001	0.0115429552498095
0.350000000000001	0.0126357787860695
0.370000000000001	0.0138522061017437
0.390000000000001	0.0152099017583714
0.410000000000001	0.0167296973694209
0.430000000000001	0.0184362873618706
0.450000000000001	0.0203591082216209
0.470000000000001	0.0225334583728456
0.490000000000001	0.0250019366010401
0.510000000000001	0.0278163063970346
0.530000000000001	0.0310399359599239
0.550000000000001	0.0347510253271709
0.570000000000001	0.0390469233894153
0.590000000000001	0.0440499747166117
0.610000000000001	0.0499155458260315
0.630000000000001	0.0568432072244582
0.650000000000001	0.0650925671587569
0.670000000000001	0.0750060984087382
0.690000000000001	0.0870427099409938
0.710000000000001	0.101828235212902
0.730000000000001	0.120233292718776
0.750000000000001	0.143496829425813
0.770000000000001	0.173428649500156
0.790000000000001	0.212754187381826
0.810000000000001	0.265727917439985
0.830000000000001	0.339283436173289
0.850000000000001	0.445330700421124
0.870000000000001	0.605717769983803
0.890000000000001	0.864065654896484
0.910000000000001	1.3179408070908
0.930000000000001	2.22374271416254
0.950000000000001	4.44660484729288
0.970000000000001	12.5883073299812
0.990000000000001	114.783790249928
