# Program settings for SigmaNu
# Electroweak scheme and input parameters
# Scheme = Complex mass scheme
# alpha_GF = 0.00755898078237864
# Pole masses/widths for particles [GeV]
# mw = 80.35797361
# gw = 2.084298894
# mz = 91.15348062
# gz = 2.494266379
# s^2_thetaw (derived) = (0.222868505240788,-0.00110716741475141)
# charged leptons
# m_e = 0.0005109989461
# m_m = 0.10565837
# m_t = 1.77686
# quarks
# m_d = 0.05
# m_u = 0.05
# m_s = 0.2
# m_c = 1.51
# m_b = 4.92
# m_t = 173
# Ecms (default) = 393.211

# channel_id = 13
# process  = nu_e nu_m~ -> e- m+
-0.99	0.000105839011212735
-0.97	0.000971186507389683
-0.95	0.00275106108962609
-0.93	0.00549972406721836
-0.91	0.00927470901811447
-0.89	0.0141370436315651
-0.87	0.0201514886552442
-0.85	0.0273867954396953
-0.83	0.0359159837192719
-0.81	0.0458166414310385
-0.79	0.0571712485532813
-0.77	0.0700675271455681
-0.75	0.084598819995122
-0.73	0.100864500522494
-0.71	0.1189704168763
-0.69	0.139029373455765
-0.67	0.161161653445172
-0.65	0.185495586330754
-0.63	0.212168164803472
-0.61	0.241325715936835
-0.59	0.273124632074298
-0.57	0.30773216747427
-0.55	0.34532730745152
-0.53	0.386101717532748
-0.51	0.430260781023733
-0.49	0.478024734380132
-0.47	0.529629910900541
-0.45	0.585330104538026
-0.429999999999999	0.645398067077644
-0.409999999999999	0.710127153578613
-0.389999999999999	0.779833132861372
-0.369999999999999	0.854856181967458
-0.349999999999999	0.935563085975767
-0.329999999999999	1.0223496673714
-0.309999999999999	1.11564347239065
-0.289999999999999	1.21590674547564
-0.269999999999999	1.32363972724506
-0.249999999999999	1.43938431631847
-0.229999999999999	1.56372814103286
-0.209999999999999	1.69730909369707
-0.189999999999999	1.84082038769988
-0.169999999999999	1.99501620671502
-0.149999999999999	2.16071802565694
-0.129999999999999	2.33882169521276
-0.109999999999999	2.5303053960385
-0.0899999999999994	2.73623858546235
-0.0699999999999994	2.95779207927116
-0.0499999999999994	3.19624943445827
-0.0299999999999994	3.45301982640221
-0.00999999999999938	3.72965264670892
0.0100000000000006	4.02785408696727
0.0300000000000006	4.34950602027389
0.0500000000000006	4.69668754822863
0.0700000000000006	5.0716996482359
0.0900000000000006	5.47709343692315
0.110000000000001	5.9157026635016
0.130000000000001	6.39068116596246
0.150000000000001	6.90554616819282
0.170000000000001	7.46422847383634
0.190000000000001	8.07113083120338
0.210000000000001	8.73119601323385
0.230000000000001	9.44998649092495
0.250000000000001	10.2337779952035
0.270000000000001	11.0896697836541
0.290000000000001	12.0257150845163
0.310000000000001	13.0510760200574
0.330000000000001	14.1762083666336
0.350000000000001	15.4130828586277
0.370000000000001	16.7754514808627
0.390000000000001	18.2791694447673
0.410000000000001	19.9425864789568
0.430000000000001	21.7870249207917
0.450000000000001	23.8373671989596
0.470000000000001	26.1227821060529
0.490000000000001	28.6776284216652
0.510000000000001	31.5425868849089
0.530000000000001	34.7660885647367
0.550000000000001	38.4061312857669
0.570000000000001	42.5326088180777
0.590000000000001	47.2303243493092
0.610000000000001	52.6029268880455
0.630000000000001	58.7781068233689
0.650000000000001	65.9145307665017
0.670000000000001	74.211211377465
0.690000000000001	83.9203363860397
0.710000000000001	95.365090996397
0.730000000000001	108.964815827508
0.750000000000001	125.27115152279
0.770000000000001	145.020994835844
0.790000000000001	169.21580087866
0.810000000000001	199.243294952967
0.830000000000001	237.069549780656
0.850000000000001	285.551910372911
0.870000000000001	348.967871664825
0.890000000000001	433.948108344615
0.910000000000001	551.208233926376
0.930000000000001	718.965679889466
0.950000000000001	970.207601473325
0.970000000000001	1369.68843656031
0.990000000000001	2058.93144306362
