# Program settings for SigmaNu
# Electroweak scheme and input parameters
# Scheme = Complex mass scheme
# alpha_GF = 0.00755898078237864
# Pole masses/widths for particles [GeV]
# mw = 80.35797361
# gw = 2.084298894
# mz = 91.15348062
# gz = 2.494266379
# s^2_thetaw (derived) = (0.222868505240788,-0.00110716741475141)
# charged leptons
# m_e = 0.0005109989461
# m_m = 0.10565837
# m_t = 1.77686
# quarks
# m_d = 0.05
# m_u = 0.05
# m_s = 0.2
# m_c = 1.51
# m_b = 4.92
# m_t = 173
# Ecms (default) = 72370.6

# channel_id = 13
# process  = nu_e nu_m~ -> e- m+
-0.99	3.39218810695606e-09
-0.97	3.11527310739702e-08
-0.95	8.83195492102327e-08
-0.93	1.76712596591042e-07
-0.91	2.98266390875467e-07
-0.89	4.55038124644285e-07
-0.87	6.49216430194205e-07
-0.85	8.83130857408415e-07
-0.83	1.15926213043504e-06
-0.81	1.4802532557146e-06
-0.79	1.84892156149367e-06
-0.77	2.26827175744491e-06
-0.75	2.74151011249756e-06
-0.73	3.27205985959936e-06
-0.71	3.86357794802893e-06
-0.69	4.51997327722943e-06
-0.67	5.24542656113553e-06
-0.65	6.04441198884326e-06
-0.63	6.92172086648437e-06
-0.61	7.88248744661493e-06
-0.59	8.93221717565579e-06
-0.57	1.00768176173315e-05
-0.55	1.1322632341106e-05
-0.53	1.26764780998459e-05
-0.51	1.41456856609808e-05
-0.49	1.57381447009986e-05
-0.47	1.74623532250666e-05
-0.45	1.9327472032893e-05
-0.429999999999999	2.13433848198019e-05
-0.409999999999999	2.35207645797576e-05
-0.389999999999999	2.58711470663357e-05
-0.369999999999999	2.84070121703015e-05
-0.349999999999999	3.11418741907492e-05
-0.329999999999999	3.40903821133307e-05
-0.309999999999999	3.72684311670977e-05
-0.289999999999999	4.06932871146425e-05
-0.269999999999999	4.4383724943003e-05
-0.249999999999999	4.83601838705417e-05
-0.229999999999999	5.26449408741059e-05
-0.209999999999999	5.72623052789246e-05
-0.189999999999999	6.22388373501745e-05
-0.169999999999999	6.76035942911658e-05
-0.149999999999999	7.33884076022709e-05
-0.129999999999999	7.96281964036019e-05
-0.109999999999999	8.63613220932359e-05
-0.0899999999999994	9.36299906262541e-05
-0.0699999999999994	0.000101480709788401
-0.0499999999999994	0.000109964810139287
-0.0299999999999994	0.000119139039860196
-0.00999999999999938	0.000129066245618338
0.0100000000000006	0.000139816153824807
0.0300000000000006	0.000151466269407628
0.0500000000000006	0.000164102912557399
0.0700000000000006	0.000177822417974352
0.0900000000000006	0.000192732526133838
0.110000000000001	0.000208954002223876
0.130000000000001	0.000226622525990503
0.150000000000001	0.000245890905136462
0.170000000000001	0.000266931676651665
0.190000000000001	0.000289940175154828
0.210000000000001	0.000315138165839759
0.230000000000001	0.000342778163060956
0.250000000000001	0.00037314858543933
0.270000000000001	0.000406579936594147
0.290000000000001	0.000443452249867249
0.310000000000001	0.000484204099299678
0.330000000000001	0.000529343562565525
0.350000000000001	0.000579461631335292
0.370000000000001	0.000635248710040766
0.390000000000001	0.000697515038440525
0.410000000000001	0.000767216135425814
0.430000000000001	0.000845484717897867
0.450000000000001	0.000933671037971098
0.470000000000001	0.00103339426083286
0.490000000000001	0.00114660845824324
0.510000000000001	0.00127568814495427
0.530000000000001	0.00142354022937084
0.550000000000001	0.00159375208284453
0.570000000000001	0.00179078962181314
0.590000000000001	0.00202026559279311
0.610000000000001	0.00228930787567993
0.630000000000001	0.00260707261724381
0.650000000000001	0.00298547085906334
0.670000000000001	0.00344021613464675
0.690000000000001	0.00399236526725214
0.710000000000001	0.00467063571159767
0.730000000000001	0.00551497948794618
0.750000000000001	0.00658225448320623
0.770000000000001	0.00795552243255219
0.790000000000001	0.0097598789139109
0.810000000000001	0.0121906210533526
0.830000000000001	0.0155660669523425
0.850000000000001	0.0204330791016221
0.870000000000001	0.0277950327032701
0.890000000000001	0.0396557276720679
0.910000000000001	0.0604985651135379
0.930000000000001	0.102111603828249
0.950000000000001	0.204302431448798
0.970000000000001	0.579169534133577
0.990000000000001	5.31715298238026
