# Program settings for SigmaNu
# Electroweak scheme and input parameters
# Scheme = Complex mass scheme
# alpha_GF = 0.00755898078237864
# Pole masses/widths for particles [GeV]
# mw = 80.35797361
# gw = 2.084298894
# mz = 91.15348062
# gz = 2.494266379
# s^2_thetaw (derived) = (0.222868505240788,-0.00110716741475141)
# charged leptons
# m_e = 0.0005109989461
# m_m = 0.10565837
# m_t = 1.77686
# quarks
# m_d = 0.05
# m_u = 0.05
# m_s = 0.2
# m_c = 1.51
# m_b = 4.92
# m_t = 173
# Ecms (default) = 8005.5

# channel_id = 13
# process  = nu_e nu_m~ -> e- m+
-0.99	2.77166340741838e-07
-0.97	2.54539856603869e-06
-0.95	7.21631713284653e-06
-0.93	1.44386090023933e-05
-0.91	2.43703197964412e-05
-0.89	3.71795163397108e-05
-0.87	5.30450025715835e-05
-0.85	7.21570936958606e-05
-0.83	9.47184539363893e-05
-0.81	0.000120945003822395
-0.79	0.000151066903547599
-0.77	0.000185329619639847
-0.75	0.000223995082952339
-0.73	0.000267342946854439
-0.71	0.000315671955471462
-0.69	0.000369301432913024
-0.67	0.000428572905654312
-0.65	0.000493851871612595
-0.63	0.000565529731013568
-0.61	0.000644025895893156
-0.59	0.000729790097058471
-0.57	0.000823304909569259
-0.55	0.000925088520336262
-0.53	0.00103569776430924
-0.51	0.00115573145899598
-0.49	0.00128583407077368
-0.47	0.00142669975069535
-0.45	0.00157907678233622
-0.429999999999999	0.00174377248976529
-0.409999999999999	0.00192165866007404
-0.389999999999999	0.00211367754218136
-0.369999999999999	0.00232084849201337
-0.349999999999999	0.00254427534381277
-0.329999999999999	0.00278515459848001
-0.309999999999999	0.00304478453274442
-0.289999999999999	0.00332457534791336
-0.269999999999999	0.00362606049431396
-0.249999999999999	0.00395090932776236
-0.229999999999999	0.00430094127798977
-0.209999999999999	0.0046781417365521
-0.189999999999999	0.0050846799041066
-0.169999999999999	0.00552292887497025
-0.149999999999999	0.00599548828169056
-0.129999999999999	0.00650520987531131
-0.109999999999999	0.00705522647975094
-0.0899999999999994	0.00764898483324972
-0.0699999999999994	0.0082902829186641
-0.0499999999999994	0.00898331249055095
-0.0299999999999994	0.00973270763427896
-0.00999999999999938	0.0105436003455304
0.0100000000000006	0.0114216843033843
0.0300000000000006	0.0123732882340477
0.0500000000000006	0.0134054605344624
0.0700000000000006	0.0145260671571489
0.0900000000000006	0.0157439051645456
0.110000000000001	0.0170688348616831
0.130000000000001	0.0185119340344723
0.150000000000001	0.0200856785883891
0.170000000000001	0.0218041548392638
0.190000000000001	0.0236833099068281
0.210000000000001	0.0257412481715195
0.230000000000001	0.0279985836665924
0.250000000000001	0.0304788607113058
0.270000000000001	0.0332090582077353
0.290000000000001	0.0362201970400244
0.310000000000001	0.0395480752239499
0.330000000000001	0.0432341622571646
0.350000000000001	0.0473266930681499
0.370000000000001	0.0518820138213687
0.390000000000001	0.0569662476822397
0.410000000000001	0.0626573700004275
0.430000000000001	0.0690478114111599
0.450000000000001	0.0762477472319003
0.470000000000001	0.0843892868561258
0.490000000000001	0.0936318544498962
0.510000000000001	0.104169162402675
0.530000000000001	0.116238337307331
0.550000000000001	0.130131988937687
0.570000000000001	0.146214353812248
0.590000000000001	0.164943157429027
0.610000000000001	0.186899622655433
0.630000000000001	0.21283027205177
0.650000000000001	0.243706112410036
0.670000000000001	0.280807946459395
0.690000000000001	0.325851822321506
0.710000000000001	0.381177663580331
0.730000000000001	0.450040107754086
0.750000000000001	0.537069883824036
0.770000000000001	0.649029967746257
0.790000000000001	0.796102430624845
0.810000000000001	0.994177149103705
0.830000000000001	1.26914109313369
0.850000000000001	1.66544156376468
0.870000000000001	2.26456976526429
0.890000000000001	3.2291115110829
0.910000000000001	4.92236293386057
0.930000000000001	8.29767086746335
0.950000000000001	16.5641868283452
0.970000000000001	46.7099617241492
0.990000000000001	417.744873143851
