# Program settings for SigmaNu
# Electroweak scheme and input parameters
# Scheme = Complex mass scheme
# alpha_GF = 0.00755898078237864
# Pole masses/widths for particles [GeV]
# mw = 80.35797361
# gw = 2.084298894
# mz = 91.15348062
# gz = 2.494266379
# s^2_thetaw (derived) = (0.222868505240788,-0.00110716741475141)
# charged leptons
# m_e = 0.0005109989461
# m_m = 0.10565837
# m_t = 1.77686
# quarks
# m_d = 0.05
# m_u = 0.05
# m_s = 0.2
# m_c = 1.51
# m_b = 4.92
# m_t = 173
# Ecms (default) = 554.662

# channel_id = 13
# process  = nu_e nu_m~ -> e- m+
-0.99	5.53884607288098e-05
-0.97	0.000508453505413292
-0.95	0.00144087298307587
-0.93	0.00288168514066535
-0.91	0.00486171675233452
-0.89	0.00741370698950959
-0.87	0.010572441050015
-0.85	0.0143748944168031
-0.83	0.0188603887040666
-0.81	0.0240707601454752
-0.79	0.0300505418871823
-0.77	0.0368471613684581
-0.75	0.0445111542068691
-0.73	0.0530963961546125
-0.71	0.0626603548599491
-0.69	0.073264363354939
-0.67	0.0849739174005335
-0.65	0.0978589990554929
-0.63	0.11199442910007
-0.61	0.127460251242864
-0.59	0.144342151374292
-0.57	0.162731915508002
-0.55	0.182727930478322
-0.53	0.204435731944534
-0.51	0.227968604799513
-0.49	0.253448241700464
-0.47	0.281005466144158
-0.45	0.31078102731089
-0.429999999999999	0.342926474815279
-0.409999999999999	0.377605122545386
-0.389999999999999	0.414993111964861
-0.369999999999999	0.455280586619723
-0.349999999999999	0.4986729911602
-0.329999999999999	0.545392509991846
-0.309999999999999	0.595679662748084
-0.289999999999999	0.649795076174717
-0.269999999999999	0.708021454790853
-0.249999999999999	0.770665775905445
-0.229999999999999	0.838061738302364
-0.209999999999999	0.910572498252766
-0.189999999999999	0.988593731583422
-0.169999999999999	1.07255706645802
-0.149999999999999	1.16293393847715
-0.129999999999999	1.26023992786783
-0.109999999999999	1.3650396481523
-0.0899999999999994	1.47795226704751
-0.0699999999999994	1.59965775380332
-0.0499999999999994	1.73090396317115
-0.0299999999999994	1.87251468523468
-0.00999999999999938	2.02539881308447
0.0100000000000006	2.19056080758701
0.0300000000000006	2.36911267128917
0.0500000000000006	2.56228768306423
0.0700000000000006	2.7714561930104
0.0900000000000006	2.99814383532892
0.110000000000001	3.24405258792198
0.130000000000001	3.51108519441625
0.150000000000001	3.80137357125657
0.170000000000001	4.11731195457561
0.190000000000001	4.46159570535917
0.210000000000001	4.8372668955741
0.230000000000001	5.24776805357597
0.250000000000001	5.69700576888996
0.270000000000001	6.1894262636254
0.290000000000001	6.73010555588137
0.310000000000001	7.32485750361815
0.330000000000001	7.98036387143169
0.350000000000001	8.70433166953328
0.370000000000001	9.50568445870367
0.390000000000001	10.3947962136221
0.410000000000001	11.3837788515686
0.430000000000001	12.4868378907472
0.450000000000001	13.7207152230484
0.470000000000001	15.1052441283097
0.490000000000001	16.6640500833535
0.510000000000001	18.4254425975705
0.530000000000001	20.4235596708788
0.550000000000001	22.69984966953
0.570000000000001	25.3050087217679
0.590000000000001	28.3015402028799
0.610000000000001	31.7671744457818
0.630000000000001	35.7994941704368
0.650000000000001	40.5222749594192
0.670000000000001	46.0943048497209
0.690000000000001	52.7218514014261
0.710000000000001	60.6766008467103
0.730000000000001	70.3219859716448
0.750000000000001	82.1526876020923
0.770000000000001	96.8553909640312
0.790000000000001	115.404900601527
0.810000000000001	139.221163791786
0.830000000000001	170.435514948524
0.850000000000001	212.362157845435
0.870000000000001	270.377225755151
0.890000000000001	353.662778228193
0.910000000000001	478.941853504597
0.930000000000001	679.290870960414
0.950000000000001	1027.74777219091
0.970000000000001	1712.68404400783
0.990000000000001	3350.54917596377
