# Program settings for SigmaNu
# Electroweak scheme and input parameters
# Scheme = Complex mass scheme
# alpha_GF = 0.00755898078237864
# Pole masses/widths for particles [GeV]
# mw = 80.35797361
# gw = 2.084298894
# mz = 91.15348062
# gz = 2.494266379
# s^2_thetaw (derived) = (0.222868505240788,-0.00110716741475141)
# charged leptons
# m_e = 0.0005109989461
# m_m = 0.10565837
# m_t = 1.77686
# quarks
# m_d = 0.05
# m_u = 0.05
# m_s = 0.2
# m_c = 1.51
# m_b = 4.92
# m_t = 173
# Ecms (default) = 0.167538

# channel_id = 13
# process  = nu_e nu_m~ -> e- m+
-0.99	3.45735790158456e-07
-0.97	1.04921332398286e-06
-0.95	1.77336848638266e-06
-0.93	2.51820128060354e-06
-0.91	3.28371170989122e-06
-0.89	4.06989977749136e-06
-0.87	4.8767654866497e-06
-0.85	5.70430884061189e-06
-0.83	6.55252984262365e-06
-0.81	7.42142849593067e-06
-0.79	8.31100480377866e-06
-0.77	9.22125876941332e-06
-0.75	1.01521903960803e-05
-0.73	1.11037996870254e-05
-0.71	1.20760866454942e-05
-0.69	1.30690512747325e-05
-0.67	1.40826935779859e-05
-0.65	1.51170135585002e-05
-0.63	1.6172011219521e-05
-0.61	1.72476865642941e-05
-0.59	1.83440395960652e-05
-0.57	1.94610703180799e-05
-0.55	2.0598778733584e-05
-0.53	2.17571648458231e-05
-0.51	2.29362286580431e-05
-0.49	2.41359701734895e-05
-0.47	2.53563893954081e-05
-0.45	2.65974863270446e-05
-0.429999999999999	2.78592609716447e-05
-0.409999999999999	2.91417133324541e-05
-0.389999999999999	3.04448434127186e-05
-0.369999999999999	3.17686512156837e-05
-0.349999999999999	3.31131367445953e-05
-0.329999999999999	3.4478300002699e-05
-0.309999999999999	3.58641409932406e-05
-0.289999999999999	3.72706597194657e-05
-0.269999999999999	3.86978561846201e-05
-0.249999999999999	4.01457303919494e-05
-0.229999999999999	4.16142823446995e-05
-0.209999999999999	4.3103512046116e-05
-0.189999999999999	4.46134194994445e-05
-0.169999999999999	4.6144004707931e-05
-0.149999999999999	4.76952676748209e-05
-0.129999999999999	4.92672084033601e-05
-0.109999999999999	5.08598268967943e-05
-0.0899999999999994	5.24731231583692e-05
-0.0699999999999994	5.41070971913305e-05
-0.0499999999999994	5.57617489989238e-05
-0.0299999999999994	5.74370785843951e-05
-0.00999999999999938	5.91330859509898e-05
0.0100000000000006	6.08497711019539e-05
0.0300000000000006	6.2587134040533e-05
0.0500000000000006	6.43451747699727e-05
0.0700000000000006	6.61238932935188e-05
0.0900000000000006	6.79232896144171e-05
0.110000000000001	6.97433637359134e-05
0.130000000000001	7.15841156612531e-05
0.150000000000001	7.34455453936822e-05
0.170000000000001	7.53276529364463e-05
0.190000000000001	7.72304382927911e-05
0.210000000000001	7.91539014659625e-05
0.230000000000001	8.1098042459206e-05
0.250000000000001	8.30628612757675e-05
0.270000000000001	8.50483579188926e-05
0.290000000000001	8.70545323918271e-05
0.310000000000001	8.90813846978166e-05
0.330000000000001	9.1128914840107e-05
0.350000000000001	9.3197122821944e-05
0.370000000000001	9.52860086465732e-05
0.390000000000001	9.73955723172404e-05
0.410000000000001	9.95258138371913e-05
0.430000000000001	0.000101676733209672
0.450000000000001	0.000103848330437927
0.470000000000001	0.000106040605525204
0.490000000000001	0.000108253558474747
0.510000000000001	0.000110487189289803
0.530000000000001	0.000112741497973616
0.550000000000001	0.000115016484529434
0.570000000000001	0.000117312148960501
0.590000000000001	0.000119628491270063
0.610000000000001	0.000121965511461367
0.630000000000001	0.000124323209537657
0.650000000000001	0.000126701585502179
0.670000000000001	0.00012910063935818
0.690000000000001	0.000131520371108905
0.710000000000001	0.0001339607807576
0.730000000000001	0.00013642186830751
0.750000000000001	0.000138903633761881
0.770000000000001	0.000141406077123959
0.790000000000001	0.00014392919839699
0.810000000000001	0.000146472997584219
0.830000000000001	0.000149037474688892
0.850000000000001	0.000151622629714256
0.870000000000001	0.000154228462663555
0.890000000000001	0.000156854973540035
0.910000000000001	0.000159502162346942
0.930000000000001	0.000162170029087522
0.950000000000001	0.000164858573765021
0.970000000000001	0.000167567796382684
0.990000000000001	0.000170297696943757
