# Program settings for SigmaNu
# Electroweak scheme and input parameters
# Scheme = Complex mass scheme
# alpha_GF = 0.00755898078237864
# Pole masses/widths for particles [GeV]
# mw = 80.35797361
# gw = 2.084298894
# mz = 91.15348062
# gz = 2.494266379
# s^2_thetaw (derived) = (0.222868505240788,-0.00110716741475141)
# charged leptons
# m_e = 0.0005109989461
# m_m = 0.10565837
# m_t = 1.77686
# quarks
# m_d = 0.05
# m_u = 0.05
# m_s = 0.2
# m_c = 1.51
# m_b = 4.92
# m_t = 173
# Ecms (default) = 11292.5

# channel_id = 13
# process  = nu_e nu_m~ -> e- m+
-0.99	1.39309571118724e-07
-0.97	1.27937161608733e-06
-0.95	3.62707871838543e-06
-0.93	7.25716820775841e-06
-0.91	1.22490817812742e-05
-0.89	1.86872985647508e-05
-0.87	2.66616950044737e-05
-0.85	3.62679340370124e-05
-0.83	4.76078862358511e-05
-0.81	6.07900859131122e-05
-0.79	7.59302254665068e-05
-0.77	9.3151691609888e-05
-0.75	0.000112586147515161
-0.73	0.000134374165329134
-0.71	0.000158665914017364
-0.69	0.000185621908035177
-0.67	0.000215413822941882
-0.65	0.000248225384767058
-0.63	0.000284253340718279
-0.61	0.000323708519700123
-0.59	0.000366816992108907
-0.57	0.000413821339492762
-0.55	0.000464982045941334
-0.53	0.000520579024515782
-0.51	0.000580913293673223
-0.49	0.000646308820510506
-0.47	0.000717114549784691
-0.45	0.000793706640102892
-0.429999999999999	0.000876490931459677
-0.409999999999999	0.000965905671492162
-0.389999999999999	0.00106242453148704
-0.369999999999999	0.00116655994738788
-0.349999999999999	0.00127886682590651
-0.329999999999999	0.00139994666144857
-0.309999999999999	0.00153045211604809
-0.289999999999999	0.00167109212202432
-0.269999999999999	0.00182263757580762
-0.249999999999999	0.00198592770154987
-0.229999999999999	0.00216187717500082
-0.209999999999999	0.00235148411201099
-0.189999999999999	0.00255583904229415
-0.169999999999999	0.00277613500820993
-0.149999999999999	0.003013678950866
-0.129999999999999	0.00326990457247118
-0.109999999999999	0.00354638689542296
-0.0899999999999994	0.0038448587761029
-0.0699999999999994	0.00416722967602675
-0.0499999999999994	0.00451560704639443
-0.0299999999999994	0.00489232074611047
-0.00999999999999938	0.00529995099036667
0.0100000000000006	0.0057413604198454
0.0300000000000006	0.00621973099321225
0.0500000000000006	0.006738606542469
0.0700000000000006	0.00730194199780567
0.0900000000000006	0.00791416049327744
0.110000000000001	0.00858021981644245
0.130000000000001	0.00930568997620931
0.150000000000001	0.0100968440492462
0.170000000000001	0.0109607649467142
0.190000000000001	0.0119054713462659
0.210000000000001	0.012940066793861
0.230000000000001	0.0140749169416891
0.250000000000001	0.0153218611129719
0.270000000000001	0.0166944659526239
0.290000000000001	0.0182083309435878
0.310000000000001	0.0198814581897699
0.330000000000001	0.0217347022894994
0.350000000000001	0.0237923206260713
0.370000000000001	0.0260826503700522
0.390000000000001	0.0286389464627396
0.410000000000001	0.0315004255976642
0.430000000000001	0.034713575833612
0.450000000000001	0.0383338115442399
0.470000000000001	0.0424275812572944
0.490000000000001	0.0470750750011474
0.510000000000001	0.0523737332255759
0.530000000000001	0.0584428390716115
0.550000000000001	0.065429591916077
0.570000000000001	0.073517231878691
0.590000000000001	0.0829360430553184
0.610000000000001	0.0939784577697711
0.630000000000001	0.107020098751857
0.650000000000001	0.122549573612051
0.670000000000001	0.141211426238841
0.690000000000001	0.16386930279785
0.710000000000001	0.191700941539131
0.730000000000001	0.226344652043855
0.750000000000001	0.270131721003933
0.770000000000001	0.326467370812426
0.790000000000001	0.400479218534687
0.810000000000001	0.500170862824558
0.830000000000001	0.638584450240681
0.850000000000001	0.83811958793309
0.870000000000001	1.13985970966769
0.890000000000001	1.62581155401236
0.910000000000001	2.47934037421893
0.930000000000001	4.18209671093677
0.950000000000001	8.35801116815328
0.970000000000001	23.6316438765943
0.990000000000001	214.133654054674
