# Program settings for SigmaNu
# Electroweak scheme and input parameters
# Scheme = Complex mass scheme
# alpha_GF = 0.00755898078237864
# Pole masses/widths for particles [GeV]
# mw = 80.35797361
# gw = 2.084298894
# mz = 91.15348062
# gz = 2.494266379
# s^2_thetaw (derived) = (0.222868505240788,-0.00110716741475141)
# charged leptons
# m_e = 0.0005109989461
# m_m = 0.10565837
# m_t = 1.77686
# quarks
# m_d = 0.05
# m_u = 0.05
# m_s = 0.2
# m_c = 1.51
# m_b = 4.92
# m_t = 173
# Ecms (default) = 11449

# channel_id = 13
# process  = nu_e nu_m~ -> e- m+
-0.99	1.35527442481227e-07
-0.97	1.24463787116931e-06
-0.95	3.52860701877565e-06
-0.93	7.06014327551413e-06
-0.91	1.19165316932162e-05
-0.89	1.81799580058792e-05
-0.87	2.59378587522401e-05
-0.85	3.52832998817464e-05
-0.83	4.63153864693916e-05
-0.81	5.91397064368601e-05
-0.79	7.38688114808096e-05
-0.77	9.06227387479289e-05
-0.75	0.000109529577175195
-0.73	0.000130726082837772
-0.71	0.000154358348122205
-0.69	0.000180582530075809
-0.67	0.000209565643882279
-0.65	0.000241486428087592
-0.63	0.000276536288959625
-0.61	0.000314920332221416
-0.59	0.00035685849136569
-0.57	0.000402586762852824
-0.55	0.000452358559734588
-0.53	0.000506446196653052
-0.51	0.000565142520763001
-0.49	0.000628762704946095
-0.47	0.000697646221759707
-0.45	0.000772159018932507
-0.429999999999999	0.00085269591992885
-0.409999999999999	0.000939683276209302
-0.389999999999999	0.00103358190137939
-0.369999999999999	0.00113489032151831
-0.349999999999999	0.00124414838070311
-0.329999999999999	0.00136194124619803
-0.309999999999999	0.00148890386408737
-0.289999999999999	0.00162572592344478
-0.269999999999999	0.00177315739562834
-0.249999999999999	0.0019320147251836
-0.229999999999999	0.00210318776038068
-0.209999999999999	0.00228764752491419
-0.189999999999999	0.00248645494812563
-0.169999999999999	0.0027007706897164
-0.149999999999999	0.00293186621684691
-0.129999999999999	0.00318113631742668
-0.109999999999999	0.00345011326409649
-0.0899999999999994	0.00374048287987597
-0.0699999999999994	0.00405410279991204
-0.0499999999999994	0.00439302327571279
-0.0299999999999994	0.00475951093053975
-0.00999999999999938	0.0051560759495634
0.0100000000000006	0.00558550327883107
0.0300000000000006	0.00605088851665187
0.0500000000000006	0.00655567931419151
0.0700000000000006	0.00710372326460534
0.0900000000000006	0.00769932345917299
0.110000000000001	0.00834730313387662
0.130000000000001	0.00905308113253895
0.150000000000001	0.00982276028826697
0.170000000000001	0.0106632312932995
0.190000000000001	0.0115822952141752
0.210000000000001	0.0125888085481439
0.230000000000001	0.0136928556523996
0.250000000000001	0.0149059545689826
0.270000000000001	0.0162413037938762
0.290000000000001	0.0177140795048535
0.310000000000001	0.019341795312656
0.330000000000001	0.0211447399302598
0.350000000000001	0.0231465125355176
0.370000000000001	0.0253746814087561
0.390000000000001	0.0278615991853773
0.410000000000001	0.0306454185196092
0.430000000000001	0.0337713661758349
0.450000000000001	0.0372933530913644
0.470000000000001	0.041276025047481
0.490000000000001	0.0457973965913229
0.510000000000001	0.0509522647973095
0.530000000000001	0.0568566770042359
0.550000000000001	0.0636538396668888
0.570000000000001	0.0715220225683377
0.590000000000001	0.080685263721181
0.610000000000001	0.0914280641244819
0.630000000000001	0.104115859506109
0.650000000000001	0.119224007162431
0.670000000000001	0.137379573186496
0.690000000000001	0.159422786572875
0.710000000000001	0.186499454957929
0.730000000000001	0.220203475044374
0.750000000000001	0.262802942345162
0.770000000000001	0.31761079112199
0.790000000000001	0.38961569271389
0.810000000000001	0.486604410051681
0.830000000000001	0.621265830888605
0.850000000000001	0.815393023078841
0.870000000000001	1.10895736489009
0.890000000000001	1.58174688195392
0.910000000000001	2.41216909837635
0.930000000000001	4.06886454188842
0.950000000000001	8.13196890141207
0.970000000000001	22.9942036145337
0.990000000000001	208.433010895104
