# Program settings for SigmaNu
# Electroweak scheme and input parameters
# Scheme = Complex mass scheme
# alpha_GF = 0.00755898078237864
# Pole masses/widths for particles [GeV]
# mw = 80.35797361
# gw = 2.084298894
# mz = 91.15348062
# gz = 2.494266379
# s^2_thetaw (derived) = (0.222868505240788,-0.00110716741475141)
# charged leptons
# m_e = 0.0005109989461
# m_m = 0.10565837
# m_t = 1.77686
# quarks
# m_d = 0.05
# m_u = 0.05
# m_s = 0.2
# m_c = 1.51
# m_b = 4.92
# m_t = 173
# Ecms (default) = 0.578046

# channel_id = 13
# process  = nu_e nu_m~ -> e- m+
-0.99	1.00662681450331e-06
-0.97	3.78272520185322e-06
-0.95	7.57634473600652e-06
-0.93	1.23874884682972e-05
-0.91	1.82161594500684e-05
-0.89	2.50623607326722e-05
-0.87	3.29260953674703e-05
-0.85	4.18073664058329e-05
-0.83	5.170617689914e-05
-0.81	6.26225298987803e-05
-0.79	7.45564284561519e-05
-0.77	8.75078756226618e-05
-0.75	0.000101476874449726
-0.73	0.000116463427988771
-0.71	0.00013246753929123
-0.69	0.000149489211408548
-0.67	0.000167528447392177
-0.65	0.00018658525029358
-0.63	0.000206659623164227
-0.61	0.000227751569055599
-0.59	0.000249861091019185
-0.57	0.000272988192106484
-0.55	0.000297132875369004
-0.53	0.000322295143858262
-0.51	0.000348475000625784
-0.49	0.000375672448723104
-0.47	0.000403887491201768
-0.45	0.000433120131113329
-0.429999999999999	0.00046337037150935
-0.409999999999999	0.000494638215441402
-0.389999999999999	0.000526923665961066
-0.369999999999999	0.000560226726119932
-0.349999999999999	0.000594547398969601
-0.329999999999999	0.00062988568756168
-0.309999999999999	0.000666241594947786
-0.289999999999999	0.000703615124179547
-0.269999999999999	0.000742006278308598
-0.249999999999999	0.000781415060386585
-0.229999999999999	0.000821841473465161
-0.209999999999999	0.00086328552059599
-0.189999999999999	0.000905747204830744
-0.169999999999999	0.000949226529221105
-0.149999999999999	0.000993723496818764
-0.129999999999999	0.00103923811067542
-0.109999999999999	0.00108577037384278
-0.0899999999999994	0.00113332028937257
-0.0699999999999994	0.00118188786031651
-0.0499999999999994	0.00123147308972634
-0.0299999999999994	0.0012820759806538
-0.00999999999999938	0.00133369653615066
0.0100000000000006	0.00138633475926866
0.0300000000000006	0.00143999065305959
0.0500000000000006	0.00149466422057523
0.0700000000000006	0.00155035546486738
0.0900000000000006	0.00160706438898782
0.110000000000001	0.00166479099598837
0.130000000000001	0.00172353528892085
0.150000000000001	0.00178329727083709
0.170000000000001	0.00184407694478892
0.190000000000001	0.00190587431382819
0.210000000000001	0.00196868938100676
0.230000000000001	0.00203252214937649
0.250000000000001	0.00209737262198925
0.270000000000001	0.00216324080189693
0.290000000000001	0.00223012669215142
0.310000000000001	0.00229803029580462
0.330000000000001	0.00236695161590844
0.350000000000001	0.0024368906555148
0.370000000000001	0.00250784741767563
0.390000000000001	0.00257982190544287
0.410000000000001	0.00265281412186846
0.430000000000001	0.00272682407000436
0.450000000000001	0.00280185175290254
0.470000000000001	0.00287789717361497
0.490000000000001	0.00295496033519363
0.510000000000001	0.00303304124069051
0.530000000000001	0.00311213989315763
0.550000000000001	0.00319225629564698
0.570000000000001	0.00327339045121059
0.590000000000001	0.00335554236290049
0.610000000000001	0.00343871203376871
0.630000000000001	0.00352289946686731
0.650000000000001	0.00360810466524835
0.670000000000001	0.00369432763196387
0.690000000000001	0.00378156837006597
0.710000000000001	0.00386982688260673
0.730000000000001	0.00395910317263824
0.750000000000001	0.0040493972432126
0.770000000000001	0.00414070909738192
0.790000000000001	0.00423303873819833
0.810000000000001	0.00432638616871395
0.830000000000001	0.00442075139198092
0.850000000000001	0.0045161344110514
0.870000000000001	0.00461253522897754
0.890000000000001	0.0047099538488115
0.910000000000001	0.00480839027360547
0.930000000000001	0.00490784450641162
0.950000000000001	0.00500831655028215
0.970000000000001	0.00510980640826927
0.990000000000001	0.00521231408342518
