# Program settings for SigmaNu
# Electroweak scheme and input parameters
# Scheme = Complex mass scheme
# alpha_GF = 0.00755898078237864
# Pole masses/widths for particles [GeV]
# mw = 80.35797361
# gw = 2.084298894
# mz = 91.15348062
# gz = 2.494266379
# s^2_thetaw (derived) = (0.222868505240788,-0.00110716741475141)
# charged leptons
# m_e = 0.0005109989461
# m_m = 0.10565837
# m_t = 1.77686
# quarks
# m_d = 0.05
# m_u = 0.05
# m_s = 0.2
# m_c = 1.51
# m_b = 4.92
# m_t = 173
# Ecms (default) = 24.0703

# channel_id = 13
# process  = nu_e nu_m~ -> e- m+
-0.99	0.000206644758011792
-0.97	0.0018581008910512
-0.95	0.0051672536392208
-0.93	0.0101423077530073
-0.91	0.0167915086403059
-0.89	0.0251231425904501
-0.87	0.0351455369996336
-0.85	0.0468670605977276
-0.83	0.0602961236765117
-0.81	0.0754411783193191
-0.79	0.0923107186321157
-0.77	0.110913280976013
-0.75	0.131257444201233
-0.73	0.153351829882532
-0.71	0.177205102556091
-0.69	0.202825969957888
-0.67	0.23022318326356
-0.65	0.259405537329763
-0.63	0.290381870937047
-0.61	0.323161067034245
-0.59	0.357752052984402
-0.57	0.394163800812244
-0.55	0.432405327453198
-0.53	0.472485695003977
-0.51	0.514414010974746
-0.49	0.55819942854287
-0.47	0.603851146808258
-0.45	0.651378411050322
-0.429999999999999	0.700790512986551
-0.409999999999999	0.752096791032722
-0.389999999999999	0.80530663056475
-0.369999999999999	0.860429464182198
-0.349999999999999	0.917474771973446
-0.329999999999999	0.97645208178255
-0.309999999999999	1.03737096947778
-0.289999999999999	1.10024105922188
-0.269999999999999	1.165072023744
-0.249999999999999	1.23187358461341
-0.229999999999999	1.30065551251494
-0.209999999999999	1.3714276275261
-0.189999999999999	1.4441997993961
-0.169999999999999	1.51898194782652
-0.149999999999999	1.59578404275382
-0.129999999999999	1.67461610463369
-0.109999999999999	1.75548820472712
-0.0899999999999994	1.83841046538843
-0.0699999999999994	1.92339306035499
-0.0499999999999994	2.01044621503891
-0.0299999999999994	2.09958020682057
-0.00999999999999938	2.190805365344
0.0100000000000006	2.28413207281417
0.0300000000000006	2.37957076429622
0.0500000000000006	2.47713192801657
0.0700000000000006	2.57682610566596
0.0900000000000006	2.67866389270451
0.110000000000001	2.78265593866865
0.130000000000001	2.8888129474801
0.150000000000001	2.99714567775683
0.170000000000001	3.10766494312596
0.190000000000001	3.22038161253881
0.210000000000001	3.33530661058782
0.230000000000001	3.45245091782571
0.250000000000001	3.57182557108655
0.270000000000001	3.69344166380897
0.290000000000001	3.81731034636148
0.310000000000001	3.94344282636989
0.330000000000001	4.07185036904684
0.350000000000001	4.20254429752349
0.370000000000001	4.33553599318338
0.390000000000001	4.47083689599841
0.410000000000001	4.60845850486709
0.430000000000001	4.74841237795491
0.450000000000001	4.89071013303699
0.470000000000001	5.03536344784298
0.490000000000001	5.18238406040412
0.510000000000001	5.33178376940272
0.530000000000001	5.48357443452375
0.550000000000001	5.63776797680892
0.570000000000001	5.7943763790129
0.590000000000001	5.95341168596206
0.610000000000001	6.11488600491541
0.630000000000001	6.27881150592797
0.650000000000001	6.44520042221659
0.670000000000001	6.61406505052807
0.690000000000001	6.7854177515098
0.710000000000001	6.9592709500828
0.730000000000001	7.13563713581719
0.750000000000001	7.31452886331022
0.770000000000001	7.49595875256674
0.790000000000001	7.67993948938219
0.810000000000001	7.86648382572817
0.830000000000001	8.0556045801405
0.850000000000001	8.24731463810992
0.870000000000001	8.4416269524753
0.890000000000001	8.63855454381959
0.910000000000001	8.83811050086824
0.930000000000001	9.04030798089042
0.950000000000001	9.24516021010282
0.970000000000001	9.45268048407615
0.990000000000001	9.66288216814444
