# Program settings for SigmaNu
# Electroweak scheme and input parameters
# Scheme = Complex mass scheme
# alpha_GF = 0.00755898078237864
# Pole masses/widths for particles [GeV]
# mw = 80.35797361
# gw = 2.084298894
# mz = 91.15348062
# gz = 2.494266379
# s^2_thetaw (derived) = (0.222868505240788,-0.00110716741475141)
# charged leptons
# m_e = 0.0005109989461
# m_m = 0.10565837
# m_t = 1.77686
# quarks
# m_d = 0.05
# m_u = 0.05
# m_s = 0.2
# m_c = 1.51
# m_b = 4.92
# m_t = 173
# Ecms (default) = 0.362056

# channel_id = 13
# process  = nu_e nu_m~ -> e- m+
-0.99	8.30382558104243e-07
-0.97	2.74423670157246e-06
-0.95	4.99654310432008e-06
-0.93	7.58730214321054e-06
-0.91	1.05165141951078e-05
-0.89	1.37841796368761e-05
-0.87	1.73902988453802e-05
-0.85	2.13348721974851e-05
-0.83	2.56179000700567e-05
-0.81	3.02393828399608e-05
-0.79	3.51993208840638e-05
-0.77	4.04977145792325e-05
-0.75	4.61345643023342e-05
-0.73	5.21098704302366e-05
-0.71	5.84236333398078e-05
-0.69	6.50758534079161e-05
-0.67	7.20665310114307e-05
-0.65	7.93956665272208e-05
-0.63	8.70632603321563e-05
-0.61	9.50693128031071e-05
-0.59	0.000103413824316944
-0.57	0.000112096795250538
-0.55	0.000121118225980761
-0.53	0.000130478116884484
-0.51	0.00014017646833858
-0.49	0.000150213280719921
-0.47	0.00016058855440538
-0.45	0.000171302289771832
-0.429999999999999	0.00018235448719615
-0.409999999999999	0.000193745147055208
-0.389999999999999	0.000205474269725882
-0.369999999999999	0.000217541855585046
-0.349999999999999	0.000229947905009575
-0.329999999999999	0.000242692418376347
-0.309999999999999	0.000255775396062238
-0.289999999999999	0.000269196838444124
-0.269999999999999	0.000282956745898883
-0.249999999999999	0.000297055118803393
-0.229999999999999	0.000311491957534531
-0.209999999999999	0.000326267262469177
-0.189999999999999	0.000341381033984208
-0.169999999999999	0.000356833272456506
-0.149999999999999	0.000372623978262949
-0.129999999999999	0.000388753151780418
-0.109999999999999	0.000405220793385793
-0.0899999999999994	0.000422026903455956
-0.0699999999999994	0.000439171482367788
-0.0499999999999994	0.000456654530498171
-0.0299999999999994	0.000474476048223987
-0.00999999999999938	0.00049263603592212
0.0100000000000006	0.000511134493969451
0.0300000000000006	0.000529971422742866
0.0500000000000006	0.000549146822619248
0.0700000000000006	0.000568660693975481
0.0900000000000006	0.000588513037188451
0.110000000000001	0.000608703852635042
0.130000000000001	0.00062923314069214
0.150000000000001	0.000650100901736631
0.170000000000001	0.000671307136145403
0.190000000000001	0.000692851844295341
0.210000000000001	0.000714735026563334
0.230000000000001	0.000736956683326269
0.250000000000001	0.000759516814961035
0.270000000000001	0.000782415421844519
0.290000000000001	0.000805652504353612
0.310000000000001	0.000829228062865202
0.330000000000001	0.000853142097756179
0.350000000000001	0.000877394609403434
0.370000000000001	0.000901985598183858
0.390000000000001	0.000926915064474341
0.410000000000001	0.000952183008651776
0.430000000000001	0.000977789431093054
0.450000000000001	0.00100373433217507
0.470000000000001	0.00103001771227471
0.490000000000001	0.00105663957176887
0.510000000000001	0.00108359991103445
0.530000000000001	0.00111089873044834
0.550000000000001	0.00113853603038744
0.570000000000001	0.00116651181122863
0.590000000000001	0.00119482607334881
0.610000000000001	0.00122347881712489
0.630000000000001	0.00125247004293375
0.650000000000001	0.0012817997511523
0.670000000000001	0.00131146794215743
0.690000000000001	0.00134147461632603
0.710000000000001	0.00137181977403501
0.730000000000001	0.00140250341566126
0.750000000000001	0.00143352554158168
0.770000000000001	0.00146488615217318
0.790000000000001	0.00149658524781265
0.810000000000001	0.00152862282887699
0.830000000000001	0.0015609988957431
0.850000000000001	0.00159371344878788
0.870000000000001	0.00162676648838824
0.890000000000001	0.00166015801492107
0.910000000000001	0.00169388802876327
0.930000000000001	0.00172795653029176
0.950000000000001	0.00176236351988343
0.970000000000001	0.00179710899791519
0.990000000000001	0.00183219296476393
