# Program settings for SigmaNu
# Electroweak scheme and input parameters
# Scheme = Complex mass scheme
# alpha_GF = 0.00755898078237864
# Pole masses/widths for particles [GeV]
# mw = 80.35797361
# gw = 2.084298894
# mz = 91.15348062
# gz = 2.494266379
# s^2_thetaw (derived) = (0.222868505240788,-0.00110716741475141)
# charged leptons
# m_e = 0.0005109989461
# m_m = 0.10565837
# m_t = 1.77686
# quarks
# m_d = 0.05
# m_u = 0.05
# m_s = 0.2
# m_c = 1.51
# m_b = 4.92
# m_t = 173
# Ecms (default) = 41166.4

# channel_id = 13
# process  = nu_e nu_m~ -> e- m+
-0.99	1.04837400717648e-08
-0.97	9.62791883689703e-08
-0.95	2.72956295146091e-07
-0.93	5.46139710372827e-07
-0.91	9.21808146972481e-07
-0.89	1.4063194491403e-06
-0.87	2.00643768018153e-06
-0.85	2.72936241412524e-06
-0.83	3.58276043425808e-06
-0.81	4.57480006276705e-06
-0.79	5.71418836915587e-06
-0.77	7.01021153131607e-06
-0.75	8.47277865244475e-06
-0.73	1.01124693698109e-05
-0.71	1.19405856281451e-05
-0.69	1.39692080316883e-05
-0.67	1.62112572353007e-05
-0.65	1.86805608871864e-05
-0.63	2.13919266945504e-05
-0.61	2.43612222497886e-05
-0.59	2.7605462329686e-05
-0.57	3.11429044648062e-05
-0.55	3.49931536722221e-05
-0.53	3.91772773536215e-05
-0.51	4.37179314845573e-05
-0.49	4.86394993614486e-05
-0.47	5.39682443334904e-05
-0.45	5.97324781299698e-05
-0.429999999999999	6.59627466032113e-05
-0.409999999999999	7.26920349476817e-05
-0.389999999999999	7.99559947316596e-05
-0.369999999999999	8.77931953951465e-05
-0.349999999999999	9.62454032332795e-05
-0.329999999999999	0.000105357891306584
-0.309999999999999	0.000115179784207691
-0.289999999999999	0.000125764442180186
-0.269999999999999	0.00013716988974287
-0.249999999999999	0.000149459294738325
-0.229999999999999	0.000162701504618145
-0.209999999999999	0.000176971647822239
-0.189999999999999	0.00019235180933486
-0.169999999999999	0.000208931790940281
-0.149999999999999	0.000226809968398197
-0.129999999999999	0.000246094259764274
-0.109999999999999	0.000266903221457209
-0.0899999999999994	0.000289367291496654
-0.0699999999999994	0.000313630202700457
-0.0499999999999994	0.000339850592650702
-0.0299999999999994	0.000368203842059507
-0.00999999999999938	0.000398884178965665
0.0100000000000006	0.000432107093194326
0.0300000000000006	0.000468112113992411
0.0500000000000006	0.000507166014062537
0.0700000000000006	0.000549566515800372
0.0900000000000006	0.000595646590955834
0.110000000000001	0.000645779463903449
0.130000000000001	0.0007003844521389
0.150000000000001	0.000759933806699067
0.170000000000001	0.00082496075146226
0.190000000000001	0.000896068965717277
0.210000000000001	0.000973943811605889
0.230000000000001	0.00105936568048582
0.250000000000001	0.00115322592449772
0.270000000000001	0.00125654595775034
0.290000000000001	0.0013705002637706
0.310000000000001	0.00149644424332142
0.330000000000001	0.00163594809456583
0.350000000000001	0.00179083825677701
0.370000000000001	0.0019632483984405
0.390000000000001	0.00215568253144285
0.410000000000001	0.00237109364283718
0.430000000000001	0.00261298233704563
0.450000000000001	0.00288552149383803
0.470000000000001	0.00319371504599017
0.490000000000001	0.00354360192451945
0.510000000000001	0.00394252039839858
0.530000000000001	0.00439945404330874
0.550000000000001	0.00492548932897104
0.570000000000001	0.00553442776226849
0.590000000000001	0.00624361497898242
0.610000000000001	0.00707507892191845
0.630000000000001	0.00805711558554822
0.650000000000001	0.00922653451602672
0.670000000000001	0.0106318961872381
0.690000000000001	0.0123382734827719
0.710000000000001	0.0144344128648356
0.730000000000001	0.0170437786536205
0.750000000000001	0.0203420785161473
0.770000000000001	0.024585995885705
0.790000000000001	0.0301621069511103
0.810000000000001	0.0376739218939319
0.830000000000001	0.0481051001811638
0.850000000000001	0.0631455185474547
0.870000000000001	0.0858956785918853
0.890000000000001	0.122547311333816
0.910000000000001	0.186953626306475
0.930000000000001	0.315536572734151
0.950000000000001	0.631280769984401
0.970000000000001	1.78934897397628
0.990000000000001	16.4161076485273
