# Program settings for SigmaNu
# Electroweak scheme and input parameters
# Scheme = Complex mass scheme
# alpha_GF = 0.00755898078237864
# Pole masses/widths for particles [GeV]
# mw = 80.35797361
# gw = 2.084298894
# mz = 91.15348062
# gz = 2.494266379
# s^2_thetaw (derived) = (0.222868505240788,-0.00110716741475141)
# charged leptons
# m_e = 0.0005109989461
# m_m = 0.10565837
# m_t = 1.77686
# quarks
# m_d = 0.05
# m_u = 0.05
# m_s = 0.2
# m_c = 1.51
# m_b = 4.92
# m_t = 173
# Ecms (default) = 3653.86

# channel_id = 13
# process  = nu_e nu_m~ -> e- m+
-0.99	1.32947290891966e-06
-0.97	1.22093169786807e-05
-0.95	3.46136753381495e-05
-0.93	6.92554451075897e-05
-0.91	0.000116892376585394
-0.89	0.000178330247319149
-0.87	0.000254426291750135
-0.85	0.000346092909737042
-0.83	0.000454301679652455
-0.81	0.000580087704405996
-0.79	0.000724554321715496
-0.77	0.000888878213261181
-0.75	0.00107431495106254
-0.73	0.00128220502356419
-0.71	0.00151398038856412
-0.69	0.00177117160533193
-0.67	0.00205541560412315
-0.65	0.00236846415788568
-0.63	0.00271219312837855
-0.61	0.0030886125672967
-0.59	0.00349987776245457
-0.57	0.00394830132978117
-0.55	0.00443636646400024
-0.53	0.0049667414746214
-0.51	0.00554229574949461
-0.49	0.00616611730596436
-0.47	0.00684153210993306
-0.45	0.00757212536629139
-0.429999999999999	0.00836176501064975
-0.409999999999999	0.00921462766264147
-0.389999999999999	0.0101352273358902
-0.369999999999999	0.0111284472397777
-0.349999999999999	0.0121995750542864
-0.329999999999999	0.0133543421124515
-0.309999999999999	0.0145989669865687
-0.289999999999999	0.0159402040457188
-0.269999999999999	0.017385397635125
-0.249999999999999	0.0189425426244366
-0.229999999999999	0.0206203521847145
-0.209999999999999	0.0224283337856839
-0.189999999999999	0.0243768745593181
-0.169999999999999	0.0264773373574003
-0.149999999999999	0.0287421690446566
-0.129999999999999	0.0311850228218217
-0.109999999999999	0.0338208966724296
-0.0899999999999994	0.0366662903828549
-0.0699999999999994	0.0397393840089759
-0.0499999999999994	0.0430602411693791
-0.0299999999999994	0.0466510411523093
-0.00999999999999938	0.0505363445539998
0.0100000000000006	0.0547433980475515
0.0300000000000006	0.059302484949146
0.0500000000000006	0.0642473295460966
0.0700000000000006	0.0696155647346367
0.0900000000000006	0.0754492744549326
0.110000000000001	0.0817956247965011
0.130000000000001	0.0887076005941756
0.150000000000001	0.0962448679913486
0.170000000000001	0.104474788005449
0.190000000000001	0.113473611840579
0.210000000000001	0.123327895881409
0.230000000000001	0.134136183402456
0.250000000000001	0.146011011610101
0.270000000000001	0.159081317465543
0.290000000000001	0.173495334843197
0.310000000000001	0.189424100353365
0.330000000000001	0.207065717502016
0.350000000000001	0.226650571392135
0.370000000000001	0.248447742526566
0.390000000000001	0.272772943548254
0.410000000000001	0.299998404164344
0.430000000000001	0.330565267362736
0.450000000000001	0.36499924926122
0.470000000000001	0.403930577353528
0.490000000000001	0.448119589860313
0.510000000000001	0.49848990088341
0.530000000000001	0.556171785993298
0.550000000000001	0.622559535015193
0.570000000000001	0.699388132746047
0.590000000000001	0.788837051607346
0.610000000000001	0.893672641882558
0.630000000000001	1.0174463668617
0.650000000000001	1.16477528480355
0.670000000000001	1.34174605806155
0.690000000000001	1.5565085633072
0.710000000000001	1.8201676579748
0.730000000000001	2.14815674426488
0.750000000000001	2.56241422000464
0.770000000000001	3.09494572113755
0.790000000000001	3.79387704935824
0.810000000000001	4.73419988400355
0.830000000000001	6.03786641868893
0.850000000000001	7.91380001518738
0.870000000000001	10.7439704690472
0.890000000000001	15.2876539713647
0.910000000000001	23.2328934389986
0.930000000000001	38.9767002676366
0.950000000000001	77.1423185717608
0.970000000000001	213.270971223019
0.990000000000001	1735.03436132103
