# Program settings for SigmaNu
# Electroweak scheme and input parameters
# Scheme = Complex mass scheme
# alpha_GF = 0.00755898078237864
# Pole masses/widths for particles [GeV]
# mw = 80.35797361
# gw = 2.084298894
# mz = 91.15348062
# gz = 2.494266379
# s^2_thetaw (derived) = (0.222868505240788,-0.00110716741475141)
# charged leptons
# m_e = 0.0005109989461
# m_m = 0.10565837
# m_t = 1.77686
# quarks
# m_d = 0.05
# m_u = 0.05
# m_s = 0.2
# m_c = 1.51
# m_b = 4.92
# m_t = 173
# Ecms (default) = 1.15018

# channel_id = 13
# process  = nu_e nu_m~ -> e- m+
-0.99	1.46851399886355e-06
-0.97	7.66618796355617e-06
-0.95	1.82115330648361e-05
-0.93	3.31046022474864e-05
-0.91	5.23454484569345e-05
-0.89	7.59341246392536e-05
-0.87	0.00010387068374116
-0.85	0.000136155178710016
-0.83	0.000172787662493827
-0.81	0.000213768188041245
-0.79	0.000259096808301565
-0.77	0.000308773576224728
-0.75	0.000362798544761318
-0.73	0.000421171766862565
-0.71	0.000483893295480343
-0.69	0.000550963183567172
-0.67	0.000622381484076216
-0.65	0.000698148249961281
-0.63	0.000778263534176824
-0.61	0.000862727389677939
-0.59	0.000951539869420372
-0.57	0.00104470102636051
-0.55	0.00114221091345538
-0.53	0.00124406958366266
-0.51	0.00135027708994069
-0.49	0.00146083348524841
-0.47	0.00157573882254544
-0.45	0.00169499315479205
-0.429999999999999	0.00181859653494912
-0.409999999999999	0.00194654901597821
-0.389999999999999	0.0020788506508415
-0.369999999999999	0.00221550149250184
-0.349999999999999	0.0023565015939227
-0.329999999999999	0.0025018510080682
-0.309999999999999	0.00265154978790313
-0.289999999999999	0.00280559798639288
-0.269999999999999	0.00296399565650353
-0.249999999999999	0.00312674285120178
-0.229999999999999	0.00329383962345496
-0.209999999999999	0.00346528602623109
-0.189999999999999	0.00364108211249881
-0.169999999999999	0.00382122793522738
-0.149999999999999	0.00400572354738675
-0.129999999999999	0.00419456900194748
-0.109999999999999	0.00438776435188081
-0.0899999999999994	0.00458530965015858
-0.0699999999999994	0.00478720494975332
-0.0499999999999994	0.00499345030363817
-0.0299999999999994	0.00520404576478693
-0.00999999999999938	0.00541899138617405
0.0100000000000006	0.00563828722077462
0.0300000000000006	0.00586193332156436
0.0500000000000006	0.00608992974151967
0.0700000000000006	0.00632227653361757
0.0900000000000006	0.00655897375083571
0.110000000000001	0.00680002144615242
0.130000000000001	0.00704541967254666
0.150000000000001	0.00729516848299803
0.170000000000001	0.00754926793048679
0.190000000000001	0.00780771806799381
0.210000000000001	0.00807051894850065
0.230000000000001	0.00833767062498949
0.250000000000001	0.00860917315044316
0.270000000000001	0.00888502657784514
0.290000000000001	0.00916523096017954
0.310000000000001	0.00944978635043113
0.330000000000001	0.00973869280158532
0.350000000000001	0.0100319503666282
0.370000000000001	0.0103295590985464
0.390000000000001	0.0106315190503273
0.410000000000001	0.0109378302749589
0.430000000000001	0.0112484928254298
0.450000000000001	0.0115635067547293
0.470000000000001	0.0118828721158474
0.490000000000001	0.0122065889617746
0.510000000000001	0.0125346573455021
0.530000000000001	0.0128670773200218
0.550000000000001	0.0132038489383262
0.570000000000001	0.0135449722534084
0.590000000000001	0.0138904473182623
0.610000000000001	0.0142402741858823
0.630000000000001	0.0145944529092635
0.650000000000001	0.0149529835414015
0.670000000000001	0.0153158661352929
0.690000000000001	0.0156831007439346
0.710000000000001	0.0160546874203243
0.730000000000001	0.0164306262174603
0.750000000000001	0.0168109171883415
0.770000000000001	0.0171955603859676
0.790000000000001	0.0175845558633388
0.810000000000001	0.0179779036734561
0.830000000000001	0.0183756038693209
0.850000000000001	0.0187776565039354
0.870000000000001	0.0191840616303025
0.890000000000001	0.0195948193014257
0.910000000000001	0.0200099295703091
0.930000000000001	0.0204293924899573
0.950000000000001	0.020853208113376
0.970000000000001	0.0212813764935711
0.990000000000001	0.0217138976835493
