# Program settings for SigmaNu
# Electroweak scheme and input parameters
# Scheme = Complex mass scheme
# alpha_GF = 0.00755898078237864
# Pole masses/widths for particles [GeV]
# mw = 80.35797361
# gw = 2.084298894
# mz = 91.15348062
# gz = 2.494266379
# s^2_thetaw (derived) = (0.222868505240788,-0.00110716741475141)
# charged leptons
# m_e = 0.0005109989461
# m_m = 0.10565837
# m_t = 1.77686
# quarks
# m_d = 0.05
# m_u = 0.05
# m_s = 0.2
# m_c = 1.51
# m_b = 4.92
# m_t = 173
# Ecms (default) = 1.03029

# channel_id = 13
# process  = nu_e nu_m~ -> e- m+
-0.99	1.35463361649042e-06
-0.97	6.66397782597227e-06
-0.95	1.54402429707235e-05
-0.93	2.76834628575067e-05
-0.91	4.33936712934142e-05
-0.89	6.2570902085868e-05
-0.87	8.52151890426194e-05
-0.85	0.000111326565971749
-0.83	0.000140905066681668
-0.81	0.000173950724981116
-0.79	0.000210463574679163
-0.77	0.000250443649585209
-0.75	0.000293890983508982
-0.73	0.000340805610260542
-0.71	0.000391187563650276
-0.69	0.000445036877488902
-0.67	0.000502353585587469
-0.65	0.000563137721757352
-0.63	0.000627389319810259
-0.61	0.000695108413558226
-0.59	0.000766295036813621
-0.57	0.000840949223389136
-0.55	0.000919071007097799
-0.53	0.00100066042175296
-0.51	0.00108571750116832
-0.49	0.00117424227915787
-0.47	0.00126623478953597
-0.45	0.00136169506611729
-0.429999999999999	0.00146062314271683
-0.409999999999999	0.00156301905314993
-0.389999999999999	0.00166888283123224
-0.369999999999999	0.00177821451077977
-0.349999999999999	0.00189101412560882
-0.329999999999999	0.00200728170953606
-0.309999999999999	0.00212701729637847
-0.289999999999999	0.00225022091995336
-0.269999999999999	0.00237689261407836
-0.249999999999999	0.00250703241257145
-0.229999999999999	0.00264064034925092
-0.209999999999999	0.00277771645793542
-0.189999999999999	0.00291826077244389
-0.169999999999999	0.00306227332659564
-0.149999999999999	0.00320975415421026
-0.129999999999999	0.00336070328910773
-0.109999999999999	0.0035151207651083
-0.0899999999999994	0.0036730066160326
-0.0699999999999994	0.00383436087570156
-0.0499999999999994	0.00399918357793645
-0.0299999999999994	0.00416747475655886
-0.00999999999999938	0.00433923444539072
0.0100000000000006	0.0045144626782543
0.0300000000000006	0.00469315948897217
0.0500000000000006	0.00487532491136725
0.0700000000000006	0.0050609589792628
0.0900000000000006	0.00525006172648237
0.110000000000001	0.00544263318684989
0.130000000000001	0.00563867339418958
0.150000000000001	0.00583818238232602
0.170000000000001	0.00604116018508409
0.190000000000001	0.00624760683628903
0.210000000000001	0.00645752236976638
0.230000000000001	0.00667090681934203
0.250000000000001	0.00688776021884219
0.270000000000001	0.00710808260209342
0.290000000000001	0.00733187400292258
0.310000000000001	0.00755913445515688
0.330000000000001	0.00778986399262384
0.350000000000001	0.00802406264915134
0.370000000000001	0.00826173045856757
0.390000000000001	0.00850286745470104
0.410000000000001	0.00874747367138062
0.430000000000001	0.00899554914243548
0.450000000000001	0.00924709390169514
0.470000000000001	0.00950210798298944
0.490000000000001	0.00976059142014855
0.510000000000001	0.010022544247003
0.530000000000001	0.0102879664973835
0.550000000000001	0.0105568582051214
0.570000000000001	0.0108292194040481
0.590000000000001	0.0111050501279954
0.610000000000001	0.0113843504107954
0.630000000000001	0.0116671202862807
0.650000000000001	0.0119533597882841
0.670000000000001	0.0122430689506387
0.690000000000001	0.0125362478071779
0.710000000000001	0.0128328963917357
0.730000000000001	0.013133014738146
0.750000000000001	0.0134366028802434
0.770000000000001	0.0137436608518626
0.790000000000001	0.0140541886868389
0.810000000000001	0.0143681864190075
0.830000000000001	0.0146856540822043
0.850000000000001	0.0150065917102655
0.870000000000001	0.0153309993370274
0.890000000000001	0.0156588769963269
0.910000000000001	0.0159902247220009
0.930000000000001	0.016325042547887
0.950000000000001	0.016663330507823
0.970000000000001	0.0170050886356468
0.990000000000001	0.0173503169651969
