# Program settings for SigmaNu
# Electroweak scheme and input parameters
# Scheme = Complex mass scheme
# alpha_GF = 0.00755898078237864
# Pole masses/widths for particles [GeV]
# mw = 80.35797361
# gw = 2.084298894
# mz = 91.15348062
# gz = 2.494266379
# s^2_thetaw (derived) = (0.222868505240788,-0.00110716741475141)
# charged leptons
# m_e = 0.0005109989461
# m_m = 0.10565837
# m_t = 1.77686
# quarks
# m_d = 0.05
# m_u = 0.05
# m_s = 0.2
# m_c = 1.51
# m_b = 4.92
# m_t = 173
# Ecms (default) = 324.31

# channel_id = 13
# process  = nu_e nu_m~ -> e- m+
-0.99	0.000149860039157425
-0.97	0.00137462280165491
-0.95	0.00389242705444801
-0.93	0.00777853060245425
-0.91	0.0131126418905247
-0.89	0.0199792158268107
-0.87	0.0284677719633789
-0.85	0.0386732369463716
-0.83	0.0506963133316506
-0.81	0.0646438770651445
-0.79	0.0806294061523571
-0.77	0.0987734432913237
-0.75	0.119204095520671
-0.73	0.142057574242725
-0.71	0.167478779324608
-0.69	0.195621931362325
-0.67	0.22665125661886
-0.65	0.260741729622843
-0.63	0.29807987894595
-0.61	0.338864662271875
-0.59	0.383308417536109
-0.57	0.431637897663165
-0.55	0.484095397267368
-0.53	0.54093998062742
-0.51	0.60244882130807
-0.49	0.668918665001046
-0.47	0.740667428511157
-0.45	0.818035949344227
-0.429999999999999	0.901389902087222
-0.409999999999999	0.991121899737079
-0.389999999999999	1.0876538003683
-0.369999999999999	1.19143924207034
-0.349999999999999	1.30296643198158
-0.329999999999999	1.42276121855181
-0.309999999999999	1.5513904799444
-0.289999999999999	1.68946586581795
-0.269999999999999	1.83764793469408
-0.249999999999999	1.99665073482776
-0.229999999999999	2.16724688307307
-0.209999999999999	2.35027320382586
-0.189999999999999	2.54663699890063
-0.169999999999999	2.75732302936664
-0.149999999999999	2.98340130217525
-0.129999999999999	3.22603576815088
-0.109999999999999	3.48649405394314
-0.0899999999999994	3.76615836927351
-0.0699999999999994	4.06653775276499
-0.0499999999999994	4.38928184543653
-0.0299999999999994	4.73619641132273
-0.00999999999999938	5.10926086055441
0.0100000000000006	5.51064807271632
0.0300000000000006	5.94274686874392
0.0500000000000006	6.40818753970012
0.0700000000000006	6.909870912541
0.0900000000000006	7.45100151898118
0.110000000000001	8.03512553696239
0.130000000000001	8.66617429894814
0.150000000000001	9.34851431224207
0.170000000000001	10.0870049199462
0.190000000000001	10.8870649548561
0.210000000000001	11.7547500124428
0.230000000000001	12.6968423057248
0.250000000000001	13.7209554804573
0.270000000000001	14.8356572844657
0.290000000000001	16.0506136270612
0.310000000000001	17.3767583683243
0.330000000000001	18.8264941894907
0.350000000000001	20.4139311751088
0.370000000000001	22.1551713650869
0.390000000000001	24.0686496170038
0.410000000000001	26.1755437995922
0.430000000000001	28.5002708113657
0.450000000000001	31.071089448937
0.470000000000001	33.9208371021746
0.490000000000001	37.0878351337317
0.510000000000001	40.6170083168756
0.530000000000001	44.5612778592877
0.550000000000001	48.983306762094
0.570000000000001	53.9577026187066
0.590000000000001	59.5738194656183
0.610000000000001	65.9393514223223
0.630000000000001	73.1849832935858
0.650000000000001	81.4704672314561
0.670000000000001	90.9926456778646
0.690000000000001	101.996163787425
0.710000000000001	114.787948748961
0.730000000000001	129.757043016413
0.750000000000001	147.402170061003
0.770000000000001	168.370666264455
0.790000000000001	193.514447374251
0.810000000000001	223.972059779788
0.830000000000001	261.291644247661
0.850000000000001	307.61981776349
0.870000000000001	366.00004116476
0.890000000000001	440.859248368539
0.910000000000001	538.831366815765
0.930000000000001	670.212356474916
0.950000000000001	851.665744244477
0.970000000000001	1111.57254944032
0.990000000000001	1501.44177831286
