# Program settings for SigmaNu
# Electroweak scheme and input parameters
# Scheme = Complex mass scheme
# alpha_GF = 0.00755898078237864
# Pole masses/widths for particles [GeV]
# mw = 80.35797361
# gw = 2.084298894
# mz = 91.15348062
# gz = 2.494266379
# s^2_thetaw (derived) = (0.222868505240788,-0.00110716741475141)
# charged leptons
# m_e = 0.0005109989461
# m_m = 0.10565837
# m_t = 1.77686
# quarks
# m_d = 0.05
# m_u = 0.05
# m_s = 0.2
# m_c = 1.51
# m_b = 4.92
# m_t = 173
# Ecms (default) = 0.220616

# channel_id = 13
# process  = nu_e nu_m~ -> e- m+
-0.99	5.69353693873685e-07
-0.97	1.76237796633871e-06
-0.95	3.03051781253327e-06
-0.93	4.3737732586178e-06
-0.91	5.79214433075264e-06
-0.89	7.28563105509824e-06
-0.87	8.85423345781501e-06
-0.85	1.04979515650634e-05
-0.83	1.22167854030038e-05
-0.81	1.40107349977968e-05
-0.79	1.58798003756027e-05
-0.77	1.7823981562582e-05
-0.75	1.98432785848953e-05
-0.73	2.1937691468703e-05
-0.71	2.41072202401656e-05
-0.69	2.63518649254436e-05
-0.67	2.86716255506975e-05
-0.65	3.10665021420878e-05
-0.63	3.35364947257751e-05
-0.61	3.608160332792e-05
-0.59	3.87018279746829e-05
-0.57	4.13971686922244e-05
-0.55	4.41676255067052e-05
-0.53	4.70131984442857e-05
-0.51	4.99338875311266e-05
-0.49	5.29296927933885e-05
-0.47	5.60006142572319e-05
-0.45	5.91466519488176e-05
-0.429999999999999	6.2367805894306e-05
-0.409999999999999	6.56640761198579e-05
-0.389999999999999	6.90354626516339e-05
-0.369999999999999	7.24819655157946e-05
-0.349999999999999	7.60035847385008e-05
-0.329999999999999	7.9600320345913e-05
-0.309999999999999	8.32721723641919e-05
-0.289999999999999	8.70191408194983e-05
-0.269999999999999	9.08412257379929e-05
-0.249999999999999	9.47384271458362e-05
-0.229999999999999	9.87107450691892e-05
-0.209999999999999	0.000102758179534212
-0.189999999999999	0.000106880730567067
-0.169999999999999	0.000111078398193913
-0.149999999999999	0.000115351182440911
-0.129999999999999	0.000119699083334223
-0.109999999999999	0.000124122100900009
-0.0899999999999994	0.000128620235164429
-0.0699999999999994	0.000133193486153646
-0.0499999999999994	0.000137841853893818
-0.0299999999999994	0.000142565338411108
-0.00999999999999938	0.000147363939731676
0.0100000000000006	0.000152237657881683
0.0300000000000006	0.000157186492887289
0.0500000000000006	0.000162210444774656
0.0700000000000006	0.000167309513569945
0.0900000000000006	0.000172483699299315
0.110000000000001	0.000177733001988929
0.130000000000001	0.000183057421664947
0.150000000000001	0.000188456958353529
0.170000000000001	0.000193931612080838
0.190000000000001	0.000199481382873033
0.210000000000001	0.000205106270756276
0.230000000000001	0.000210806275756727
0.250000000000001	0.000216581397900547
0.270000000000001	0.000222431637213899
0.290000000000001	0.000228356993722941
0.310000000000001	0.000234357467453836
0.330000000000001	0.000240433058432744
0.350000000000001	0.000246583766685826
0.370000000000001	0.000252809592239244
0.390000000000001	0.000259110535119158
0.410000000000001	0.000265486595351729
0.430000000000001	0.000271937772963118
0.450000000000001	0.000278464067979487
0.470000000000001	0.000285065480426996
0.490000000000001	0.000291742010331806
0.510000000000001	0.00029849365772008
0.530000000000001	0.000305320422617976
0.550000000000001	0.000312222305051657
0.570000000000001	0.000319199305047283
0.590000000000001	0.000326251422631017
0.610000000000001	0.000333378657829018
0.630000000000001	0.000340581010667448
0.650000000000001	0.000347858481172468
0.670000000000001	0.00035521106937024
0.690000000000001	0.000362638775286923
0.710000000000001	0.000370141598948681
0.730000000000001	0.000377719540381672
0.750000000000001	0.00038537259961206
0.770000000000001	0.000393100776666004
0.790000000000001	0.000400904071569667
0.810000000000001	0.000408782484349209
0.830000000000001	0.000416736015030791
0.850000000000001	0.000424764663640575
0.870000000000001	0.000432868430204723
0.890000000000001	0.000441047314749394
0.910000000000001	0.000449301317300751
0.930000000000001	0.000457630437884954
0.950000000000001	0.000466034676528165
0.970000000000001	0.000474514033256546
0.990000000000001	0.000483068508096257
