# Program settings for SigmaNu
# Electroweak scheme and input parameters
# Scheme = Complex mass scheme
# alpha_GF = 0.00755898078237864
# Pole masses/widths for particles [GeV]
# mw = 80.35797361
# gw = 2.084298894
# mz = 91.15348062
# gz = 2.494266379
# s^2_thetaw (derived) = (0.222868505240788,-0.00110716741475141)
# charged leptons
# m_e = 0.0005109989461
# m_m = 0.10565837
# m_t = 1.77686
# quarks
# m_d = 0.05
# m_u = 0.05
# m_s = 0.2
# m_c = 1.51
# m_b = 4.92
# m_t = 173
# Ecms (default) = 33031.3

# channel_id = 13
# process  = nu_e nu_m~ -> e- m+
-0.99	1.62835409752564e-08
-0.97	1.49542627911115e-07
-0.95	4.23960780898141e-07
-0.93	8.48274290872692e-07
-0.91	1.43176938345984e-06
-0.89	2.18432115528921e-06
-0.87	3.11643564703813e-06
-0.85	4.23929533938881e-06
-0.83	5.56480838742318e-06
-0.81	7.10566194166602e-06
-0.79	8.875379940449e-06
-0.77	1.08883857989878e-05
-0.75	1.31600704660891e-05
-0.73	1.57068663703673e-05
-0.71	1.85463278349608e-05
-0.69	2.16972186038312e-05
-0.67	2.51796071947365e-05
-0.65	2.9014970874979e-05
-0.63	3.32263091472972e-05
-0.61	3.78382677362163e-05
-0.59	4.2877274181476e-05
-0.57	4.83716862767144e-05
-0.55	5.4351954740643e-05
-0.53	6.0850801677069e-05
-0.51	6.79034165723027e-05
-0.49	7.55476717972342e-05
-0.47	8.38243598307318e-05
-0.45	9.27774547057777e-05
-0.429999999999999	0.000102454400505491
-0.409999999999999	0.000112906430109447
-0.389999999999999	0.00012418891781916
-0.369999999999999	0.000136361769984417
-0.349999999999999	0.000149489858319929
-0.329999999999999	0.000163643501257352
-0.309999999999999	0.000178898999436143
-0.289999999999999	0.000195339232315845
-0.269999999999999	0.000213054323913825
-0.249999999999999	0.000232142386861603
-0.229999999999999	0.00025271035536066
-0.209999999999999	0.000274874919241679
-0.189999999999999	0.000298763573234326
-0.169999999999999	0.000324515797791553
-0.149999999999999	0.000352284390448457
-0.129999999999999	0.000382236969810375
-0.109999999999999	0.000414557677955126
-0.0899999999999994	0.000449449111418952
-0.0699999999999994	0.000487134516160692
-0.0499999999999994	0.000527860288144119
-0.0299999999999994	0.000571898828666939
-0.00999999999999938	0.000619551812573548
0.0100000000000006	0.000671153938362537
0.0300000000000006	0.000727077242371596
0.0500000000000006	0.000787736075235784
0.0700000000000006	0.000853592858357227
0.0900000000000006	0.000925164762067163
0.110000000000001	0.00100303147661685
0.130000000000001	0.0010878442835271
0.150000000000001	0.00118033667999245
0.170000000000001	0.00128133686535283
0.190000000000001	0.00139178246920825
0.210000000000001	0.00151273798961752
0.230000000000001	0.00164541552233631
0.250000000000001	0.00179119950530697
0.270000000000001	0.00195167638608743
0.290000000000001	0.00212867035634579
0.310000000000001	0.00232428660422582
0.330000000000001	0.00254096393590622
0.350000000000001	0.00278153914453492
0.370000000000001	0.00304932620308282
0.390000000000001	0.00334821429086075
0.410000000000001	0.00368278992116352
0.430000000000001	0.00405849014807541
0.450000000000001	0.00448179617954341
0.470000000000001	0.00496047998315208
0.490000000000001	0.00550392104340923
0.510000000000001	0.00612351691982451
0.530000000000001	0.00683322058562724
0.550000000000001	0.00765025112438122
0.570000000000001	0.00859604447080295
0.590000000000001	0.00969754109852137
0.610000000000001	0.0109889537541032
0.630000000000001	0.0125142303102104
0.650000000000001	0.0143305412860541
0.670000000000001	0.016513307845612
0.690000000000001	0.0191635968657355
0.710000000000001	0.0224192429077956
0.730000000000001	0.0264720009298939
0.750000000000001	0.0315947646979752
0.770000000000001	0.0381861900791989
0.790000000000001	0.0468466656168717
0.810000000000001	0.058513490636651
0.830000000000001	0.0747143512760672
0.850000000000001	0.0980737019413637
0.870000000000001	0.13340668554996
0.890000000000001	0.190328991255419
0.910000000000001	0.290353894430899
0.930000000000001	0.490040352371605
0.950000000000001	0.980355931414789
0.970000000000001	2.77848123425804
0.990000000000001	25.476443076251
