# Program settings for SigmaNu
# Electroweak scheme and input parameters
# Scheme = Complex mass scheme
# alpha_GF = 0.00755898078237864
# Pole masses/widths for particles [GeV]
# mw = 80.35797361
# gw = 2.084298894
# mz = 91.15348062
# gz = 2.494266379
# s^2_thetaw (derived) = (0.222868505240788,-0.00110716741475141)
# charged leptons
# m_e = 0.0005109989461
# m_m = 0.10565837
# m_t = 1.77686
# quarks
# m_d = 0.05
# m_u = 0.05
# m_s = 0.2
# m_c = 1.51
# m_b = 4.92
# m_t = 173
# Ecms (default) = 18.5326

# channel_id = 13
# process  = nu_e nu_m~ -> e- m+
-0.99	0.000131439416959972
-0.97	0.00117905096333825
-0.95	0.00327561681594556
-0.93	0.00642431822375823
-0.91	0.0106283460899544
-0.89	0.0158909010044794
-0.87	0.0222151932767358
-0.85	0.029604442968396
-0.83	0.0380618799263409
-0.81	0.0475907438157233
-0.79	0.0581942841531567
-0.77	0.0698757603400314
-0.75	0.0826384416959553
-0.73	0.0964856074923249
-0.71	0.111420546986022
-0.69	0.127446559453241
-0.67	0.14456695422344
-0.65	0.162785050713429
-0.63	0.182104178461586
-0.61	0.202527677162194
-0.59	0.224058896699929
-0.57	0.246701197184457
-0.55	0.270457948985183
-0.53	0.295332532766119
-0.51	0.321328339520895
-0.49	0.348448770607897
-0.47	0.376697237785542
-0.45	0.406077163247694
-0.429999999999999	0.436591979659204
-0.409999999999999	0.468245130191596
-0.389999999999999	0.50104006855889
-0.369999999999999	0.534980259053554
-0.349999999999999	0.570069176582602
-0.329999999999999	0.606310306703828
-0.309999999999999	0.643707145662182
-0.289999999999999	0.682263200426279
-0.269999999999999	0.721981988725059
-0.249999999999999	0.762867039084576
-0.229999999999999	0.804921890864937
-0.209999999999999	0.848150094297388
-0.189999999999999	0.892555210521524
-0.169999999999999	0.938140811622667
-0.149999999999999	0.984910480669369
-0.129999999999999	1.03286781175107
-0.109999999999999	1.08201641001589
-0.0899999999999994	1.13235989170859
-0.0699999999999994	1.18390188420866
-0.0499999999999994	1.23664602606856
-0.0299999999999994	1.29059596705209
-0.00999999999999938	1.34575536817296
0.0100000000000006	1.40212790173346
0.0300000000000006	1.45971725136328
0.0500000000000006	1.51852711205855
0.0700000000000006	1.57856119022089
0.0900000000000006	1.6398232036968
0.110000000000001	1.70231688181703
0.130000000000001	1.76604596543621
0.150000000000001	1.8310142069726
0.170000000000001	1.89722537044796
0.190000000000001	1.96468323152766
0.210000000000001	2.03339157756087
0.230000000000001	2.10335420762092
0.250000000000001	2.17457493254585
0.270000000000001	2.24705757497911
0.290000000000001	2.32080596941034
0.310000000000001	2.39582396221648
0.330000000000001	2.47211541170284
0.350000000000001	2.54968418814447
0.370000000000001	2.62853417382766
0.390000000000001	2.70866926309156
0.410000000000001	2.79009336237
0.430000000000001	2.87281039023348
0.450000000000001	2.9568242774313
0.470000000000001	3.04213896693388
0.490000000000001	3.1287584139752
0.510000000000001	3.21668658609548
0.530000000000001	3.30592746318393
0.550000000000001	3.3964850375218
0.570000000000001	3.48836331382544
0.590000000000001	3.58156630928967
0.610000000000001	3.67609805363125
0.630000000000001	3.77196258913249
0.650000000000001	3.86916397068515
0.670000000000001	3.96770626583435
0.690000000000001	4.06759355482282
0.710000000000001	4.1688299306352
0.730000000000001	4.27141949904254
0.750000000000001	4.37536637864706
0.770000000000001	4.48067470092695
0.790000000000001	4.58734861028146
0.810000000000001	4.6953922640761
0.830000000000001	4.80480983268809
0.850000000000001	4.91560549955186
0.870000000000001	5.0277834612049
0.890000000000001	5.14134792733366
0.910000000000001	5.25630312081968
0.930000000000001	5.37265327778589
0.950000000000001	5.49040264764314
0.970000000000001	5.60955549313683
0.990000000000001	5.73011609039381
