# Program settings for SigmaNu
# Electroweak scheme and input parameters
# Scheme = Complex mass scheme
# alpha_GF = 0.00755898078237864
# Pole masses/widths for particles [GeV]
# mw = 80.35797361
# gw = 2.084298894
# mz = 91.15348062
# gz = 2.494266379
# s^2_thetaw (derived) = (0.222868505240788,-0.00110716741475141)
# charged leptons
# m_e = 0.0005109989461
# m_m = 0.10565837
# m_t = 1.77686
# quarks
# m_d = 0.05
# m_u = 0.05
# m_s = 0.2
# m_c = 1.51
# m_b = 4.92
# m_t = 173
# Ecms (default) = 27243.3

# channel_id = 13
# process  = nu_e nu_m~ -> e- m+
-0.99	2.3937474594501e-08
-0.97	2.19833797596332e-07
-0.95	6.23239703535893e-07
-0.93	1.24699785944448e-06
-0.91	2.10475935408874e-06
-0.89	3.21104093544206e-06
-0.87	4.5812868592189e-06
-0.85	6.23193576917199e-06
-0.83	8.18049307297816e-06
-0.81	1.04456093255885e-05
-0.79	1.30471651855185e-05
-0.77	1.60063635694126e-05
-0.75	1.93458296971384e-05
-0.73	2.30897197945809e-05
-0.71	2.72638393052651e-05
-0.69	3.18957715561458e-05
-0.67	3.70150179287591e-05
-0.65	4.2653150706019e-05
-0.63	4.88439798990997e-05
-0.61	5.56237355101833e-05
-0.59	6.30312668578124e-05
-0.57	7.11082607849913e-05
-0.55	7.98994807892821e-05
-0.53	8.94530293627596e-05
-0.51	9.98206361121946e-05
-0.49	0.000111057974551392
-0.47	0.000123225010824181
-0.45	0.000136386388035165
-0.429999999999999	0.000150611850344166
-0.409999999999999	0.000165976711528973
-0.389999999999999	0.00018256237335088
-0.369999999999999	0.000200456899781892
-0.349999999999999	0.000219755653987152
-0.329999999999999	0.000240562005919853
-0.309999999999999	0.000262988119500717
-0.289999999999999	0.000287155829646511
-0.269999999999999	0.000313197620913505
-0.249999999999999	0.000341257721269822
-0.229999999999999	0.000371493326550553
-0.209999999999999	0.000404075973535489
-0.189999999999999	0.000439193082386855
-0.169999999999999	0.000477049692472683
-0.149999999999999	0.000517870419476405
-0.129999999999999	0.000561901666271749
-0.109999999999999	0.000609414125466609
-0.0899999999999994	0.000660705617964939
-0.0699999999999994	0.000716104319576362
-0.0499999999999994	0.000775972436883823
-0.0299999999999994	0.000840710404587682
-0.00999999999999938	0.000910761689787119
0.0100000000000006	0.000986618304644132
0.0300000000000006	0.00106882714823749
0.0500000000000006	0.00115799732195315
0.0700000000000006	0.00125480859148422
0.0900000000000006	0.00136002120370865
0.110000000000001	0.001474487310012
0.130000000000001	0.00159916430111964
0.150000000000001	0.00173513042489541
0.170000000000001	0.00188360314134803
0.190000000000001	0.00204596077281094
0.210000000000001	0.0022237681378903
0.230000000000001	0.00241880702316743
0.250000000000001	0.0026331125572237
0.270000000000001	0.00286901682125623
0.290000000000001	0.00312920137810684
0.310000000000001	0.00341676085232955
0.330000000000001	0.00373528028266114
0.350000000000001	0.00408892974271208
0.370000000000001	0.00448258075224804
0.390000000000001	0.00492195037317602
0.410000000000001	0.00541378073311592
0.430000000000001	0.00596606423385644
0.450000000000001	0.00658832815495656
0.470000000000001	0.00729199715371048
0.490000000000001	0.00809085888370522
0.510000000000001	0.00900166749462495
0.530000000000001	0.010044933491014
0.550000000000001	0.0112459684145562
0.570000000000001	0.0126362823726111
0.590000000000001	0.0142554768505092
0.610000000000001	0.0161538431485646
0.630000000000001	0.0183959825766817
0.650000000000001	0.0210659328024835
0.670000000000001	0.0242745585272217
0.690000000000001	0.028170421463921
0.710000000000001	0.0329561283670014
0.730000000000001	0.0389135433750171
0.750000000000001	0.0464437953334771
0.770000000000001	0.0561328672629686
0.790000000000001	0.068863260308142
0.810000000000001	0.0860126801336603
0.830000000000001	0.109826593072939
0.850000000000001	0.144162485265624
0.870000000000001	0.196097623584498
0.890000000000001	0.279764705976718
0.910000000000001	0.426781783608131
0.930000000000001	0.720269003900227
0.950000000000001	1.44085096308394
0.970000000000001	4.08299042803605
0.990000000000001	37.4100363710017
