# Program settings for SigmaNu
# Electroweak scheme and input parameters
# Scheme = Complex mass scheme
# alpha_GF = 0.00755898078237864
# Pole masses/widths for particles [GeV]
# mw = 80.35797361
# gw = 2.084298894
# mz = 91.15348062
# gz = 2.494266379
# s^2_thetaw (derived) = (0.222868505240788,-0.00110716741475141)
# charged leptons
# m_e = 0.0005109989461
# m_m = 0.10565837
# m_t = 1.77686
# quarks
# m_d = 0.05
# m_u = 0.05
# m_s = 0.2
# m_c = 1.51
# m_b = 4.92
# m_t = 173
# Ecms (default) = 42315

# channel_id = 13
# process  = nu_e nu_m~ -> e- m+
-0.99	9.92232645461602e-09
-0.97	9.11233524740824e-08
-0.95	2.58339244647825e-07
-0.93	5.1689344913965e-07
-0.91	8.72444514828297e-07
-0.89	1.33100981921072e-06
-0.87	1.89899120567946e-06
-0.85	2.58320270656376e-06
-0.83	3.39090054419972e-06
-0.81	4.32981562221376e-06
-0.79	5.4081887414213e-06
-0.77	6.63480879955562e-06
-0.75	8.01905426178294e-06
-0.73	9.57093822001295e-06
-0.71	1.13011573938173e-05
-0.69	1.32211454648208e-05
-0.67	1.53431311803114e-05
-0.65	1.76802017111777e-05
-0.63	2.02463718048977e-05
-0.61	2.30566593370341e-05
-0.59	2.61271679355605e-05
-0.57	2.94751774325128e-05
-0.55	3.31192429882861e-05
-0.53	3.70793038369541e-05
-0.51	4.13768027180969e-05
-0.49	4.60348171939154e-05
-0.47	5.10782042023673e-05
-0.45	5.65337593705836e-05
-0.429999999999999	6.24303928113124e-05
-0.409999999999999	6.8799323352585e-05
-0.389999999999999	7.56742934118932e-05
-0.369999999999999	8.30918070264538e-05
-0.349999999999999	9.10913938971411e-05
-0.329999999999999	9.97159027031456e-05
-0.309999999999999	0.000109011827406554
-0.289999999999999	0.000119029670801783
-0.269999999999999	0.000129824350187182
-0.249999999999999	0.000141455650760769
-0.229999999999999	0.000153988733187641
-0.209999999999999	0.00016749470277572
-0.189999999999999	0.000182051248856133
-0.169999999999999	0.000197743364327637
-0.149999999999999	0.000214664156930814
-0.129999999999999	0.000232915765715696
-0.109999999999999	0.0002526103984152
-0.0899999999999994	0.000273871508108588
-0.0699999999999994	0.000296835130743108
-0.0499999999999994	0.000321651408887688
-0.0299999999999994	0.00034848633165586
-0.00999999999999938	0.000377523726224621
0.0100000000000006	0.000408967543002154
0.0300000000000006	0.000443044484523713
0.0500000000000006	0.000480007037913005
0.0700000000000006	0.000520136982654745
0.0900000000000006	0.000563749460014132
0.110000000000001	0.000611197708388377
0.130000000000001	0.000662878591052361
0.150000000000001	0.000719239070283668
0.170000000000001	0.000780783816169981
0.190000000000001	0.000848084181401068
0.210000000000001	0.000921788827499707
0.230000000000001	0.00100263635650941
0.250000000000001	0.00109147038945409
0.270000000000001	0.00118925764469026
0.290000000000001	0.00129710971335287
0.310000000000001	0.00141630941597946
0.330000000000001	0.00154834286846418
0.350000000000001	0.00169493870655073
0.370000000000001	0.00185811634364245
0.390000000000001	0.00204024570538362
0.410000000000001	0.00224412165090016
0.430000000000001	0.00247305733298448
0.450000000000001	0.00273100218100197
0.470000000000001	0.00302269217649247
0.490000000000001	0.00335384287779845
0.510000000000001	0.0037313996052902
0.530000000000001	0.00416386488474227
0.550000000000001	0.00466173153261344
0.570000000000001	0.00523806202138636
0.590000000000001	0.00590927317701013
0.610000000000001	0.00669621341279746
0.630000000000001	0.00762566356517458
0.650000000000001	0.00873246215886538
0.670000000000001	0.0100625694394925
0.690000000000001	0.0116775739066712
0.710000000000001	0.0136614700484316
0.730000000000001	0.0161311112762324
0.750000000000001	0.019252797056073
0.770000000000001	0.0232694669430337
0.790000000000001	0.0285469985063006
0.810000000000001	0.0356565883726566
0.830000000000001	0.0455292291422645
0.850000000000001	0.0597643204714087
0.870000000000001	0.0812963655625031
0.890000000000001	0.115985606676611
0.910000000000001	0.176943625127734
0.930000000000001	0.298642667623869
0.950000000000001	0.597484629485153
0.970000000000001	1.69357311347286
0.990000000000001	15.538271351653
