# Program settings for SigmaNu
# Electroweak scheme and input parameters
# Scheme = Complex mass scheme
# alpha_GF = 0.00755898078237864
# Pole masses/widths for particles [GeV]
# mw = 80.35797361
# gw = 2.084298894
# mz = 91.15348062
# gz = 2.494266379
# s^2_thetaw (derived) = (0.222868505240788,-0.00110716741475141)
# charged leptons
# m_e = 0.0005109989461
# m_m = 0.10565837
# m_t = 1.77686
# quarks
# m_d = 0.05
# m_u = 0.05
# m_s = 0.2
# m_c = 1.51
# m_b = 4.92
# m_t = 173
# Ecms (default) = 2519.98

# channel_id = 13
# process  = nu_e nu_m~ -> e- m+
-0.99	2.7920557748555e-06
-0.97	2.56407777939838e-05
-0.95	7.26913469416352e-05
-0.93	0.000145440046919168
-0.91	0.000245477250137723
-0.89	0.00037449407221454
-0.87	0.000534289561976993
-0.85	0.000726778475779093
-0.83	0.000953999689932562
-0.81	0.00121812531062203
-0.79	0.00152147054688368
-0.77	0.00186650441916047
-0.75	0.00225586138369851
-0.73	0.00269235396172479
-0.71	0.00317898647206873
-0.69	0.0037189699767977
-0.67	0.0043157385616911
-0.65	0.00497296708716211
-0.63	0.0056945905607627
-0.61	0.00648482529992019
-0.59	0.00734819207333355
-0.57	0.00828954143183114
-0.55	0.00931408146483489
-0.53	0.0104274082473265
-0.51	0.0116355392748789
-0.49	0.0129449502214888
-0.47	0.0143626153973215
-0.45	0.0158960523318545
-0.429999999999999	0.0175533709632369
-0.409999999999999	0.0193433279780694
-0.389999999999999	0.0212753869185636
-0.369999999999999	0.023359784757696
-0.349999999999999	0.0256076057393469
-0.329999999999999	0.0280308633916605
-0.309999999999999	0.0306425917505329
-0.289999999999999	0.0334569469792597
-0.269999999999999	0.0364893207435879
-0.249999999999999	0.039756466903032
-0.229999999999999	0.0432766433145414
-0.209999999999999	0.0470697708196662
-0.189999999999999	0.0511576118087977
-0.169999999999999	0.0555639711349463
-0.149999999999999	0.060314922595891
-0.129999999999999	0.0654390647308024
-0.109999999999999	0.0709678103019764
-0.0899999999999994	0.0769357145741482
-0.0699999999999994	0.0833808483876004
-0.0499999999999994	0.0903452230772807
-0.0299999999999994	0.0978752755559322
-0.00999999999999938	0.106022423401442
0.0100000000000006	0.11484370162536
0.0300000000000006	0.124402495023599
0.0500000000000006	0.134769382713153
0.0700000000000006	0.146023114755877
0.0900000000000006	0.158251744808348
0.110000000000001	0.171553947702485
0.130000000000001	0.186040556994039
0.150000000000001	0.201836365123337
0.170000000000001	0.219082238313304
0.190000000000001	0.237937610202782
0.210000000000001	0.258583433157754
0.230000000000001	0.281225685114372
0.250000000000001	0.306099553872075
0.270000000000001	0.333474451556613
0.290000000000001	0.363660051640317
0.310000000000001	0.397013592324034
0.330000000000001	0.433948757187092
0.350000000000001	0.474946532214524
0.370000000000001	0.520568555132801
0.390000000000001	0.571473628959606
0.410000000000001	0.628438281700572
0.430000000000001	0.692382539504459
0.450000000000001	0.76440247209482
0.470000000000001	0.845811611926149
0.490000000000001	0.938194108870435
0.510000000000001	1.04347356023682
0.530000000000001	1.16400300358084
0.550000000000001	1.30268381193623
0.570000000000001	1.46312455668642
0.590000000000001	1.64985589206044
0.610000000000001	1.8686251284816
0.630000000000001	2.12680599975211
0.650000000000001	2.4339779162147
0.670000000000001	2.80275949114151
0.690000000000001	3.25003187381169
0.710000000000001	3.79877423529737
0.730000000000001	4.48088692695617
0.750000000000001	5.34165766708594
0.770000000000001	6.4470579484017
0.790000000000001	7.89611444222032
0.810000000000001	9.84281645347992
0.830000000000001	12.5369597278249
0.850000000000001	16.4051726541604
0.870000000000001	22.2244314281877
0.890000000000001	31.5313974576897
0.910000000000001	47.7188356596977
0.930000000000001	79.5352894627879
0.950000000000001	155.602344496594
0.970000000000001	419.01879973496
0.990000000000001	3029.80333000472
