# Program settings for SigmaNu
# Electroweak scheme and input parameters
# Scheme = Complex mass scheme
# alpha_GF = 0.00755898078237864
# Pole masses/widths for particles [GeV]
# mw = 80.35797361
# gw = 2.084298894
# mz = 91.15348062
# gz = 2.494266379
# s^2_thetaw (derived) = (0.222868505240788,-0.00110716741475141)
# charged leptons
# m_e = 0.0005109989461
# m_m = 0.10565837
# m_t = 1.77686
# quarks
# m_d = 0.05
# m_u = 0.05
# m_s = 0.2
# m_c = 1.51
# m_b = 4.92
# m_t = 173
# Ecms (default) = 6881

# channel_id = 13
# process  = nu_e nu_m~ -> e- m+
-0.99	3.75131218728687e-07
-0.97	3.44507115066701e-06
-0.95	9.76692130682795e-06
-0.93	1.95419143105851e-05
-0.91	3.29839483035826e-05
-0.89	5.03204835618361e-05
-0.87	7.17935113335109e-05
-0.85	9.76606014867645e-05
-0.83	0.00012819603623131
-0.81	0.000163692037929725
-0.79	0.000204460099853824
-0.77	0.000250832429678584
-0.75	0.000303163516554023
-0.73	0.000361831833768301
-0.71	0.000427241690329854
-0.69	0.000499825246271439
-0.67	0.000580044708136206
-0.65	0.000668394722970453
-0.63	0.000765404991248
-0.61	0.000871643121520455
-0.59	0.000987717752264057
-0.57	0.00111428196942148
-0.55	0.00125203705156701
-0.53	0.0014017365785154
-0.51	0.00156419094361713
-0.49	0.00174027231501618
-0.47	0.00193092009688481
-0.45	0.00213714694820194
-0.429999999999999	0.00236004542413701
-0.409999999999999	0.00260079531368897
-0.389999999999999	0.0028606717570891
-0.369999999999999	0.00314105423781373
-0.349999999999999	0.00344343655711728
-0.329999999999999	0.0037694379140781
-0.309999999999999	0.00412081523159734
-0.289999999999999	0.0044994768890169
-0.269999999999999	0.00490749804551854
-0.249999999999999	0.00534713776582232
-0.229999999999999	0.00582085819162365
-0.209999999999999	0.00633134603954466
-0.189999999999999	0.00688153675014989
-0.169999999999999	0.0074746416640282
-0.149999999999999	0.00811417866157178
-0.129999999999999	0.00880400677471898
-0.109999999999999	0.009548365363797
-0.0899999999999994	0.0103519185534382
-0.0699999999999994	0.011219805741701
-0.0499999999999994	0.0121576991401458
-0.0299999999999994	0.0131718694748134
-0.00999999999999938	0.0142692611851995
0.0100000000000006	0.0154575787083369
0.0300000000000006	0.0167453857379412
0.0500000000000006	0.018142219716729
0.0700000000000006	0.0196587242692827
0.0900000000000006	0.0213068028332409
0.110000000000001	0.0230997974236868
0.130000000000001	0.025052697302136
0.150000000000001	0.027182383359635
0.170000000000001	0.029507915317807
0.190000000000001	0.0320508704733102
0.210000000000001	0.0348357447532801
0.230000000000001	0.0378904294347033
0.250000000000001	0.0412467801722011
0.270000000000001	0.0449412991939704
0.290000000000001	0.0490159569572748
0.310000000000001	0.0535191865995091
0.330000000000001	0.0585070937201716
0.350000000000001	0.0640449361291118
0.370000000000001	0.0702089442336234
0.390000000000001	0.0770885741646092
0.410000000000001	0.0847893146178695
0.430000000000001	0.0934362076544876
0.450000000000001	0.103178297622646
0.470000000000001	0.114194297164317
0.490000000000001	0.12669986418997
0.510000000000001	0.140957032613954
0.530000000000001	0.157286553675557
0.550000000000001	0.176084216522028
0.570000000000001	0.197842677830894
0.590000000000001	0.223181022962412
0.610000000000001	0.252885339942935
0.630000000000001	0.287965236764061
0.650000000000001	0.329733854800104
0.670000000000001	0.379923196579704
0.690000000000001	0.440853700634002
0.710000000000001	0.515689198533671
0.730000000000001	0.608829981917241
0.750000000000001	0.726536284814738
0.770000000000001	0.877949986790506
0.790000000000001	1.0768331262826
0.810000000000001	1.34465938806984
0.830000000000001	1.71640669905248
0.850000000000001	2.2521188294792
0.870000000000001	3.06185311464579
0.890000000000001	4.36511292845581
0.910000000000001	6.65214415532163
0.930000000000001	11.2085374238233
0.950000000000001	22.3569264562947
0.970000000000001	62.9269532538536
0.990000000000001	557.621909658771
