# Program settings for SigmaNu
# Electroweak scheme and input parameters
# Scheme = Complex mass scheme
# alpha_GF = 0.00755898078237864
# Pole masses/widths for particles [GeV]
# mw = 80.35797361
# gw = 2.084298894
# mz = 91.15348062
# gz = 2.494266379
# s^2_thetaw (derived) = (0.222868505240788,-0.00110716741475141)
# charged leptons
# m_e = 0.0005109989461
# m_m = 0.10565837
# m_t = 1.77686
# quarks
# m_d = 0.05
# m_u = 0.05
# m_s = 0.2
# m_c = 1.51
# m_b = 4.92
# m_t = 173
# Ecms (default) = 1.55683

# channel_id = 13
# process  = nu_e nu_m~ -> e- m+
-0.99	1.93880221394701e-06
-0.97	1.18578802977871e-05
-0.95	2.98324609719768e-05
-0.93	5.58627246270237e-05
-0.91	8.99488516574761e-05
-0.89	0.000132091022461918
-0.87	0.000182289417442976
-0.85	0.000240544217007312
-0.83	0.000306855601565628
-0.81	0.000381223751532669
-0.79	0.000463648847327212
-0.77	0.000554131069372081
-0.75	0.000652670598094134
-0.73	0.00075926761392427
-0.71	0.000873922297297431
-0.69	0.000996634828652595
-0.67	0.00112740538843278
-0.65	0.00126623415708504
-0.63	0.00141312131506049
-0.61	0.00156806704281425
-0.59	0.00173107152080552
-0.57	0.0019021349294975
-0.55	0.00208125744935745
-0.53	0.00226843926085669
-0.51	0.00246368054447055
-0.49	0.00266698148067842
-0.47	0.00287834224996371
-0.45	0.00309776303281389
-0.429999999999999	0.00332524400972048
-0.409999999999999	0.003560785361179
-0.389999999999999	0.00380438726768906
-0.369999999999999	0.00405604990975428
-0.349999999999999	0.00431577346788233
-0.329999999999999	0.00458355812258493
-0.309999999999999	0.00485940405437783
-0.289999999999999	0.00514331144378082
-0.269999999999999	0.00543528047131775
-0.249999999999999	0.00573531131751649
-0.229999999999999	0.00604340416290897
-0.209999999999999	0.00635955918803114
-0.189999999999999	0.00668377657342302
-0.169999999999999	0.00701605649962866
-0.149999999999999	0.00735639914719614
-0.129999999999999	0.0077048046966776
-0.109999999999999	0.00806127332862923
-0.0899999999999994	0.00842580522361123
-0.0699999999999994	0.00879840056218787
-0.0499999999999994	0.00917905952492745
-0.0299999999999994	0.00956778229240233
-0.00999999999999938	0.0099645690451889
0.0100000000000006	0.0103694199638676
0.0300000000000006	0.0107823352290229
0.0500000000000006	0.0112033150212433
0.0700000000000006	0.0116323595211214
0.0900000000000006	0.0120694689092538
0.110000000000001	0.0125146433662411
0.130000000000001	0.0129678830726881
0.150000000000001	0.0134291882092035
0.170000000000001	0.0138985589564
0.190000000000001	0.0143759954948946
0.210000000000001	0.014861498005308
0.230000000000001	0.0153550666682653
0.250000000000001	0.0158567016643952
0.270000000000001	0.016366403174331
0.290000000000001	0.0168841713787096
0.310000000000001	0.017410006458172
0.330000000000001	0.0179439085933636
0.350000000000001	0.0184858779649334
0.370000000000001	0.0190359147535346
0.390000000000001	0.0195940191398246
0.410000000000001	0.0201601913044647
0.430000000000001	0.0207344314281203
0.450000000000001	0.0213167396914606
0.470000000000001	0.0219071162751593
0.490000000000001	0.0225055613598939
0.510000000000001	0.0231120751263457
0.530000000000001	0.0237266577552006
0.550000000000001	0.0243493094271481
0.570000000000001	0.0249800303228819
0.590000000000001	0.0256188206230996
0.610000000000001	0.0262656805085033
0.630000000000001	0.0269206101597985
0.650000000000001	0.0275836097576953
0.670000000000001	0.0282546794829075
0.690000000000001	0.0289338195161532
0.710000000000001	0.0296210300381542
0.730000000000001	0.0303163112296367
0.750000000000001	0.0310196632713308
0.770000000000001	0.0317310863439707
0.790000000000001	0.0324505806282945
0.810000000000001	0.0331781463050445
0.830000000000001	0.033913783554967
0.850000000000001	0.0346574925588124
0.870000000000001	0.0354092734973349
0.890000000000001	0.0361691265512932
0.910000000000001	0.0369370519014496
0.930000000000001	0.0377130497285707
0.950000000000001	0.0384971202134271
0.970000000000001	0.0392892635367934
0.990000000000001	0.0400894798794483
