# Program settings for SigmaNu
# Electroweak scheme and input parameters
# Scheme = Complex mass scheme
# alpha_GF = 0.00755898078237864
# Pole masses/widths for particles [GeV]
# mw = 80.35797361
# gw = 2.084298894
# mz = 91.15348062
# gz = 2.494266379
# s^2_thetaw (derived) = (0.222868505240788,-0.00110716741475141)
# charged leptons
# m_e = 0.0005109989461
# m_m = 0.10565837
# m_t = 1.77686
# quarks
# m_d = 0.05
# m_u = 0.05
# m_s = 0.2
# m_c = 1.51
# m_b = 4.92
# m_t = 173
# Ecms (default) = 1.69082

# channel_id = 13
# process  = nu_e nu_m~ -> e- m+
-0.99	2.12311802599978e-06
-0.97	1.35096488225633e-05
-0.95	3.44168281342516e-05
-0.93	6.48449075997386e-05
-0.91	0.000104794138864349
-0.89	0.000154264773580058
-0.87	0.000213257063405487
-0.85	0.000281771260005914
-0.83	0.00035980761505326
-0.81	0.000447366380226103
-0.79	0.000544447807209666
-0.77	0.000651052147695827
-0.75	0.000767179653383117
-0.73	0.000892830575976711
-0.71	0.00102800516718844
-0.69	0.00117270367873679
-0.67	0.0013269263623469
-0.65	0.00149067346975054
-0.63	0.00166394525268617
-0.61	0.00184674196289886
-0.59	0.00203906385214037
-0.57	0.00224091117216909
-0.55	0.00245228417475008
-0.53	0.00267318311165503
-0.51	0.00290360823466231
-0.49	0.00314355979555691
-0.47	0.00339303804613052
-0.45	0.00365204323818144
-0.429999999999999	0.00392057562351465
-0.409999999999999	0.00419863545394178
-0.389999999999999	0.0044862229812811
-0.369999999999999	0.00478333845735757
-0.349999999999999	0.00508998213400276
-0.329999999999999	0.00540615426305492
-0.309999999999999	0.00573185509635897
-0.289999999999999	0.00606708488576644
-0.269999999999999	0.00641184388313557
-0.249999999999999	0.00676613234033122
-0.229999999999999	0.00712995050922491
-0.209999999999999	0.00750329864169483
-0.189999999999999	0.00788617698962582
-0.169999999999999	0.00827858580490938
-0.149999999999999	0.00868052533944364
-0.129999999999999	0.00909199584513344
-0.109999999999999	0.00951299757389023
-0.0899999999999994	0.00994353077763215
-0.0699999999999994	0.010383595708284
-0.0499999999999994	0.0108331926177771
-0.0299999999999994	0.0112923217580497
-0.00999999999999938	0.0117609833810465
0.0100000000000006	0.012239177738719
0.0300000000000006	0.0127269050830251
0.0500000000000006	0.0132241656659296
0.0700000000000006	0.013730959739404
0.0900000000000006	0.0142472875554262
0.110000000000001	0.0147731493659811
0.130000000000001	0.0153085454230598
0.150000000000001	0.0158534759786606
0.170000000000001	0.0164079412847881
0.190000000000001	0.0169719415934535
0.210000000000001	0.0175454771566751
0.230000000000001	0.0181285482264773
0.250000000000001	0.0187211550548916
0.270000000000001	0.0193232978939559
0.290000000000001	0.019934976995715
0.310000000000001	0.0205561926122201
0.330000000000001	0.0211869449955291
0.350000000000001	0.0218272343977068
0.370000000000001	0.0224770610708245
0.390000000000001	0.0231364252669601
0.410000000000001	0.0238053272381982
0.430000000000001	0.0244837672366302
0.450000000000001	0.0251717455143539
0.470000000000001	0.025869262323474
0.490000000000001	0.0265763179161019
0.510000000000001	0.0272929125443553
0.530000000000001	0.028019046460359
0.550000000000001	0.0287547199162442
0.570000000000001	0.0294999331641489
0.590000000000001	0.0302546864562176
0.610000000000001	0.0310189800446016
0.630000000000001	0.0317928141814589
0.650000000000001	0.0325761891189539
0.670000000000001	0.0333691051092581
0.690000000000001	0.0341715624045493
0.710000000000001	0.0349835612570121
0.730000000000001	0.0358051019188377
0.750000000000001	0.0366361846422241
0.770000000000001	0.0374768096793759
0.790000000000001	0.0383269772825043
0.810000000000001	0.0391866877038273
0.830000000000001	0.0400559411955693
0.850000000000001	0.0409347380099617
0.870000000000001	0.0418230783992425
0.890000000000001	0.0427209626156561
0.910000000000001	0.0436283909114539
0.930000000000001	0.0445453635388937
0.950000000000001	0.0454718807502401
0.970000000000001	0.0464079427977645
0.990000000000001	0.0473535499337447
