# Program settings for SigmaNu
# Electroweak scheme and input parameters
# Scheme = Complex mass scheme
# alpha_GF = 0.00755898078237864
# Pole masses/widths for particles [GeV]
# mw = 80.35797361
# gw = 2.084298894
# mz = 91.15348062
# gz = 2.494266379
# s^2_thetaw (derived) = (0.222868505240788,-0.00110716741475141)
# charged leptons
# m_e = 0.0005109989461
# m_m = 0.10565837
# m_t = 1.77686
# quarks
# m_d = 0.05
# m_u = 0.05
# m_s = 0.2
# m_c = 1.51
# m_b = 4.92
# m_t = 173
# Ecms (default) = 463.809

# channel_id = 13
# process  = nu_e nu_m~ -> e- m+
-0.99	7.78241780882485e-05
-0.97	0.00071428172592153
-0.95	0.00202379370827236
-0.93	0.00404676380438328
-0.91	0.00682606138502738
-0.89	0.0104071906946999
-0.87	0.0148384732375281
-0.85	0.0201712445335402
-0.83	0.0264600665277108
-0.81	0.0337629570627677
-0.79	0.0421416379696829
-0.77	0.051661803488842
-0.75	0.0623934109121107
-0.73	0.074410995533688
-0.71	0.0877940122183606
-0.69	0.10262720614253
-0.67	0.119001015539567
-0.65	0.137012009590545
-0.63	0.156763364948693
-0.61	0.178365384776005
-0.59	0.201936064609371
-0.57	0.227601709867902
-0.55	0.25549761037078
-0.53	0.285768777864759
-0.51	0.31857075327295
-0.49	0.35407049118356
-0.47	0.392447330012911
-0.45	0.433894057317495
-0.429999999999999	0.478618080913883
-0.409999999999999	0.526842717815051
-0.389999999999999	0.578808614532834
-0.369999999999999	0.634775314058953
-0.349999999999999	0.695022986856734
-0.329999999999999	0.759854345513935
-0.309999999999999	0.829596765373037
-0.289999999999999	0.904604636526992
-0.269999999999999	0.985261976114354
-0.249999999999999	1.07198533394948
-0.229999999999999	1.16522702927809
-0.209999999999999	1.26547876197138
-0.189999999999999	1.37327564790204
-0.169999999999999	1.48920073574746
-0.149999999999999	1.61389007124072
-0.129999999999999	1.74803838517656
-0.109999999999999	1.89240549357022
-0.0899999999999994	2.04782351261364
-0.0699999999999994	2.21520500790494
-0.0499999999999994	2.39555221736738
-0.0299999999999994	2.58996751096454
-0.00999999999999938	2.79966527854657
0.0100000000000006	3.02598547090051
0.0300000000000006	3.27040905952791
0.0500000000000006	3.53457572932939
0.0700000000000006	3.8203041771016
0.0900000000000006	4.12961545988116
0.110000000000001	4.46475992363665
0.130000000000001	4.82824834832164
0.150000000000001	5.22288807456219
0.170000000000001	5.65182503626104
0.190000000000001	6.11859281984275
0.210000000000001	6.62717011464012
0.230000000000001	7.1820482228528
0.250000000000001	7.78831067829075
0.270000000000001	8.45172750262008
0.290000000000001	9.17886723488818
0.310000000000001	9.9772306429639
0.330000000000001	10.8554110152722
0.350000000000001	11.8232872065443
0.370000000000001	12.8922572653696
0.390000000000001	14.0755226313181
0.410000000000001	15.3884357304934
0.430000000000001	16.8489275639582
0.450000000000001	18.4780369148371
0.470000000000001	20.3005695803118
0.490000000000001	22.3459252555913
0.510000000000001	24.6491423584923
0.530000000000001	27.2522286494351
0.550000000000001	30.2058701421423
0.570000000000001	33.5716457739894
0.590000000000001	37.4249255773243
0.610000000000001	41.8587033474186
0.630000000000001	46.9887231263804
0.650000000000001	52.9604215751181
0.670000000000001	59.9584571034877
0.690000000000001	68.2199842075919
0.710000000000001	78.0534478409342
0.730000000000001	89.86567542593
0.750000000000001	104.201717044538
0.770000000000001	121.804754370899
0.790000000000001	143.708478971857
0.810000000000001	171.383654922083
0.830000000000001	206.978355862082
0.850000000000001	253.726881566727
0.870000000000001	316.67719778481
0.890000000000001	404.054627063025
0.910000000000001	529.985342103206
0.930000000000001	720.377696793156
0.950000000000001	1026.94725991199
0.970000000000001	1565.33092976155
0.990000000000001	2639.28102785286
