# Program settings for SigmaNu
# Electroweak scheme and input parameters
# Scheme = Complex mass scheme
# alpha_GF = 0.00755898078237864
# Pole masses/widths for particles [GeV]
# mw = 80.35797361
# gw = 2.084298894
# mz = 91.15348062
# gz = 2.494266379
# s^2_thetaw (derived) = (0.222868505240788,-0.00110716741475141)
# charged leptons
# m_e = 0.0005109989461
# m_m = 0.10565837
# m_t = 1.77686
# quarks
# m_d = 0.05
# m_u = 0.05
# m_s = 0.2
# m_c = 1.51
# m_b = 4.92
# m_t = 173
# Ecms (default) = 0.337983

# channel_id = 13
# process  = nu_e nu_m~ -> e- m+
-0.99	8.02017790355267e-07
-0.97	2.61741027467379e-06
-0.95	4.71575961183359e-06
-0.93	7.09706607262947e-06
-0.91	9.76132992785643e-06
-0.89	1.27085514483098e-05
-0.87	1.59387309047851e-05
-0.85	1.94518685680783e-05
-0.83	2.32479647089853e-05
-0.81	2.73270195983025e-05
-0.79	3.16890335068265e-05
-0.77	3.63340067053542e-05
-0.75	4.12619394646828e-05
-0.73	4.64728320556094e-05
-0.71	5.19666847489319e-05
-0.69	5.7743497815448e-05
-0.67	6.38032715259561e-05
-0.65	7.01460061512544e-05
-0.63	7.67717019621415e-05
-0.61	8.36803592294166e-05
-0.59	9.08719782238789e-05
-0.57	9.83465592163275e-05
-0.55	0.000106104102477562
-0.53	0.000114144608278383
-0.51	0.000122468076889591
-0.49	0.000131074508581985
-0.47	0.000139963903626367
-0.45	0.000149136262293538
-0.429999999999999	0.000158591584854299
-0.409999999999999	0.00016832987157945
-0.389999999999999	0.000178351122739796
-0.369999999999999	0.000188655338606136
-0.349999999999999	0.000199242519449274
-0.329999999999999	0.000210112665540012
-0.309999999999999	0.000221265777149153
-0.289999999999999	0.000232701854547501
-0.269999999999999	0.000244420898005857
-0.249999999999999	0.000256422907795026
-0.229999999999999	0.000268707884185813
-0.209999999999999	0.000281275827449019
-0.189999999999999	0.000294126737855452
-0.169999999999999	0.000307260615675914
-0.149999999999999	0.000320677461181211
-0.129999999999999	0.000334377274642148
-0.109999999999999	0.000348360056329531
-0.0899999999999994	0.000362625806514164
-0.0699999999999994	0.000377174525466854
-0.0499999999999994	0.000392006213458408
-0.0299999999999994	0.000407120870759631
-0.00999999999999938	0.00042251849764133
0.0100000000000006	0.000438199094374313
0.0300000000000006	0.000454162661229386
0.0500000000000006	0.000470409198477357
0.0700000000000006	0.000486938706389034
0.0900000000000006	0.000503751185235224
0.110000000000001	0.000520846635286737
0.130000000000001	0.00053822505681438
0.150000000000001	0.000555886450088962
0.170000000000001	0.000573830815381293
0.190000000000001	0.00059205815296218
0.210000000000001	0.000610568463102435
0.230000000000001	0.000629361746072868
0.250000000000001	0.000648438002144287
0.270000000000001	0.000667797231587504
0.290000000000001	0.000687439434673328
0.310000000000001	0.000707364611672572
0.330000000000001	0.000727572762856045
0.350000000000001	0.00074806388849456
0.370000000000001	0.000768837988858927
0.390000000000001	0.000789895064219959
0.410000000000001	0.000811235114848468
0.430000000000001	0.000832858141015267
0.450000000000001	0.000854764142991167
0.470000000000001	0.000876953121046983
0.490000000000001	0.000899425075453526
0.510000000000001	0.000922180006481612
0.530000000000001	0.000945217914402052
0.550000000000001	0.000968538799485662
0.570000000000001	0.000992142662003255
0.590000000000001	0.00101602950222565
0.610000000000001	0.00104019932042365
0.630000000000001	0.00106465211686808
0.650000000000001	0.00108938789182976
0.670000000000001	0.00111440664557949
0.690000000000001	0.00113970837838809
0.710000000000001	0.00116529309052639
0.730000000000001	0.0011911607822652
0.750000000000001	0.00121731145387532
0.770000000000001	0.00124374510562759
0.790000000000001	0.00127046173779281
0.810000000000001	0.00129746135064181
0.830000000000001	0.0013247439444454
0.850000000000001	0.0013523095194744
0.870000000000001	0.00138015807599963
0.890000000000001	0.0014082896142919
0.910000000000001	0.00143670413462204
0.930000000000001	0.00146540163726086
0.950000000000001	0.00149438212247918
0.970000000000001	0.00152364559054783
0.990000000000001	0.00155319204173762
