# Program settings for SigmaNu
# Electroweak scheme and input parameters
# Scheme = Complex mass scheme
# alpha_GF = 0.00755898078237864
# Pole masses/widths for particles [GeV]
# mw = 80.35797361
# gw = 2.084298894
# mz = 91.15348062
# gz = 2.494266379
# s^2_thetaw (derived) = (0.222868505240788,-0.00110716741475141)
# charged leptons
# m_e = 0.0005109989461
# m_m = 0.10565837
# m_t = 1.77686
# quarks
# m_d = 0.05
# m_u = 0.05
# m_s = 0.2
# m_c = 1.51
# m_b = 4.92
# m_t = 173
# Ecms (default) = 1.10367

# channel_id = 13
# process  = nu_e nu_m~ -> e- m+
-0.99	1.42304759822717e-06
-0.97	7.26490885363848e-06
-0.95	1.71012697389214e-05
-0.93	3.09321750114253e-05
-0.91	4.87576694289997e-05
-0.89	7.05777977499959e-05
-0.87	9.6392604733267e-05
-0.85	0.000126202135138167
-0.83	0.000160006433724552
-0.81	0.000197805545252778
-0.79	0.000239599514483704
-0.77	0.000285388386178691
-0.75	0.000335172205099599
-0.73	0.00038895101600879
-0.71	0.00044672486366913
-0.69	0.000508493792843984
-0.67	0.000574257848297218
-0.65	0.000644017074793202
-0.63	0.000717771517096806
-0.61	0.000795521219973401
-0.59	0.00087726622818886
-0.57	0.000963006586509557
-0.55	0.00105274233970237
-0.53	0.00114647353253467
-0.51	0.00124420020977435
-0.49	0.00134592241618978
-0.47	0.00145164019654984
-0.45	0.00156135359562391
-0.429999999999999	0.00167506265818189
-0.409999999999999	0.00179276742899416
-0.389999999999999	0.00191446795283161
-0.369999999999999	0.00204016427446562
-0.349999999999999	0.00216985643866809
-0.329999999999999	0.00230354449021141
-0.309999999999999	0.00244122847386848
-0.289999999999999	0.00258290843441269
-0.269999999999999	0.00272858441661794
-0.249999999999999	0.00287825646525862
-0.229999999999999	0.00303192462510965
-0.209999999999999	0.00318958894094642
-0.189999999999999	0.00335124945754483
-0.169999999999999	0.00351690621968129
-0.149999999999999	0.00368655927213271
-0.129999999999999	0.0038602086596765
-0.109999999999999	0.00403785442709056
-0.0899999999999994	0.00421949661915332
-0.0699999999999994	0.00440513528064368
-0.0499999999999994	0.00459477045634106
-0.0299999999999994	0.00478840219102538
-0.00999999999999938	0.00498603052947704
0.0100000000000006	0.00518765551647699
0.0300000000000006	0.00539327719680663
0.0500000000000006	0.00560289561524789
0.0700000000000006	0.0058165108165832
0.0900000000000006	0.00603412284559549
0.110000000000001	0.00625573174706817
0.130000000000001	0.00648133756578519
0.150000000000001	0.00671094034653097
0.170000000000001	0.00694454013409046
0.190000000000001	0.00718213697324907
0.210000000000001	0.00742373090879277
0.230000000000001	0.00766932198550797
0.250000000000001	0.00791891024818162
0.270000000000001	0.00817249574160118
0.290000000000001	0.00843007851055457
0.310000000000001	0.00869165859983025
0.330000000000001	0.00895723605421716
0.350000000000001	0.00922681091850476
0.370000000000001	0.009500383237483
0.390000000000001	0.00977795305594232
0.410000000000001	0.0100595204186737
0.430000000000001	0.0103450853704686
0.450000000000001	0.0106346479561189
0.470000000000001	0.0109282082204171
0.490000000000001	0.0112257662081563
0.510000000000001	0.0115273219641297
0.530000000000001	0.0118328755331315
0.550000000000001	0.0121424269599561
0.570000000000001	0.0124559762893984
0.590000000000001	0.012773523566254
0.610000000000001	0.0130950688353187
0.630000000000001	0.0134206121413891
0.650000000000001	0.0137501535292622
0.670000000000001	0.0140836930437354
0.690000000000001	0.0144212307296067
0.710000000000001	0.0147627666316746
0.730000000000001	0.015108300794738
0.750000000000001	0.0154578332635966
0.770000000000001	0.0158113640830502
0.790000000000001	0.0161688932978993
0.810000000000001	0.0165304209529449
0.830000000000001	0.0168959470929886
0.850000000000001	0.0172654717628323
0.870000000000001	0.0176389950072786
0.890000000000001	0.0180165168711303
0.910000000000001	0.0183980373991911
0.930000000000001	0.0187835566362649
0.950000000000001	0.0191730746271563
0.970000000000001	0.0195665914166701
0.990000000000001	0.0199641070496121
