# Program settings for SigmaNu
# Electroweak scheme and input parameters
# Scheme = Complex mass scheme
# alpha_GF = 0.00755898078237864
# Pole masses/widths for particles [GeV]
# mw = 80.35797361
# gw = 2.084298894
# mz = 91.15348062
# gz = 2.494266379
# s^2_thetaw (derived) = (0.222868505240788,-0.00110716741475141)
# charged leptons
# m_e = 0.0005109989461
# m_m = 0.10565837
# m_t = 1.77686
# quarks
# m_d = 0.05
# m_u = 0.05
# m_s = 0.2
# m_c = 1.51
# m_b = 4.92
# m_t = 173
# Ecms (default) = 80.7935

# channel_id = 13
# process  = nu_e nu_m~ -> e- m+
-0.99	0.000684512312942886
-0.97	0.00622174933089971
-0.95	0.017458230608968
-0.93	0.034568483858823
-0.91	0.0577324263770002
-0.89	0.0871355510746534
-0.87	0.122969119770648
-0.85	0.1654303640673
-0.83	0.214722694143754
-0.81	0.271055915818548
-0.79	0.334646456250302
-0.77	0.405717598663926
-0.75	0.484499726509093
-0.73	0.571230577478265
-0.71	0.666155507833169
-0.69	0.769527767511451
-0.67	0.88160878650943
-0.65	1.00266847306231
-0.63	1.13298552417023
-0.61	1.27284774904703
-0.59	1.42255240609869
-0.57	1.58240655407041
-0.55	1.75272741803499
-0.53	1.93384277093092
-0.51	2.12609133139642
-0.49	2.32982317868576
-0.47	2.54540018549673
-0.45	2.77319646958298
-0.429999999999999	3.01359886507298
-0.409999999999999	3.26700741446751
-0.389999999999999	3.53383588234194
-0.369999999999999	3.81451229183592
-0.349999999999999	4.1094794850741
-0.329999999999999	4.41919570872548
-0.309999999999999	4.74413522597757
-0.289999999999999	5.08478895627379
-0.269999999999999	5.44166514424004
-0.249999999999999	5.81529005930806
-0.229999999999999	6.20620872763102
-0.209999999999999	6.61498569797922
-0.189999999999999	7.04220584340296
-0.169999999999999	7.48847520055511
-0.149999999999999	7.95442184867808
-0.129999999999999	8.44069683037946
-0.109999999999999	8.94797511644875
-0.0899999999999994	9.47695661710305
-0.0699999999999994	10.0283672421956
-0.0499999999999994	10.6029600130757
-0.0299999999999994	11.2015162289544
-0.00999999999999938	11.8248466908079
0.0100000000000006	12.4737929860389
0.0300000000000006	13.1492288373192
0.0500000000000006	13.8520615192539
0.0700000000000006	14.5832333467383
0.0900000000000006	15.3437232391269
0.110000000000001	16.134548364602
0.130000000000001	16.9567658694103
0.150000000000001	17.8114746969462
0.170000000000001	18.6998175019847
0.190000000000001	19.6229826657209
0.210000000000001	20.5822064176508
0.230000000000001	21.5787750707324
0.250000000000001	22.6140273767055
0.270000000000001	23.6893570089154
0.290000000000001	24.8062151804921
0.310000000000001	25.9661134062807
0.330000000000001	27.1706264175018
0.350000000000001	28.4213952387571
0.370000000000001	29.7201304376696
0.390000000000001	31.0686155581868
0.410000000000001	32.4687107493669
0.430000000000001	33.9223566023221
0.450000000000001	35.4315782089215
0.470000000000001	36.9984894568546
0.490000000000001	38.6252975767386
0.510000000000001	40.3143079581273
0.530000000000001	42.0679292525453
0.550000000000001	43.8886787830514
0.570000000000001	45.7791882813255
0.590000000000001	47.742209974893
0.610000000000001	49.7806230488632
0.630000000000001	51.8974405084686
0.650000000000001	54.0958164707718
0.670000000000001	56.37905391617
0.690000000000001	58.7506129327957
0.710000000000001	61.2141194895914
0.730000000000001	63.7733747767724
0.750000000000001	66.4323651555871
0.770000000000001	69.1952727627745
0.790000000000001	72.0664868189381
0.810000000000001	75.0506156942305
0.830000000000001	78.1524997893134
0.850000000000001	81.3772252945663
0.870000000000001	84.7301388960094
0.890000000000001	88.2168635024306
0.910000000000001	91.8433150748298
0.930000000000001	95.6157206465651
0.950000000000001	99.5406376305968
0.970000000000001	103.624974519037
0.990000000000001	107.876013089938
