# Program settings for SigmaNu
# Electroweak scheme and input parameters
# Scheme = Complex mass scheme
# alpha_GF = 0.00755898078237864
# Pole masses/widths for particles [GeV]
# mw = 80.35797361
# gw = 2.084298894
# mz = 91.15348062
# gz = 2.494266379
# s^2_thetaw (derived) = (0.222868505240788,-0.00110716741475141)
# charged leptons
# m_e = 0.0005109989461
# m_m = 0.10565837
# m_t = 1.77686
# quarks
# m_d = 0.05
# m_u = 0.05
# m_s = 0.2
# m_c = 1.51
# m_b = 4.92
# m_t = 173
# Ecms (default) = 18279

# channel_id = 13
# process  = nu_e nu_m~ -> e- m+
-0.99	5.31720758935699e-08
-0.97	4.88314536288122e-07
-0.95	1.38439558731166e-06
-0.93	2.76994218102002e-06
-0.91	4.67527696742558e-06
-0.89	7.13264543117132e-06
-0.87	1.01763532702448e-05
-0.85	1.38429149511774e-05
-0.83	1.81712144709569e-05
-0.81	2.32026794626145e-05
-0.79	2.89814699004924e-05
-0.77	3.55546827941558e-05
-0.75	4.29725744085554e-05
-0.73	5.12888017144349e-05
-0.71	6.05606849594656e-05
-0.69	7.08494934598403e-05
-0.67	8.22207569471744e-05
-0.65	9.47446050700754e-05
-0.63	0.000108496137947714
-0.61	0.000123555831008881
-0.59	0.000140009977729714
-0.57	0.00015795117431287
-0.55	0.000177478850837549
-0.53	0.000198699853961992
-0.51	0.000221729086887521
-0.49	0.000246690213007432
-0.47	0.000273716430478188
-0.45	0.000302951325880171
-0.429999999999999	0.000334549816198713
-0.409999999999999	0.000368679189574812
-0.389999999999999	0.000405520256673916
-0.369999999999999	0.000445268626130046
-0.349999999999999	0.000488136119376445
-0.329999999999999	0.000534352342314336
-0.309999999999999	0.000584166433747452
-0.289999999999999	0.000637849013380457
-0.269999999999999	0.000695694355514065
-0.249999999999999	0.000758022818452189
-0.229999999999999	0.000825183564167103
-0.209999999999999	0.000897557608067927
-0.189999999999999	0.000975561244931094
-0.169999999999999	0.00105964990435468
-0.149999999999999	0.0011503224977047
-0.129999999999999	0.00124812632869031
-0.109999999999999	0.00135366265175278
-0.0899999999999994	0.00146759297676815
-0.0699999999999994	0.00159064623562191
-0.0499999999999994	0.00172362694660401
-0.0299999999999994	0.00186742453702082
-0.00999999999999938	0.00202302401383161
0.0100000000000006	0.00219151820761745
0.0300000000000006	0.00237412185819233
0.0500000000000006	0.00257218786244494
0.0700000000000006	0.00278722606879852
0.0900000000000006	0.00302092508084172
0.110000000000001	0.00327517762884555
0.130000000000001	0.00355211018669227
0.150000000000001	0.00385411765919243
0.170000000000001	0.00418390414861736
0.190000000000001	0.00454453103963186
0.210000000000001	0.00493947393191668
0.230000000000001	0.0053726903170765
0.250000000000001	0.00584870036409099
0.270000000000001	0.00637268377651586
0.290000000000001	0.0069505964564823
0.310000000000001	0.00758931171167088
0.330000000000001	0.00829679204887681
0.350000000000001	0.00908229931763614
0.370000000000001	0.00995665324705942
0.390000000000001	0.0109325514652427
0.410000000000001	0.0120249681961281
0.430000000000001	0.0132516544123302
0.450000000000001	0.01463376989018
0.470000000000001	0.0161966882520422
0.490000000000001	0.0179710310054652
0.510000000000001	0.0199940077736636
0.530000000000001	0.0223111703663147
0.550000000000001	0.0249787327200526
0.570000000000001	0.0280666743703479
0.590000000000001	0.031662943735233
0.610000000000001	0.035879228261631
0.630000000000001	0.040858993376536
0.650000000000001	0.0467888657738441
0.670000000000001	0.0539150444126149
0.690000000000001	0.0625674367656758
0.710000000000001	0.0731959578973477
0.730000000000001	0.0864265102239916
0.750000000000001	0.103149810161024
0.770000000000001	0.124667008357211
0.790000000000001	0.152937592709512
0.810000000000001	0.191020465781741
0.830000000000001	0.243900957057805
0.850000000000001	0.320142830692075
0.870000000000001	0.435456648335105
0.890000000000001	0.621211825278574
0.910000000000001	0.947578924767115
0.930000000000001	1.59898976859631
0.950000000000001	3.19789823239306
0.970000000000001	9.05687097817666
0.990000000000001	82.7488375023719
