# Program settings for SigmaNu
# Electroweak scheme and input parameters
# Scheme = Complex mass scheme
# alpha_GF = 0.00755898078237864
# Pole masses/widths for particles [GeV]
# mw = 80.35797361
# gw = 2.084298894
# mz = 91.15348062
# gz = 2.494266379
# s^2_thetaw (derived) = (0.222868505240788,-0.00110716741475141)
# charged leptons
# m_e = 0.0005109989461
# m_m = 0.10565837
# m_t = 1.77686
# quarks
# m_d = 0.05
# m_u = 0.05
# m_s = 0.2
# m_c = 1.51
# m_b = 4.92
# m_t = 173
# Ecms (default) = 0.503734

# channel_id = 13
# process  = nu_e nu_m~ -> e- m+
-0.99	9.53806232451382e-07
-0.97	3.42175064043625e-06
-0.95	6.63732224590127e-06
-0.93	1.06005227328082e-05
-0.91	1.53113537851227e-05
-0.89	2.0769817086814e-05
-0.87	2.69759143218553e-05
-0.85	3.39296471742234e-05
-0.83	4.16310173278991e-05
-0.81	5.0080026466867e-05
-0.79	5.92766762751153e-05
-0.77	6.92209684366359e-05
-0.75	7.99129046354251e-05
-0.73	9.13524865554823e-05
-0.71	0.000103539715880811
-0.69	0.000116474594295418
-0.67	0.000130157123483316
-0.65	0.000144587305128518
-0.63	0.000159765140915043
-0.61	0.000175690632526914
-0.59	0.000192363781648157
-0.57	0.000209784589962802
-0.55	0.000227953059154882
-0.53	0.000246869190908437
-0.51	0.000266532986907505
-0.49	0.000286944448836134
-0.47	0.000308103578378372
-0.45	0.000330010377218271
-0.429999999999999	0.000352664847039889
-0.409999999999999	0.000376066989527285
-0.389999999999999	0.000400216806364524
-0.369999999999999	0.000425114299235674
-0.349999999999999	0.000450759469824806
-0.329999999999999	0.000477152319815996
-0.309999999999999	0.000504292850893323
-0.289999999999999	0.000532181064740871
-0.269999999999999	0.000560816963042726
-0.249999999999999	0.000590200547482978
-0.229999999999999	0.000620331819745723
-0.209999999999999	0.000651210781515059
-0.189999999999999	0.000682837434475088
-0.169999999999999	0.000715211780309915
-0.149999999999999	0.00074833382070365
-0.129999999999999	0.000782203557340408
-0.109999999999999	0.000816820991904304
-0.0899999999999994	0.00085218612607946
-0.0699999999999994	0.000888298961550001
-0.0499999999999994	0.000925159500000055
-0.0299999999999994	0.000962767743113756
-0.00999999999999938	0.00100112369257524
0.0100000000000006	0.00104022735006864
0.0300000000000006	0.00108007871727811
0.0500000000000006	0.0011206777958878
0.0700000000000006	0.00116202458758184
0.0900000000000006	0.00120411909404441
0.110000000000001	0.00124696131695966
0.130000000000001	0.00129055125801175
0.150000000000001	0.00133488891888485
0.170000000000001	0.00137997430126312
0.190000000000001	0.00142580740683075
0.210000000000001	0.00147238823727191
0.230000000000001	0.00151971679427078
0.250000000000001	0.00156779307951155
0.270000000000001	0.0016166170946784
0.290000000000001	0.00166618884145554
0.310000000000001	0.00171650832152715
0.330000000000001	0.00176757553657744
0.350000000000001	0.00181939048829062
0.370000000000001	0.00187195317835088
0.390000000000001	0.00192526360844245
0.410000000000001	0.00197932178024953
0.430000000000001	0.00203412769545635
0.450000000000001	0.00208968135574714
0.470000000000001	0.00214598276280611
0.490000000000001	0.0022030319183175
0.510000000000001	0.00226082882396555
0.530000000000001	0.00231937348143449
0.550000000000001	0.00237866589240856
0.570000000000001	0.00243870605857202
0.590000000000001	0.00249949398160911
0.610000000000001	0.00256102966320408
0.630000000000001	0.0026233131050412
0.650000000000001	0.00268634430880472
0.670000000000001	0.00275012327617891
0.690000000000001	0.00281465000884804
0.710000000000001	0.00287992450849638
0.730000000000001	0.00294594677680821
0.750000000000001	0.0030127168154678
0.770000000000001	0.00308023462615945
0.790000000000001	0.00314850021056744
0.810000000000001	0.00321751357037606
0.830000000000001	0.00328727470726961
0.850000000000001	0.00335778362293238
0.870000000000001	0.00342904031904869
0.890000000000001	0.00350104479730283
0.910000000000001	0.00357379705937911
0.930000000000001	0.00364729710696186
0.950000000000001	0.00372154494173539
0.970000000000001	0.00379654056538402
0.990000000000001	0.00387228397959208
