# Program settings for SigmaNu
# Electroweak scheme and input parameters
# Scheme = Complex mass scheme
# alpha_GF = 0.00755898078237864
# Pole masses/widths for particles [GeV]
# mw = 80.35797361
# gw = 2.084298894
# mz = 91.15348062
# gz = 2.494266379
# s^2_thetaw (derived) = (0.222868505240788,-0.00110716741475141)
# charged leptons
# m_e = 0.0005109989461
# m_m = 0.10565837
# m_t = 1.77686
# quarks
# m_d = 0.05
# m_u = 0.05
# m_s = 0.2
# m_c = 1.51
# m_b = 4.92
# m_t = 173
# Ecms (default) = 2.89177

# channel_id = 13
# process  = nu_e nu_m~ -> e- m+
-0.99	4.43829029275433e-06
-0.97	3.43276531820281e-05
-0.95	9.2235882988271e-05
-0.93	0.000178165149687748
-0.91	0.000292117623424746
-0.89	0.000434095474511594
-0.87	0.000604100873428674
-0.85	0.000802135990824435
-0.83	0.0010282029975154
-0.81	0.00128230406448622
-0.79	0.0015644413628896
-0.77	0.00187461706404642
-0.75	0.00221283333944568
-0.73	0.00257909236074455
-0.71	0.00297339629976834
-0.69	0.00339574732851056
-0.67	0.00384614761913293
-0.65	0.00432459934396535
-0.63	0.004831104675506
-0.61	0.00536566578642123
-0.59	0.0059282848495457
-0.57	0.00651896403788232
-0.55	0.00713770552460229
-0.53	0.0077845114830451
-0.51	0.00845938408671858
-0.49	0.00916232550929884
-0.47	0.00989333792463038
-0.45	0.010652423506726
-0.429999999999999	0.011439584429767
-0.409999999999999	0.0122548228681029
-0.389999999999999	0.0130981409962517
-0.369999999999999	0.0139695409888998
-0.349999999999999	0.0148690250209021
-0.329999999999999	0.0157965952672818
-0.309999999999999	0.0167522539032307
-0.289999999999999	0.017736003104109
-0.269999999999999	0.0187478450454454
-0.249999999999999	0.0197877819029372
-0.229999999999999	0.0208558158524499
-0.209999999999999	0.021951949070018
-0.189999999999999	0.023076183731844
-0.169999999999999	0.0242285220142996
-0.149999999999999	0.0254089660939245
-0.129999999999999	0.0266175181474273
-0.109999999999999	0.0278541803516851
-0.0899999999999994	0.0291189548837436
-0.0699999999999994	0.0304118439208173
-0.0499999999999994	0.0317328496402891
-0.0299999999999994	0.0330819742197107
-0.00999999999999938	0.0344592198368025
0.0100000000000006	0.0358645886694536
0.0300000000000006	0.0372980828957216
0.0500000000000006	0.0387597046938331
0.0700000000000006	0.0402494562421833
0.0900000000000006	0.0417673397193361
0.110000000000001	0.0433133573040242
0.130000000000001	0.0448875111751492
0.150000000000001	0.0464898035117812
0.170000000000001	0.0481202364931595
0.190000000000001	0.049778812298692
0.210000000000001	0.0514655331079553
0.230000000000001	0.0531804011006951
0.250000000000001	0.0549234184568259
0.270000000000001	0.056694587356431
0.290000000000001	0.0584939099797626
0.310000000000001	0.0603213885072419
0.330000000000001	0.062177025119459
0.350000000000001	0.0640608219971728
0.370000000000001	0.0659727813213114
0.390000000000001	0.0679129052729717
0.410000000000001	0.0698811960334194
0.430000000000001	0.0718776557840898
0.450000000000001	0.0739022867065865
0.470000000000001	0.0759550909826825
0.490000000000001	0.0780360707943198
0.510000000000001	0.0801452283236094
0.530000000000001	0.0822825657528315
0.550000000000001	0.0844480852644353
0.570000000000001	0.0866417890410389
0.590000000000001	0.0888636792654298
0.610000000000001	0.0911137581205646
0.630000000000001	0.0933920277895688
0.650000000000001	0.0956984904557374
0.670000000000001	0.0980331483025341
0.690000000000001	0.100396003513592
0.710000000000001	0.102787058272714
0.730000000000001	0.105206314763872
0.750000000000001	0.107653775171206
0.770000000000001	0.110129441679026
0.790000000000001	0.112633316471811
0.810000000000001	0.115165401734211
0.830000000000001	0.117725699651043
0.850000000000001	0.120314212407294
0.870000000000001	0.122930942188121
0.890000000000001	0.125575891178849
0.910000000000001	0.128249061564974
0.930000000000001	0.130950455532161
0.950000000000001	0.133680075266242
0.970000000000001	0.136437922953222
0.990000000000001	0.139224000779273
