# Program settings for SigmaNu
# Electroweak scheme and input parameters
# Scheme = Complex mass scheme
# alpha_GF = 0.00755898078237864
# Pole masses/widths for particles [GeV]
# mw = 80.35797361
# gw = 2.084298894
# mz = 91.15348062
# gz = 2.494266379
# s^2_thetaw (derived) = (0.222868505240788,-0.00110716741475141)
# charged leptons
# m_e = 0.0005109989461
# m_m = 0.10565837
# m_t = 1.77686
# quarks
# m_d = 0.05
# m_u = 0.05
# m_s = 0.2
# m_c = 1.51
# m_b = 4.92
# m_t = 173
# Ecms (default) = 988.607

# channel_id = 13
# process  = nu_e nu_m~ -> e- m+
-0.99	1.79395001529269e-05
-0.97	0.000164728111434552
-0.95	0.000466948472969145
-0.93	0.000934155115630598
-0.91	0.00157649987440611
-0.89	0.00240477388410889
-0.87	0.00343045293446368
-0.85	0.00466574648888393
-0.83	0.00612365070222945
-0.81	0.0078180058073164
-0.79	0.0097635582783859
-0.77	0.0119760282226269
-0.75	0.0144721824987629
-0.73	0.0172699141153018
-0.71	0.0203883285210606
-0.69	0.023847837467859
-0.67	0.0276702612008097
-0.65	0.031878939816534
-0.63	0.0364988547251889
-0.61	0.0415567612598865
-0.59	0.0470813335986315
-0.57	0.0531033233012652
-0.55	0.0596557329193728
-0.53	0.0667740063133324
-0.51	0.0744962375107283
-0.49	0.0828634001677929
-0.47	0.0919195999545522
-0.45	0.101712352479779
-0.429999999999999	0.112292889709416
-0.409999999999999	0.123716498218454
-0.389999999999999	0.136042893059236
-0.369999999999999	0.14933663153791
-0.349999999999999	0.16366757177634
-0.329999999999999	0.179111381611834
-0.309999999999999	0.195750104167058
-0.289999999999999	0.213672787325362
-0.269999999999999	0.232976185394202
-0.249999999999999	0.253765542457053
-0.229999999999999	0.276155468333021
-0.209999999999999	0.300270919720322
-0.189999999999999	0.326248301039401
-0.169999999999999	0.35423670176748
-0.149999999999999	0.384399289733817
-0.129999999999999	0.416914883002989
-0.109999999999999	0.451979726708218
-0.0899999999999994	0.489809505625856
-0.0699999999999994	0.530641628549692
-0.0499999999999994	0.574737826807233
-0.0299999999999994	0.622387116778425
-0.00999999999999938	0.673909185301997
0.0100000000000006	0.729658267723129
0.0300000000000006	0.790027601470543
0.0500000000000006	0.855454553979905
0.0700000000000006	0.926426543170224
0.0900000000000006	1.00348789237336
0.110000000000001	1.08724779068542
0.130000000000001	1.17838956552106
0.150000000000001	1.27768151846448
0.170000000000001	1.38598963059065
0.190000000000001	1.50429251221915
0.210000000000001	1.63369905839846
0.230000000000001	1.77546938034061
0.250000000000001	1.93103972119026
0.270000000000001	2.10205224077127
0.290000000000001	2.29039078015735
0.310000000000001	2.49822400904456
0.330000000000001	2.72805773867943
0.350000000000001	2.98279868026486
0.370000000000001	3.26583258442092
0.390000000000001	3.58112056868919
0.410000000000001	3.93331860781417
0.430000000000001	4.32792674010827
0.450000000000001	4.77147669703727
0.470000000000001	5.27176963105761
0.490000000000001	5.83817974970503
0.510000000000001	6.48204548455229
0.530000000000001	7.21717812063755
0.550000000000001	8.06052979331832
0.570000000000001	9.03308030485684
0.590000000000001	10.1610282972721
0.610000000000001	11.477411736978
0.630000000000001	13.0243433081573
0.650000000000001	14.8561414342089
0.670000000000001	17.0437900739045
0.690000000000001	19.6814105043929
0.710000000000001	22.8958493738723
0.730000000000001	26.8612171964466
0.750000000000001	31.8215185084052
0.770000000000001	38.1269431484692
0.790000000000001	46.2940923712984
0.810000000000001	57.1099773796099
0.830000000000001	71.820195001645
0.850000000000001	92.4889495288074
0.870000000000001	122.736223380244
0.890000000000001	169.380311012946
0.910000000000001	246.517217495485
0.930000000000001	387.236776503267
0.950000000000001	685.001342148741
0.970000000000001	1495.94798278917
0.990000000000001	5288.93843459524
