# Program settings for SigmaNu
# Electroweak scheme and input parameters
# Scheme = Complex mass scheme
# alpha_GF = 0.00755898078237864
# Pole masses/widths for particles [GeV]
# mw = 80.35797361
# gw = 2.084298894
# mz = 91.15348062
# gz = 2.494266379
# s^2_thetaw (derived) = (0.222868505240788,-0.00110716741475141)
# charged leptons
# m_e = 0.0005109989461
# m_m = 0.10565837
# m_t = 1.77686
# quarks
# m_d = 0.05
# m_u = 0.05
# m_s = 0.2
# m_c = 1.51
# m_b = 4.92
# m_t = 173
# Ecms (default) = 562.347

# channel_id = 13
# process  = nu_e nu_m~ -> e- m+
-0.99	5.39454121343039e-05
-0.97	0.000495212236096826
-0.95	0.00140336542668236
-0.93	0.00280670423037655
-0.91	0.00473527192451925
-0.89	0.00722097667718601
-0.87	0.0102977219346709
-0.85	0.0140015471869893
-0.83	0.0183707800470794
-0.81	0.0234462006741704
-0.79	0.0292712196772688
-0.77	0.0358920707522405
-0.75	0.0433580194370426
-0.73	0.0517215895160245
-0.71	0.0610388087678445
-0.69	0.0713694759346791
-0.67	0.0827774509956266
-0.65	0.0953309710574696
-0.63	0.109102994434641
-0.61	0.124171575781227
-0.59	0.14062027546561
-0.57	0.158538606748057
-0.55	0.17802252473913
-0.53	0.19917496158915
-0.51	0.222106412893953
-0.49	0.246935580909242
-0.47	0.273790080855486
-0.45	0.302807217380258
-0.429999999999999	0.334134839139566
-0.409999999999999	0.367932280481277
-0.389999999999999	0.404371400382068
-0.369999999999999	0.443637730127962
-0.349999999999999	0.485931742764921
-0.329999999999999	0.531470259112786
-0.309999999999999	0.580488007171333
-0.289999999999999	0.633239354096987
-0.269999999999999	0.690000232646621
-0.249999999999999	0.751070287135113
-0.229999999999999	0.816775267612666
-0.209999999999999	0.887469705227541
-0.189999999999999	0.963539906710082
-0.169999999999999	1.04540731172621
-0.149999999999999	1.13353226366255
-0.129999999999999	1.22841825241294
-0.109999999999999	1.33061669717137
-0.0899999999999994	1.44073234838203
-0.0699999999999994	1.55942940120121
-0.0499999999999994	1.68743842851083
-0.0299999999999994	1.82556426021183
-0.00999999999999938	1.97469495785896
0.0100000000000006	2.1358120604733
0.0300000000000006	2.3100023095706
0.0500000000000006	2.49847110030685
0.0700000000000006	2.70255795270673
0.0900000000000006	2.92375435414744
0.110000000000001	3.1637243940681
0.130000000000001	3.42432869737143
0.150000000000001	3.7076522681423
0.170000000000001	4.01603698520171
0.190000000000001	4.352119652183
0.210000000000001	4.71887670572154
0.230000000000001	5.11967693701024
0.250000000000001	5.55834389882315
0.270000000000001	6.0392300711677
0.290000000000001	6.56730536921709
0.310000000000001	7.14826323078151
0.330000000000001	7.78864836259573
0.350000000000001	8.49601131649961
0.370000000000001	9.27909649196541
0.390000000000001	10.1480720357563
0.410000000000001	11.1148125930243
0.430000000000001	12.1932491814842
0.450000000000001	13.3998049293648
0.470000000000001	14.7539414933257
0.490000000000001	16.2788493119088
0.510000000000001	18.0023264152297
0.530000000000001	19.957906727327
0.550000000000001	22.1863218028773
0.570000000000001	24.7374129921224
0.590000000000001	27.6726591638465
0.610000000000001	31.0685562550178
0.630000000000001	35.0211917315831
0.650000000000001	39.652520219911
0.670000000000001	45.1191005705105
0.690000000000001	51.6244582257678
0.710000000000001	59.436892788697
0.730000000000001	68.9156440142412
0.750000000000001	80.5502029729494
0.770000000000001	95.0208671066127
0.790000000000001	113.294701591227
0.810000000000001	136.782622024355
0.830000000000001	167.606351528546
0.850000000000001	209.072444050687
0.870000000000001	266.558940668706
0.890000000000001	349.281368694377
0.910000000000001	474.093516078971
0.930000000000001	674.511677785587
0.950000000000001	1025.09598830806
0.970000000000001	1720.23794064329
0.990000000000001	3407.37400151712
