# Program settings for SigmaNu
# Electroweak scheme and input parameters
# Scheme = Complex mass scheme
# alpha_GF = 0.00755898078237864
# Pole masses/widths for particles [GeV]
# mw = 80.35797361
# gw = 2.084298894
# mz = 91.15348062
# gz = 2.494266379
# s^2_thetaw (derived) = (0.222868505240788,-0.00110716741475141)
# charged leptons
# m_e = 0.0005109989461
# m_m = 0.10565837
# m_t = 1.77686
# quarks
# m_d = 0.05
# m_u = 0.05
# m_s = 0.2
# m_c = 1.51
# m_b = 4.92
# m_t = 173
# Ecms (default) = 0.113968

# channel_id = 13
# process  = nu_e nu_m~ -> e- m+
-0.99	2.23129895335887e-08
-0.97	5.94676228190877e-08
-0.95	9.67430736165677e-08
-0.93	1.34139341928076e-07
-0.91	1.71656427755656e-07
-0.89	2.0929433110135e-07
-0.87	2.47053051967204e-07
-0.85	2.84932590355259e-07
-0.83	3.22932946267556e-07
-0.81	3.6105411970615e-07
-0.79	3.99296110673073e-07
-0.77	4.37658919170371e-07
-0.75	4.7614254520009e-07
-0.73	5.1474698876427e-07
-0.71	5.53472249864958e-07
-0.69	5.92318328504196e-07
-0.67	6.31285224684027e-07
-0.65	6.70372938406495e-07
-0.63	7.09581469673644e-07
-0.61	7.48910818487517e-07
-0.59	7.88360984850153e-07
-0.57	8.27931968763607e-07
-0.55	8.67623770229913e-07
-0.53	9.07436389251117e-07
-0.51	9.47369825829261e-07
-0.49	9.87424079966391e-07
-0.47	1.02759915166455e-06
-0.45	1.06789504092578e-06
-0.429999999999999	1.10831174775213e-06
-0.409999999999999	1.14884927214563e-06
-0.389999999999999	1.18950761410834e-06
-0.369999999999999	1.23028677364229e-06
-0.349999999999999	1.27118675074953e-06
-0.329999999999999	1.3122075454321e-06
-0.309999999999999	1.35334915769206e-06
-0.289999999999999	1.39461158753143e-06
-0.269999999999999	1.43599483495226e-06
-0.249999999999999	1.4774988999566e-06
-0.229999999999999	1.5191237825465e-06
-0.209999999999999	1.56086948272398e-06
-0.189999999999999	1.6027360004911e-06
-0.169999999999999	1.64472333584991e-06
-0.149999999999999	1.68683148880244e-06
-0.129999999999999	1.72906045935073e-06
-0.109999999999999	1.77141024749684e-06
-0.0899999999999994	1.8138808532428e-06
-0.0699999999999994	1.85647227659066e-06
-0.0499999999999994	1.89918451754246e-06
-0.0299999999999994	1.94201757610025e-06
-0.00999999999999938	1.98497145226607e-06
0.0100000000000006	2.02804614604195e-06
0.0300000000000006	2.07124165742996e-06
0.0500000000000006	2.11455798643212e-06
0.0700000000000006	2.15799513305048e-06
0.0900000000000006	2.2015530972871e-06
0.110000000000001	2.245231879144e-06
0.130000000000001	2.28903147862323e-06
0.150000000000001	2.33295189572685e-06
0.170000000000001	2.37699313045688e-06
0.190000000000001	2.42115518281537e-06
0.210000000000001	2.46543805280438e-06
0.230000000000001	2.50984174042593e-06
0.250000000000001	2.55436624568208e-06
0.270000000000001	2.59901156857486e-06
0.290000000000001	2.64377770910633e-06
0.310000000000001	2.68866466727852e-06
0.330000000000001	2.73367244309348e-06
0.350000000000001	2.77880103655325e-06
0.370000000000001	2.82405044765988e-06
0.390000000000001	2.8694206764154e-06
0.410000000000001	2.91491172282187e-06
0.430000000000001	2.96052358688132e-06
0.450000000000001	3.0062562685958e-06
0.470000000000001	3.05210976796735e-06
0.490000000000001	3.09808408499803e-06
0.510000000000001	3.14417921968986e-06
0.530000000000001	3.19039517204489e-06
0.550000000000001	3.23673194206517e-06
0.570000000000001	3.28318952975274e-06
0.590000000000001	3.32976793510964e-06
0.610000000000001	3.37646715813792e-06
0.630000000000001	3.42328719883962e-06
0.650000000000001	3.47022805721679e-06
0.670000000000001	3.51728973327146e-06
0.690000000000001	3.56447222700569e-06
0.710000000000001	3.6117755384215e-06
0.730000000000001	3.65919966752096e-06
0.750000000000001	3.7067446143061e-06
0.770000000000001	3.75441037877896e-06
0.790000000000001	3.80219696094159e-06
0.810000000000001	3.85010436079603e-06
0.830000000000001	3.89813257834433e-06
0.850000000000001	3.94628161358853e-06
0.870000000000001	3.99455146653067e-06
0.890000000000001	4.0429421371728e-06
0.910000000000001	4.09145362551695e-06
0.930000000000001	4.14008593156518e-06
0.950000000000001	4.18883905531952e-06
0.970000000000001	4.23771299678203e-06
0.990000000000001	4.28670775595474e-06
