# Program settings for SigmaNu
# Electroweak scheme and input parameters
# Scheme = Complex mass scheme
# alpha_GF = 0.00755898078237864
# Pole masses/widths for particles [GeV]
# mw = 80.35797361
# gw = 2.084298894
# mz = 91.15348062
# gz = 2.494266379
# s^2_thetaw (derived) = (0.222868505240788,-0.00110716741475141)
# charged leptons
# m_e = 0.0005109989461
# m_m = 0.10565837
# m_t = 1.77686
# quarks
# m_d = 0.05
# m_u = 0.05
# m_s = 0.2
# m_c = 1.51
# m_b = 4.92
# m_t = 173
# Ecms (default) = 0.554669

# channel_id = 13
# process  = nu_e nu_m~ -> e- m+
-0.99	9.90302067016037e-07
-0.97	3.66700177609496e-06
-0.95	7.27225707108979e-06
-0.93	1.18060705082602e-05
-0.91	1.72684446438725e-05
-0.89	2.36593820342004e-05
-0.87	3.09788852355248e-05
-0.85	3.92269568041331e-05
-0.83	4.84035992963199e-05
-0.81	5.8508815268387e-05
-0.79	6.95426072766436e-05
-0.77	8.15049778774048e-05
-0.75	9.43959296269942e-05
-0.73	0.000108215465081741
-0.71	0.000122963586797983
-0.69	0.000138640297332063
-0.67	0.000155245599240332
-0.65	0.00017277949507915
-0.63	0.000191241987404879
-0.61	0.000210633078773894
-0.59	0.000230952771742573
-0.57	0.000252201068867301
-0.55	0.000274377972704473
-0.53	0.000297483485810489
-0.51	0.000321517610741755
-0.49	0.000346480350054686
-0.47	0.000372371706305704
-0.45	0.000399191682051237
-0.429999999999999	0.00042694027984772
-0.409999999999999	0.000455617502251595
-0.389999999999999	0.000485223351819313
-0.369999999999999	0.00051575783110733
-0.349999999999999	0.000547220942672109
-0.329999999999999	0.00057961268907012
-0.309999999999999	0.000612933072857843
-0.289999999999999	0.000647182096591761
-0.269999999999999	0.000682359762828365
-0.249999999999999	0.000718466074124156
-0.229999999999999	0.000755501033035638
-0.209999999999999	0.000793464642119324
-0.189999999999999	0.000832356903931734
-0.169999999999999	0.000872177821029396
-0.149999999999999	0.000912927395968842
-0.129999999999999	0.000954605631306614
-0.109999999999999	0.000997212529599261
-0.0899999999999994	0.00104074809340334
-0.0699999999999994	0.0010852123252754
-0.0499999999999994	0.00113060522777203
-0.0299999999999994	0.00117692680344979
-0.00999999999999938	0.00122417705486528
0.0100000000000006	0.00127235598457507
0.0300000000000006	0.00132146359513577
0.0500000000000006	0.00137149988910398
0.0700000000000006	0.00142246486903631
0.0900000000000006	0.00147435853748939
0.110000000000001	0.00152718089701983
0.130000000000001	0.00158093195018427
0.150000000000001	0.00163561169953935
0.170000000000001	0.00169122014764171
0.190000000000001	0.00174775729704801
0.210000000000001	0.00180522315031491
0.230000000000001	0.00186361770999908
0.250000000000001	0.00192294097865719
0.270000000000001	0.00198319295884592
0.290000000000001	0.00204437365312197
0.310000000000001	0.00210648306404202
0.330000000000001	0.00216952119416278
0.350000000000001	0.00223348804604096
0.370000000000001	0.00229838362223328
0.390000000000001	0.00236420792529646
0.410000000000001	0.00243096095778723
0.430000000000001	0.00249864272226234
0.450000000000001	0.00256725322127851
0.470000000000001	0.00263679245739252
0.490000000000001	0.00270726043316111
0.510000000000001	0.00277865715114105
0.530000000000001	0.00285098261388912
0.550000000000001	0.0029242368239621
0.570000000000001	0.00299841978391676
0.590000000000001	0.00307353149630992
0.610000000000001	0.00314957196369836
0.630000000000001	0.0032265411886389
0.650000000000001	0.00330443917368835
0.670000000000001	0.00338326592140354
0.690000000000001	0.0034630214343413
0.710000000000001	0.00354370571505845
0.730000000000001	0.00362531876611185
0.750000000000001	0.00370786059005834
0.770000000000001	0.00379133118945479
0.790000000000001	0.00387573056685805
0.810000000000001	0.003961058724825
0.830000000000001	0.00404731566591252
0.850000000000001	0.0041345013926775
0.870000000000001	0.00422261590767682
0.890000000000001	0.00431165921346738
0.910000000000001	0.0044016313126061
0.930000000000001	0.00449253220764989
0.950000000000001	0.00458436190115567
0.970000000000001	0.00467712039568036
0.990000000000001	0.0047708076937809
