# Program settings for SigmaNu
# Electroweak scheme and input parameters
# Scheme = Complex mass scheme
# alpha_GF = 0.00755898078237864
# Pole masses/widths for particles [GeV]
# mw = 80.35797361
# gw = 2.084298894
# mz = 91.15348062
# gz = 2.494266379
# s^2_thetaw (derived) = (0.222868505240788,-0.00110716741475141)
# charged leptons
# m_e = 0.0005109989461
# m_m = 0.10565837
# m_t = 1.77686
# quarks
# m_d = 0.05
# m_u = 0.05
# m_s = 0.2
# m_c = 1.51
# m_b = 4.92
# m_t = 173
# Ecms (default) = 0.382542

# channel_id = 13
# process  = nu_e nu_m~ -> e- m+
-0.99	8.52012245480124e-07
-0.97	2.84707086391239e-06
-0.95	5.23107107201951e-06
-0.93	8.00401335797109e-06
-0.91	1.11658982099376e-05
-0.89	1.47167261160897e-05
-0.87	1.86564975645993e-05
-0.85	2.29852130436385e-05
-0.83	2.77028730413797e-05
-0.81	3.28094780459967e-05
-0.79	3.83050285456633e-05
-0.77	4.41895250285542e-05
-0.75	5.04629679828445e-05
-0.73	5.71253578967101e-05
-0.71	6.41766952583275e-05
-0.69	7.16169805558737e-05
-0.67	7.94462142775265e-05
-0.65	8.76643969114639e-05
-0.63	9.62715289458652e-05
-0.61	0.000105267610868909
-0.59	0.000114652643168777
-0.57	0.000124426626333649
-0.55	0.000134589560851706
-0.53	0.00014514144721113
-0.51	0.000156082285900105
-0.49	0.000167412077406812
-0.47	0.000179130822219436
-0.45	0.000191238520826162
-0.429999999999999	0.000203735173715174
-0.409999999999999	0.000216620781374658
-0.389999999999999	0.0002298953442928
-0.369999999999999	0.000243558862957788
-0.349999999999999	0.000257611337857807
-0.329999999999999	0.000272052769481048
-0.309999999999999	0.000286883158315698
-0.289999999999999	0.000302102504849946
-0.269999999999999	0.000317710809571983
-0.249999999999999	0.00033370807297
-0.229999999999999	0.000350094295532186
-0.209999999999999	0.000366869477746735
-0.189999999999999	0.000384033620101838
-0.169999999999999	0.000401586723085688
-0.149999999999999	0.000419528787186479
-0.129999999999999	0.000437859812892406
-0.109999999999999	0.000456579800691663
-0.0899999999999994	0.000475688751072445
-0.0699999999999994	0.000495186664522948
-0.0499999999999994	0.00051507354153137
-0.0299999999999994	0.000535349382585907
-0.00999999999999938	0.000556014188174758
0.0100000000000006	0.00057706795878612
0.0300000000000006	0.000598510694908194
0.0500000000000006	0.000620342397029177
0.0700000000000006	0.000642563065637273
0.0900000000000006	0.00066517270122068
0.110000000000001	0.0006881713042676
0.130000000000001	0.000711558875266237
0.150000000000001	0.000735335414704791
0.170000000000001	0.000759500923071468
0.190000000000001	0.000784055400854471
0.210000000000001	0.000808998848542004
0.230000000000001	0.000834331266622273
0.250000000000001	0.000860052655583484
0.270000000000001	0.000886163015913843
0.290000000000001	0.000912662348101557
0.310000000000001	0.000939550652634834
0.330000000000001	0.000966827930001882
0.350000000000001	0.00099449418069091
0.370000000000001	0.00102254940519013
0.390000000000001	0.00105099360398775
0.410000000000001	0.00107982677757197
0.430000000000001	0.00110904892643102
0.450000000000001	0.00113866005105311
0.470000000000001	0.00116866015192644
0.490000000000001	0.00119904922953923
0.510000000000001	0.00122982728437969
0.530000000000001	0.00126099431693604
0.550000000000001	0.0012925503276965
0.570000000000001	0.00132449531714927
0.590000000000001	0.00135682928578258
0.610000000000001	0.00138955223408464
0.630000000000001	0.00142266416254367
0.650000000000001	0.00145616507164788
0.670000000000001	0.0014900549618855
0.690000000000001	0.00152433383374475
0.710000000000001	0.00155900168771384
0.730000000000001	0.001594058524281
0.750000000000001	0.00162950434393445
0.770000000000001	0.0016653391471624
0.790000000000001	0.00170156293445309
0.810000000000001	0.00173817570629473
0.830000000000001	0.00177517746317555
0.850000000000001	0.00181256820558377
0.870000000000001	0.00185034793400762
0.890000000000001	0.00188851664893532
0.910000000000001	0.00192707435085509
0.930000000000001	0.00196602104025518
0.950000000000001	0.00200535671762379
0.970000000000001	0.00204508138344917
0.990000000000001	0.00208519503821953
