# Program settings for SigmaNu
# Electroweak scheme and input parameters
# Scheme = Complex mass scheme
# alpha_GF = 0.00755898078237864
# Pole masses/widths for particles [GeV]
# mw = 80.35797361
# gw = 2.084298894
# mz = 91.15348062
# gz = 2.494266379
# s^2_thetaw (derived) = (0.222868505240788,-0.00110716741475141)
# charged leptons
# m_e = 0.0005109989461
# m_m = 0.10565837
# m_t = 1.77686
# quarks
# m_d = 0.05
# m_u = 0.05
# m_s = 0.2
# m_c = 1.51
# m_b = 4.92
# m_t = 173
# Ecms (default) = 24.7419

# channel_id = 13
# process  = nu_e nu_m~ -> e- m+
-0.99	0.000216283394976175
-0.97	0.00194520124891609
-0.95	0.00541008419698018
-0.93	0.0106199696551007
-0.91	0.017583942147045
-0.89	0.026311133577474
-0.87	0.0368107235067852
-0.85	0.0490919394277479
-0.83	0.0631640570439492
-0.81	0.0790364005500587
-0.79	0.0967183429139305
-0.77	0.116219306160551
-0.75	0.137548761657851
-0.73	0.160716230404389
-0.71	0.185731283318932
-0.69	0.212603541531927
-0.67	0.241342676678903
-0.65	0.271958411195795
-0.63	0.304460518616214
-0.61	0.338858823870686
-0.59	0.375163203587854
-0.57	0.413383586397675
-0.55	0.453529953236618
-0.53	0.495612337654888
-0.51	0.53964082612567
-0.49	0.585625558356437
-0.47	0.633576727602309
-0.45	0.683504580981498
-0.429999999999999	0.735419419792848
-0.409999999999999	0.789331599835481
-0.389999999999999	0.845251531730576
-0.369999999999999	0.903189681245278
-0.349999999999999	0.963156569618783
-0.329999999999999	1.02516277389058
-0.309999999999999	1.08921892723088
-0.289999999999999	1.15533571927328
-0.269999999999999	1.22352389644962
-0.249999999999999	1.29379426232711
-0.229999999999999	1.36615767794766
-0.209999999999999	1.44062506216954
-0.189999999999999	1.51720739201131
-0.169999999999999	1.59591570299807
-0.149999999999999	1.67676108950999
-0.129999999999999	1.75975470513323
-0.109999999999999	1.84490776301323
-0.0899999999999994	1.93223153621031
-0.0699999999999994	2.02173735805774
-0.0499999999999994	2.1134366225222
-0.0299999999999994	2.20734078456665
-0.00999999999999938	2.30346136051567
0.0100000000000006	2.40180992842327
0.0300000000000006	2.5023981284432
0.0500000000000006	2.60523766320174
0.0700000000000006	2.71034029817304
0.0900000000000006	2.81771786205697
0.110000000000001	2.92738224715959
0.130000000000001	3.03934540977619
0.150000000000001	3.15361937057686
0.170000000000001	3.2702162149948
0.190000000000001	3.38914809361718
0.210000000000001	3.51042722257874
0.230000000000001	3.634065883958
0.250000000000001	3.76007642617624
0.270000000000001	3.88847126439913
0.290000000000001	4.01926288094125
0.310000000000001	4.15246382567316
0.330000000000001	4.28808671643148
0.350000000000001	4.42614423943164
0.370000000000001	4.56664914968351
0.390000000000001	4.70961427140988
0.410000000000001	4.85505249846782
0.430000000000001	5.00297679477292
0.450000000000001	5.15340019472648
0.470000000000001	5.30633580364563
0.490000000000001	5.4617967981964
0.510000000000001	5.6197964268298
0.530000000000001	5.7803480102209
0.550000000000001	5.94346494171095
0.570000000000001	6.10916068775257
0.590000000000001	6.27744878835802
0.610000000000001	6.44834285755053
0.630000000000001	6.62185658381885
0.650000000000001	6.79800373057488
0.670000000000001	6.97679813661451
0.690000000000001	7.15825371658164
0.710000000000001	7.34238446143552
0.730000000000001	7.52920443892118
0.750000000000001	7.71872779404331
0.770000000000001	7.91096874954336
0.790000000000001	8.10594160637996
0.810000000000001	8.30366074421274
0.830000000000001	8.50414062188953
0.850000000000001	8.70739577793695
0.870000000000001	8.91344083105445
0.890000000000001	9.12229048061179
0.910000000000001	9.33395950715009
0.930000000000001	9.54846277288631
0.950000000000001	9.76581522222131
0.970000000000001	9.98603188225153
0.990000000000001	10.2091278632842
