# Program settings for SigmaNu
# Electroweak scheme and input parameters
# Scheme = Complex mass scheme
# alpha_GF = 0.00755898078237864
# Pole masses/widths for particles [GeV]
# mw = 80.35797361
# gw = 2.084298894
# mz = 91.15348062
# gz = 2.494266379
# s^2_thetaw (derived) = (0.222868505240788,-0.00110716741475141)
# charged leptons
# m_e = 0.0005109989461
# m_m = 0.10565837
# m_t = 1.77686
# quarks
# m_d = 0.05
# m_u = 0.05
# m_s = 0.2
# m_c = 1.51
# m_b = 4.92
# m_t = 173
# Ecms (default) = 68.4957

# channel_id = 13
# process  = nu_e nu_m~ -> e- m+
-0.99	0.000666863150521459
-0.97	0.00605077804192604
-0.95	0.0169498739238993
-0.93	0.0335051632556456
-0.91	0.0558612891771364
-0.89	0.0841666298882138
-0.87	0.118573406418921
-0.85	0.159237793914982
-0.83	0.206320036567451
-0.81	0.259984566320796
-0.79	0.320400125499246
-0.77	0.387739893496947
-0.75	0.462181617683589
-0.73	0.543907748683411
-0.71	0.633105580192118
-0.69	0.729967393503209
-0.67	0.834690606922352
-0.65	0.947477930256116
-0.63	1.06853752456922
-0.61	1.1980831674128
-0.59	1.33633442373492
-0.57	1.48351682269356
-0.55	1.63986204060197
-0.53	1.80560809024625
-0.51	1.98099951682541
-0.49	2.16628760077533
-0.47	2.36173056774943
-0.45	2.56759380604092
-0.429999999999999	2.78415009174441
-0.409999999999999	3.01167982196767
-0.389999999999999	3.25047125641851
-0.369999999999999	3.5008207677064
-0.349999999999999	3.76303310071367
-0.329999999999999	4.03742164140763
-0.309999999999999	4.32430869548153
-0.289999999999999	4.62402577723054
-0.269999999999999	4.93691390908744
-0.249999999999999	5.26332393226244
-0.229999999999999	5.60361682895252
-0.209999999999999	5.9581640566071
-0.189999999999999	6.32734789476036
-0.169999999999999	6.71156180496396
-0.149999999999999	7.11121080438011
-0.129999999999999	7.52671185362108
-0.109999999999999	7.95849425944972
-0.0899999999999994	8.40700009298517
-0.0699999999999994	8.87268462408935
-0.0499999999999994	9.35601677264246
-0.0299999999999994	9.85747957745083
-0.00999999999999938	10.3775706835669
0.0100000000000006	10.9168028488396
0.0300000000000006	11.4757044705549
0.0500000000000006	12.0548201330679
0.0700000000000006	12.6547111773751
0.0900000000000006	13.2759562936214
0.110000000000001	13.9191521375895
0.130000000000001	14.5849139722697
0.150000000000001	15.2738763356682
0.170000000000001	15.9866937360682
0.190000000000001	16.724041376025
0.210000000000001	17.4866159064394
0.230000000000001	18.2751362121276
0.250000000000001	19.0903442303789
0.270000000000001	19.9330058040715
0.290000000000001	20.8039115710029
0.310000000000001	21.7038778911775
0.330000000000001	22.6337478138895
0.350000000000001	23.5943920865395
0.370000000000001	24.5867102072296
0.390000000000001	25.6116315232906
0.410000000000001	26.6701163780199
0.430000000000001	27.7631573080299
0.450000000000001	28.8917802937443
0.470000000000001	30.0570460657213
0.490000000000001	31.260051469634
0.510000000000001	32.5019308929012
0.530000000000001	33.7838577561301
0.550000000000001	35.1070460727191
0.570000000000001	36.4727520801578
0.590000000000001	37.8822759467733
0.610000000000001	39.3369635578865
0.630000000000001	40.8382083855806
0.650000000000001	42.3874534465326
0.670000000000001	43.9861933526216
0.690000000000001	45.6359764593188
0.710000000000001	47.3384071171576
0.730000000000001	49.0951480319153
0.750000000000001	50.9079227394762
0.770000000000001	52.7785182017171
0.790000000000001	54.7087875301528
0.810000000000001	56.7006528444966
0.830000000000001	58.7561082737456
0.850000000000001	60.8772231078811
0.870000000000001	63.066145108791
0.890000000000001	65.3251039895778
0.910000000000001	67.6564150720026
0.930000000000001	70.0624831324606
0.950000000000001	72.5458064475546
0.970000000000001	75.1089810510761
0.990000000000001	77.754705214981
