# Program settings for SigmaNu
# Electroweak scheme and input parameters
# Scheme = Complex mass scheme
# alpha_GF = 0.00755898078237864
# Pole masses/widths for particles [GeV]
# mw = 80.35797361
# gw = 2.084298894
# mz = 91.15348062
# gz = 2.494266379
# s^2_thetaw (derived) = (0.222868505240788,-0.00110716741475141)
# charged leptons
# m_e = 0.0005109989461
# m_m = 0.10565837
# m_t = 1.77686
# quarks
# m_d = 0.05
# m_u = 0.05
# m_s = 0.2
# m_c = 1.51
# m_b = 4.92
# m_t = 173
# Ecms (default) = 6976.34

# channel_id = 13
# process  = nu_e nu_m~ -> e- m+
-0.99	3.64950764663315e-07
-0.97	3.35157775204413e-06
-0.95	9.5018643316734e-06
-0.93	1.90115828058046e-05
-0.91	3.20888273719216e-05
-0.89	4.89548864165415e-05
-0.87	6.98451850718326e-05
-0.85	9.50103044447672e-05
-0.83	0.000124717084585478
-0.81	0.000159249818993475
-0.79	0.000198911549276885
-0.77	0.000244025469491678
-0.75	0.000294936450707307
-0.73	0.000352012697486258
-0.71	0.000415647549243962
-0.69	0.000486261440890502
-0.67	0.000564304038767955
-0.65	0.00065025656971112
-0.63	0.000744634363102772
-0.61	0.000847989628099673
-0.59	0.000960914490809415
-0.57	0.00108404431914379
-0.55	0.00121806136641151
-0.53	0.00136369876849926
-0.51	0.00152174493379298
-0.49	0.00169304836988785
-0.47	0.00187852299671844
-0.45	0.00207915400211522
-0.429999999999999	0.00229600430308508
-0.409999999999999	0.00253022168446957
-0.389999999999999	0.00278304669622518
-0.369999999999999	0.0030558214016012
-0.349999999999999	0.00334999908120015
-0.329999999999999	0.00366715501257951
-0.309999999999999	0.00400899846202841
-0.289999999999999	0.00437738604483026
-0.269999999999999	0.0047743366331821
-0.249999999999999	0.00520204801755585
-0.229999999999999	0.00566291555834308
-0.209999999999999	0.00615955310094923
-0.189999999999999	0.00669481647009213
-0.169999999999999	0.00727182990911642
-0.149999999999999	0.00789401588912317
-0.129999999999999	0.00856512878240743
-0.109999999999999	0.00928929297726811
-0.0899999999999994	0.0100710461093591
-0.0699999999999994	0.0109153882016542
-0.0499999999999994	0.0118278376448248
-0.0299999999999994	0.0128144951173675
-0.00999999999999938	0.0138821167463448
0.0100000000000006	0.0150381980528607
0.0300000000000006	0.0162910705210216
0.0500000000000006	0.0176500129873281
0.0700000000000006	0.0191253804845325
0.0900000000000006	0.0207287537095022
0.110000000000001	0.022473112943388
0.130000000000001	0.0243730410662709
0.150000000000001	0.0264449613184724
0.170000000000001	0.0287074167199882
0.190000000000001	0.0311813996372414
0.210000000000001	0.0338907419731777
0.230000000000001	0.036862578972119
0.250000000000001	0.0401279028332416
0.270000000000001	0.0437222264277327
0.290000000000001	0.0476863826993423
0.310000000000001	0.0520674921820616
0.330000000000001	0.0569201400190767
0.350000000000001	0.0623078156398332
0.370000000000001	0.0683046838554463
0.390000000000001	0.0749977769807803
0.410000000000001	0.0824897256864343
0.430000000000001	0.0909021844899571
0.450000000000001	0.100380160256183
0.470000000000001	0.111097524855569
0.490000000000001	0.123264095213236
0.510000000000001	0.137134808866679
0.530000000000001	0.153021731399314
0.550000000000001	0.171309935543685
0.570000000000001	0.192478740395143
0.590000000000001	0.217130473184692
0.610000000000001	0.246029946285062
0.630000000000001	0.280159446797034
0.650000000000001	0.320796587625319
0.670000000000001	0.36962651933344
0.690000000000001	0.428906924719581
0.710000000000001	0.501716091551368
0.730000000000001	0.592335369852373
0.750000000000001	0.706855831898915
0.770000000000001	0.854172421411315
0.790000000000001	1.04767560699249
0.810000000000001	1.30825959492393
0.830000000000001	1.6699590106389
0.850000000000001	2.19119959711587
0.870000000000001	2.97907585176624
0.890000000000001	4.24718957783813
0.910000000000001	6.47262933525534
0.930000000000001	10.9065729743543
0.950000000000001	21.7564421036883
0.970000000000001	61.2487199136543
0.990000000000001	543.267792514618
