# Program settings for SigmaNu
# Electroweak scheme and input parameters
# Scheme = Complex mass scheme
# alpha_GF = 0.00755898078237864
# Pole masses/widths for particles [GeV]
# mw = 80.35797361
# gw = 2.084298894
# mz = 91.15348062
# gz = 2.494266379
# s^2_thetaw (derived) = (0.222868505240788,-0.00110716741475141)
# charged leptons
# m_e = 0.0005109989461
# m_m = 0.10565837
# m_t = 1.77686
# quarks
# m_d = 0.05
# m_u = 0.05
# m_s = 0.2
# m_c = 1.51
# m_b = 4.92
# m_t = 173
# Ecms (default) = 58.8744

# channel_id = 13
# process  = nu_e nu_m~ -> e- m+
-0.99	0.000621493618180409
-0.97	0.00563036297956482
-0.95	0.0157489256938857
-0.93	0.0310853764646918
-0.91	0.0517502141782029
-0.89	0.0778562966476255
-0.87	0.109518896826133
-0.85	0.146855760532796
-0.83	0.189987165737239
-0.81	0.239035983450345
-0.79	0.294127740269933
-0.77	0.355390682632001
-0.75	0.422955842819826
-0.73	0.496957106785049
-0.71	0.577531283836678
-0.69	0.664818178255909
-0.67	0.758960662896657
-0.65	0.860104754833739
-0.63	0.968399693122867
-0.61	1.08399801873878
-0.59	1.20705565676026
-0.57	1.33773200087303
-0.55	1.47619000026436
-0.53	1.62259624898536
-0.51	1.77712107786009
-0.49	1.93993864902324
-0.47	2.11122705317099
-0.45	2.29116840961279
-0.429999999999999	2.47994896921515
-0.409999999999999	2.67775922033143
-0.389999999999999	2.88479399781536
-0.369999999999999	3.10125259521959
-0.349999999999999	3.32733888028398
-0.329999999999999	3.56326141382257
-0.309999999999999	3.809233572122
-0.289999999999999	4.06547367296828
-0.269999999999999	4.33220510542327
-0.249999999999999	4.60965646347689
-0.229999999999999	4.8980616837053
-0.209999999999999	5.19766018707099
-0.189999999999999	5.50869702500503
-0.169999999999999	5.83142302991767
-0.149999999999999	6.16609497028876
-0.129999999999999	6.5129757104953
-0.109999999999999	6.87233437553947
-0.0899999999999994	7.24444652084693
-0.0699999999999994	7.6295943073114
-0.0499999999999994	8.02806668176889
-0.0299999999999994	8.44015956309159
-0.00999999999999938	8.86617603409918
0.0100000000000006	9.30642653949318
0.0300000000000006	9.76122909002761
0.0500000000000006	10.2309094731384
0.0700000000000006	10.7158014702621
0.0900000000000006	11.2162470810843
0.110000000000001	11.7325967549676
0.130000000000001	12.2652096298186
0.150000000000001	12.8144537786648
0.170000000000001	13.3807064642225
0.190000000000001	13.9643544017489
0.210000000000001	14.5657940304824
0.230000000000001	15.1854317939908
0.250000000000001	15.8236844297547
0.270000000000001	16.4809792683335
0.290000000000001	17.1577545424714
0.310000000000001	17.8544597065166
0.330000000000001	18.5715557665452
0.350000000000001	19.3095156215931
0.370000000000001	20.0688244164214
0.390000000000001	20.8499799062562
0.410000000000001	21.6534928339615
0.430000000000001	22.4798873201273
0.450000000000001	23.3297012665724
0.470000000000001	24.2034867737854
0.490000000000001	25.1018105728476
0.510000000000001	26.0252544724098
0.530000000000001	26.9744158213148
0.550000000000001	27.9499079874877
0.570000000000001	28.9523608537422
0.590000000000001	29.9824213311793
0.610000000000001	31.0407538908874
0.630000000000001	32.1280411146822
0.650000000000001	33.2449842656603
0.670000000000001	34.3923038793739
0.690000000000001	35.5707403764729
0.710000000000001	36.7810546976978
0.730000000000001	38.0240289621483
0.750000000000001	39.3004671497966
0.770000000000001	40.6111958092564
0.790000000000001	41.9570647918701
0.810000000000001	43.338948013224
0.830000000000001	44.7577442432536
0.850000000000001	46.2143779261596
0.870000000000001	47.7098000314086
0.890000000000001	49.2449889371586
0.910000000000001	50.8209513475111
0.930000000000001	52.4387232450608
0.950000000000001	54.0993708802852
0.970000000000001	55.8039917993922
0.990000000000001	57.5537159123248
