# Program settings for SigmaNu
# Electroweak scheme and input parameters
# Scheme = Complex mass scheme
# alpha_GF = 0.00755898078237864
# Pole masses/widths for particles [GeV]
# mw = 80.35797361
# gw = 2.084298894
# mz = 91.15348062
# gz = 2.494266379
# s^2_thetaw (derived) = (0.222868505240788,-0.00110716741475141)
# charged leptons
# m_e = 0.0005109989461
# m_m = 0.10565837
# m_t = 1.77686
# quarks
# m_d = 0.05
# m_u = 0.05
# m_s = 0.2
# m_c = 1.51
# m_b = 4.92
# m_t = 173
# Ecms (default) = 47239.3

# channel_id = 13
# process  = nu_e nu_m~ -> e- m+
-0.99	7.96151865459882e-09
-0.97	7.31159455979805e-08
-0.95	2.07287351986134e-07
-0.93	4.1474719066346e-07
-0.91	7.00035796035559e-07
-0.89	1.06798142140445e-06
-0.87	1.52372080996517e-06
-0.85	2.07272143939139e-06
-0.83	2.72080559428182e-06
-0.81	3.47417643672079e-06
-0.79	4.33944626303484e-06
-0.77	5.32366715473554e-06
-0.75	6.4343642538991e-06
-0.73	7.67957191814893e-06
-0.71	9.06787303833409e-06
-0.69	1.06084418333309e-05
-0.67	1.23110904716048e-05
-0.65	1.4186319908779e-05
-0.63	1.62453753750782e-05
-0.61	1.8500306996855e-05
-0.59	2.09640360932673e-05
-0.57	2.36504277535049e-05
-0.55	2.657437037284e-05
-0.53	2.97518629084687e-05
-0.51	3.3200110710077e-05
-0.49	3.69376308870169e-05
-0.47	4.09843682959088e-05
-0.45	4.53618233717153e-05
-0.429999999999999	5.00931931846033e-05
-0.409999999999999	5.52035272874051e-05
-0.389999999999999	6.07199001279966e-05
-0.369999999999999	6.66716020418506e-05
-0.349999999999999	7.30903511176609e-05
-0.329999999999999	8.00105285494613e-05
-0.309999999999999	8.7469440459489e-05
-0.289999999999999	9.55076096058992e-05
-0.269999999999999	0.000104169100888846
-0.249999999999999	0.000113501885149874
-0.229999999999999	0.000123558246438094
-0.209999999999999	0.000134395238710202
-0.189999999999999	0.000146075198861966
-0.169999999999999	0.000158666324082498
-0.149999999999999	0.000172243322811538
-0.129999999999999	0.000186888150102871
-0.109999999999999	0.000202690840001344
-0.0899999999999994	0.000219750449684808
-0.0699999999999994	0.000238176132677086
-0.0499999999999994	0.000258088361491733
-0.0299999999999994	0.000279620323727925
-0.00999999999999938	0.000302919520044582
0.0100000000000006	0.000328149597755616
0.0300000000000006	0.00035549246022957
0.0500000000000006	0.000385150700106624
0.0700000000000006	0.000417350413901172
0.0900000000000006	0.000452344467265135
0.110000000000001	0.000490416294589626
0.130000000000001	0.000531884334417295
0.150000000000001	0.000577107224222036
0.170000000000001	0.000626489905649205
0.190000000000001	0.000680490825811776
0.210000000000001	0.00073963046368935
0.230000000000001	0.000804501465691918
0.250000000000001	0.000875780744497342
0.270000000000001	0.000954243984983678
0.290000000000001	0.00104078311668729
0.310000000000001	0.00113642746217251
0.330000000000001	0.00124236946653707
0.350000000000001	0.0013599961708936
0.370000000000001	0.00149092793414333
0.390000000000001	0.00163706636366284
0.410000000000001	0.00180065403051103
0.430000000000001	0.0019843493811822
0.450000000000001	0.00219132140656132
0.470000000000001	0.00242537022246323
0.490000000000001	0.0026910819519158
0.510000000000001	0.00299402947303996
0.530000000000001	0.00334103515883011
0.550000000000001	0.00374051838401646
0.570000000000001	0.00420296040718224
0.590000000000001	0.00474153401171741
0.610000000000001	0.00537296787879243
0.630000000000001	0.00611875085998449
0.650000000000001	0.007006837295001
0.670000000000001	0.00807410560187974
0.690000000000001	0.00936997433994112
0.710000000000001	0.0109618407043435
0.730000000000001	0.0129434680395182
0.750000000000001	0.015448295506443
0.770000000000001	0.0186712588817106
0.790000000000001	0.0229059406409333
0.810000000000001	0.028610673852126
0.830000000000001	0.0365324974803576
0.850000000000001	0.0479547932043357
0.870000000000001	0.0652322617512392
0.890000000000001	0.0930673045990749
0.910000000000001	0.14198107466803
0.930000000000001	0.239635593134131
0.950000000000001	0.479438911264163
0.970000000000001	1.35902358297573
0.990000000000001	12.471199001374
