# Program settings for SigmaNu
# Electroweak scheme and input parameters
# Scheme = Complex mass scheme
# alpha_GF = 0.00755898078237864
# Pole masses/widths for particles [GeV]
# mw = 80.35797361
# gw = 2.084298894
# mz = 91.15348062
# gz = 2.494266379
# s^2_thetaw (derived) = (0.222868505240788,-0.00110716741475141)
# charged leptons
# m_e = 0.0005109989461
# m_m = 0.10565837
# m_t = 1.77686
# quarks
# m_d = 0.05
# m_u = 0.05
# m_s = 0.2
# m_c = 1.51
# m_b = 4.92
# m_t = 173
# Ecms (default) = 152.152

# channel_id = 13
# process  = nu_e nu_m~ -> e- m+
-0.99	0.000468197821114252
-0.97	0.00428044392247952
-0.95	0.012080361488206
-0.93	0.02405958042952
-0.91	0.0404190618728248
-0.89	0.0613696078063122
-0.87	0.0871324023163061
-0.85	0.117939586625165
-0.83	0.154034870316123
-0.81	0.195674181319121
-0.79	0.243126357436937
-0.77	0.296673882414427
-0.75	0.356613669797086
-0.73	0.423257898090583
-0.71	0.496934901022447
-0.69	0.577990117023144
-0.67	0.666787102389208
-0.65	0.763708612968574
-0.63	0.869157759621504
-0.61	0.983559243162827
-0.59	1.10736067498705
-0.57	1.24103399012167
-0.55	1.38507696005081
-0.53	1.54001481330723
-0.51	1.7064019725514
-0.49	1.88482391765013
-0.47	2.07589918514081
-0.45	2.2802815154309
-0.429999999999999	2.49866216014521
-0.409999999999999	2.73177236320779
-0.389999999999999	2.98038603054298
-0.369999999999999	3.24532260471659
-0.349999999999999	3.52745016242929
-0.329999999999999	3.82768875453802
-0.309999999999999	4.1470140102396
-0.289999999999999	4.48646102922595
-0.269999999999999	4.84712858804061
-0.249999999999999	5.2301836895604
-0.229999999999999	5.63686648753033
-0.209999999999999	6.06849562143211
-0.189999999999999	6.52647400071257
-0.169999999999999	7.01229508158885
-0.149999999999999	7.52754968434079
-0.129999999999999	8.0739334042646
-0.109999999999999	8.65325467537269
-0.0899999999999994	9.26744355256987
-0.0699999999999994	9.91856128551873
-0.0499999999999994	10.608810765842
-0.0299999999999994	11.3405479388339
-0.00999999999999938	12.1162942816195
0.0100000000000006	12.9387504618944
0.0300000000000006	13.810811305201
0.0500000000000006	14.7355822144029
0.0700000000000006	15.716397202879
0.0900000000000006	16.7568387233147
0.110000000000001	17.8607594971953
0.130000000000001	19.0323065766646
0.150000000000001	20.2759479008279
0.170000000000001	21.5965016434773
0.190000000000001	22.9991686893322
0.210000000000001	24.4895686220892
0.230000000000001	26.0737796608892
0.250000000000001	27.7583830434563
0.270000000000001	29.550512425594
0.290000000000001	31.4579089496676
0.310000000000001	33.488982731227
0.330000000000001	35.6528816255144
0.350000000000001	37.9595682672303
0.370000000000001	40.4199065312005
0.390000000000001	43.0457587428343
0.410000000000001	45.8500951807622
0.430000000000001	48.8471176661953
0.450000000000001	52.0523993321818
0.470000000000001	55.4830430206188
0.490000000000001	59.1578611773739
0.510000000000001	63.0975806206862
0.530000000000001	67.3250761630887
0.550000000000001	71.8656377947221
0.570000000000001	76.7472770138874
0.590000000000001	82.001078953819
0.610000000000001	87.6616082467295
0.630000000000001	93.7673781424582
0.650000000000001	100.36139432971
0.670000000000001	107.491787282322
0.690000000000001	115.212549885875
0.710000000000001	123.584400738797
0.730000000000001	132.675798058123
0.750000000000001	142.564134802057
0.770000000000001	153.337152775547
0.790000000000001	165.094622540929
0.810000000000001	177.950347483462
0.830000000000001	192.034565142639
0.850000000000001	207.496837938808
0.870000000000001	224.50955008899
0.890000000000001	243.272159711878
0.910000000000001	264.016397481372
0.930000000000001	287.01265932908
0.950000000000001	312.577915707189
0.970000000000001	341.085561009342
0.990000000000001	372.977764218535
