# Program settings for SigmaNu
# Electroweak scheme and input parameters
# Scheme = Complex mass scheme
# alpha_GF = 0.00755898078237864
# Pole masses/widths for particles [GeV]
# mw = 80.35797361
# gw = 2.084298894
# mz = 91.15348062
# gz = 2.494266379
# s^2_thetaw (derived) = (0.222868505240788,-0.00110716741475141)
# charged leptons
# m_e = 0.0005109989461
# m_m = 0.10565837
# m_t = 1.77686
# quarks
# m_d = 0.05
# m_u = 0.05
# m_s = 0.2
# m_c = 1.51
# m_b = 4.92
# m_t = 173
# Ecms (default) = 4.43019

# channel_id = 13
# process  = nu_e nu_m~ -> e- m+
-0.99	9.14420016969602e-06
-0.97	7.66954442736824e-05
-0.95	0.000209940426944629
-0.93	0.00040889107834469
-0.91	0.000673559330802209
-0.89	0.00100395711881213
-0.87	0.00140009637903646
-0.85	0.00186198905030469
-0.83	0.00238964707361424
-0.81	0.00298308239213087
-0.79	0.0036423069511892
-0.77	0.004367332698293
-0.75	0.00515817158311581
-0.73	0.00601483555750122
-0.71	0.00693733657546337
-0.69	0.00792568659318744
-0.67	0.00897989756902999
-0.65	0.0100999814635195
-0.63	0.0112859502393566
-0.61	0.0125378158614149
-0.59	0.013855590296741
-0.57	0.0152392855145552
-0.55	0.0166889134862519
-0.53	0.0182044861853998
-0.51	0.0197860155877428
-0.49	0.0214335136712
-0.47	0.0231469924158664
-0.45	0.0249264638040132
-0.429999999999999	0.0267719398200883
-0.409999999999999	0.0286834324507166
-0.389999999999999	0.030660953684701
-0.369999999999999	0.0327045155130219
-0.349999999999999	0.0348141299288383
-0.329999999999999	0.0369898089274884
-0.309999999999999	0.0392315645064893
-0.289999999999999	0.041539408665538
-0.269999999999999	0.043913353406512
-0.249999999999999	0.046353410733469
-0.229999999999999	0.048859592652648
-0.209999999999999	0.0514319111724697
-0.189999999999999	0.0540703783035364
-0.169999999999999	0.0567750060586331
-0.149999999999999	0.0595458064527276
-0.129999999999999	0.0623827915029708
-0.109999999999999	0.0652859732286976
-0.0899999999999994	0.068255363651427
-0.0699999999999994	0.0712909747948624
-0.0499999999999994	0.0743928186848926
-0.0299999999999994	0.0775609073495917
-0.00999999999999938	0.0807952528192196
0.0100000000000006	0.0840958671262229
0.0300000000000006	0.0874627623052348
0.0500000000000006	0.0908959503930759
0.0700000000000006	0.0943954434287542
0.0900000000000006	0.0979612534534663
0.110000000000001	0.101593392510597
0.130000000000001	0.105291872645721
0.150000000000001	0.1090567059066
0.170000000000001	0.112887904343189
0.190000000000001	0.116785480007632
0.210000000000001	0.120749444954262
0.230000000000001	0.124779811239606
0.250000000000001	0.128876590922381
0.270000000000001	0.133039796063496
0.290000000000001	0.137269438726054
0.310000000000001	0.14156553097535
0.330000000000001	0.145928084878873
0.350000000000001	0.150357112506305
0.370000000000001	0.154852625929523
0.390000000000001	0.159414637222598
0.410000000000001	0.164043158461798
0.430000000000001	0.168738201725585
0.450000000000001	0.173499779094618
0.470000000000001	0.178327902651751
0.490000000000001	0.183222584482038
0.510000000000001	0.188183836672728
0.530000000000001	0.193211671313268
0.550000000000001	0.198306100495304
0.570000000000001	0.203467136312682
0.590000000000001	0.208694790861444
0.610000000000001	0.213989076239835
0.630000000000001	0.219350004548299
0.650000000000001	0.224777587889478
0.670000000000001	0.23027183836822
0.690000000000001	0.23583276809157
0.710000000000001	0.241460389168777
0.730000000000001	0.247154713711292
0.750000000000001	0.252915753832769
0.770000000000001	0.258743521649064
0.790000000000001	0.264638029278239
0.810000000000001	0.270599288840557
0.830000000000001	0.276627312458489
0.850000000000001	0.282722112256709
0.870000000000001	0.288883700362096
0.890000000000001	0.295112088903736
0.910000000000001	0.301407290012921
0.930000000000001	0.30776931582315
0.950000000000001	0.314198178470129
0.970000000000001	0.320693890091772
0.990000000000001	0.3272564628282
