# Program settings for SigmaNu
# Electroweak scheme and input parameters
# Scheme = Complex mass scheme
# alpha_GF = 0.00755898078237864
# Pole masses/widths for particles [GeV]
# mw = 80.35797361
# gw = 2.084298894
# mz = 91.15348062
# gz = 2.494266379
# s^2_thetaw (derived) = (0.222868505240788,-0.00110716741475141)
# charged leptons
# m_e = 0.0005109989461
# m_m = 0.10565837
# m_t = 1.77686
# quarks
# m_d = 0.05
# m_u = 0.05
# m_s = 0.2
# m_c = 1.51
# m_b = 4.92
# m_t = 173
# Ecms (default) = 282.618

# channel_id = 13
# process  = nu_e nu_m~ -> e- m+
-0.99	0.000190266403312688
-0.97	0.00174464790528547
-0.95	0.00493845844290782
-0.93	0.00986534839494576
-0.91	0.0166244022841358
-0.89	0.0253204930991301
-0.87	0.036064662879933
-0.85	0.0489745317696086
-0.83	0.0641747379424168
-0.81	0.0817974110476684
-0.79	0.10198268206196
-0.77	0.124879232722936
-0.75	0.150644888028493
-0.73	0.179447255630026
-0.71	0.211464416331034
-0.69	0.246885670327736
-0.67	0.285912344301593
-0.65	0.328758665000795
-0.63	0.375652705535501
-0.61	0.426837411267848
-0.59	0.482571712911086
-0.57	0.543131735272837
-0.55	0.608812110996855
-0.53	0.679927409688975
-0.51	0.756813693971217
-0.49	0.839830215310752
-0.47	0.92936126393732
-0.45	1.02581818881696
-0.429999999999999	1.12964160551794
-0.409999999999999	1.24130381191718
-0.389999999999999	1.36131143408778
-0.369999999999999	1.49020832742176
-0.349999999999999	1.62857876112445
-0.329999999999999	1.77705091772358
-0.309999999999999	1.93630074323317
-0.289999999999999	2.10705618817344
-0.269999999999999	2.29010188486487
-0.249999999999999	2.48628431238894
-0.229999999999999	2.69651750746454
-0.209999999999999	2.92178938737092
-0.189999999999999	3.16316876012682
-0.169999999999999	3.42181310761261
-0.149999999999999	3.69897723943837
-0.129999999999999	3.99602292940022
-0.109999999999999	4.31442966267105
-0.0899999999999994	4.65580664084613
-0.0699999999999994	5.02190621409599
-0.0499999999999994	5.41463893555576
-0.0299999999999994	5.83609046340609
-0.00999999999999938	6.2885405717313
0.0100000000000006	6.77448457320892
0.0300000000000006	7.29665750625141
0.0500000000000006	7.85806149791974
0.0700000000000006	8.461996783641
0.0900000000000006	9.11209694779608
0.110000000000001	9.81236904844461
0.130000000000001	10.5672394083448
0.150000000000001	11.3816059973749
0.170000000000001	12.2608985039259
0.190000000000001	13.2111474016265
0.210000000000001	14.2390635714692
0.230000000000001	15.3521303488466
0.250000000000001	16.5587102439244
0.270000000000001	17.8681690496704
0.290000000000001	19.2910206271435
0.310000000000001	20.8390963711835
0.330000000000001	22.5257442487767
0.350000000000001	24.3660634157219
0.370000000000001	26.3771818184154
0.390000000000001	28.578585960466
0.410000000000001	30.9925142695524
0.430000000000001	33.6444283868184
0.450000000000001	36.5635804185296
0.470000000000001	39.7836990077208
0.490000000000001	43.343823370668
0.510000000000001	47.2893227063459
0.530000000000001	51.6731493305416
0.550000000000001	56.557388496185
0.570000000000001	62.0151875328113
0.590000000000001	68.1331736648818
0.610000000000001	75.0145065322857
0.630000000000001	82.7827622491368
0.650000000000001	91.5869170343882
0.670000000000001	101.607799383225
0.690000000000001	113.066524653434
0.710000000000001	126.23563680409
0.730000000000001	141.453993380843
0.750000000000001	159.146896910863
0.770000000000001	179.853688656452
0.790000000000001	204.266128998139
0.810000000000001	233.28264773617
0.830000000000001	268.086402940206
0.850000000000001	310.259838754983
0.870000000000001	361.956562112132
0.890000000000001	426.165703476203
0.910000000000001	507.130136758863
0.930000000000001	611.029752162255
0.950000000000001	747.140054284127
0.970000000000001	929.884012490774
0.990000000000001	1182.65792341353
