# Program settings for SigmaNu
# Electroweak scheme and input parameters
# Scheme = Complex mass scheme
# alpha_GF = 0.00755898078237864
# Pole masses/widths for particles [GeV]
# mw = 80.35797361
# gw = 2.084298894
# mz = 91.15348062
# gz = 2.494266379
# s^2_thetaw (derived) = (0.222868505240788,-0.00110716741475141)
# charged leptons
# m_e = 0.0005109989461
# m_m = 0.10565837
# m_t = 1.77686
# quarks
# m_d = 0.05
# m_u = 0.05
# m_s = 0.2
# m_c = 1.51
# m_b = 4.92
# m_t = 173
# Ecms (default) = 421.218

# channel_id = 13
# process  = nu_e nu_m~ -> e- m+
-0.99	9.31949818848322e-05
-0.97	0.000855251754229899
-0.95	0.00242290611257483
-0.93	0.00484421157048221
-0.91	0.00817013527170863
-0.89	0.0124547566036637
-0.87	0.0177554812093326
-0.85	0.0241332717491585
-0.83	0.0316528968975967
-0.81	0.0403832002068888
-0.79	0.0503973906348542
-0.77	0.0617733567161446
-0.75	0.0745940065597692
-0.73	0.0889476360823417
-0.71	0.10492832813939
-0.69	0.122636385499576
-0.67	0.142178800922607
-0.65	0.163669767955405
-0.63	0.187231236457705
-0.61	0.212993517313478
-0.59	0.241095941284955
-0.57	0.271687577529198
-0.55	0.30492801793183
-0.53	0.340988234128734
-0.51	0.380051514895924
-0.49	0.422314492503799
-0.47	0.467988267670213
-0.45	0.517299643925255
-0.429999999999999	0.570492483540509
-0.409999999999999	0.627829198701204
-0.389999999999999	0.689592393339825
-0.369999999999999	0.75608667303786
-0.349999999999999	0.82764064267771
-0.329999999999999	0.904609114135386
-0.309999999999999	0.987375549300936
-0.289999999999999	1.07635476716141
-0.269999999999999	1.17199594765642
-0.249999999999999	1.27478596960884
-0.229999999999999	1.38525312534899
-0.209999999999999	1.50397126081775
-0.189999999999999	1.63156439710265
-0.169999999999999	1.768711897714
-0.149999999999999	1.9161542556618
-0.129999999999999	2.07469958581216
-0.109999999999999	2.24523092139921
-0.0899999999999994	2.42871442932891
-0.0699999999999994	2.62620867749885
-0.0499999999999994	2.83887510934076
-0.0299999999999994	3.06798990685989
-0.00999999999999938	3.3149574544485
0.0100000000000006	3.5813256527314
0.0300000000000006	3.86880337594927
0.0500000000000006	4.17928041949792
0.0700000000000006	4.51485034820518
0.0900000000000006	4.87783673322356
0.110000000000001	5.27082335915987
0.130000000000001	5.69668909717218
0.150000000000001	6.15864827920233
0.170000000000001	6.66029757958319
0.190000000000001	7.20567062102031
0.210000000000001	7.79930178273616
0.230000000000001	8.44630101272756
0.250000000000001	9.15244185093695
0.270000000000001	9.92426537827356
0.290000000000001	10.7692034475084
0.310000000000001	11.6957253652996
0.330000000000001	12.7135132321037
0.350000000000001	13.8336724782789
0.370000000000001	15.0689858544168
0.390000000000001	16.4342213697585
0.410000000000001	17.9465075996922
0.430000000000001	19.625793643885
0.450000000000001	21.4954161479988
0.470000000000001	23.582802679004
0.490000000000001	25.9203500416151
0.510000000000001	28.5465288105717
0.530000000000001	31.5072828382743
0.550000000000001	34.8578168494593
0.570000000000001	38.6648995362618
0.590000000000001	43.0098584709941
0.610000000000001	47.9925137882925
0.630000000000001	53.7364010470095
0.650000000000001	60.395787529008
0.670000000000001	68.1652187907169
0.690000000000001	77.2926901541913
0.710000000000001	88.0980993688564
0.730000000000001	100.99953684702
0.750000000000001	116.551447273104
0.770000000000001	135.50118525302
0.790000000000001	158.874804186132
0.810000000000001	188.110651964851
0.830000000000001	225.27372604538
0.850000000000001	273.411618814353
0.870000000000001	337.169613742203
0.890000000000001	423.904621167816
0.910000000000001	545.818658328519
0.930000000000001	724.333063779976
0.950000000000001	999.851170599996
0.970000000000001	1456.05730970301
0.990000000000001	2289.90784161261
