# Program settings for SigmaNu
# Electroweak scheme and input parameters
# Scheme = Complex mass scheme
# alpha_GF = 0.00755898078237864
# Pole masses/widths for particles [GeV]
# mw = 80.35797361
# gw = 2.084298894
# mz = 91.15348062
# gz = 2.494266379
# s^2_thetaw (derived) = (0.222868505240788,-0.00110716741475141)
# charged leptons
# m_e = 0.0005109989461
# m_m = 0.10565837
# m_t = 1.77686
# quarks
# m_d = 0.05
# m_u = 0.05
# m_s = 0.2
# m_c = 1.51
# m_b = 4.92
# m_t = 173
# Ecms (default) = 0.117148

# channel_id = 13
# process  = nu_e nu_m~ -> e- m+
-0.99	3.63097723247507e-08
-0.97	1.01993863516903e-07
-0.95	1.67977458863786e-07
-0.93	2.34260558372499e-07
-0.91	3.0084316205016e-07
-0.89	3.67725269903878e-07
-0.87	4.34906881940769e-07
-0.85	5.02387998167939e-07
-0.83	5.70168618592513e-07
-0.81	6.38248743221591e-07
-0.79	7.06628372062289e-07
-0.77	7.75307505121719e-07
-0.75	8.44286142406995e-07
-0.73	9.13564283925227e-07
-0.71	9.83141929683529e-07
-0.69	1.05301907968901e-06
-0.67	1.12319573394879e-06
-0.65	1.19367189246997e-06
-0.63	1.26444755525967e-06
-0.61	1.335522722325e-06
-0.59	1.40689739367308e-06
-0.57	1.478571569311e-06
-0.55	1.5505452492459e-06
-0.53	1.62281843348487e-06
-0.51	1.69539112203504e-06
-0.49	1.76826331490351e-06
-0.47	1.8414350120974e-06
-0.45	1.91490621362381e-06
-0.429999999999999	1.98867691948986e-06
-0.409999999999999	2.06274712970267e-06
-0.389999999999999	2.13711684426934e-06
-0.369999999999999	2.21178606319699e-06
-0.349999999999999	2.28675478649273e-06
-0.329999999999999	2.36202301416368e-06
-0.309999999999999	2.43759074621693e-06
-0.289999999999999	2.51345798265961e-06
-0.269999999999999	2.58962472349884e-06
-0.249999999999999	2.66609096874171e-06
-0.229999999999999	2.74285671839534e-06
-0.209999999999999	2.81992197246684e-06
-0.189999999999999	2.89728673096334e-06
-0.169999999999999	2.97495099389193e-06
-0.149999999999999	3.05291476125975e-06
-0.129999999999999	3.13117803307388e-06
-0.109999999999999	3.20974080934145e-06
-0.0899999999999994	3.28860309006956e-06
-0.0699999999999994	3.36776487526534e-06
-0.0499999999999994	3.44722616493589e-06
-0.0299999999999994	3.52698695908832e-06
-0.00999999999999938	3.60704725772976e-06
0.0100000000000006	3.6874070608673e-06
0.0300000000000006	3.76806636850807e-06
0.0500000000000006	3.84902518065917e-06
0.0700000000000006	3.93028349732771e-06
0.0900000000000006	4.01184131852082e-06
0.110000000000001	4.0936986442456e-06
0.130000000000001	4.17585547450915e-06
0.150000000000001	4.25831180931861e-06
0.170000000000001	4.34106764868107e-06
0.190000000000001	4.42412299260365e-06
0.210000000000001	4.50747784109346e-06
0.230000000000001	4.59113219415763e-06
0.250000000000001	4.67508605180324e-06
0.270000000000001	4.75933941403743e-06
0.290000000000001	4.8438922808673e-06
0.310000000000001	4.92874465229995e-06
0.330000000000001	5.01389652834252e-06
0.350000000000001	5.0993479090021e-06
0.370000000000001	5.18509879428581e-06
0.390000000000001	5.27114918420077e-06
0.410000000000001	5.35749907875408e-06
0.430000000000001	5.44414847795286e-06
0.450000000000001	5.53109738180422e-06
0.470000000000001	5.61834579031527e-06
0.490000000000001	5.70589370349312e-06
0.510000000000001	5.79374112134488e-06
0.530000000000001	5.88188804387769e-06
0.550000000000001	5.97033447109862e-06
0.570000000000001	6.05908040301482e-06
0.590000000000001	6.14812583963337e-06
0.610000000000001	6.2374707809614e-06
0.630000000000001	6.32711522700602e-06
0.650000000000001	6.41705917777435e-06
0.670000000000001	6.50730263327348e-06
0.690000000000001	6.59784559351054e-06
0.710000000000001	6.68868805849265e-06
0.730000000000001	6.7798300282269e-06
0.750000000000001	6.87127150272041e-06
0.770000000000001	6.9630124819803e-06
0.790000000000001	7.05505296601368e-06
0.810000000000001	7.14739295482766e-06
0.830000000000001	7.24003244842935e-06
0.850000000000001	7.33297144682585e-06
0.870000000000001	7.42620995002431e-06
0.890000000000001	7.51974795803181e-06
0.910000000000001	7.61358547085546e-06
0.930000000000001	7.7077224885024e-06
0.950000000000001	7.80215901097972e-06
0.970000000000001	7.89689503829453e-06
0.990000000000001	7.99193057045396e-06
