# Program settings for SigmaNu
# Electroweak scheme and input parameters
# Scheme = Complex mass scheme
# alpha_GF = 0.00755898078237864
# Pole masses/widths for particles [GeV]
# mw = 80.35797361
# gw = 2.084298894
# mz = 91.15348062
# gz = 2.494266379
# s^2_thetaw (derived) = (0.222868505240788,-0.00110716741475141)
# charged leptons
# m_e = 0.0005109989461
# m_m = 0.10565837
# m_t = 1.77686
# quarks
# m_d = 0.05
# m_u = 0.05
# m_s = 0.2
# m_c = 1.51
# m_b = 4.92
# m_t = 173
# Ecms (default) = 3.91415

# channel_id = 13
# process  = nu_e nu_m~ -> e- m+
-0.99	7.34935686551064e-06
-0.97	6.05344438341236e-05
-0.95	0.000165040768572574
-0.93	0.00032087560988519
-0.91	0.000528046247608438
-0.89	0.000786559962611113
-0.87	0.00109642403679448
-0.85	0.00145764575309244
-0.83	0.0018702323954717
-0.81	0.00233419124893192
-0.79	0.00284952959950592
-0.77	0.00341625473425977
-0.75	0.00403437394129302
-0.73	0.00470389450973881
-0.71	0.0054248237297641
-0.69	0.00619716889256974
-0.67	0.00702093729039073
-0.65	0.00789613621649631
-0.63	0.00882277296519015
-0.61	0.00980085483181055
-0.59	0.0108303891127305
-0.57	0.011911383105358
-0.55	0.013043844108136
-0.53	0.0142277794205428
-0.51	0.0154631963430921
-0.49	0.0167501021773332
-0.47	0.018088504225851
-0.45	0.0194784097922665
-0.429999999999999	0.0209198261812365
-0.409999999999999	0.0224127606984543
-0.389999999999999	0.0239572206506494
-0.369999999999999	0.0255532133455879
-0.349999999999999	0.0272007460920727
-0.329999999999999	0.0288998261999435
-0.309999999999999	0.0306504609800769
-0.289999999999999	0.0324526577443871
-0.269999999999999	0.0343064238058252
-0.249999999999999	0.0362117664783802
-0.229999999999999	0.0381686930770785
-0.209999999999999	0.0401772109179847
-0.189999999999999	0.0422373273182011
-0.169999999999999	0.0443490495958683
-0.149999999999999	0.0465123850701654
-0.129999999999999	0.0487273410613097
-0.109999999999999	0.0509939248905575
-0.0899999999999994	0.0533121438802038
-0.0699999999999994	0.0556820053535826
-0.0499999999999994	0.058103516635067
-0.0299999999999994	0.0605766850500695
-0.00999999999999938	0.0631015179250422
0.0100000000000006	0.0656780225874766
0.0300000000000006	0.0683062063659044
0.0500000000000006	0.070986076589897
0.0700000000000006	0.073717640590066
0.0900000000000006	0.0765009056980634
0.110000000000001	0.0793358792465814
0.130000000000001	0.0822225685693534
0.150000000000001	0.0851609810011531
0.170000000000001	0.0881511238777954
0.190000000000001	0.0911930045361362
0.210000000000001	0.0942866303140729
0.230000000000001	0.0974320085505442
0.250000000000001	0.10062914658553
0.270000000000001	0.103878051760054
0.290000000000001	0.107178731416179
0.310000000000001	0.110531192897011
0.330000000000001	0.113935443546699
0.350000000000001	0.117391490710435
0.370000000000001	0.120899341734451
0.390000000000001	0.124459003966025
0.410000000000001	0.128070484753474
0.430000000000001	0.131733791446163
0.450000000000001	0.135448931394496
0.470000000000001	0.139215911949923
0.490000000000001	0.143034740464937
0.510000000000001	0.146905424293073
0.530000000000001	0.150827970788914
0.550000000000001	0.154802387308082
0.570000000000001	0.158828681207247
0.590000000000001	0.162906859844122
0.610000000000001	0.167036930577465
0.630000000000001	0.171218900767078
0.650000000000001	0.17545277777381
0.670000000000001	0.179738568959552
0.690000000000001	0.184076281687243
0.710000000000001	0.188465923320865
0.730000000000001	0.192907501225448
0.750000000000001	0.197401022767066
0.770000000000001	0.20194649531284
0.790000000000001	0.206543926230936
0.810000000000001	0.211193322890567
0.830000000000001	0.215894692661992
0.850000000000001	0.220648042916517
0.870000000000001	0.225453381026495
0.890000000000001	0.230310714365325
0.910000000000001	0.235220050307453
0.930000000000001	0.240181396228374
0.950000000000001	0.245194759504627
0.970000000000001	0.250260147513803
0.990000000000001	0.255377567634537
