# Program settings for SigmaNu
# Electroweak scheme and input parameters
# Scheme = Complex mass scheme
# alpha_GF = 0.00755898078237864
# Pole masses/widths for particles [GeV]
# mw = 80.35797361
# gw = 2.084298894
# mz = 91.15348062
# gz = 2.494266379
# s^2_thetaw (derived) = (0.222868505240788,-0.00110716741475141)
# charged leptons
# m_e = 0.0005109989461
# m_m = 0.10565837
# m_t = 1.77686
# quarks
# m_d = 0.05
# m_u = 0.05
# m_s = 0.2
# m_c = 1.51
# m_b = 4.92
# m_t = 173
# Ecms (default) = 9.97727

# channel_id = 13
# process  = nu_e nu_m~ -> e- m+
-0.99	4.16048298306777e-05
-0.97	0.000369078558575084
-0.95	0.00102248485200224
-0.93	0.0020021205119259
-0.91	0.00330828261044424
-0.89	0.00494126849021313
-0.87	0.00690137576472002
-0.85	0.00918890231855806
-0.83	0.0118041463077003
-0.81	0.0147474061597748
-0.79	0.0180189805743394
-0.77	0.0216191685231569
-0.75	0.0255482692504711
-0.73	0.0298065822732826
-0.71	0.0343944073816251
-0.69	0.0393120446388419
-0.67	0.044559794381863
-0.65	0.0501379572214822
-0.63	0.0560468340426347
-0.61	0.0622867260046749
-0.59	0.0688579345416548
-0.57	0.0757607613626024
-0.55	0.0829955084518001
-0.53	0.0905624780690648
-0.51	0.0984619727500261
-0.49	0.106694295306407
-0.47	0.115259748826304
-0.45	0.124158636674467
-0.429999999999999	0.133391262492581
-0.409999999999999	0.142957930199544
-0.389999999999999	0.152858943991754
-0.369999999999999	0.163094608343386
-0.349999999999999	0.173665228006676
-0.329999999999999	0.1845711080122
-0.309999999999999	0.195812553669165
-0.289999999999999	0.207389870565682
-0.269999999999999	0.219303364569056
-0.249999999999999	0.231553341826066
-0.229999999999999	0.244140108763251
-0.209999999999999	0.257063972087195
-0.189999999999999	0.270325238784808
-0.169999999999999	0.283924216123616
-0.149999999999999	0.297861211652041
-0.129999999999999	0.31213653319969
-0.109999999999999	0.326750488877639
-0.0899999999999994	0.341703387078724
-0.0699999999999994	0.356995536477818
-0.0499999999999994	0.372627246032129
-0.0299999999999994	0.388598824981479
-0.00999999999999938	0.404910582848594
0.0100000000000006	0.421562829439395
0.0300000000000006	0.438555874843281
0.0500000000000006	0.455890029433422
0.0700000000000006	0.473565603867045
0.0900000000000006	0.491582909085724
0.110000000000001	0.50994225631567
0.130000000000001	0.528643957068021
0.150000000000001	0.547688323139131
0.170000000000001	0.567075666610862
0.190000000000001	0.586806299850873
0.210000000000001	0.606880535512915
0.230000000000001	0.627298686537116
0.250000000000001	0.64806106615028
0.270000000000001	0.669167987866175
0.290000000000001	0.690619765485826
0.310000000000001	0.712416713097809
0.330000000000001	0.734559145078543
0.350000000000001	0.757047376092585
0.370000000000001	0.779881721092922
0.390000000000001	0.803062495321266
0.410000000000001	0.82659001430835
0.430000000000001	0.850464593874222
0.450000000000001	0.874686550128538
0.470000000000001	0.899256199470861
0.490000000000001	0.924173858590954
0.510000000000001	0.94943984446908
0.530000000000001	0.975054474376294
0.550000000000001	1.00101806587474
0.570000000000001	1.02733093681796
0.590000000000001	1.05399340535117
0.610000000000001	1.08100578991158
0.630000000000001	1.10836840922867
0.650000000000001	1.13608158232452
0.670000000000001	1.16414562851407
0.690000000000001	1.19256086740545
0.710000000000001	1.22132761890027
0.730000000000001	1.25044620319391
0.750000000000001	1.27991694077584
0.770000000000001	1.3097401524299
0.790000000000001	1.33991615923463
0.810000000000001	1.37044528256352
0.830000000000001	1.40132784408538
0.850000000000001	1.43256416576458
0.870000000000001	1.46415456986139
0.890000000000001	1.49609937893227
0.910000000000001	1.52839891583017
0.930000000000001	1.56105350370486
0.950000000000001	1.59406346600318
0.970000000000001	1.6274291264694
0.990000000000001	1.66115080914548
