# Program settings for SigmaNu
# Electroweak scheme and input parameters
# Scheme = Complex mass scheme
# alpha_GF = 0.00755898078237864
# Pole masses/widths for particles [GeV]
# mw = 80.35797361
# gw = 2.084298894
# mz = 91.15348062
# gz = 2.494266379
# s^2_thetaw (derived) = (0.222868505240788,-0.00110716741475141)
# charged leptons
# m_e = 0.0005109989461
# m_m = 0.10565837
# m_t = 1.77686
# quarks
# m_d = 0.05
# m_u = 0.05
# m_s = 0.2
# m_c = 1.51
# m_b = 4.92
# m_t = 173
# Ecms (default) = 0.922888

# channel_id = 13
# process  = nu_e nu_m~ -> e- m+
-0.99	1.26154487566334e-06
-0.97	5.85462760505653e-06
-0.95	1.32078727959882e-05
-0.93	2.3321301988601e-05
-0.91	3.61949367232051e-05
-0.89	5.18287985402793e-05
-0.87	7.02229089804701e-05
-0.85	9.13772895845922e-05
-0.83	0.000115291961893628
-0.81	0.000141966947448729
-0.79	0.000171402267791213
-0.77	0.000203597944462568
-0.75	0.000238553999004449
-0.73	0.000276270452958678
-0.71	0.000316747327867248
-0.69	0.000359984645272316
-0.67	0.00040598242671621
-0.65	0.000454740693741427
-0.63	0.000506259467890629
-0.61	0.000560538770706647
-0.59	0.000617578623732483
-0.57	0.000677379048511302
-0.55	0.000739940066586442
-0.53	0.000805261699501405
-0.51	0.000873343968799864
-0.49	0.00094418689602566
-0.47	0.0010177905027228
-0.45	0.00109415481043546
-0.429999999999999	0.00117327984070798
-0.409999999999999	0.00125516561508489
-0.389999999999999	0.00133981215511085
-0.369999999999999	0.00142721948233071
-0.349999999999999	0.00151738761828951
-0.329999999999999	0.0016103165845324
-0.309999999999999	0.00170600640260476
-0.289999999999999	0.00180445709405211
-0.269999999999999	0.00190566868042012
-0.249999999999999	0.00200964118325466
-0.229999999999999	0.00211637462410176
-0.209999999999999	0.0022258690245076
-0.189999999999999	0.00233812440601856
-0.169999999999999	0.00245314079018115
-0.149999999999999	0.00257091819854208
-0.129999999999999	0.00269145665264821
-0.109999999999999	0.00281475617404658
-0.0899999999999994	0.00294081678428439
-0.0699999999999994	0.00306963850490901
-0.0499999999999994	0.00320122135746797
-0.0299999999999994	0.00333556536350899
-0.00999999999999938	0.00347267054457994
0.0100000000000006	0.00361253692222887
0.0300000000000006	0.00375516451800397
0.0500000000000006	0.00390055335345364
0.0700000000000006	0.00404870345012642
0.0900000000000006	0.00419961482957102
0.110000000000001	0.00435328751333633
0.130000000000001	0.0045097215229714
0.150000000000001	0.00466891688002545
0.170000000000001	0.00483087360604787
0.190000000000001	0.00499559172258821
0.210000000000001	0.0051630712511962
0.230000000000001	0.00533331221342173
0.250000000000001	0.00550631463081486
0.270000000000001	0.00568207852492583
0.290000000000001	0.00586060391730501
0.310000000000001	0.00604189082950299
0.330000000000001	0.00622593928307049
0.350000000000001	0.00641274929955842
0.370000000000001	0.00660232090051784
0.390000000000001	0.0067946541075
0.410000000000001	0.00698974894205629
0.430000000000001	0.0071876054257383
0.450000000000001	0.00738822358009776
0.470000000000001	0.00759160342668659
0.490000000000001	0.00779774498705685
0.510000000000001	0.00800664828276081
0.530000000000001	0.00821831333535087
0.550000000000001	0.00843274016637961
0.570000000000001	0.0086499287973998
0.590000000000001	0.00886987924996434
0.610000000000001	0.00909259154562633
0.630000000000001	0.00931806570593902
0.650000000000001	0.00954630175245582
0.670000000000001	0.00977729970673034
0.690000000000001	0.0100110595903163
0.710000000000001	0.0102475814247678
0.730000000000001	0.0104868652316386
0.750000000000001	0.0107289110324833
0.770000000000001	0.0109737188488562
0.790000000000001	0.0112212887023118
0.810000000000001	0.0114716206144051
0.830000000000001	0.0117247146066908
0.850000000000001	0.0119805707007242
0.870000000000001	0.0122391889180604
0.890000000000001	0.012500569280255
0.910000000000001	0.0127647118088634
0.930000000000001	0.0130316165254416
0.950000000000001	0.0133012834515455
0.970000000000001	0.0135737126087312
0.990000000000001	0.0138489040185549
