# Program settings for SigmaNu
# Electroweak scheme and input parameters
# Scheme = Complex mass scheme
# alpha_GF = 0.00755898078237864
# Pole masses/widths for particles [GeV]
# mw = 80.35797361
# gw = 2.084298894
# mz = 91.15348062
# gz = 2.494266379
# s^2_thetaw (derived) = (0.222868505240788,-0.00110716741475141)
# charged leptons
# m_e = 0.0005109989461
# m_m = 0.10565837
# m_t = 1.77686
# quarks
# m_d = 0.05
# m_u = 0.05
# m_s = 0.2
# m_c = 1.51
# m_b = 4.92
# m_t = 173
# Ecms (default) = 40048.9

# channel_id = 13
# process  = nu_e nu_m~ -> e- m+
-0.99	1.1076961638248e-08
-0.97	1.01727137841952e-07
-0.95	2.88401501992207e-07
-0.93	5.77042972986751e-07
-0.91	9.73968567125536e-07
-0.89	1.48589588489933e-06
-0.87	2.1199717315705e-06
-0.85	2.88380306622777e-06
-0.83	3.78549049395389e-06
-0.81	4.83366453798045e-06
-0.79	6.03752495350881e-06
-0.77	7.40688337257461e-06
-0.75	8.952209600304e-06
-0.73	1.0684681917576e-05
-0.71	1.26162417839573e-05
-0.69	1.47596533783754e-05
-0.67	1.71285684639786e-05
-0.65	1.97375971187439e-05
-0.63	2.26023849354756e-05
-0.61	2.57396973648708e-05
-0.59	2.91675119544439e-05
-0.57	3.29051193255999e-05
-0.55	3.69732338325421e-05
-0.53	4.13941149617479e-05
-0.51	4.61917006614818e-05
-0.49	5.13917539396201e-05
-0.47	5.70220242376976e-05
-0.45	6.31124252828039e-05
-0.429999999999999	6.96952313405403e-05
-0.409999999999999	7.68052940461656e-05
-0.389999999999999	8.44802822825308e-05
-0.369999999999999	9.2760947908637e-05
-0.349999999999999	0.00010169142052891
-0.329999999999999	0.00011131953493926
-0.309999999999999	0.000121697195401883
-0.289999999999999	0.000132880781498875
-0.269999999999999	0.000144931601009497
-0.249999999999999	0.000157916396064907
-0.229999999999999	0.000171907909778189
-0.209999999999999	0.000186985521651651
-0.189999999999999	0.00020323596135799
-0.169999999999999	0.000220754112013654
-0.149999999999999	0.000239643915855908
-0.129999999999999	0.000260019397353953
-0.109999999999999	0.000282005821294788
-0.0899999999999994	0.000305741006367257
-0.0699999999999994	0.000331376818322137
-0.0499999999999994	0.000359080871034709
-0.0299999999999994	0.000389038468890495
-0.00999999999999938	0.000421454830043187
0.0100000000000006	0.000456557637491015
0.0300000000000006	0.000494599973878144
0.0500000000000006	0.000535863706821149
0.0700000000000006	0.000580663404854634
0.0900000000000006	0.000629350880377824
0.110000000000001	0.000682320476021896
0.130000000000001	0.000740015235615315
0.150000000000001	0.000802934131650104
0.170000000000001	0.000871640559462972
0.190000000000001	0.00094677235634772
0.210000000000001	0.00102905366426858
0.230000000000001	0.00111930903138556
0.250000000000001	0.00121848024505782
0.270000000000001	0.00132764651380608
0.290000000000001	0.00144804877656025
0.310000000000001	0.00158111912614739
0.330000000000001	0.0017285166064407
0.350000000000001	0.00189217100100466
0.370000000000001	0.0020743367061586
0.390000000000001	0.00227765941622465
0.410000000000001	0.00250525920433939
0.430000000000001	0.00276083474589224
0.450000000000001	0.00304879502970699
0.470000000000001	0.00337442711937962
0.490000000000001	0.00374411163774578
0.510000000000001	0.00416560206289208
0.530000000000001	0.00464839027168478
0.550000000000001	0.0052041900170974
0.570000000000001	0.00584758370583007
0.590000000000001	0.00659689839905285
0.610000000000001	0.00747540838690572
0.630000000000001	0.00851301065158136
0.650000000000001	0.00974859741262376
0.670000000000001	0.0112334766649465
0.690000000000001	0.013036403050279
0.710000000000001	0.015251144178323
0.730000000000001	0.0180081497435482
0.750000000000001	0.0214930685180313
0.770000000000001	0.0259771062837147
0.790000000000001	0.0318687102144149
0.810000000000001	0.0398055342230432
0.830000000000001	0.0508268874810064
0.850000000000001	0.0667182478210498
0.870000000000001	0.0907555157381362
0.890000000000001	0.129480681810874
0.910000000000001	0.197530574665123
0.930000000000001	0.333387220960555
0.950000000000001	0.666990525981806
0.970000000000001	1.89054562024482
0.990000000000001	17.3435245659106
