# Program settings for SigmaNu
# Electroweak scheme and input parameters
# Scheme = Complex mass scheme
# alpha_GF = 0.00755898078237864
# Pole masses/widths for particles [GeV]
# mw = 80.35797361
# gw = 2.084298894
# mz = 91.15348062
# gz = 2.494266379
# s^2_thetaw (derived) = (0.222868505240788,-0.00110716741475141)
# charged leptons
# m_e = 0.0005109989461
# m_m = 0.10565837
# m_t = 1.77686
# quarks
# m_d = 0.05
# m_u = 0.05
# m_s = 0.2
# m_c = 1.51
# m_b = 4.92
# m_t = 173
# Ecms (default) = 69443.8

# channel_id = 13
# process  = nu_e nu_m~ -> e- m+
-0.99	3.68414933480647e-09
-0.97	3.38340061321547e-08
-0.95	9.59210977636137e-08
-0.93	1.91922019156273e-07
-0.91	3.23937789131446e-07
-0.89	4.94202659871865e-07
-0.87	7.05093636087046e-07
-0.85	9.5914076862819e-07
-0.83	1.2590382939415e-06
-0.81	1.60765669814462e-06
-0.79	2.00805579276054e-06
-0.77	2.46349889835657e-06
-0.75	2.97746824263609e-06
-0.73	3.55368169106133e-06
-0.71	4.19611094100788e-06
-0.69	4.90900132495204e-06
-0.67	5.69689338448513e-06
-0.65	6.56464639527823e-06
-0.63	7.51746404377006e-06
-0.61	8.56092247964412e-06
-0.59	9.70100099447464e-06
-0.57	1.0944115606689e-05
-0.55	1.22971558667179e-05
-0.53	1.37675252344712e-05
-0.51	1.53631854247589e-05
-0.49	1.70927051657708e-05
-0.47	1.89653138721498e-05
-0.45	2.09909607986253e-05
-0.429999999999999	2.31803803138711e-05
-0.409999999999999	2.55451640187086e-05
-0.389999999999999	2.80978405297183e-05
-0.369999999999999	3.08519638608248e-05
-0.349999999999999	3.38222114638923e-05
-0.329999999999999	3.70244931376975e-05
-0.309999999999999	4.0476072186242e-05
-0.289999999999999	4.41957004062895e-05
-0.269999999999999	4.82037687151093e-05
-0.249999999999999	5.25224754984727e-05
-0.229999999999999	5.71760150729286e-05
-0.209999999999999	6.21907890236377e-05
-0.189999999999999	6.75956436096429e-05
-0.169999999999999	7.34221369345827e-05
-0.149999999999999	7.97048401772939e-05
-0.129999999999999	8.64816778814732e-05
-0.109999999999999	9.37943131385402e-05
-0.0899999999999994	0.000101688584489918
-0.0699999999999994	0.000110215002557185
-0.0499999999999994	0.000119429315821651
-0.0299999999999994	0.000129393156669309
-0.00999999999999938	0.000140174780855458
0.0100000000000006	0.000151849916003648
0.0300000000000006	0.000164502737733928
0.0500000000000006	0.00017822699563862
0.0700000000000006	0.000193127315745567
0.0900000000000006	0.000209320711526297
0.110000000000001	0.00022693834217136
0.130000000000001	0.000246127565089713
0.150000000000001	0.00026705433980876
0.170000000000001	0.000289906053194305
0.190000000000001	0.000314894851875945
0.210000000000001	0.000342261587870923
0.230000000000001	0.000372280508858148
0.250000000000001	0.000405264856969008
0.270000000000001	0.000441573581476757
0.290000000000001	0.000481619424265889
0.310000000000001	0.000525878706356043
0.330000000000001	0.000574903234381463
0.350000000000001	0.000629334865141758
0.370000000000001	0.000689923424361938
0.390000000000001	0.0007575488869604
0.410000000000001	0.000833249010716802
0.430000000000001	0.000918254002296181
0.450000000000001	0.00101403032613142
0.470000000000001	0.0011223365041874
0.490000000000001	0.0012452947892732
0.510000000000001	0.00138548406325002
0.530000000000001	0.00154606142283926
0.550000000000001	0.00173092299263176
0.570000000000001	0.00194491905531538
0.590000000000001	0.00219414542677687
0.610000000000001	0.00248634345758754
0.630000000000001	0.00283145732946682
0.650000000000001	0.00324242322049493
0.670000000000001	0.0037363070635179
0.690000000000001	0.00433597795211829
0.710000000000001	0.00507262492278396
0.730000000000001	0.00598963847612881
0.750000000000001	0.00714876997097672
0.770000000000001	0.00864022982064397
0.790000000000001	0.0105998798610171
0.810000000000001	0.0132398252318628
0.830000000000001	0.0169057795275439
0.850000000000001	0.022191669637677
0.870000000000001	0.0301872229697651
0.890000000000001	0.043068687682928
0.910000000000001	0.0657053022328534
0.930000000000001	0.110899568250263
0.950000000000001	0.221884640343154
0.970000000000001	0.629009139404402
0.990000000000001	5.77454961971413
