# Program settings for SigmaNu
# Electroweak scheme and input parameters
# Scheme = Complex mass scheme
# alpha_GF = 0.00755898078237864
# Pole masses/widths for particles [GeV]
# mw = 80.35797361
# gw = 2.084298894
# mz = 91.15348062
# gz = 2.494266379
# s^2_thetaw (derived) = (0.222868505240788,-0.00110716741475141)
# charged leptons
# m_e = 0.0005109989461
# m_m = 0.10565837
# m_t = 1.77686
# quarks
# m_d = 0.05
# m_u = 0.05
# m_s = 0.2
# m_c = 1.51
# m_b = 4.92
# m_t = 173
# Ecms (default) = 294.529

# channel_id = 13
# process  = nu_e nu_m~ -> e- m+
-0.99	0.00017729352230325
-0.97	0.00162587824608762
-0.95	0.00460279372639372
-0.93	0.00919588007663528
-0.91	0.0154981061950287
-0.89	0.0236079062853712
-0.87	0.0336295414808141
-0.85	0.0456734886896331
-0.83	0.05985685898279
-0.81	0.0763038480650717
-0.79	0.0951462216172175
-0.77	0.116523838568543
-0.75	0.140585215661228
-0.73	0.167488137002275
-0.71	0.197400312671122
-0.69	0.230500090864656
-0.67	0.266977228522046
-0.65	0.307033725885275
-0.63	0.350884731024283
-0.61	0.398759520995799
-0.59	0.450902567020931
-0.57	0.507574691868491
-0.55	0.569054328530094
-0.53	0.635638890282445
-0.51	0.707646263366868
-0.49	0.785416434793321
-0.47	0.869313269215612
-0.45	0.959726450449306
-0.429999999999999	1.05707360504027
-0.409999999999999	1.16180262737045
-0.389999999999999	1.27439422814396
-0.369999999999999	1.39536473077196
-0.349999999999999	1.52526914321689
-0.329999999999999	1.66470453632172
-0.309999999999999	1.81431376360253
-0.289999999999999	1.97478956200003
-0.269999999999999	2.14687907825634
-0.249999999999999	2.3313888715133
-0.229999999999999	2.52919044954129
-0.209999999999999	2.74122640384901
-0.189999999999999	2.96851721796832
-0.169999999999999	3.2121688336586
-0.149999999999999	3.47338107187583
-0.129999999999999	3.7534570193933
-0.109999999999999	4.05381350828955
-0.0899999999999994	4.37599283455075
-0.0699999999999994	4.72167588426688
-0.0499999999999994	5.09269686193473
-0.0299999999999994	5.49105984594009
-0.00999999999999938	5.91895743225495
0.0100000000000006	6.3787917698186
0.0300000000000006	6.87319834127513
0.0500000000000006	7.405072902301
0.0700000000000006	7.97760206362654
0.0900000000000006	8.59429808443154
0.110000000000001	9.25903854704456
0.130000000000001	9.97611170447213
0.150000000000001	10.7502684388071
0.170000000000001	11.586781945733
0.190000000000001	12.4915164753362
0.210000000000001	13.4710067213104
0.230000000000001	14.5325497708482
0.250000000000001	15.6843119206484
0.270000000000001	16.9354531491638
0.290000000000001	18.2962726354222
0.310000000000001	19.7783794614266
0.330000000000001	21.3948935684521
0.350000000000001	23.1606832100299
0.370000000000001	25.0926466250349
0.390000000000001	27.210047534366
0.410000000000001	29.5349164657395
0.430000000000001	32.0925329960568
0.450000000000001	34.9120079896987
0.470000000000001	38.0269901034392
0.490000000000001	41.4765276353329
0.510000000000001	45.3061257844919
0.530000000000001	49.5690513549909
0.550000000000001	54.3279529992657
0.570000000000001	59.6568868477564
0.590000000000001	65.6438671055529
0.610000000000001	72.3941022520489
0.630000000000001	80.0341347756865
0.650000000000001	88.7171832566564
0.670000000000001	98.6301011920464
0.690000000000001	110.002534318949
0.710000000000001	123.119103994758
0.730000000000001	138.335810793835
0.750000000000001	156.102408425068
0.770000000000001	176.993356592751
0.790000000000001	201.751313735215
0.810000000000001	231.349307563874
0.830000000000001	267.081311043368
0.850000000000001	310.697030346597
0.870000000000001	364.607315659303
0.890000000000001	432.205731710265
0.910000000000001	518.387647137089
0.930000000000001	630.418249061029
0.950000000000001	779.444839202757
0.970000000000001	983.262263086481
0.990000000000001	1271.67164203791
