# Program settings for SigmaNu
# Electroweak scheme and input parameters
# Scheme = Complex mass scheme
# alpha_GF = 0.00755898078237864
# Pole masses/widths for particles [GeV]
# mw = 80.35797361
# gw = 2.084298894
# mz = 91.15348062
# gz = 2.494266379
# s^2_thetaw (derived) = (0.222868505240788,-0.00110716741475141)
# charged leptons
# m_e = 0.0005109989461
# m_m = 0.10565837
# m_t = 1.77686
# quarks
# m_d = 0.05
# m_u = 0.05
# m_s = 0.2
# m_c = 1.51
# m_b = 4.92
# m_t = 173
# Ecms (default) = 9573.65

# channel_id = 13
# process  = nu_e nu_m~ -> e- m+
-0.99	1.93815616664721e-07
-0.97	1.77993583166212e-06
-0.95	5.04619973137387e-06
-0.93	1.00965839636232e-05
-0.91	1.70416098865684e-05
-0.89	2.59988069136214e-05
-0.87	3.70932131830543e-05
-0.85	5.04579169574668e-05
-0.83	6.62346425073128e-05
-0.81	8.45743846215908e-05
-0.79	0.000105638096322594
-0.77	0.00012959743484608
-0.75	0.000156635571489822
-0.73	0.000186948071539828
-0.71	0.000220743851162957
-0.69	0.000258246218917154
-0.67	0.000299694010387205
-0.65	0.000345342825417684
-0.63	0.00039546637850048
-0.61	0.000450357974099082
-0.59	0.000510332120075278
-0.57	0.000575726293949129
-0.55	0.00064690287849616
-0.53	0.000724251285197648
-0.51	0.000808190286346054
-0.49	0.000899170579209788
-0.47	0.000997677608627891
-0.45	0.00110423467779268
-0.429999999999999	0.00121940638085306
-0.409999999999999	0.00134380239541127
-0.389999999999999	0.00147808167808244
-0.369999999999999	0.00162295711214817
-0.349999999999999	0.00177920066308939
-0.329999999999999	0.00194764910558137
-0.309999999999999	0.00212921039455466
-0.289999999999999	0.00232487076338293
-0.269999999999999	0.00253570264440684
-0.249999999999999	0.00276287352114747
-0.229999999999999	0.0030076558380673
-0.209999999999999	0.00327143811304203
-0.189999999999999	0.00355573742034062
-0.169999999999999	0.00386221343851525
-0.149999999999999	0.00419268428895325
-0.129999999999999	0.00454914442788517
-0.109999999999999	0.00493378489852955
-0.0899999999999994	0.00534901630219887
-0.0699999999999994	0.00579749490932751
-0.0499999999999994	0.00628215240565228
-0.0299999999999994	0.00680622985782762
-0.00999999999999938	0.00737331658988269
0.0100000000000006	0.00798739479123043
0.0300000000000006	0.00865289083356158
0.0500000000000006	0.00937473446436377
0.0700000000000006	0.0101584272771674
0.0900000000000006	0.0110101221432994
0.110000000000001	0.0119367156401439
0.130000000000001	0.0129459559435966
0.150000000000001	0.0140465691893836
0.170000000000001	0.0152484079774392
0.190000000000001	0.0165626265324034
0.210000000000001	0.0180018880897131
0.230000000000001	0.0195806114142649
0.250000000000001	0.0213152650615102
0.270000000000001	0.0232247201717209
0.290000000000001	0.0253306753984694
0.310000000000001	0.0276581712173975
0.330000000000001	0.0302362156214645
0.350000000000001	0.0330985494702481
0.370000000000001	0.0362845880600489
0.390000000000001	0.0398405865708663
0.410000000000001	0.0438210919911034
0.430000000000001	0.0482907644453807
0.450000000000001	0.0533266787600499
0.470000000000001	0.0590212558222672
0.490000000000001	0.0654860276049169
0.510000000000001	0.0728565168256251
0.530000000000001	0.0812986230301664
0.550000000000001	0.0910170683765594
0.570000000000001	0.102266695192254
0.590000000000001	0.115367766160208
0.610000000000001	0.130726966453995
0.630000000000001	0.148866661531835
0.650000000000001	0.170466323032724
0.670000000000001	0.196422245666461
0.690000000000001	0.22793536552829
0.710000000000001	0.266643316170507
0.730000000000001	0.314824055181729
0.750000000000001	0.375718921143432
0.770000000000001	0.454062150530408
0.790000000000001	0.55698213656218
0.810000000000001	0.695604586441407
0.830000000000001	0.8880575311347
0.850000000000001	1.16547187040442
0.870000000000001	1.58493685360506
0.890000000000001	2.26038657998378
0.910000000000001	3.44650803838339
0.930000000000001	5.81203566763101
0.950000000000001	11.6102416125902
0.970000000000001	32.7926277776683
0.990000000000001	295.603041810631
