# Program settings for SigmaNu
# Electroweak scheme and input parameters
# Scheme = Complex mass scheme
# alpha_GF = 0.00755898078237864
# Pole masses/widths for particles [GeV]
# mw = 80.35797361
# gw = 2.084298894
# mz = 91.15348062
# gz = 2.494266379
# s^2_thetaw (derived) = (0.222868505240788,-0.00110716741475141)
# charged leptons
# m_e = 0.0005109989461
# m_m = 0.10565837
# m_t = 1.77686
# quarks
# m_d = 0.05
# m_u = 0.05
# m_s = 0.2
# m_c = 1.51
# m_b = 4.92
# m_t = 173
# Ecms (default) = 104.935

# channel_id = 13
# process  = nu_e nu_m~ -> e- m+
-0.99	0.000638788620971691
-0.97	0.00582170676674386
-0.95	0.0163787440531409
-0.93	0.0325170968010138
-0.91	0.0544520346851728
-0.89	0.0824072529057337
-0.87	0.116615241762511
-0.85	0.157317674602197
-0.83	0.204765815168552
-0.81	0.259220945450406
-0.79	0.320954815191458
-0.77	0.390250114299775
-0.75	0.467400969474127
-0.73	0.552713466449082
-0.71	0.646506199351644
-0.69	0.749110848759683
-0.67	0.860872790156821
-0.65	0.982151734590583
-0.63	1.11332240346089
-0.61	1.25477523949528
-0.59	1.40691715610609
-0.57	1.57017232747399
-0.55	1.74498302186304
-0.53	1.93181048084503
-0.51	2.13113584729695
-0.49	2.34346114523592
-0.47	2.56931031477169
-0.45	2.80923030569
-0.429999999999999	3.06379223343107
-0.409999999999999	3.33359260149909
-0.389999999999999	3.61925459463145
-0.369999999999999	3.92142944737307
-0.349999999999999	4.24079789304402
-0.329999999999999	4.57807169845878
-0.309999999999999	4.93399529015706
-0.289999999999999	5.30934747834059
-0.269999999999999	5.70494328518153
-0.249999999999999	6.12163588467928
-0.229999999999999	6.56031866179701
-0.209999999999999	7.02192739921209
-0.189999999999999	7.50744260066884
-0.169999999999999	8.01789196063454
-0.149999999999999	8.55435299073429
-0.129999999999999	9.11795581428429
-0.109999999999999	9.70988614116264
-0.0899999999999994	10.33138843626
-0.0699999999999994	10.9837692958461
-0.0499999999999994	11.6684010473849
-0.0299999999999994	12.3867255896363
-0.00999999999999938	13.1402584913114
0.0100000000000006	13.9305933681146
0.0300000000000006	14.7594065597165
0.0500000000000006	15.6284621300831
0.0700000000000006	16.5396172166468
0.0900000000000006	17.4948277560706
0.110000000000001	18.4961546168445
0.130000000000001	19.5457701716917
0.150000000000001	20.6459653457761
0.170000000000001	21.7991571800277
0.190000000000001	23.0078969525637
0.210000000000001	24.2748789052341
0.230000000000001	25.6029496267896
0.250000000000001	26.995118149119
0.270000000000001	28.4545668184829
0.290000000000001	29.9846630097419
0.310000000000001	31.5889717583183
0.330000000000001	33.2712693921155
0.350000000000001	35.0355582539457
0.370000000000001	36.8860826142792
0.390000000000001	38.8273458844633
0.410000000000001	40.8641292520773
0.430000000000001	43.0015118729652
0.450000000000001	45.244892768887
0.470000000000001	47.6000145958504
0.490000000000001	50.0729894662614
0.510000000000001	52.6703270283276
0.530000000000001	55.3989650289617
0.550000000000001	58.2663026121078
0.570000000000001	61.2802366333658
0.590000000000001	64.4492013044534
0.610000000000001	67.7822115179878
0.630000000000001	71.2889102448746
0.650000000000001	74.9796204440019
0.670000000000001	78.8654019777702
0.690000000000001	82.9581140882185
0.710000000000001	87.2704840582575
0.730000000000001	91.8161827621274
0.750000000000001	96.6099079001831
0.770000000000001	101.667475817311
0.790000000000001	107.005922923825
0.810000000000001	112.643617875066
0.830000000000001	118.600385824172
0.850000000000001	124.897646245026
0.870000000000001	131.558566033456
0.890000000000001	138.608229839345
0.910000000000001	146.073829866198
0.930000000000001	153.9848777052
0.950000000000001	162.373441156112
0.970000000000001	171.274409437953
0.990000000000001	180.725790720365
