# Program settings for SigmaNu
# Electroweak scheme and input parameters
# Scheme = Complex mass scheme
# alpha_GF = 0.00755898078237864
# Pole masses/widths for particles [GeV]
# mw = 80.35797361
# gw = 2.084298894
# mz = 91.15348062
# gz = 2.494266379
# s^2_thetaw (derived) = (0.222868505240788,-0.00110716741475141)
# charged leptons
# m_e = 0.0005109989461
# m_m = 0.10565837
# m_t = 1.77686
# quarks
# m_d = 0.05
# m_u = 0.05
# m_s = 0.2
# m_c = 1.51
# m_b = 4.92
# m_t = 173
# Ecms (default) = 2196.02

# channel_id = 13
# process  = nu_e nu_m~ -> e- m+
-0.99	3.67421744600621e-06
-0.97	3.37418647195764e-05
-0.95	9.56572051988435e-05
-0.93	0.000191388574709436
-0.91	0.000323028039397399
-0.89	0.000492800143661273
-0.87	0.000703071361813802
-0.85	0.000956360317586957
-0.83	0.00125534884215647
-0.81	0.00160289394867309
-0.79	0.00200204080944194
-0.77	0.00245603683099575
-0.75	0.00296834693248571
-0.73	0.00354267014420437
-0.71	0.00418295765581933
-0.69	0.00489343245821672
-0.67	0.00567861073894133
-0.65	0.0065433252093153
-0.63	0.00749275056169904
-0.61	0.00853243127834515
-0.59	0.00966831203925921
-0.57	0.0109067710058456
-0.55	0.0122546562903787
-0.53	0.0137193259590708
-0.51	0.0153086919593776
-0.49	0.0170312684109637
-0.47	0.0188962247553485
-0.45	0.0209134443227323
-0.429999999999999	0.0230935889470923
-0.409999999999999	0.0254481703438007
-0.389999999999999	0.0279896290594614
-0.369999999999999	0.0307314219133972
-0.349999999999999	0.0336881189766394
-0.329999999999999	0.0368755112801816
-0.309999999999999	0.0403107306130087
-0.289999999999999	0.0440123829659918
-0.269999999999999	0.0480006974048691
-0.249999999999999	0.0522976924199096
-0.229999999999999	0.0569273621082708
-0.209999999999999	0.0619158849056778
-0.189999999999999	0.0672918580067428
-0.169999999999999	0.0730865611098987
-0.149999999999999	0.0793342537079911
-0.129999999999999	0.0860725108366222
-0.109999999999999	0.0933426030107814
-0.0899999999999994	0.101189927052379
-0.0699999999999994	0.109664495669221
-0.0499999999999994	0.118821495029436
-0.0299999999999994	0.128721921233528
-0.00999999999999938	0.139433308580066
0.0100000000000006	0.151030564926575
0.0300000000000006	0.163596932359691
0.0500000000000006	0.177225094927701
0.0700000000000006	0.192018459505284
0.0900000000000006	0.208092641146232
0.110000000000001	0.225577190779295
0.130000000000001	0.244617611127725
0.150000000000001	0.265377716687151
0.170000000000001	0.288042405999845
0.190000000000001	0.312820929994271
0.210000000000001	0.339950759704283
0.230000000000001	0.369702181411242
0.250000000000001	0.402383778713937
0.270000000000001	0.438349001292881
0.290000000000001	0.478004071975901
0.310000000000001	0.521817550892917
0.330000000000001	0.570331963162715
0.350000000000001	0.624178011745969
0.370000000000001	0.684092049627926
0.390000000000001	0.750937689088317
0.410000000000001	0.825732699888551
0.430000000000001	0.909682720495341
0.450000000000001	1.00422381703445
0.470000000000001	1.1110766320855
0.490000000000001	1.23231585633274
0.510000000000001	1.37046016039092
0.530000000000001	1.52858973940427
0.550000000000001	1.71050155436393
0.570000000000001	1.92091668042757
0.590000000000001	2.16576065910316
0.610000000000001	2.45254764447066
0.630000000000001	2.79091450694262
0.650000000000001	3.19337543952257
0.670000000000001	3.67640715713
0.690000000000001	4.26204053105169
0.710000000000001	4.98024687736656
0.730000000000001	5.87260518948157
0.750000000000001	6.998098033308
0.770000000000001	8.44256979962437
0.790000000000001	10.3347429742962
0.810000000000001	12.8745370423064
0.830000000000001	16.3857702474784
0.850000000000001	21.4204798081571
0.870000000000001	28.9817087896837
0.890000000000001	41.0472320221388
0.910000000000001	61.9657667098731
0.930000000000001	102.883766042473
0.950000000000001	199.916364070432
0.970000000000001	530.221931741738
0.990000000000001	3594.41746606419
