# Program settings for SigmaNu
# Electroweak scheme and input parameters
# Scheme = Complex mass scheme
# alpha_GF = 0.00755898078237864
# Pole masses/widths for particles [GeV]
# mw = 80.35797361
# gw = 2.084298894
# mz = 91.15348062
# gz = 2.494266379
# s^2_thetaw (derived) = (0.222868505240788,-0.00110716741475141)
# charged leptons
# m_e = 0.0005109989461
# m_m = 0.10565837
# m_t = 1.77686
# quarks
# m_d = 0.05
# m_u = 0.05
# m_s = 0.2
# m_c = 1.51
# m_b = 4.92
# m_t = 173
# Ecms (default) = 524.957

# channel_id = 13
# process  = nu_e nu_m~ -> e- m+
-0.99	6.15379846177074e-05
-0.97	0.000564877485896875
-0.95	0.00160069115518679
-0.93	0.00320115572257914
-0.91	0.00540042479332224
-0.89	0.00823476541592886
-0.87	0.01174270538221
-0.85	0.0159651922140923
-0.83	0.0209457648875004
-0.81	0.0267307394496351
-0.79	0.0333694098039587
-0.77	0.0409142650685987
-0.75	0.0494212250603818
-0.73	0.0589498956202464
-0.71	0.0695638456785209
-0.69	0.081330908163026
-0.67	0.0943235070819891
-0.65	0.108619013370642
-0.63	0.124300132378847
-0.61	0.141455326201452
-0.59	0.160179274418322
-0.57	0.180573377222711
-0.55	0.202746305381578
-0.53	0.226814601997013
-0.51	0.252903341633112
-0.49	0.281146853047475
-0.47	0.311689512532916
-0.45	0.344686615746796
-0.429999999999999	0.380305336898593
-0.409999999999999	0.418725785299797
-0.389999999999999	0.460142170575879
-0.369999999999999	0.504764089323819
-0.349999999999999	0.552817947700624
-0.329999999999999	0.604548536384405
-0.309999999999999	0.660220776601822
-0.289999999999999	0.72012165851405
-0.269999999999999	0.784562396257108
-0.249999999999999	0.853880827411592
-0.229999999999999	0.928444088715554
-0.209999999999999	1.00865160453259
-0.189999999999999	1.09493843006511
-0.169999999999999	1.18777899770456
-0.149999999999999	1.28769132240936
-0.129999999999999	1.39524173080783
-0.109999999999999	1.51105018909107
-0.0899999999999994	1.63579631699857
-0.0699999999999994	1.77022618968449
-0.0499999999999994	1.91516004644466
-0.0299999999999994	2.07150104574991
-0.00999999999999938	2.24024523046579
0.0100000000000006	2.42249289640329
0.0300000000000006	2.61946159250783
0.0500000000000006	2.83250102338398
0.0700000000000006	3.06311017613586
0.0900000000000006	3.31295705576536
0.110000000000001	3.58390148924892
0.130000000000001	3.87802155124522
0.150000000000001	4.19764427842202
0.170000000000001	4.54538148006617
0.190000000000001	4.9241716269457
0.210000000000001	5.33732901736365
0.230000000000001	5.78860169072116
0.250000000000001	6.28223990004798
0.270000000000001	6.82307738605371
0.290000000000001	7.41662824303532
0.310000000000001	8.06920286706332
0.330000000000001	8.7880473770565
0.350000000000001	9.58151206425064
0.370000000000001	10.4592559431769
0.390000000000001	11.4324964684549
0.410000000000001	12.5143161138867
0.430000000000001	13.7200410175117
0.450000000000001	15.0677116086811
0.470000000000001	16.5786715215949
0.490000000000001	18.2783098425633
0.510000000000001	20.1970038244172
0.530000000000001	22.3713260903494
0.550000000000001	24.8456042227459
0.570000000000001	27.6739547980456
0.590000000000001	30.9229634771413
0.610000000000001	34.6752556549713
0.630000000000001	39.0343110865785
0.650000000000001	44.131041397339
0.670000000000001	50.1329054886712
0.690000000000001	57.2567421977457
0.710000000000001	65.7871521652463
0.730000000000001	76.1033399970354
0.750000000000001	88.7191609683145
0.770000000000001	104.344325627437
0.790000000000001	123.980526560722
0.810000000000001	149.077184292664
0.830000000000001	181.792998243231
0.850000000000001	225.45391626106
0.870000000000001	285.3955821052
0.890000000000001	370.607594413016
0.910000000000001	497.184150405915
0.930000000000001	696.256494646336
0.950000000000001	1034.52017898228
0.970000000000001	1676.64272563951
0.990000000000001	3125.32424643972
