# Program settings for SigmaNu
# Electroweak scheme and input parameters
# Scheme = Complex mass scheme
# alpha_GF = 0.00755898078237864
# Pole masses/widths for particles [GeV]
# mw = 80.35797361
# gw = 2.084298894
# mz = 91.15348062
# gz = 2.494266379
# s^2_thetaw (derived) = (0.222868505240788,-0.00110716741475141)
# charged leptons
# m_e = 0.0005109989461
# m_m = 0.10565837
# m_t = 1.77686
# quarks
# m_d = 0.05
# m_u = 0.05
# m_s = 0.2
# m_c = 1.51
# m_b = 4.92
# m_t = 173
# Ecms (default) = 179.469

# channel_id = 13
# process  = nu_e nu_m~ -> e- m+
-0.99	0.000382126357653828
-0.97	0.00349724001553719
-0.95	0.00988045016986917
-0.93	0.0196993433996446
-0.91	0.033130221882994
-0.89	0.0503586121326444
-0.87	0.07157980745204
-0.85	0.0969994466384503
-0.83	0.12683413167162
-0.81	0.161312087358566
-0.79	0.200673866159051
-0.77	0.245173101694331
-0.75	0.295077314746546
-0.73	0.350668775890369
-0.71	0.412245429265476
-0.69	0.480121882401527
-0.67	0.554630467450626
-0.65	0.636122379670032
-0.63	0.724968899535236
-0.61	0.821562705455921
-0.59	0.926319284720971
-0.57	1.03967845102071
-0.55	1.16210597769274
-0.53	1.29409535672106
-0.51	1.43616969449655
-0.49	1.5888837564317
-0.47	1.752826173727
-0.45	1.92862182692392
-0.429999999999999	2.11693442236811
-0.409999999999999	2.31846927936347
-0.389999999999999	2.53397634764522
-0.369999999999999	2.76425347686204
-0.349999999999999	3.01014996206093
-0.329999999999999	3.27257039174584
-0.309999999999999	3.55247882796748
-0.289999999999999	3.85090335113891
-0.269999999999999	4.16894100590624
-0.249999999999999	4.50776318849055
-0.229999999999999	4.86862152051794
-0.209999999999999	5.25285425954169
-0.189999999999999	5.66189330231621
-0.169999999999999	6.09727184350281
-0.149999999999999	6.56063275998284
-0.129999999999999	7.05373779945363
-0.109999999999999	7.57847766163473
-0.0899999999999994	8.13688307139243
-0.0699999999999994	8.73113695559896
-0.0499999999999994	9.36358784981943
-0.0299999999999994	10.0367646772384
-0.00999999999999938	10.7533930609275
0.0100000000000006	11.5164133519945
0.0300000000000006	12.3290005807991
0.0500000000000006	13.1945865667963
0.0700000000000006	14.1168844553099
0.0900000000000006	15.0999159873939
0.110000000000001	16.1480418527946
0.130000000000001	17.265995526938
0.150000000000001	18.4589210521151
0.170000000000001	19.7324152921223
0.190000000000001	21.0925752703722
0.210000000000001	22.5460512961217
0.230000000000001	24.1001066946116
0.250000000000001	25.7626850878193
0.270000000000001	27.5424863270887
0.290000000000001	29.4490523619148
0.310000000000001	31.4928645464643
0.330000000000001	33.685454144192
0.350000000000001	36.0395281000242
0.370000000000001	38.5691125199654
0.390000000000001	41.2897167432494
0.410000000000001	44.2185214292398
0.430000000000001	47.3745947314093
0.450000000000001	50.7791414205422
0.470000000000001	54.4557907824827
0.490000000000001	58.4309302949671
0.510000000000001	62.7340935377344
0.530000000000001	67.3984125798545
0.550000000000001	72.461147307709
0.570000000000001	77.9643069223348
0.590000000000001	83.9553822968929
0.610000000000001	90.4882122415302
0.630000000000001	97.6240122342055
0.650000000000001	105.43260118729
0.670000000000001	113.99387079152
0.690000000000001	123.399553530224
0.710000000000001	133.755360425952
0.730000000000001	145.183579112584
0.750000000000001	157.826248492797
0.770000000000001	171.84906022813
0.790000000000001	187.446182677221
0.810000000000001	204.84626397595
0.830000000000001	224.319953927747
0.850000000000001	246.18939818189
0.870000000000001	270.840315888787
0.890000000000001	298.737492973462
0.910000000000001	330.444836367985
0.930000000000001	366.651584118834
0.950000000000001	408.206920403695
0.970000000000001	456.166210202727
0.990000000000001	511.853516792373
