# Program settings for SigmaNu
# Electroweak scheme and input parameters
# Scheme = Complex mass scheme
# alpha_GF = 0.00755898078237864
# Pole masses/widths for particles [GeV]
# mw = 80.35797361
# gw = 2.084298894
# mz = 91.15348062
# gz = 2.494266379
# s^2_thetaw (derived) = (0.222868505240788,-0.00110716741475141)
# charged leptons
# m_e = 0.0005109989461
# m_m = 0.10565837
# m_t = 1.77686
# quarks
# m_d = 0.05
# m_u = 0.05
# m_s = 0.2
# m_c = 1.51
# m_b = 4.92
# m_t = 173
# Ecms (default) = 38.4298

# channel_id = 13
# process  = nu_e nu_m~ -> e- m+
-0.99	0.000413845270736771
-0.97	0.00373475616037421
-0.95	0.0104110444307497
-0.93	0.0204803773389928
-0.91	0.0339808462458451
-0.89	0.0509509719321101
-0.87	0.0714297099902219
-0.85	0.0954564562921154
-0.83	0.123071052534618
-0.81	0.154313791863593
-0.79	0.189225424578085
-0.77	0.227847163915753
-0.75	0.270220691920888
-0.73	0.316388165396331
-0.71	0.366392221940654
-0.69	0.420275986071954
-0.67	0.478083075439679
-0.65	0.539857607125888
-0.63	0.605644204037391
-0.61	0.675488001390261
-0.59	0.749434653288195
-0.57	0.827530339396252
-0.55	0.909821771711536
-0.53	0.996356201432394
-0.51	1.08718142592773
-0.49	1.18234579580812
-0.47	1.28189822210029
-0.45	1.38588818352683
-0.429999999999999	1.49436573389267
-0.409999999999999	1.60738150958029
-0.389999999999999	1.72498673715525
-0.369999999999999	1.84723324108407
-0.349999999999999	1.97417345156611
-0.329999999999999	2.10586041248161
-0.309999999999999	2.24234778945754
-0.289999999999999	2.38368987805339
-0.269999999999999	2.52994161206895
-0.249999999999999	2.68115857197593
-0.229999999999999	2.83739699347571
-0.209999999999999	2.99871377618515
-0.189999999999999	3.16516649245279
-0.169999999999999	3.33681339630754
-0.149999999999999	3.51371343254204
-0.129999999999999	3.69592624593317
-0.109999999999999	3.8835121906018
-0.0899999999999994	4.07653233951435
-0.0699999999999994	4.2750484941284
-0.0499999999999994	4.47912319418501
-0.0299999999999994	4.68881972764997
-0.00999999999999938	4.90420214080689
0.0100000000000006	5.12533524850442
0.0300000000000006	5.35228464456042
0.0500000000000006	5.58511671232575
0.0700000000000006	5.82389863541041
0.0900000000000006	6.06869840857488
0.110000000000001	6.31958484878945
0.130000000000001	6.57662760646459
0.150000000000001	6.83989717685514
0.170000000000001	7.10946491164158
0.190000000000001	7.38540303069125
0.210000000000001	7.66778463400285
0.230000000000001	7.95668371383729
0.250000000000001	8.25217516703832
0.270000000000001	8.55433480754609
0.290000000000001	8.86323937910724
0.310000000000001	9.17896656818479
0.330000000000001	9.50159501707165
0.350000000000001	9.83120433721099
0.370000000000001	10.1678751227275
0.390000000000001	10.511688964173
0.410000000000001	10.8627284624908
0.430000000000001	11.2210772432014
0.450000000000001	11.5868199708155
0.470000000000001	11.9600423634766
0.490000000000001	12.3408312078381
0.510000000000001	12.729274374179
0.530000000000001	13.1254608317633
0.550000000000001	13.5294806644456
0.570000000000001	13.9414250865293
0.590000000000001	14.3613864588813
0.610000000000001	14.7894583053072
0.630000000000001	15.2257353291932
0.650000000000001	15.6703134304181
0.670000000000001	16.1232897225411
0.690000000000001	16.5847625502708
0.710000000000001	17.0548315072196
0.730000000000001	17.5335974539499
0.750000000000001	18.0211625363161
0.770000000000001	18.5176302041097
0.790000000000001	19.0231052300113
0.810000000000001	19.5376937288565
0.830000000000001	20.0615031772209
0.850000000000001	20.5946424333304
0.870000000000001	21.1372217573029
0.890000000000001	21.6893528317274
0.910000000000001	22.2511487825875
0.930000000000001	22.8227242005344
0.950000000000001	23.4041951625178
0.970000000000001	23.9956792537803
0.990000000000001	24.5972955902222
