# Program settings for SigmaNu
# Electroweak scheme and input parameters
# Scheme = Complex mass scheme
# alpha_GF = 0.00755898078237864
# Pole masses/widths for particles [GeV]
# mw = 80.35797361
# gw = 2.084298894
# mz = 91.15348062
# gz = 2.494266379
# s^2_thetaw (derived) = (0.222868505240788,-0.00110716741475141)
# charged leptons
# m_e = 0.0005109989461
# m_m = 0.10565837
# m_t = 1.77686
# quarks
# m_d = 0.05
# m_u = 0.05
# m_s = 0.2
# m_c = 1.51
# m_b = 4.92
# m_t = 173
# Ecms (default) = 20.6892

# channel_id = 13
# process  = nu_e nu_m~ -> e- m+
-0.99	0.000159630028877032
-0.97	0.00143348119680895
-0.95	0.00398408106557747
-0.93	0.00781619783614691
-0.91	0.0129346175319518
-0.89	0.019344144072954
-0.87	0.0270495993500466
-0.85	0.0360558232998055
-0.83	0.0463676739795919
-0.81	0.0579900276430046
-0.79	0.0709277788156893
-0.77	0.0851858403714998
-0.75	0.100769143609019
-0.73	0.117682638328439
-0.71	0.135931292908801
-0.69	0.1555200943856
-0.67	0.176454048528752
-0.65	0.198738179920931
-0.63	0.222377532036275
-0.61	0.247377167319458
-0.59	0.273742167265142
-0.57	0.301477632497797
-0.55	0.3305886828519
-0.53	0.361080457452518
-0.51	0.392958114796261
-0.49	0.426226832832628
-0.47	0.460891809045731
-0.45	0.496958260536408
-0.429999999999999	0.534431424104731
-0.409999999999999	0.573316556332888
-0.389999999999999	0.61361893366848
-0.369999999999999	0.655343852508193
-0.349999999999999	0.698496629281886
-0.329999999999999	0.743082600537056
-0.309999999999999	0.789107123023729
-0.289999999999999	0.836575573779734
-0.269999999999999	0.885493350216396
-0.249999999999999	0.935865870204629
-0.229999999999999	0.987698572161444
-0.209999999999999	1.04099691513687
-0.189999999999999	1.09576637890127
-0.169999999999999	1.15201246403312
-0.149999999999999	1.20974069200715
-0.129999999999999	1.26895660528294
-0.109999999999999	1.32966576739396
-0.0899999999999994	1.39187376303696
-0.0699999999999994	1.45558619816187
-0.0499999999999994	1.52080870006209
-0.0299999999999994	1.58754691746521
-0.00999999999999938	1.65580652062418
0.0100000000000006	1.72559320140892
0.0300000000000006	1.79691267339835
0.0500000000000006	1.86977067197286
0.0700000000000006	1.94417295440728
0.0900000000000006	2.0201252999642
0.110000000000001	2.09763350998782
0.130000000000001	2.17670340799823
0.150000000000001	2.25734083978613
0.170000000000001	2.33955167350799
0.190000000000001	2.42334179978175
0.210000000000001	2.50871713178288
0.230000000000001	2.59568360534095
0.250000000000001	2.68424717903667
0.270000000000001	2.77441383429942
0.290000000000001	2.8661895755052
0.310000000000001	2.95958043007505
0.330000000000001	3.05459244857405
0.350000000000001	3.15123170481066
0.370000000000001	3.24950429593664
0.390000000000001	3.3494163425474
0.410000000000001	3.45097398878286
0.430000000000001	3.55418340242883
0.450000000000001	3.65905077501881
0.470000000000001	3.76558232193634
0.490000000000001	3.87378428251784
0.510000000000001	3.98366292015593
0.530000000000001	4.09522452240326
0.550000000000001	4.20847540107689
0.570000000000001	4.32342189236309
0.590000000000001	4.44007035692275
0.610000000000001	4.5584271799972
0.630000000000001	4.67849877151466
0.650000000000001	4.80029156619714
0.670000000000001	4.92381202366782
0.690000000000001	5.04906662855911
0.710000000000001	5.17606189062106
0.730000000000001	5.3048043448304
0.750000000000001	5.43530055150012
0.770000000000001	5.56755709638955
0.790000000000001	5.70158059081498
0.810000000000001	5.83737767176085
0.830000000000001	5.97495500199147
0.850000000000001	6.11431927016331
0.870000000000001	6.25547719093777
0.890000000000001	6.39843550509463
0.910000000000001	6.54320097964593
0.930000000000001	6.68978040795051
0.950000000000001	6.83818060982904
0.970000000000001	6.98840843167969
0.990000000000001	7.14047074659429
