# Program settings for SigmaNu
# Electroweak scheme and input parameters
# Scheme = Complex mass scheme
# alpha_GF = 0.00755898078237864
# Pole masses/widths for particles [GeV]
# mw = 80.35797361
# gw = 2.084298894
# mz = 91.15348062
# gz = 2.494266379
# s^2_thetaw (derived) = (0.222868505240788,-0.00110716741475141)
# charged leptons
# m_e = 0.0005109989461
# m_m = 0.10565837
# m_t = 1.77686
# quarks
# m_d = 0.05
# m_u = 0.05
# m_s = 0.2
# m_c = 1.51
# m_b = 4.92
# m_t = 173
# Ecms (default) = 438.97

# channel_id = 13
# process  = nu_e nu_m~ -> e- m+
-0.99	8.62916126982107e-05
-0.97	0.000791943443570022
-0.95	0.00224368124460058
-0.93	0.00448613673083354
-0.91	0.00756665568557075
-0.89	0.0115354835175861
-0.87	0.0164459652475791
-0.85	0.0223547611941266
-0.83	0.0293220797549787
-0.81	0.0374119288189679
-0.79	0.0466923874987347
-0.77	0.0572359000468382
-0.75	0.0691195940097752
-0.73	0.0824256248884469
-0.71	0.0972415498124858
-0.69	0.113660733002801
-0.67	0.131782786095323
-0.65	0.151714046733486
-0.63	0.173568099212113
-0.61	0.197466341376705
-0.59	0.223538602455814
-0.57	0.251923817037517
-0.55	0.282770761002278
-0.53	0.316238855903312
-0.51	0.352499049053043
-0.49	0.391734777443127
-0.47	0.434143024610865
-0.45	0.479935480683708
-0.429999999999999	0.529339817106282
-0.409999999999999	0.582601089004289
-0.389999999999999	0.6399832797942
-0.369999999999999	0.701771004538897
-0.349999999999999	0.768271390715103
-0.329999999999999	0.839816157542555
-0.309999999999999	0.916763917879742
-0.289999999999999	0.999502729978058
-0.269999999999999	1.0884529301781
-0.249999999999999	1.18407028201505
-0.229999999999999	1.28684948227698
-0.209999999999999	1.39732807045303
-0.189999999999999	1.51609079486364
-0.169999999999999	1.64377449675719
-0.149999999999999	1.78107358299749
-0.129999999999999	1.92874616890646
-0.109999999999999	2.08762098567331
-0.0899999999999994	2.25860516186518
-0.0699999999999994	2.44269300642495
-0.0499999999999994	2.6409759416697
-0.0299999999999994	2.85465375987821
-0.00999999999999938	3.08504740690331
0.0100000000000006	3.33361353187927
0.0300000000000006	3.60196108477003
0.0500000000000006	3.89187029477828
0.0700000000000006	4.2053144244455
0.0900000000000006	4.54448476904455
0.110000000000001	4.91181946164201
0.130000000000001	5.31003675482861
0.150000000000001	5.74217358544426
0.170000000000001	6.21163039485419
0.190000000000001	6.72222338238171
0.210000000000001	7.27824562355599
0.230000000000001	7.88453880104933
0.250000000000001	8.54657769166432
0.270000000000001	9.2705700498489
0.290000000000001	10.0635751563755
0.310000000000001	10.9336450989478
0.330000000000001	11.8899938714607
0.350000000000001	12.9432006900288
0.370000000000001	14.1054556207802
0.390000000000001	15.3908578249021
0.410000000000001	16.8157796264677
0.430000000000001	18.3993134418382
0.450000000000001	20.1638237164856
0.470000000000001	22.1356328764847
0.490000000000001	24.3458796026854
0.510000000000001	26.8316004627661
0.530000000000001	29.6371035286255
0.550000000000001	32.81572718659
0.570000000000001	36.4321120887499
0.590000000000001	40.5651639054359
0.610000000000001	45.3119566231397
0.630000000000001	50.792932164456
0.650000000000001	57.1589105077325
0.670000000000001	64.6006651275646
0.690000000000001	73.3621909141152
0.710000000000001	83.7593794715065
0.730000000000001	96.206765071665
0.750000000000001	111.256572393909
0.770000000000001	129.656959839361
0.790000000000001	152.441012027453
0.810000000000001	181.06647002706
0.830000000000001	217.642051441927
0.850000000000001	265.307379686165
0.870000000000001	328.897946083843
0.890000000000001	416.167705684664
0.910000000000001	540.173835024455
0.930000000000001	724.277590012113
0.950000000000001	1013.62926580587
0.970000000000001	1504.8498498398
0.990000000000001	2436.10291354664
