# Program settings for SigmaNu
# Electroweak scheme and input parameters
# Scheme = Complex mass scheme
# alpha_GF = 0.00755898078237864
# Pole masses/widths for particles [GeV]
# mw = 80.35797361
# gw = 2.084298894
# mz = 91.15348062
# gz = 2.494266379
# s^2_thetaw (derived) = (0.222868505240788,-0.00110716741475141)
# charged leptons
# m_e = 0.0005109989461
# m_m = 0.10565837
# m_t = 1.77686
# quarks
# m_d = 0.05
# m_u = 0.05
# m_s = 0.2
# m_c = 1.51
# m_b = 4.92
# m_t = 173
# Ecms (default) = 154.26

# channel_id = 13
# process  = nu_e nu_m~ -> e- m+
-0.99	0.000460951450469669
-0.97	0.00421460097553386
-0.95	0.011895685858574
-0.93	0.0236940935079747
-0.91	0.0398090148914328
-0.89	0.060449455845238
-0.87	0.0858347802760132
-0.85	0.116195287502132
-0.83	0.151772826159483
-0.81	0.192821447289283
-0.79	0.23960809943572
-0.77	0.292413368810119
-0.75	0.351532267827719
-0.73	0.41727507559531
-0.71	0.489968234224964
-0.69	0.569955305173524
-0.67	0.657597990162245
-0.65	0.753277221618934
-0.63	0.857394328009791
-0.61	0.970372279893603
-0.59	1.09265702304136
-0.57	1.22471890552456
-0.55	1.36705420629068
-0.53	1.52018677342084
-0.51	1.68466978100851
-0.49	1.86108761441823
-0.47	2.05005789458577
-0.45	2.25223365301849
-0.429999999999999	2.46830567025433
-0.409999999999999	2.69900499175433
-0.389999999999999	2.94510563654922
-0.369999999999999	3.20742751545029
-0.349999999999999	3.48683957728689
-0.329999999999999	3.7842632034658
-0.309999999999999	4.10067587318353
-0.289999999999999	4.43711512388743
-0.269999999999999	4.79468283410144
-0.249999999999999	5.17454985854216
-0.229999999999999	5.57796104858484
-0.209999999999999	6.00624069464046
-0.189999999999999	6.46079843092071
-0.169999999999999	6.94313564745239
-0.149999999999999	7.45485245911852
-0.129999999999999	7.99765528702171
-0.109999999999999	8.57336511366809
-0.0899999999999994	9.18392648045124
-0.0699999999999994	9.83141730378384
-0.0499999999999994	10.518059595105
-0.0299999999999994	11.2462311800283
-0.00999999999999938	12.0184785232558
0.0100000000000006	12.8375307787629
0.0300000000000006	13.7063151993789
0.0500000000000006	14.6279740565159
0.0700000000000006	15.6058832397357
0.0900000000000006	16.6436727274493
0.110000000000001	17.7452491447336
0.130000000000001	18.9148206525167
0.150000000000001	20.1569244447996
0.170000000000001	21.4764571678305
0.190000000000001	22.8787086180252
0.210000000000001	24.3693991248847
0.230000000000001	25.9547210823183
0.250000000000001	27.6413851579811
0.270000000000001	29.4366717870607
0.290000000000001	31.3484886463122
0.310000000000001	33.3854349083158
0.330000000000001	35.5568731976607
0.350000000000001	37.8730103133364
0.370000000000001	40.3449879490311
0.390000000000001	42.9849848401161
0.410000000000001	45.8063319987188
0.430000000000001	48.8236429735953
0.450000000000001	52.052961398285
0.470000000000001	55.5119284799918
0.490000000000001	59.2199735460512
0.510000000000001	63.1985313210617
0.530000000000001	67.4712902761212
0.550000000000001	72.0644771974033
0.570000000000001	77.0071840962227
0.590000000000001	82.331744766532
0.610000000000001	88.0741697386635
0.630000000000001	94.2746501436862
0.650000000000001	100.978143171996
0.670000000000001	108.235054486367
0.690000000000001	116.102036267026
0.710000000000001	124.642923696783
0.730000000000001	133.92983786223
0.750000000000001	144.044489545729
0.770000000000001	155.079726598605
0.790000000000001	167.141378029933
0.810000000000001	180.350461299504
0.830000000000001	194.845836483692
0.850000000000001	210.787413227744
0.870000000000001	228.360045396258
0.890000000000001	247.778286406745
0.910000000000001	269.292228597486
0.930000000000001	293.194717143569
0.950000000000001	319.830319355597
0.970000000000001	349.606552753685
0.990000000000001	383.008043205183
