# Program settings for SigmaNu
# Electroweak scheme and input parameters
# Scheme = Complex mass scheme
# alpha_GF = 0.00755898078237864
# Pole masses/widths for particles [GeV]
# mw = 80.35797361
# gw = 2.084298894
# mz = 91.15348062
# gz = 2.494266379
# s^2_thetaw (derived) = (0.222868505240788,-0.00110716741475141)
# charged leptons
# m_e = 0.0005109989461
# m_m = 0.10565837
# m_t = 1.77686
# quarks
# m_d = 0.05
# m_u = 0.05
# m_s = 0.2
# m_c = 1.51
# m_b = 4.92
# m_t = 173
# Ecms (default) = 0.203133

# channel_id = 13
# process  = nu_e nu_m~ -> e- m+
-0.99	5.08752730421663e-07
-0.97	1.56438192665166e-06
-0.95	2.67401933257129e-06
-0.93	3.83766496327467e-06
-0.91	5.05531883385598e-06
-0.89	6.3269809594094e-06
-0.87	7.65265135502907e-06
-0.85	9.03233003580918e-06
-0.83	1.04660170168439e-05
-0.81	1.19537123132274e-05
-0.79	1.34954159400539e-05
-0.77	1.50911279124176e-05
-0.75	1.67408482454126e-05
-0.73	1.84445769541332e-05
-0.71	2.02023140536736e-05
-0.69	2.2014059559128e-05
-0.67	2.38798134855905e-05
-0.65	2.57995758481554e-05
-0.63	2.7773346661917e-05
-0.61	2.98011259419694e-05
-0.59	3.18829137034069e-05
-0.57	3.40187099613237e-05
-0.55	3.6208514730814e-05
-0.53	3.84523280269721e-05
-0.51	4.07501498648923e-05
-0.49	4.31019802596687e-05
-0.47	4.55078192263957e-05
-0.45	4.79676667801674e-05
-0.429999999999999	5.04815229360782e-05
-0.409999999999999	5.30493877092224e-05
-0.389999999999999	5.56712611146941e-05
-0.369999999999999	5.83471431675876e-05
-0.349999999999999	6.10770338829974e-05
-0.329999999999999	6.38609332760175e-05
-0.309999999999999	6.66988413617424e-05
-0.289999999999999	6.95907581552662e-05
-0.269999999999999	7.25366836716834e-05
-0.249999999999999	7.55366179260881e-05
-0.229999999999999	7.85905609335748e-05
-0.209999999999999	8.16985127092377e-05
-0.189999999999999	8.48604732681711e-05
-0.169999999999999	8.80764426254694e-05
-0.149999999999999	9.13464207962268e-05
-0.129999999999999	9.46704077955376e-05
-0.109999999999999	9.80484036384964e-05
-0.0899999999999994	0.000101480408340197
-0.0699999999999994	0.000104966421915735
-0.0499999999999994	0.000108506444380203
-0.0299999999999994	0.000112100475748696
-0.00999999999999938	0.000115748516036309
0.0100000000000006	0.000119450565258136
0.0300000000000006	0.000123206623429271
0.0500000000000006	0.000127016690564809
0.0700000000000006	0.000130880766679843
0.0900000000000006	0.000134798851789469
0.110000000000001	0.000138770945908781
0.130000000000001	0.000142797049052872
0.150000000000001	0.000146877161236839
0.170000000000001	0.000151011282475774
0.190000000000001	0.000155199412784772
0.210000000000001	0.000159441552178928
0.230000000000001	0.000163737700673336
0.250000000000001	0.000168087858283091
0.270000000000001	0.000172492025023287
0.290000000000001	0.000176950200909017
0.310000000000001	0.000181462385955378
0.330000000000001	0.000186028580177462
0.350000000000001	0.000190648783590366
0.370000000000001	0.000195322996209182
0.390000000000001	0.000200051218049005
0.410000000000001	0.000204833449124931
0.430000000000001	0.000209669689452053
0.450000000000001	0.000214559939045465
0.470000000000001	0.000219504197920263
0.490000000000001	0.00022450246609154
0.510000000000001	0.000229554743574392
0.530000000000001	0.000234661030383912
0.550000000000001	0.000239821326535195
0.570000000000001	0.000245035632043336
0.590000000000001	0.000250303946923428
0.610000000000001	0.000255626271190568
0.630000000000001	0.000261002604859848
0.650000000000001	0.000266432947946363
0.670000000000001	0.000271917300465209
0.690000000000001	0.000277455662431479
0.710000000000001	0.000283048033860268
0.730000000000001	0.00028869441476667
0.750000000000001	0.000294394805165781
0.770000000000001	0.000300149205072694
0.790000000000001	0.000305957614502504
0.810000000000001	0.000311820033470305
0.830000000000001	0.000317736461991193
0.850000000000001	0.000323706900080261
0.870000000000001	0.000329731347752604
0.890000000000001	0.000335809805023317
0.910000000000001	0.000341942271907494
0.930000000000001	0.00034812874842023
0.950000000000001	0.000354369234576619
0.970000000000001	0.000360663730391756
0.990000000000001	0.000367012235880736
