# Program settings for SigmaNu
# Electroweak scheme and input parameters
# Scheme = Complex mass scheme
# alpha_GF = 0.00755898078237864
# Pole masses/widths for particles [GeV]
# mw = 80.35797361
# gw = 2.084298894
# mz = 91.15348062
# gz = 2.494266379
# s^2_thetaw (derived) = (0.222868505240788,-0.00110716741475141)
# charged leptons
# m_e = 0.0005109989461
# m_m = 0.10565837
# m_t = 1.77686
# quarks
# m_d = 0.05
# m_u = 0.05
# m_s = 0.2
# m_c = 1.51
# m_b = 4.92
# m_t = 173
# Ecms (default) = 7.07309

# channel_id = 13
# process  = nu_e nu_m~ -> e- m+
-0.99	2.16807235705208e-05
-0.97	0.000189596782926475
-0.95	0.000523649455897654
-0.93	0.00102391532703198
-0.91	0.00169047101617755
-0.89	0.00252339317850073
-0.87	0.00352275850450419
-0.85	0.00468864372004503
-0.83	0.00602112558635294
-0.81	0.00752028090004822
-0.79	0.00918618649315999
-0.77	0.0110189192331443
-0.75	0.0130185560229021
-0.73	0.015185173800798
-0.71	0.0175188495406775
-0.69	0.0200196602518861
-0.67	0.0226876829792868
-0.65	0.0255229948032787
-0.63	0.0285256728398152
-0.61	0.0316957942404219
-0.59	0.0350334361922151
-0.57	0.0385386759179202
-0.55	0.0422115906758895
-0.53	0.0460522577601208
-0.51	0.0500607545002755
-0.49	0.0542371582616972
-0.47	0.0585815464454296
-0.45	0.0630939964882349
-0.429999999999999	0.0677745858626125
-0.409999999999999	0.0726233920768166
-0.389999999999999	0.0776404926748753
-0.369999999999999	0.0828259652366084
-0.349999999999999	0.0881798873776463
-0.329999999999999	0.0937023367494476
-0.309999999999999	0.0993933910393181
-0.289999999999999	0.105253127970429
-0.269999999999999	0.111281625301836
-0.249999999999999	0.117478960828495
-0.229999999999999	0.123845212381285
-0.209999999999999	0.130380457827024
-0.189999999999999	0.137084775068484
-0.169999999999999	0.143958242044418
-0.149999999999999	0.151000936729569
-0.129999999999999	0.158212937134696
-0.109999999999999	0.165594321306588
-0.0899999999999994	0.173145167328085
-0.0699999999999994	0.180865553318094
-0.0499999999999994	0.18875555743161
-0.0299999999999994	0.196815257859733
-0.00999999999999938	0.205044732829687
0.0100000000000006	0.213444060604838
0.0300000000000006	0.222013319484715
0.0500000000000006	0.230752587805026
0.0700000000000006	0.239661943937675
0.0900000000000006	0.248741466290785
0.110000000000001	0.257991233308716
0.130000000000001	0.267411323472078
0.150000000000001	0.277001815297758
0.170000000000001	0.286762787338931
0.190000000000001	0.296694318185084
0.210000000000001	0.306796486462032
0.230000000000001	0.317069370831937
0.250000000000001	0.327513049993328
0.270000000000001	0.338127602681118
0.290000000000001	0.348913107666624
0.310000000000001	0.359869643757584
0.330000000000001	0.370997289798178
0.350000000000001	0.382296124669045
0.370000000000001	0.393766227287303
0.390000000000001	0.405407676606565
0.410000000000001	0.417220551616964
0.430000000000001	0.429204931345163
0.450000000000001	0.441360894854381
0.470000000000001	0.45368852124441
0.490000000000001	0.46618788965163
0.510000000000001	0.478859079249034
0.530000000000001	0.491702169246242
0.550000000000001	0.504717238889522
0.570000000000001	0.517904367461808
0.590000000000001	0.531263634282719
0.610000000000001	0.54479511870858
0.630000000000001	0.558498900132436
0.650000000000001	0.572375057984079
0.670000000000001	0.586423671730054
0.690000000000001	0.600644820873693
0.710000000000001	0.615038584955123
0.730000000000001	0.62960504355129
0.750000000000001	0.644344276275976
0.770000000000001	0.659256362779819
0.790000000000001	0.67434138275033
0.810000000000001	0.689599415911916
0.830000000000001	0.705030542025894
0.850000000000001	0.720634840890513
0.870000000000001	0.736412392340976
0.890000000000001	0.75236327624945
0.910000000000001	0.768487572525094
0.930000000000001	0.784785361114075
0.950000000000001	0.801256721999585
0.970000000000001	0.817901735201862
0.990000000000001	0.83472048077821
