# Program settings for SigmaNu
# Electroweak scheme and input parameters
# Scheme = Complex mass scheme
# alpha_GF = 0.00755898078237864
# Pole masses/widths for particles [GeV]
# mw = 80.35797361
# gw = 2.084298894
# mz = 91.15348062
# gz = 2.494266379
# s^2_thetaw (derived) = (0.222868505240788,-0.00110716741475141)
# charged leptons
# m_e = 0.0005109989461
# m_m = 0.10565837
# m_t = 1.77686
# quarks
# m_d = 0.05
# m_u = 0.05
# m_s = 0.2
# m_c = 1.51
# m_b = 4.92
# m_t = 173
# Ecms (default) = 2554.9

# channel_id = 13
# process  = nu_e nu_m~ -> e- m+
-0.99	2.71640509293657e-06
-0.97	2.49460557400384e-05
-0.95	7.07218575780307e-05
-0.93	0.000141499597219027
-0.91	0.000238826606112342
-0.89	0.000364348235313117
-0.87	0.000519814851310838
-0.85	0.000707089400407232
-0.83	0.00092815559399576
-0.81	0.00118512677251256
-0.79	0.00148025551187132
-0.77	0.00181594404294178
-0.75	0.00219475556217436
-0.73	0.00261942651991576
-0.71	0.00309287998242094
-0.69	0.00361824017418124
-0.67	0.0041988483191133
-0.65	0.00483827991256727
-0.63	0.0055403635712217
-0.61	0.00630920162497452
-0.59	0.00714919263418772
-0.57	0.00806505603741561
-0.55	0.00906185915940847
-0.53	0.0101450468371623
-0.51	0.0113204739535741
-0.49	0.0125944412044386
-0.47	0.0139737344657564
-0.45	0.0154656681754038
-0.429999999999999	0.0170781331970565
-0.409999999999999	0.0188196496959475
-0.389999999999999	0.0206994256268405
-0.369999999999999	0.0227274215160138
-0.349999999999999	0.0249144223128346
-0.329999999999999	0.0272721171947743
-0.309999999999999	0.0298131883349258
-0.289999999999999	0.0325514097862198
-0.269999999999999	0.0355017578051017
-0.249999999999999	0.038680534133647
-0.229999999999999	0.0421055039880154
-0.209999999999999	0.0457960507688405
-0.189999999999999	0.0497733498229426
-0.169999999999999	0.054060563954503
-0.149999999999999	0.0586830638182527
-0.129999999999999	0.0636686768404028
-0.109999999999999	0.0690479689208585
-0.0899999999999994	0.0748545638922677
-0.0699999999999994	0.0811255065715673
-0.0499999999999994	0.0879016762674716
-0.0299999999999994	0.095228258839324
-0.00999999999999938	0.103155286884278
0.0100000000000006	0.111738259417491
0.0300000000000006	0.121038854574698
0.0500000000000006	0.131125751497307
0.0700000000000006	0.142075580769362
0.0900000000000006	0.153974026706124
0.110000000000001	0.166917109627342
0.130000000000001	0.181012682217407
0.150000000000001	0.196382181479317
0.170000000000001	0.213162687017815
0.190000000000001	0.231509347944239
0.210000000000001	0.251598255243053
0.230000000000001	0.273629854848847
0.250000000000001	0.297833020108161
0.270000000000001	0.324469932284636
0.290000000000001	0.353841956381748
0.310000000000001	0.386296749611878
0.330000000000001	0.422236905165602
0.350000000000001	0.462130519804036
0.370000000000001	0.506524187530426
0.390000000000001	0.55605907345109
0.410000000000001	0.611490926419845
0.430000000000001	0.673715166913715
0.450000000000001	0.743798567781374
0.470000000000001	0.823019573857472
0.490000000000001	0.91292004680978
0.510000000000001	1.01537227128552
0.530000000000001	1.13266656550559
0.550000000000001	1.26762703267656
0.570000000000001	1.42376622825649
0.590000000000001	1.60549437671203
0.610000000000001	1.81840618637077
0.630000000000001	2.06967984105236
0.650000000000001	2.36864104710682
0.670000000000001	2.72757472069926
0.690000000000001	3.16291633718255
0.710000000000001	3.69703954408719
0.730000000000001	4.3610058870135
0.750000000000001	5.19891518818146
0.770000000000001	6.27501343570802
0.790000000000001	7.68574588030905
0.810000000000001	9.58110360609372
0.830000000000001	12.2044278266909
0.850000000000001	15.9713888490984
0.870000000000001	21.6391570464087
0.890000000000001	30.7056129721246
0.910000000000001	46.4790741163707
0.930000000000001	77.4947495370298
0.950000000000001	151.699690132412
0.970000000000001	409.051831366971
0.990000000000001	2974.7854502876
