# Program settings for SigmaNu
# Electroweak scheme and input parameters
# Scheme = Complex mass scheme
# alpha_GF = 0.00755898078237864
# Pole masses/widths for particles [GeV]
# mw = 80.35797361
# gw = 2.084298894
# mz = 91.15348062
# gz = 2.494266379
# s^2_thetaw (derived) = (0.222868505240788,-0.00110716741475141)
# charged leptons
# m_e = 0.0005109989461
# m_m = 0.10565837
# m_t = 1.77686
# quarks
# m_d = 0.05
# m_u = 0.05
# m_s = 0.2
# m_c = 1.51
# m_b = 4.92
# m_t = 173
# Ecms (default) = 352.223

# channel_id = 13
# process  = nu_e nu_m~ -> e- m+
-0.99	0.000129326676796104
-0.97	0.00118648117377022
-0.95	0.00336026485916394
-0.93	0.00671626283995454
-0.91	0.0113239749014455
-0.89	0.0172570781542182
-0.87	0.0245937097197182
-0.85	0.0334167711849263
-0.83	0.0438142567243516
-0.81	0.0558796069734981
-0.79	0.0697120909441512
-0.77	0.0854172185007557
-0.75	0.103107186171582
-0.73	0.122901359351446
-0.71	0.144926794268031
-0.69	0.169318803435393
-0.67	0.196221568710677
-0.65	0.225788806508612
-0.63	0.258184490219115
-0.61	0.293583635423032
-0.59	0.332173154117713
-0.57	0.374152784856592
-0.55	0.419736106485748
-0.53	0.469151644037316
-0.51	0.522644076328406
-0.49	0.580475555930662
-0.47	0.642927153438019
-0.45	0.710300439389821
-0.429999999999999	0.782919218827747
-0.409999999999999	0.861131435306487
-0.389999999999999	0.945311263273104
-0.369999999999999	1.03586141011709
-0.349999999999999	1.13321565191767
-0.329999999999999	1.23784163002992
-0.309999999999999	1.35024393921861
-0.289999999999999	1.47096754214201
-0.269999999999999	1.60060154969274
-0.249999999999999	1.73978341212099
-0.229999999999999	1.88920357211789
-0.209999999999999	2.04961063826518
-0.189999999999999	2.22181714563265
-0.169999999999999	2.4067059800285
-0.149999999999999	2.60523755372246
-0.129999999999999	2.81845783365635
-0.109999999999999	3.04750733858094
-0.0899999999999994	3.29363123963082
-0.0699999999999994	3.55819072007727
-0.0499999999999994	3.84267577499888
-0.0299999999999994	4.14871966112731
-0.00999999999999938	4.47811524207297
0.0100000000000006	4.83283351562891
0.0300000000000006	5.2150446592596
0.0500000000000006	5.62714198889276
0.0700000000000006	6.07176929683435
0.0900000000000006	6.55185211960969
0.110000000000001	7.07063358902574
0.130000000000001	7.6317156437911
0.150000000000001	8.23910652969651
0.170000000000001	8.89727570005452
0.190000000000001	9.61121745294432
0.210000000000001	10.3865249181482
0.230000000000001	11.2294763477405
0.250000000000001	12.1471360871312
0.270000000000001	13.1474731300088
0.290000000000001	14.2395008197307
0.310000000000001	15.4334420887672
0.330000000000001	16.7409256761828
0.350000000000001	18.1752200962167
0.370000000000001	19.7515138360237
0.390000000000001	21.4872524546738
0.410000000000001	23.4025460970876
0.430000000000001	25.5206646417958
0.450000000000001	27.8686425673827
0.470000000000001	30.4780220612258
0.490000000000001	33.3857714822649
0.510000000000001	36.6354278418209
0.530000000000001	40.2785276460483
0.550000000000001	44.3764119291197
0.570000000000001	49.002521048483
0.590000000000001	54.2453364350681
0.610000000000001	60.2121854177553
0.630000000000001	67.0342097144089
0.650000000000001	74.8729209119653
0.670000000000001	83.928947171018
0.690000000000001	94.4538462777917
0.710000000000001	106.76627273127
0.730000000000001	121.274426645285
0.750000000000001	138.507725682629
0.770000000000001	159.162281929794
0.790000000000001	184.167487963151
0.810000000000001	214.785658561447
0.830000000000001	252.764835890778
0.850000000000001	300.579715682195
0.870000000000001	361.823744174209
0.890000000000001	441.871002225352
0.910000000000001	549.042220267
0.930000000000001	696.765300146517
0.950000000000001	907.829376202614
0.970000000000001	1223.41018246396
0.990000000000001	1724.10795512564
