# Program settings for SigmaNu
# Electroweak scheme and input parameters
# Scheme = Complex mass scheme
# alpha_GF = 0.00755898078237864
# Pole masses/widths for particles [GeV]
# mw = 80.35797361
# gw = 2.084298894
# mz = 91.15348062
# gz = 2.494266379
# s^2_thetaw (derived) = (0.222868505240788,-0.00110716741475141)
# charged leptons
# m_e = 0.0005109989461
# m_m = 0.10565837
# m_t = 1.77686
# quarks
# m_d = 0.05
# m_u = 0.05
# m_s = 0.2
# m_c = 1.51
# m_b = 4.92
# m_t = 173
# Ecms (default) = 6.33579

# channel_id = 13
# process  = nu_e nu_m~ -> e- m+
-0.99	1.76297661645677e-05
-0.97	0.000153111718153287
-0.95	0.000422264813097337
-0.93	0.000825138563232833
-0.91	0.00136178249913322
-0.89	0.00203224616971681
-0.87	0.00283657914225433
-0.85	0.00377483100237654
-0.83	0.00484705135408166
-0.81	0.00605328981974302
-0.79	0.00739359604011662
-0.77	0.00886801967434865
-0.75	0.0104766103999831
-0.73	0.0122194179129693
-0.71	0.0140964919276696
-0.69	0.0161078821768668
-0.67	0.0182536384117717
-0.65	0.0205338104020309
-0.63	0.0229484479357344
-0.61	0.0254976008194228
-0.59	0.0281813188780953
-0.57	0.0309996519552172
-0.55	0.0339526499127275
-0.53	0.0370403626310463
-0.51	0.0402628400090829
-0.49	0.0436201319642427
-0.47	0.0471122884324356
-0.45	0.050739359368083
-0.429999999999999	0.0545013947441258
-0.409999999999999	0.0583984445520319
-0.389999999999999	0.0624305588018039
-0.369999999999999	0.0665977875219864
-0.349999999999999	0.0709001807596741
-0.329999999999999	0.0753377885805194
-0.309999999999999	0.0799106610687397
-0.289999999999999	0.0846188483271253
-0.269999999999999	0.0894624004770469
-0.249999999999999	0.0944413676584637
-0.229999999999999	0.0995558000299303
-0.209999999999999	0.104805747768605
-0.189999999999999	0.110191261070257
-0.169999999999999	0.115712390149276
-0.149999999999999	0.121369185238674
-0.129999999999999	0.127161696590103
-0.109999999999999	0.133089974473852
-0.0899999999999994	0.139154069178862
-0.0699999999999994	0.14535403101273
-0.0499999999999994	0.151689910301719
-0.0299999999999994	0.158161757390765
-0.00999999999999938	0.164769622643482
0.0100000000000006	0.171513556442175
0.0300000000000006	0.178393609187842
0.0500000000000006	0.185409831300186
0.0700000000000006	0.192562273217622
0.0900000000000006	0.199850985397282
0.110000000000001	0.207276018315025
0.130000000000001	0.214837422465446
0.150000000000001	0.22253524836188
0.170000000000001	0.230369546536412
0.190000000000001	0.238340367539887
0.210000000000001	0.246447761941911
0.230000000000001	0.254691780330867
0.250000000000001	0.263072473313918
0.270000000000001	0.271589891517012
0.290000000000001	0.280244085584898
0.310000000000001	0.289035106181127
0.330000000000001	0.297963003988061
0.350000000000001	0.307027829706883
0.370000000000001	0.316229634057602
0.390000000000001	0.325568467779062
0.410000000000001	0.335044381628953
0.430000000000001	0.344657426383811
0.450000000000001	0.354407652839033
0.470000000000001	0.364295111808883
0.490000000000001	0.374319854126497
0.510000000000001	0.384481930643894
0.530000000000001	0.394781392231982
0.550000000000001	0.405218289780567
0.570000000000001	0.41579267419836
0.590000000000001	0.426504596412984
0.610000000000001	0.437354107370984
0.630000000000001	0.448341258037834
0.650000000000001	0.459466099397943
0.670000000000001	0.470728682454666
0.690000000000001	0.482129058230308
0.710000000000001	0.493667277766136
0.730000000000001	0.505343392122384
0.750000000000001	0.51715745237826
0.770000000000001	0.529109509631959
0.790000000000001	0.541199615000664
0.810000000000001	0.553427819620558
0.830000000000001	0.565794174646832
0.850000000000001	0.578298731253691
0.870000000000001	0.590941540634363
0.890000000000001	0.603722654001107
0.910000000000001	0.616642122585219
0.930000000000001	0.629699997637042
0.950000000000001	0.642896330425975
0.970000000000001	0.656231172240475
0.990000000000001	0.669704574388074
