# Program settings for SigmaNu
# Electroweak scheme and input parameters
# Scheme = Complex mass scheme
# alpha_GF = 0.00755898078237864
# Pole masses/widths for particles [GeV]
# mw = 80.35797361
# gw = 2.084298894
# mz = 91.15348062
# gz = 2.494266379
# s^2_thetaw (derived) = (0.222868505240788,-0.00110716741475141)
# charged leptons
# m_e = 0.0005109989461
# m_m = 0.10565837
# m_t = 1.77686
# quarks
# m_d = 0.05
# m_u = 0.05
# m_s = 0.2
# m_c = 1.51
# m_b = 4.92
# m_t = 173
# Ecms (default) = 2.19605

# channel_id = 13
# process  = nu_e nu_m~ -> e- m+
-0.99	2.95137385665229e-06
-0.97	2.09497057796554e-05
-0.95	5.50761104723435e-05
-0.93	0.000105331307960241
-0.91	0.000171716018301012
-0.89	0.000254230961584461
-0.87	0.000352876857932528
-0.85	0.000467654427499304
-0.83	0.000598564390471018
-0.81	0.000745607467066052
-0.79	0.000908784377534929
-0.77	0.00108809584216033
-0.75	0.00128354258125707
-0.73	0.00149512531517214
-0.71	0.00172284476428466
-0.69	0.00196670164900593
-0.67	0.0022266966897794
-0.65	0.00250283060708066
-0.63	0.00279510412141748
-0.61	0.00310351795332979
-0.59	0.00342807282338969
-0.57	0.00376876945220142
-0.55	0.00412560856040141
-0.53	0.00449859086865826
-0.51	0.00488771709767273
-0.49	0.00529298796817774
-0.47	0.00571440420093841
-0.45	0.00615196651675202
-0.429999999999999	0.00660567563644803
-0.409999999999999	0.00707553228088807
-0.389999999999999	0.00756153717096597
-0.369999999999999	0.00806369102760771
-0.349999999999999	0.00858199457177148
-0.329999999999999	0.00911644852444764
-0.309999999999999	0.00966705360665875
-0.289999999999999	0.0102338105394595
-0.269999999999999	0.0108167200439369
-0.249999999999999	0.0114157828412101
-0.229999999999999	0.0120309996524302
-0.209999999999999	0.0126623711987809
-0.189999999999999	0.0133098982014779
-0.169999999999999	0.013973581381769
-0.149999999999999	0.0146534214609343
-0.129999999999999	0.0153494191602862
-0.109999999999999	0.0160615752011692
-0.0899999999999994	0.0167898903049598
-0.0699999999999994	0.0175343651930671
-0.0499999999999994	0.0182950005869322
-0.0299999999999994	0.0190717972080283
-0.00999999999999938	0.0198647557778611
0.0100000000000006	0.0206738770179683
0.0300000000000006	0.0214991616499197
0.0500000000000006	0.0223406103953177
0.0700000000000006	0.0231982239757965
0.0900000000000006	0.0240720031130229
0.110000000000001	0.0249619485286955
0.130000000000001	0.0258680609445456
0.150000000000001	0.0267903410823362
0.170000000000001	0.027728789663863
0.190000000000001	0.0286834074109537
0.210000000000001	0.0296541950454681
0.230000000000001	0.0306411532892985
0.250000000000001	0.0316442828643693
0.270000000000001	0.0326635844926372
0.290000000000001	0.033699058896091
0.310000000000001	0.0347507067967518
0.330000000000001	0.0358185289166729
0.350000000000001	0.03690252597794
0.370000000000001	0.0380026987026709
0.390000000000001	0.0391190478130156
0.410000000000001	0.0402515740311565
0.430000000000001	0.0414002780793081
0.450000000000001	0.0425651606797172
0.470000000000001	0.0437462225546629
0.490000000000001	0.0449434644264565
0.510000000000001	0.0461568870174415
0.530000000000001	0.0473864910499937
0.550000000000001	0.0486322772465213
0.570000000000001	0.0498942463294645
0.590000000000001	0.0511723990212958
0.610000000000001	0.0524667360445203
0.630000000000001	0.0537772581216748
0.650000000000001	0.0551039659753288
0.670000000000001	0.056446860328084
0.690000000000001	0.0578059419025742
0.710000000000001	0.0591812114214655
0.730000000000001	0.0605726696074564
0.750000000000001	0.0619803171832776
0.770000000000001	0.0634041548716921
0.790000000000001	0.0648441833954951
0.810000000000001	0.0663004034775141
0.830000000000001	0.0677728158406089
0.850000000000001	0.0692614212076717
0.870000000000001	0.0707662203016266
0.890000000000001	0.0722872138454305
0.910000000000001	0.0738244025620722
0.930000000000001	0.075377787174573
0.950000000000001	0.0769473684059862
0.970000000000001	0.0785331469793978
0.990000000000001	0.0801351236179257
