# Program settings for SigmaNu
# Electroweak scheme and input parameters
# Scheme = Complex mass scheme
# alpha_GF = 0.00755898078237864
# Pole masses/widths for particles [GeV]
# mw = 80.35797361
# gw = 2.084298894
# mz = 91.15348062
# gz = 2.494266379
# s^2_thetaw (derived) = (0.222868505240788,-0.00110716741475141)
# charged leptons
# m_e = 0.0005109989461
# m_m = 0.10565837
# m_t = 1.77686
# quarks
# m_d = 0.05
# m_u = 0.05
# m_s = 0.2
# m_c = 1.51
# m_b = 4.92
# m_t = 173
# Ecms (default) = 1.62244

# channel_id = 13
# process  = nu_e nu_m~ -> e- m+
-0.99	2.02721432148016e-06
-0.97	1.26498742899779e-05
-0.95	3.20304033539568e-05
-0.93	6.01690145823027e-05
-0.91	9.70659210490849e-05
-0.89	0.000142721335833552
-0.87	0.000197135472020139
-0.85	0.000260308542698463
-0.83	0.000332240760963326
-0.81	0.000412932339914707
-0.79	0.000502383492657775
-0.77	0.000600594432302881
-0.75	0.000707565371965558
-0.73	0.000823296524766524
-0.71	0.000947788103831682
-0.69	0.00108104032229212
-0.67	0.0012230533932841
-0.65	0.00137382752994908
-0.63	0.00153336294543371
-0.61	0.0017016598528898
-0.59	0.00187871846547436
-0.57	0.00206453899634959
-0.55	0.00225912165868287
-0.53	0.00246246666564676
-0.51	0.00267457423041901
-0.49	0.00289544456618256
-0.47	0.00312507788612552
-0.45	0.00336347440344121
-0.429999999999999	0.00361063433132811
-0.409999999999999	0.0038665578829899
-0.389999999999999	0.00413124527163546
-0.369999999999999	0.00440469671047883
-0.349999999999999	0.00468691241273924
-0.329999999999999	0.00497789259164112
-0.309999999999999	0.00527763746041409
-0.289999999999999	0.00558614723229295
-0.269999999999999	0.00590342212051767
-0.249999999999999	0.00622946233833343
-0.229999999999999	0.00656426809899059
-0.209999999999999	0.0069078396157447
-0.189999999999999	0.00726017710185648
-0.169999999999999	0.00762128077059188
-0.149999999999999	0.00799115083522199
-0.129999999999999	0.00836978750902311
-0.109999999999999	0.00875719100527673
-0.0899999999999994	0.00915336153726954
-0.0699999999999994	0.00955829931829339
-0.0499999999999994	0.00997200456164532
-0.0299999999999994	0.0103944774806276
-0.00999999999999938	0.0108257182885476
0.0100000000000006	0.011265727198718
0.0300000000000006	0.0117145044244567
0.0500000000000006	0.0121720501790865
0.0700000000000006	0.0126383646759356
0.0900000000000006	0.0131134481283376
0.110000000000001	0.0135973007496308
0.130000000000001	0.0140899227531591
0.150000000000001	0.0145913143522715
0.170000000000001	0.015101475760322
0.190000000000001	0.01562040719067
0.210000000000001	0.01614810885668
0.230000000000001	0.0166845809717217
0.250000000000001	0.01722982374917
0.270000000000001	0.017783837402405
0.290000000000001	0.018346622144812
0.310000000000001	0.0189181781897815
0.330000000000001	0.019498505750709
0.350000000000001	0.0200876050409956
0.370000000000001	0.0206854762740471
0.390000000000001	0.0212921196632749
0.410000000000001	0.0219075354220954
0.430000000000001	0.0225317237639302
0.450000000000001	0.0231646849022061
0.470000000000001	0.0238064190503551
0.490000000000001	0.0244569264218144
0.510000000000001	0.0251162072300265
0.530000000000001	0.0257842616884388
0.550000000000001	0.0264610900105042
0.570000000000001	0.0271466924096807
0.590000000000001	0.0278410690994313
0.610000000000001	0.0285442202932246
0.630000000000001	0.0292561462045339
0.650000000000001	0.0299768470468381
0.670000000000001	0.030706323033621
0.690000000000001	0.0314445743783719
0.710000000000001	0.032191601294585
0.730000000000001	0.0329474039957599
0.750000000000001	0.0337119826954013
0.770000000000001	0.034485337607019
0.790000000000001	0.0352674689441282
0.810000000000001	0.0360583769202492
0.830000000000001	0.0368580617489074
0.850000000000001	0.0376665236436336
0.870000000000001	0.0384837628179637
0.890000000000001	0.0393097794854386
0.910000000000001	0.0401445738596047
0.930000000000001	0.0409881461540135
0.950000000000001	0.0418404965822215
0.970000000000001	0.0427016253577908
0.990000000000001	0.0435715326942882
