# Program settings for SigmaNu
# Electroweak scheme and input parameters
# Scheme = Complex mass scheme
# alpha_GF = 0.00755898078237864
# Pole masses/widths for particles [GeV]
# mw = 80.35797361
# gw = 2.084298894
# mz = 91.15348062
# gz = 2.494266379
# s^2_thetaw (derived) = (0.222868505240788,-0.00110716741475141)
# charged leptons
# m_e = 0.0005109989461
# m_m = 0.10565837
# m_t = 1.77686
# quarks
# m_d = 0.05
# m_u = 0.05
# m_s = 0.2
# m_c = 1.51
# m_b = 4.92
# m_t = 173
# Ecms (default) = 203.13

# channel_id = 13
# process  = nu_e nu_m~ -> e- m+
-0.99	0.000321510139421467
-0.97	0.00294440458258219
-0.95	0.00832404614446199
-0.93	0.0166073247809232
-0.91	0.0279490726015401
-0.89	0.0425125460345972
-0.87	0.060469941244738
-0.85	0.0820029453963022
-0.83	0.1073033265822
-0.81	0.136573565487063
-0.79	0.17002753212673
-0.77	0.207891211306565
-0.75	0.250403480771592
-0.73	0.297816946385282
-0.71	0.350398839074872
-0.69	0.408431978723317
-0.67	0.472215810676316
-0.65	0.542067521072398
-0.63	0.618323237800875
-0.61	0.701339324553249
-0.59	0.791493776165984
-0.57	0.889187724264954
-0.55	0.994847063124159
-0.53	1.10892420665428
-0.51	1.23189998855297
-0.49	1.36428571889241
-0.47	1.50662541180703
-0.45	1.65949820049309
-0.429999999999999	1.82352095746403
-0.409999999999999	1.99935113994366
-0.389999999999999	2.18768988245213
-0.369999999999999	2.3892853610771
-0.349999999999999	2.60493645666197
-0.329999999999999	2.83549674722428
-0.309999999999999	3.08187886338908
-0.289999999999999	3.34505924453846
-0.269999999999999	3.6260833378024
-0.249999999999999	3.92607128702173
-0.229999999999999	4.24622416448489
-0.209999999999999	4.58783080467551
-0.189999999999999	4.9522753065813
-0.169999999999999	5.3410452794402
-0.149999999999999	5.75574091629185
-0.129999999999999	6.19808499054391
-0.109999999999999	6.66993388316569
-0.0899999999999994	7.17328976233706
-0.0699999999999994	7.71031405370271
-0.0499999999999994	8.28334235815745
-0.0299999999999994	8.89490099572906
-0.00999999999999938	9.54772537911599
0.0100000000000006	10.2447804493575
0.0300000000000006	10.9892834396494
0.0500000000000006	11.784729272292
0.0700000000000006	12.6349189391506
0.0900000000000006	13.5439912689968
0.110000000000001	14.5164585471115
0.130000000000001	15.5572465252584
0.150000000000001	16.671739445678
0.170000000000001	17.8658308035901
0.190000000000001	19.1459806919173
0.210000000000001	20.5192807132681
0.230000000000001	21.9935276122476
0.250000000000001	23.5773069815163
0.270000000000001	25.2800886346666
0.290000000000001	27.1123355265404
0.310000000000001	29.0856284477928
0.330000000000001	31.2128091387071
0.350000000000001	33.5081449742602
0.370000000000001	35.9875189893675
0.390000000000001	38.6686497668258
0.410000000000001	41.5713466346951
0.430000000000001	44.7178067580867
0.450000000000001	48.1329621182143
0.470000000000001	51.8448861209283
0.490000000000001	55.8852717609211
0.510000000000001	60.2899960078968
0.530000000000001	65.0997885366774
0.550000000000001	70.3610273051062
0.570000000000001	76.1266890716202
0.590000000000001	82.4574901132295
0.610000000000001	89.4232616595027
0.630000000000001	97.1046165852451
0.650000000000001	105.594979643532
0.670000000000001	115.003074269213
0.690000000000001	125.45598654876
0.710000000000001	137.102963877986
0.730000000000001	150.120155726288
0.750000000000001	164.71657197952
0.770000000000001	181.141628070448
0.790000000000001	199.69477658542
0.810000000000001	220.737908716398
0.830000000000001	244.711470637647
0.850000000000001	272.155617636562
0.870000000000001	303.738281731896
0.890000000000001	340.292850079083
0.910000000000001	382.869392352109
0.930000000000001	432.805283136997
0.950000000000001	491.824056132426
0.970000000000001	562.176116130648
0.990000000000001	646.842785647086
