# Program settings for SigmaNu
# Electroweak scheme and input parameters
# Scheme = Complex mass scheme
# alpha_GF = 0.00755898078237864
# Pole masses/widths for particles [GeV]
# mw = 80.35797361
# gw = 2.084298894
# mz = 91.15348062
# gz = 2.494266379
# s^2_thetaw (derived) = (0.222868505240788,-0.00110716741475141)
# charged leptons
# m_e = 0.0005109989461
# m_m = 0.10565837
# m_t = 1.77686
# quarks
# m_d = 0.05
# m_u = 0.05
# m_s = 0.2
# m_c = 1.51
# m_b = 4.92
# m_t = 173
# Ecms (default) = 12.097

# channel_id = 13
# process  = nu_e nu_m~ -> e- m+
-0.99	5.98856229773683e-05
-0.97	0.000533806655027284
-0.95	0.00148045053730079
-0.93	0.0029004457615452
-0.91	0.00479442165522586
-0.89	0.00716300838276111
-0.87	0.0100068369467591
-0.85	0.0133265391892565
-0.83	0.0171227477929598
-0.81	0.0213960962824882
-0.79	0.0261472190256185
-0.77	0.0313767512345327
-0.75	0.0370853289670667
-0.73	0.0432735891279622
-0.71	0.0499421694701198
-0.69	0.0570917085958543
-0.67	0.0647228459581529
-0.65	0.0728362218619344
-0.63	0.0814324774653108
-0.61	0.0905122547808519
-0.59	0.100076196676851
-0.57	0.110124946878592
-0.55	0.120659149969621
-0.53	0.131679451393018
-0.51	0.143186497452673
-0.49	0.155180935314559
-0.47	0.167663413008014
-0.45	0.180634579427019
-0.429999999999999	0.194095084331485
-0.409999999999999	0.208045578348535
-0.389999999999999	0.22248671297379
-0.369999999999999	0.237419140572664
-0.349999999999999	0.252843514381649
-0.329999999999999	0.268760488509614
-0.309999999999999	0.285170717939097
-0.289999999999999	0.302074858527605
-0.269999999999999	0.319473567008916
-0.249999999999999	0.337367500994377
-0.229999999999999	0.355757318974212
-0.209999999999999	0.374643680318828
-0.189999999999999	0.394027245280124
-0.169999999999999	0.4139086749928
-0.149999999999999	0.434288631475675
-0.129999999999999	0.455167777632999
-0.109999999999999	0.476546777255771
-0.0899999999999994	0.498426295023059
-0.0699999999999994	0.520806996503323
-0.0499999999999994	0.543689548155741
-0.0299999999999994	0.567074617331532
-0.00999999999999938	0.590962872275287
0.0100000000000006	0.615354982126298
0.0300000000000006	0.640251616919897
0.0500000000000006	0.665653447588782
0.0700000000000006	0.691561145964365
0.0900000000000006	0.717975384778105
0.110000000000001	0.744896837662852
0.130000000000001	0.772326179154194
0.150000000000001	0.8002640846918
0.170000000000001	0.828711230620771
0.190000000000001	0.857668294192993
0.210000000000001	0.887135953568487
0.230000000000001	0.917114887816765
0.250000000000001	0.947605776918195
0.270000000000001	0.97860930176535
0.290000000000001	1.01012614416438
0.310000000000001	1.04215698683638
0.330000000000001	1.07470251341873
0.350000000000001	1.10776340846651
0.370000000000001	1.14134035745385
0.390000000000001	1.17543404677526
0.410000000000001	1.21004516374711
0.430000000000001	1.24517439660889
0.450000000000001	1.28082243452469
0.470000000000001	1.31698996758452
0.490000000000001	1.35367768680572
0.510000000000001	1.39088628413435
0.530000000000001	1.42861645244658
0.550000000000001	1.46686888555008
0.570000000000001	1.50564427818539
0.590000000000001	1.54494332602738
0.610000000000001	1.58476672568658
0.630000000000001	1.62511517471063
0.650000000000001	1.66598937158567
0.670000000000001	1.70739001573773
0.690000000000001	1.74931780753418
0.710000000000001	1.79177344828509
0.730000000000001	1.83475764024469
0.750000000000001	1.87827108661277
0.770000000000001	1.92231449153607
0.790000000000001	1.96688856010976
0.810000000000001	2.01199399837881
0.830000000000001	2.05763151333945
0.850000000000001	2.10380181294057
0.870000000000001	2.15050560608519
0.890000000000001	2.19774360263185
0.910000000000001	2.24551651339609
0.930000000000001	2.29382505015183
0.950000000000001	2.34266992563287
0.970000000000001	2.39205185353431
0.990000000000001	2.44197154851398
