# Program settings for SigmaNu
# Electroweak scheme and input parameters
# Scheme = Complex mass scheme
# alpha_GF = 0.00755898078237864
# Pole masses/widths for particles [GeV]
# mw = 80.35797361
# gw = 2.084298894
# mz = 91.15348062
# gz = 2.494266379
# s^2_thetaw (derived) = (0.222868505240788,-0.00110716741475141)
# charged leptons
# m_e = 0.0005109989461
# m_m = 0.10565837
# m_t = 1.77686
# quarks
# m_d = 0.05
# m_u = 0.05
# m_s = 0.2
# m_c = 1.51
# m_b = 4.92
# m_t = 173
# Ecms (default) = 5154.11

# channel_id = 13
# process  = nu_e nu_m~ -> e- m+
-0.99	6.68476042909297e-07
-0.97	6.13903174747773e-06
-0.95	1.74043739243953e-05
-0.93	3.48230523569944e-05
-0.91	5.87761813136267e-05
-0.89	8.96690367494453e-05
-0.87	0.000127932782146717
-0.85	0.000174026334727288
-0.83	0.000228438384973307
-0.81	0.000291689583732108
-0.79	0.000364334912675593
-0.77	0.000446966255553417
-0.75	0.000540215189545053
-0.73	0.000644756018104457
-0.71	0.000761309069031576
-0.69	0.000890644284131553
-0.67	0.00103358512977322
-0.65	0.00119101286097835
-0.63	0.00136387117541279
-0.61	0.00155317129786901
-0.59	0.00175999754059501
-0.57	0.00198551339021496
-0.55	0.00223096817809387
-0.53	0.00249770439792755
-0.51	0.00278716574221249
-0.49	0.00310090593821138
-0.47	0.00344059847424563
-0.45	0.00380804731881107
-0.429999999999999	0.00420519874835534
-0.409999999999999	0.00463415441484439
-0.389999999999999	0.0050971858017947
-0.369999999999999	0.00559675023763069
-0.349999999999999	0.00613550865848117
-0.329999999999999	0.00671634533937608
-0.309999999999999	0.00734238984386084
-0.289999999999999	0.00801704147804676
-0.269999999999999	0.00874399657693714
-0.249999999999999	0.00952727899955781
-0.229999999999999	0.0103712742662356
-0.209999999999999	0.0112807678378182
-0.189999999999999	0.0122609881145346
-0.169999999999999	0.0133176548237646
-0.149999999999999	0.0144570335738809
-0.129999999999999	0.0156859974788097
-0.109999999999999	0.0170120969089839
-0.0899999999999994	0.018443638603797
-0.0699999999999994	0.019989775594478
-0.0499999999999994	0.0216606096418549
-0.0299999999999994	0.0234673081998651
-0.00999999999999938	0.0254222382842255
0.0100000000000006	0.027539120070505
0.0300000000000006	0.0298332035846209
0.0500000000000006	0.0323214725037396
0.0700000000000006	0.0350228798847752
0.0900000000000006	0.0379586216167801
0.110000000000001	0.0411524545979299
0.130000000000001	0.0446310681257357
0.150000000000001	0.0484245188355296
0.170000000000001	0.0525667418242497
0.190000000000001	0.0570961534805152
0.210000000000001	0.0620563651735243
0.230000000000001	0.0674970315506929
0.250000000000001	0.0734748630466917
0.270000000000001	0.0800548397013009
0.290000000000001	0.0873116730403412
0.310000000000001	0.0953315752975749
0.330000000000001	0.10421441160839
0.350000000000001	0.114076332313665
0.370000000000001	0.125053011015666
0.390000000000001	0.137303652108541
0.410000000000001	0.151015982818511
0.430000000000001	0.166412514561314
0.450000000000001	0.183758454217967
0.470000000000001	0.203371778809471
0.490000000000001	0.22563617341184
0.510000000000001	0.251017796614686
0.530000000000001	0.280087217892878
0.550000000000001	0.313548424944569
0.570000000000001	0.352277617588169
0.590000000000001	0.397375734287309
0.610000000000001	0.450240536260982
0.630000000000001	0.512667000044055
0.650000000000001	0.586989420687004
0.670000000000001	0.676286191650332
0.690000000000001	0.784680839965659
0.710000000000001	0.91779452075134
0.730000000000001	1.08344342900817
0.750000000000001	1.29274467455142
0.770000000000001	1.56192780864044
0.790000000000001	1.91541595281576
0.810000000000001	2.3913019791931
0.830000000000001	3.05160310327731
0.850000000000001	4.00271308270708
0.870000000000001	5.43949314505719
0.890000000000001	7.75018318350139
0.910000000000001	11.8006663471341
0.930000000000001	19.8568803508362
0.950000000000001	39.5119648811923
0.970000000000001	110.593861403893
0.990000000000001	953.842293286731
