# Program settings for SigmaNu
# Electroweak scheme and input parameters
# Scheme = Complex mass scheme
# alpha_GF = 0.00755898078237864
# Pole masses/widths for particles [GeV]
# mw = 80.35797361
# gw = 2.084298894
# mz = 91.15348062
# gz = 2.494266379
# s^2_thetaw (derived) = (0.222868505240788,-0.00110716741475141)
# charged leptons
# m_e = 0.0005109989461
# m_m = 0.10565837
# m_t = 1.77686
# quarks
# m_d = 0.05
# m_u = 0.05
# m_s = 0.2
# m_c = 1.51
# m_b = 4.92
# m_t = 173
# Ecms (default) = 333.36

# channel_id = 13
# process  = nu_e nu_m~ -> e- m+
-0.99	0.000142720726060569
-0.97	0.00130921507769837
-0.95	0.00370744250695297
-0.93	0.00740932206558242
-0.91	0.012491039829353
-0.89	0.0190333334499648
-0.87	0.0271217982838786
-0.85	0.0368472169497986
-0.83	0.0483059143449926
-0.81	0.0616001403482136
-0.79	0.0768384826559793
-0.77	0.0941363124419521
-0.75	0.113616265799032
-0.73	0.13540876422383
-0.71	0.159652577737155
-0.69	0.18649543460629
-0.67	0.2160946820499
-0.65	0.248618002770064
-0.63	0.284244192674162
-0.61	0.323164005729664
-0.59	0.365581072545106
-0.57	0.411712900000362
-0.55	0.461791960069308
-0.53	0.516066876900562
-0.51	0.574803722261397
-0.49	0.638287430622506
-0.47	0.706823346486086
-0.45	0.780738918058466
-0.429999999999999	0.860385553066692
-0.409999999999999	0.946140654445525
-0.389999999999999	1.03840985581138
-0.369999999999999	1.13762947913279
-0.349999999999999	1.24426923984942
-0.329999999999999	1.35883522793819
-0.309999999999999	1.48187319713888
-0.289999999999999	1.61397219880846
-0.269999999999999	1.7557686017602
-0.249999999999999	1.90795054506557
-0.229999999999999	2.07126287727588
-0.209999999999999	2.24651264300193
-0.189999999999999	2.4345751864477
-0.169999999999999	2.63640095153152
-0.149999999999999	2.85302306989327
-0.129999999999999	3.08556584167012
-0.109999999999999	3.33525422977981
-0.0899999999999994	3.60342450700225
-0.0699999999999994	3.8915362169085
-0.0499999999999994	4.20118563526903
-0.0299999999999994	4.53412094873074
-0.00999999999999938	4.89225940319757
0.0100000000000006	5.27770671659774
0.0300000000000006	5.69277910093829
0.0500000000000006	6.14002829841384
0.0700000000000006	6.62227010792489
0.0900000000000006	7.14261696423793
0.110000000000001	7.70451523537636
0.130000000000001	8.31178802865082
0.150000000000001	8.96868444701155
0.170000000000001	9.67993642141624
0.190000000000001	10.4508244695971
0.210000000000001	11.2872540070675
0.230000000000001	12.1958441753048
0.250000000000001	13.1840315712929
0.270000000000001	14.2601917832875
0.290000000000001	15.4337822873836
0.310000000000001	16.7155110741684
0.330000000000001	18.1175364016406
0.350000000000001	19.6537043718849
0.370000000000001	21.3398326874264
0.390000000000001	23.1940510693063
0.410000000000001	25.2372115616695
0.430000000000001	27.4933855091581
0.450000000000001	29.9904686501635
0.470000000000001	32.7609219023965
0.490000000000001	35.8426835580755
0.510000000000001	39.2802994998572
0.530000000000001	43.1263327531337
0.550000000000001	47.4431337217644
0.570000000000001	52.3050800107353
0.590000000000001	57.8014330450548
0.610000000000001	64.0400125396529
0.630000000000001	71.1519664737485
0.650000000000001	79.2980245967776
0.670000000000001	88.6767847465577
0.690000000000001	99.5358203903042
0.710000000000001	112.186758195339
0.730000000000001	127.02602722747
0.750000000000001	144.563845694485
0.770000000000001	165.465391280998
0.790000000000001	190.610356499993
0.810000000000001	221.180871835157
0.830000000000001	258.794302617622
0.850000000000001	305.709043921363
0.870000000000001	365.152890599747
0.890000000000001	441.864830101849
0.910000000000001	543.024332808233
0.930000000000001	679.919503281942
0.950000000000001	871.108293292366
0.970000000000001	1148.81590644224
0.990000000000001	1572.98017070647
