# Program settings for SigmaNu
# Electroweak scheme and input parameters
# Scheme = Complex mass scheme
# alpha_GF = 0.00755898078237864
# Pole masses/widths for particles [GeV]
# mw = 80.35797361
# gw = 2.084298894
# mz = 91.15348062
# gz = 2.494266379
# s^2_thetaw (derived) = (0.222868505240788,-0.00110716741475141)
# charged leptons
# m_e = 0.0005109989461
# m_m = 0.10565837
# m_t = 1.77686
# quarks
# m_d = 0.05
# m_u = 0.05
# m_s = 0.2
# m_c = 1.51
# m_b = 4.92
# m_t = 173
# Ecms (default) = 49912.3

# channel_id = 13
# process  = nu_e nu_m~ -> e- m+
-0.99	7.13161552003279e-09
-0.97	6.54943909895581e-08
-0.95	1.85679865761261e-07
-0.93	3.71514240707932e-07
-0.91	6.27064570394834e-07
-0.89	9.56655815993011e-07
-0.87	1.36488927198791e-06
-0.85	1.85666249202539e-06
-0.83	2.43719085208561e-06
-0.81	3.11203090349181e-06
-0.79	3.88710568422995e-06
-0.77	4.7687321748898e-06
-0.75	5.76365110547639e-06
-0.73	6.87905934166087e-06
-0.71	8.12264510405407e-06
-0.69	9.50262630215545e-06
-0.67	1.10277922961689e-05
-0.65	1.27075494353576e-05
-0.63	1.45519707615817e-05
-0.61	1.65718503117532e-05
-0.59	1.87787625038761e-05
-0.57	2.11851271489669e-05
-0.55	2.38042806964266e-05
-0.53	2.6650554394511e-05
-0.51	2.97393601317166e-05
-0.49	3.30872848207045e-05
-0.47	3.67121942956015e-05
-0.45	4.06333478182416e-05
-0.429999999999999	4.48715244315705e-05
-0.409999999999999	4.94491625619176e-05
-0.389999999999999	5.43905144594999e-05
-0.369999999999999	5.97218172823546e-05
-0.349999999999999	6.54714828775888e-05
-0.329999999999999	7.16703086009585e-05
-0.309999999999999	7.83517118479534e-05
-0.289999999999999	8.55519913546238e-05
-0.269999999999999	9.33106187737282e-05
-0.249999999999999	0.000101670564552613
-0.229999999999999	0.000110678662747022
-0.209999999999999	0.000120386020115928
-0.189999999999999	0.000130848475676005
-0.169999999999999	0.000142127117874089
-0.149999999999999	0.000154288867690504
-0.129999999999999	0.000167407137350314
-0.109999999999999	0.00018156257593579
-0.0899999999999994	0.000196843915113823
-0.0699999999999994	0.00021334893048043
-0.0499999999999994	0.000231185536759939
-0.0299999999999994	0.000250473038376271
-0.00999999999999938	0.000271343560859415
0.0100000000000006	0.000293943693312781
0.0300000000000006	0.000318436377936153
0.0500000000000006	0.000345003089612574
0.0700000000000006	0.000373846357126698
0.0900000000000006	0.000405192688068877
0.110000000000001	0.000439295972380413
0.130000000000001	0.000476441455435338
0.150000000000001	0.000516950391336476
0.170000000000001	0.000561185511769714
0.190000000000001	0.000609557476666458
0.210000000000001	0.000662532511846518
0.230000000000001	0.000720641488094299
0.250000000000001	0.0007844907588669
0.270000000000001	0.000854775154193901
0.290000000000001	0.000932293631888042
0.310000000000001	0.00101796822151043
0.330000000000001	0.00111286707195972
0.350000000000001	0.00121823264431839
0.370000000000001	0.00133551639747258
0.390000000000001	0.00146642172276446
0.410000000000001	0.00161295743482134
0.430000000000001	0.00177750487494269
0.450000000000001	0.00196290271233294
0.470000000000001	0.00217255495607711
0.490000000000001	0.00241056969349721
0.510000000000001	0.00268193891342346
0.530000000000001	0.0029927738598193
0.550000000000001	0.00335061631706399
0.570000000000001	0.00376485503629931
0.590000000000001	0.004247289747627
0.610000000000001	0.00481290543806091
0.630000000000001	0.00548095110133478
0.650000000000001	0.00627646730904776
0.670000000000001	0.00723248854137568
0.690000000000001	0.00839328234891446
0.710000000000001	0.00981922099813061
0.730000000000001	0.0115942947683248
0.750000000000001	0.0138380343855429
0.770000000000001	0.0167250575149315
0.790000000000001	0.0205183468598158
0.810000000000001	0.0256284644324314
0.830000000000001	0.0327245879135221
0.850000000000001	0.0429563385826953
0.870000000000001	0.0584330033016193
0.890000000000001	0.0833668977119349
0.910000000000001	0.127182694587518
0.930000000000001	0.21465971607461
0.950000000000001	0.429472636566705
0.970000000000001	1.21740812965195
0.990000000000001	11.172550373106
