# Program settings for SigmaNu
# Electroweak scheme and input parameters
# Scheme = Complex mass scheme
# alpha_GF = 0.00755898078237864
# Pole masses/widths for particles [GeV]
# mw = 80.35797361
# gw = 2.084298894
# mz = 91.15348062
# gz = 2.494266379
# s^2_thetaw (derived) = (0.222868505240788,-0.00110716741475141)
# charged leptons
# m_e = 0.0005109989461
# m_m = 0.10565837
# m_t = 1.77686
# quarks
# m_d = 0.05
# m_u = 0.05
# m_s = 0.2
# m_c = 1.51
# m_b = 4.92
# m_t = 173
# Ecms (default) = 43495.8

# channel_id = 13
# process  = nu_e nu_m~ -> e- m+
-0.99	9.39091099826371e-09
-0.97	8.62430096683681e-08
-0.95	2.44503230607487e-07
-0.93	4.89209910349262e-07
-0.91	8.25718540995666e-07
-0.89	1.25972422543305e-06
-0.87	1.79728594155538e-06
-0.85	2.44485278054442e-06
-0.83	3.20929234117527e-06
-0.81	4.09792148096747e-06
-0.79	5.11853964603003e-06
-0.77	6.27946502493262e-06
-0.75	7.58957379819051e-06
-0.73	9.05834278434133e-06
-0.71	1.06958958165302e-05
-0.69	1.25130542204824e-05
-0.67	1.45213918062705e-05
-0.65	1.67332948330063e-05
-0.63	1.9162027458221e-05
-0.61	2.18218032430698e-05
-0.59	2.47278633515719e-05
-0.57	2.78965621579711e-05
-0.55	3.13454610622666e-05
-0.53	3.50934314114984e-05
-0.51	3.91607675352099e-05
-0.49	4.35693110296645e-05
-0.47	4.83425875692108e-05
-0.45	5.35059576874223e-05
-0.429999999999999	5.90867831584936e-05
-0.409999999999999	6.51146108246447e-05
-0.389999999999999	7.16213759623944e-05
-0.369999999999999	7.86416275647683e-05
-0.349999999999999	8.62127782439821e-05
-0.329999999999999	9.43753818372226e-05
-0.309999999999999	0.00010317344223554
-0.289999999999999	0.000112654757462904
-0.269999999999999	0.00012287130362153
-0.249999999999999	0.000133879664005424
-0.229999999999999	0.000145741509484393
-0.209999999999999	0.000158524137196883
-0.189999999999999	0.000172301075687587
-0.169999999999999	0.000187152765915847
-0.149999999999999	0.000203167329081149
-0.129999999999999	0.000220441434008339
-0.109999999999999	0.000239081278963449
-0.0899999999999994	0.000259203705299768
-0.0699999999999994	0.000280937463347228
-0.0499999999999994	0.000304424654560072
-0.0299999999999994	0.000329822378256693
-0.00999999999999938	0.000357304616481051
0.0100000000000006	0.000387064396786455
0.0300000000000006	0.000419316280339012
0.0500000000000006	0.000454299231973473
0.0700000000000006	0.000492279940104832
0.0900000000000006	0.000533556668207722
0.110000000000001	0.00057846373656375
0.130000000000001	0.000627376753966234
0.150000000000001	0.000680718745120929
0.170000000000001	0.000738967351961277
0.190000000000001	0.000802663327793088
0.210000000000001	0.000872420594435706
0.230000000000001	0.000948938197418303
0.250000000000001	0.00103301457691218
0.270000000000001	0.00112556467789776
0.290000000000001	0.0012276405594294
0.310000000000001	0.00134045633973677
0.330000000000001	0.00146541854489715
0.350000000000001	0.00160416323267764
0.370000000000001	0.00175860166592433
0.390000000000001	0.00193097684809734
0.410000000000001	0.00212393395893995
0.430000000000001	0.00234060871484376
0.450000000000001	0.00258473903330446
0.470000000000001	0.00286080726069372
0.490000000000001	0.00317422285971573
0.510000000000001	0.0035315591963458
0.530000000000001	0.00394086344753886
0.550000000000001	0.00441206649345761
0.570000000000001	0.00495753125613802
0.590000000000001	0.00559279537432104
0.610000000000001	0.00633759074892119
0.630000000000001	0.00721726400589
0.650000000000001	0.00826478794967921
0.670000000000001	0.009523661512521
0.690000000000001	0.0110521749579798
0.710000000000001	0.0129298246635674
0.730000000000001	0.0152672062998316
0.750000000000001	0.0182217137278402
0.770000000000001	0.0220232768224605
0.790000000000001	0.0270181802278297
0.810000000000001	0.0337470331182647
0.830000000000001	0.0430909744541369
0.850000000000001	0.056563759492709
0.870000000000001	0.0769427590993792
0.890000000000001	0.109774430551487
0.910000000000001	0.16746833126312
0.930000000000001	0.282651108791813
0.950000000000001	0.565493336075246
0.970000000000001	1.60291014113897
0.990000000000001	14.7072093931183
