# Program settings for SigmaNu
# Electroweak scheme and input parameters
# Scheme = Complex mass scheme
# alpha_GF = 0.00755898078237864
# Pole masses/widths for particles [GeV]
# mw = 80.35797361
# gw = 2.084298894
# mz = 91.15348062
# gz = 2.494266379
# s^2_thetaw (derived) = (0.222868505240788,-0.00110716741475141)
# charged leptons
# m_e = 0.0005109989461
# m_m = 0.10565837
# m_t = 1.77686
# quarks
# m_d = 0.05
# m_u = 0.05
# m_s = 0.2
# m_c = 1.51
# m_b = 4.92
# m_t = 173
# Ecms (default) = 0.239603

# channel_id = 13
# process  = nu_e nu_m~ -> e- m+
-0.99	6.24251644099636e-07
-0.97	1.94694054993785e-06
-0.95	3.37082678529455e-06
-0.93	4.89591039362444e-06
-0.91	6.52219141838218e-06
-0.89	8.24966990302249e-06
-0.87	1.00783458910001e-05
-0.85	1.20082194257699e-05
-0.83	1.40392905507864e-05
-0.81	1.61715593095046e-05
-0.79	1.84050257453793e-05
-0.77	2.07396899018651e-05
-0.75	2.31755518224172e-05
-0.73	2.57126115504902e-05
-0.71	2.8350869129539e-05
-0.69	3.10903246030187e-05
-0.67	3.3930978014384e-05
-0.65	3.687282940709e-05
-0.63	3.99158788245915e-05
-0.61	4.30601263103436e-05
-0.59	4.63055719078013e-05
-0.57	4.96522156604195e-05
-0.55	5.31000576116533e-05
-0.53	5.66490978049579e-05
-0.51	6.02993362837881e-05
-0.49	6.40507730915991e-05
-0.47	6.79034082718462e-05
-0.45	7.18572418679842e-05
-0.429999999999999	7.59122739234684e-05
-0.409999999999999	8.0068504481754e-05
-0.389999999999999	8.43259335862961e-05
-0.369999999999999	8.868456128055e-05
-0.349999999999999	9.31443876079709e-05
-0.329999999999999	9.77054126120139e-05
-0.309999999999999	0.000102367636336134
-0.289999999999999	0.000107131058823788
-0.269999999999999	0.000111995680118429
-0.249999999999999	0.000116961500263514
-0.229999999999999	0.000122028519302497
-0.209999999999999	0.000127196737278834
-0.189999999999999	0.000132466154235981
-0.169999999999999	0.000137836770217392
-0.149999999999999	0.000143308585266524
-0.129999999999999	0.000148881599426831
-0.109999999999999	0.00015455581274177
-0.0899999999999994	0.000160331225254794
-0.0699999999999994	0.000166207837009361
-0.0499999999999994	0.000172185648048926
-0.0299999999999994	0.000178264658416943
-0.00999999999999938	0.000184444868156869
0.0100000000000006	0.000190726277312159
0.0300000000000006	0.000197108885926269
0.0500000000000006	0.000203592694042654
0.0700000000000006	0.00021017770170477
0.0900000000000006	0.000216863908956072
0.110000000000001	0.000223651315840017
0.130000000000001	0.000230539922400059
0.150000000000001	0.000237529728679655
0.170000000000001	0.00024462073472226
0.190000000000001	0.00025181294057133
0.210000000000001	0.000259106346270321
0.230000000000001	0.000266500951862688
0.250000000000001	0.000273996757391887
0.270000000000001	0.000281593762901375
0.290000000000001	0.000289291968434606
0.310000000000001	0.000297091374035037
0.330000000000001	0.000304991979746124
0.350000000000001	0.000312993785611322
0.370000000000001	0.000321096791674087
0.390000000000001	0.000329300997977875
0.410000000000001	0.000337606404566143
0.430000000000001	0.000346013011482346
0.450000000000001	0.000354520818769939
0.470000000000001	0.00036312982647238
0.490000000000001	0.000371840034633124
0.510000000000001	0.000380651443295626
0.530000000000001	0.000389564052503344
0.550000000000001	0.000398577862299733
0.570000000000001	0.00040769287272825
0.590000000000001	0.000416909083832349
0.610000000000001	0.000426226495655488
0.630000000000001	0.000435645108241123
0.650000000000001	0.00044516492163271
0.670000000000001	0.000454785935873704
0.690000000000001	0.000464508151007562
0.710000000000001	0.000474331567077741
0.730000000000001	0.000484256184127696
0.750000000000001	0.000494282002200884
0.770000000000001	0.000504409021340761
0.790000000000001	0.000514637241590784
0.810000000000001	0.000524966662994408
0.830000000000001	0.00053539728559509
0.850000000000001	0.000545929109436286
0.870000000000001	0.000556562134561452
0.890000000000001	0.000567296361014046
0.910000000000001	0.000578131788837523
0.930000000000001	0.000589068418075341
0.950000000000001	0.000600106248770954
0.970000000000001	0.00061124528096782
0.990000000000001	0.000622485514709395
