# Program settings for SigmaNu
# Electroweak scheme and input parameters
# Scheme = Complex mass scheme
# alpha_GF = 0.00755898078237864
# Pole masses/widths for particles [GeV]
# mw = 80.35797361
# gw = 2.084298894
# mz = 91.15348062
# gz = 2.494266379
# s^2_thetaw (derived) = (0.222868505240788,-0.00110716741475141)
# charged leptons
# m_e = 0.0005109989461
# m_m = 0.10565837
# m_t = 1.77686
# quarks
# m_d = 0.05
# m_u = 0.05
# m_s = 0.2
# m_c = 1.51
# m_b = 4.92
# m_t = 173
# Ecms (default) = 113.967

# channel_id = 13
# process  = nu_e nu_m~ -> e- m+
-0.99	0.000608277464214299
-0.97	0.0055479766423932
-0.95	0.0156207489866592
-0.93	0.0310365480882929
-0.91	0.0520140120892341
-0.89	0.0787808660322059
-0.87	0.111574345337133
-0.85	0.150641641655244
-0.83	0.19624037243522
-0.81	0.248639075624799
-0.79	0.3081177310269
-0.77	0.374968309932135
-0.75	0.449495354760087
-0.73	0.532016590560624
-0.71	0.622863570354444
-0.69	0.722382356429834
-0.67	0.830934239861033
-0.65	0.94889650067356
-0.63	1.07666321125443
-0.61	1.21464608579133
-0.59	1.3632753787259
-0.57	1.52300083542324
-0.55	1.6942926984947
-0.53	1.87764277346477
-0.51	2.0735655577473
-0.49	2.28259943719422
-0.47	2.50530795480173
-0.45	2.74228115650844
-0.429999999999999	2.99413701939895
-0.409999999999999	3.26152296803761
-0.389999999999999	3.54511748510407
-0.369999999999999	3.84563182298782
-0.349999999999999	4.16381182352712
-0.329999999999999	4.50043985365245
-0.309999999999999	4.85633686532079
-0.289999999999999	5.23236458880927
-0.269999999999999	5.62942786918079
-0.249999999999999	6.04847715654655
-0.229999999999999	6.4905111616374
-0.209999999999999	6.9565796891655
-0.189999999999999	7.44778666251873
-0.169999999999999	7.96529335449091
-0.149999999999999	8.51032184002369
-0.129999999999999	9.08415868833041
-0.109999999999999	9.68815891330321
-0.0899999999999994	10.3237502027857
-0.0699999999999994	10.9924374491421
-0.0499999999999994	11.6958076055863
-0.0299999999999994	12.435534894974
-0.00999999999999938	13.2133864002279
0.0100000000000006	14.031228068289
0.0300000000000006	14.8910311624936
0.0500000000000006	15.7948792015952
0.0700000000000006	16.7449754273296
0.0900000000000006	17.7436508464908
0.110000000000001	18.7933728979956
0.130000000000001	19.896754800427
0.150000000000001	21.0565656411035
0.170000000000001	22.2757412739132
0.190000000000001	23.557396100034
0.210000000000001	24.90483581334
0.230000000000001	26.321571200859
0.250000000000001	27.8113330982132
0.270000000000001	29.3780886106784
0.290000000000001	31.0260587224825
0.310000000000001	32.7597374304016
0.330000000000001	34.5839125527981
0.350000000000001	36.5036883822099
0.370000000000001	38.5245103686869
0.390000000000001	40.6521920425982
0.410000000000001	42.8929444099229
0.430000000000001	45.2534080805057
0.450000000000001	47.7406884208475
0.470000000000001	50.3623940582565
0.490000000000001	53.1266791032214
0.510000000000001	56.042289502401
0.530000000000001	59.118613986506
0.550000000000001	62.3657401365482
0.570000000000001	65.7945161596119
0.590000000000001	69.4166190428016
0.610000000000001	73.2446298429367
0.630000000000001	77.2921169717579
0.650000000000001	81.5737284541031
0.670000000000001	86.1052942723049
0.690000000000001	90.9039400670775
0.710000000000001	95.9882136470733
0.730000000000001	101.378225970522
0.750000000000001	107.095808508166
0.770000000000001	113.164689183393
0.790000000000001	119.610689420649
0.810000000000001	126.461945225997
0.830000000000001	133.749155685178
0.850000000000001	141.50586280811
0.870000000000001	149.768767290775
0.890000000000001	158.578085525772
0.910000000000001	167.977954095872
0.930000000000001	178.016889060662
0.950000000000001	188.74830863169
0.970000000000001	200.231129372236
0.990000000000001	212.530447910667
