# Program settings for SigmaNu
# Electroweak scheme and input parameters
# Scheme = Complex mass scheme
# alpha_GF = 0.00755898078237864
# Pole masses/widths for particles [GeV]
# mw = 80.35797361
# gw = 2.084298894
# mz = 91.15348062
# gz = 2.494266379
# s^2_thetaw (derived) = (0.222868505240788,-0.00110716741475141)
# charged leptons
# m_e = 0.0005109989461
# m_m = 0.10565837
# m_t = 1.77686
# quarks
# m_d = 0.05
# m_u = 0.05
# m_s = 0.2
# m_c = 1.51
# m_b = 4.92
# m_t = 173
# Ecms (default) = 0.483363

# channel_id = 13
# process  = nu_e nu_m~ -> e- m+
-0.99	9.38604496078041e-07
-0.97	3.32557077463322e-06
-0.95	6.3927756001218e-06
-0.93	1.01402203777187e-05
-0.91	1.45679065126017e-05
-0.89	1.96758354099516e-05
-0.87	2.54640084749519e-05
-0.85	3.19324271127892e-05
-0.83	3.90810927286528e-05
-0.81	4.69100067277353e-05
-0.79	5.54191705152316e-05
-0.77	6.46085854963399e-05
-0.75	7.44782530762613e-05
-0.73	8.50281746601997e-05
-0.71	9.6258351653362e-05
-0.69	0.000108168785460958
-0.67	0.0001207594774882
-0.65	0.000134030429140304
-0.63	0.000147981641822488
-0.61	0.000162613116939973
-0.59	0.000177924855897985
-0.57	0.000193916860101749
-0.55	0.000210589130956496
-0.53	0.000227941669867459
-0.51	0.000245974478239874
-0.49	0.00026468755747898
-0.47	0.000284080908990018
-0.45	0.000304154534178232
-0.429999999999999	0.00032490843444887
-0.409999999999999	0.000346342611207183
-0.389999999999999	0.000368457065858424
-0.369999999999999	0.00039125179980785
-0.349999999999999	0.000414726814460717
-0.329999999999999	0.00043888211122229
-0.309999999999999	0.000463717691497834
-0.289999999999999	0.000489233556692614
-0.269999999999999	0.000515429708211903
-0.249999999999999	0.000542306147460974
-0.229999999999999	0.000569862875845104
-0.209999999999999	0.000598099894769571
-0.189999999999999	0.000627017205639658
-0.169999999999999	0.000656614809860651
-0.149999999999999	0.000686892708837837
-0.129999999999999	0.000717850903976507
-0.109999999999999	0.000749489396681956
-0.0899999999999994	0.00078180818835948
-0.0699999999999994	0.000814807280414379
-0.0499999999999994	0.000848486674251954
-0.0299999999999994	0.000882846371277514
-0.00999999999999938	0.000917886372896364
0.0100000000000006	0.000953606680513817
0.0300000000000006	0.000990007295535186
0.0500000000000006	0.00102708821936579
0.0700000000000006	0.00106484945341095
0.0900000000000006	0.00110329099907598
0.110000000000001	0.00114241285776622
0.130000000000001	0.00118221503088699
0.150000000000001	0.00122269751984362
0.170000000000001	0.00126386032604145
0.190000000000001	0.00130570345088581
0.210000000000001	0.00134822689578205
0.230000000000001	0.00139143066213551
0.250000000000001	0.00143531475135154
0.270000000000001	0.00147987916483547
0.290000000000001	0.00152512390399267
0.310000000000001	0.0015710489702285
0.330000000000001	0.0016176543649483
0.350000000000001	0.00166494008955744
0.370000000000001	0.00171290614546128
0.390000000000001	0.00176155253406519
0.410000000000001	0.00181087925677455
0.430000000000001	0.00186088631499471
0.450000000000001	0.00191157371013105
0.470000000000001	0.00196294144358896
0.490000000000001	0.00201498951677382
0.510000000000001	0.002067717931091
0.530000000000001	0.0021211266879459
0.550000000000001	0.00217521578874391
0.570000000000001	0.00222998523489041
0.590000000000001	0.0022854350277908
0.610000000000001	0.00234156516885049
0.630000000000001	0.00239837565947487
0.650000000000001	0.00245586650106935
0.670000000000001	0.00251403769503933
0.690000000000001	0.00257288924279022
0.710000000000001	0.00263242114572745
0.730000000000001	0.00269263340525641
0.750000000000001	0.00275352602278254
0.770000000000001	0.00281509899971125
0.790000000000001	0.00287735233744797
0.810000000000001	0.00294028603739812
0.830000000000001	0.00300390010096714
0.850000000000001	0.00306819452956046
0.870000000000001	0.00313316932458351
0.890000000000001	0.00319882448744173
0.910000000000001	0.00326516001954057
0.930000000000001	0.00333217592228548
0.950000000000001	0.00339987219708189
0.970000000000001	0.00346824884533525
0.990000000000001	0.00353730586845103
