# Program settings for SigmaNu
# Electroweak scheme and input parameters
# Scheme = Complex mass scheme
# alpha_GF = 0.00755898078237864
# Pole masses/widths for particles [GeV]
# mw = 80.35797361
# gw = 2.084298894
# mz = 91.15348062
# gz = 2.494266379
# s^2_thetaw (derived) = (0.222868505240788,-0.00110716741475141)
# charged leptons
# m_e = 0.0005109989461
# m_m = 0.10565837
# m_t = 1.77686
# quarks
# m_d = 0.05
# m_u = 0.05
# m_s = 0.2
# m_c = 1.51
# m_b = 4.92
# m_t = 173
# Ecms (default) = 0.253161

# channel_id = 13
# process  = nu_e nu_m~ -> e- m+
-0.99	6.57851169486437e-07
-0.97	2.06330895724379e-06
-0.95	3.59048586380339e-06
-0.93	5.23938194898281e-06
-0.91	7.00999727259968e-06
-0.89	8.90233189447161e-06
-0.87	1.09163858744163e-05
-0.85	1.30521592722514e-05
-0.83	1.53096521477946e-05
-0.81	1.76888645608637e-05
-0.79	2.01897965712765e-05
-0.77	2.28124482388508e-05
-0.75	2.55568196234044e-05
-0.73	2.84229107847552e-05
-0.71	3.1410721782721e-05
-0.69	3.45202526771199e-05
-0.67	3.77515035277697e-05
-0.65	4.11044743944885e-05
-0.63	4.45791653370942e-05
-0.61	4.8175576415405e-05
-0.59	5.18937076892388e-05
-0.57	5.57335592184138e-05
-0.55	5.96951310627481e-05
-0.53	6.37784232820598e-05
-0.51	6.79834359361673e-05
-0.49	7.23101690848886e-05
-0.47	7.67586227880421e-05
-0.45	8.1328797105446e-05
-0.429999999999999	8.60206920969186e-05
-0.409999999999999	9.08343078222782e-05
-0.389999999999999	9.57696443413432e-05
-0.369999999999999	0.000100826701713932
-0.349999999999999	0.000106005479999863
-0.329999999999999	0.000111305979258955
-0.309999999999999	0.000116728199551026
-0.289999999999999	0.000122272140935895
-0.269999999999999	0.00012793780347338
-0.249999999999999	0.0001337251872233
-0.229999999999999	0.000139634292245473
-0.209999999999999	0.000145665118599718
-0.189999999999999	0.000151817666345854
-0.169999999999999	0.000158091935543699
-0.149999999999999	0.000164487926253073
-0.129999999999999	0.000171005638533793
-0.109999999999999	0.000177645072445679
-0.0899999999999994	0.00018440622804855
-0.0699999999999994	0.000191289105402224
-0.0499999999999994	0.000198293704566519
-0.0299999999999994	0.000205420025601256
-0.00999999999999938	0.000212668068566253
0.0100000000000006	0.000220037833521329
0.0300000000000006	0.000227529320526303
0.0500000000000006	0.000235142529640994
0.0700000000000006	0.000242877460925221
0.0900000000000006	0.000250734114438802
0.110000000000001	0.000258712490241558
0.130000000000001	0.000266812588393307
0.150000000000001	0.000275034408953869
0.170000000000001	0.000283377951983062
0.190000000000001	0.000291843217540706
0.210000000000001	0.000300430205686621
0.230000000000001	0.000309138916480624
0.250000000000001	0.000317969349982536
0.270000000000001	0.000326921506252177
0.290000000000001	0.000335995385349364
0.310000000000001	0.000345190987333919
0.330000000000001	0.00035450831226566
0.350000000000001	0.000363947360204406
0.370000000000001	0.000373508131209977
0.390000000000001	0.000383190625342193
0.410000000000001	0.000392994842660874
0.430000000000001	0.000402920783225838
0.450000000000001	0.000412968447096905
0.470000000000001	0.000423137834333896
0.490000000000001	0.000433428944996629
0.510000000000001	0.000443841779144925
0.530000000000001	0.000454376336838602
0.550000000000001	0.000465032618137481
0.570000000000001	0.000475810623101383
0.590000000000001	0.000486710351790125
0.610000000000001	0.000497731804263529
0.630000000000001	0.000508874980581413
0.650000000000001	0.000520139880803599
0.670000000000001	0.000531526504989906
0.690000000000001	0.000543034853200153
0.710000000000001	0.000554664925494162
0.730000000000001	0.000566416721931751
0.750000000000001	0.000578290242572741
0.770000000000001	0.000590285487476953
0.790000000000001	0.000602402456704205
0.810000000000001	0.000614641150314319
0.830000000000001	0.000627001568367114
0.850000000000001	0.00063948371092241
0.870000000000001	0.000652087578040028
0.890000000000001	0.000664813169779789
0.910000000000001	0.000677660486201512
0.930000000000001	0.000690629527365017
0.950000000000001	0.000703720293330125
0.970000000000001	0.000716932784156657
0.990000000000001	0.000730266999904432
