# Program settings for SigmaNu
# Electroweak scheme and input parameters
# Scheme = Complex mass scheme
# alpha_GF = 0.00755898078237864
# Pole masses/widths for particles [GeV]
# mw = 80.35797361
# gw = 2.084298894
# mz = 91.15348062
# gz = 2.494266379
# s^2_thetaw (derived) = (0.222868505240788,-0.00110716741475141)
# charged leptons
# m_e = 0.0005109989461
# m_m = 0.10565837
# m_t = 1.77686
# quarks
# m_d = 0.05
# m_u = 0.05
# m_s = 0.2
# m_c = 1.51
# m_b = 4.92
# m_t = 173
# Ecms (default) = 177.016

# channel_id = 13
# process  = nu_e nu_m~ -> e- m+
-0.99	0.000389139878660284
-0.97	0.00356114361027631
-0.95	0.0100601846983193
-0.93	0.0200560597865158
-0.91	0.0337273534210232
-0.89	0.0512619485047051
-0.87	0.0728575704194435
-0.85	0.0987223673263448
-0.83	0.129075529363474
-0.81	0.164147949690046
-0.79	0.204182930576775
-0.77	0.249436938016616
-0.75	0.300180408630817
-0.73	0.356698612974915
-0.71	0.419292579711029
-0.69	0.488280085510028
-0.67	0.563996715983724
-0.65	0.64679700342741
-0.63	0.737055647681813
-0.61	0.835168827005957
-0.59	0.941555606495019
-0.57	1.05665945228642
-0.55	1.18094986058108
-0.53	1.31492411137356
-0.51	1.45910915774417
-0.49	1.6140636626297
-0.47	1.7803801961688
-0.45	1.958687608028
-0.429999999999999	2.14965359057031
-0.409999999999999	2.35398745034888
-0.389999999999999	2.5724431072132
-0.369999999999999	2.80582234232865
-0.349999999999999	3.05497831865851
-0.329999999999999	3.32081939997037
-0.309999999999999	3.60431329724203
-0.289999999999999	3.90649157449411
-0.269999999999999	4.22845454961333
-0.249999999999999	4.57137662970448
-0.229999999999999	4.93651212497909
-0.209999999999999	5.32520159022459
-0.189999999999999	5.73887874857844
-0.169999999999999	6.17907805874847
-0.149999999999999	6.64744299408001
-0.129999999999999	7.14573511009487
-0.109999999999999	7.6758439864593
-0.0899999999999994	8.23979813994344
-0.0699999999999994	8.83977701700655
-0.0499999999999994	9.47812418840558
-0.0299999999999994	10.1573618839434
-0.00999999999999938	10.8802070234547
0.0100000000000006	11.6495889207378
0.0300000000000006	12.4686688608007
0.0500000000000006	13.3408617780098
0.0700000000000006	14.2698602940989
0.0900000000000006	15.2596614112229
0.110000000000001	16.3145961971579
0.130000000000001	17.4393628483619
0.150000000000001	18.6390635730973
0.170000000000001	19.9192458026089
0.190000000000001	21.2859483151554
0.210000000000001	22.7457529475601
0.230000000000001	24.305842674368
0.250000000000001	25.9740669586533
0.270000000000001	27.7590154246841
0.290000000000001	29.6701010754275
0.310000000000001	31.7176544827108
0.330000000000001	33.9130306213692
0.350000000000001	36.2687303090896
0.370000000000001	38.7985385609823
0.390000000000001	41.517682584671
0.410000000000001	44.4430126434409
0.430000000000001	47.5932096211097
0.450000000000001	50.9890238571472
0.470000000000001	54.6535507147835
0.490000000000001	58.6125494371976
0.510000000000001	62.8948131866157
0.530000000000001	67.5325998111747
0.550000000000001	72.5621349254656
0.570000000000001	78.0242014269077
0.590000000000001	83.9648327366533
0.610000000000001	90.4361310268753
0.630000000000001	97.497236707435
0.650000000000001	105.215481799706
0.670000000000001	113.667767930029
0.690000000000001	122.942220073848
0.710000000000001	133.140180607362
0.730000000000001	144.378625673012
0.750000000000001	156.793108702863
0.770000000000001	170.541366054745
0.790000000000001	185.807759726276
0.810000000000001	202.80878571606
0.830000000000001	221.799949048487
0.850000000000001	243.084405305621
0.870000000000001	267.023904661229
0.890000000000001	294.052763972586
0.910000000000001	324.695859397477
0.930000000000001	359.592012396582
0.950000000000001	399.524691181872
0.970000000000001	445.46275375032
0.990000000000001	498.615153794228
