# Program settings for SigmaNu
# Electroweak scheme and input parameters
# Scheme = Complex mass scheme
# alpha_GF = 0.00755898078237864
# Pole masses/widths for particles [GeV]
# mw = 80.35797361
# gw = 2.084298894
# mz = 91.15348062
# gz = 2.494266379
# s^2_thetaw (derived) = (0.222868505240788,-0.00110716741475141)
# charged leptons
# m_e = 0.0005109989461
# m_m = 0.10565837
# m_t = 1.77686
# quarks
# m_d = 0.05
# m_u = 0.05
# m_s = 0.2
# m_c = 1.51
# m_b = 4.92
# m_t = 173
# Ecms (default) = 645.305

# channel_id = 13
# process  = nu_e nu_m~ -> e- m+
-0.99	4.13661443254007e-05
-0.97	0.000379773264780505
-0.95	0.00107633320919944
-0.93	0.00215286292205523
-0.91	0.00363253070655857
-0.89	0.00553995035342829
-0.87	0.00790128272851981
-0.85	0.0107443454885708
-0.83	0.0140987316617785
-0.81	0.0179959379049538
-0.79	0.022469503332545
-0.77	0.0275551599059543
-0.75	0.0332909954755064
-0.73	0.0397176306835503
-0.71	0.0468784110670672
-0.69	0.0548196158436302
-0.67	0.0635906850276776
-0.65	0.0732444667071952
-0.63	0.0838374865167831
-0.61	0.0954302415748124
-0.59	0.108087521413595
-0.57	0.121878758726318
-0.55	0.136878413087744
-0.53	0.1531663911829
-0.51	0.170828507505625
-0.49	0.189956989974341
-0.47	0.210651035464516
-0.45	0.233017420886107
-0.429999999999999	0.257171176151591
-0.409999999999999	0.283236326199961
-0.389999999999999	0.311346710180446
-0.369999999999999	0.34164688697578
-0.349999999999999	0.37429313748113
-0.329999999999999	0.409454575477696
-0.309999999999999	0.447314380581003
-0.289999999999999	0.488071168640019
-0.269999999999999	0.531940517158761
-0.249999999999999	0.57915666585953
-0.229999999999999	0.629974415469111
-0.209999999999999	0.684671251261596
-0.189999999999999	0.743549721923981
-0.169999999999999	0.806940109032322
-0.149999999999999	0.875203427968128
-0.129999999999999	0.948734807625781
-0.109999999999999	1.02796730395526
-0.0899999999999994	1.11337621148539
-0.0699999999999994	1.20548394776882
-0.0499999999999994	1.30486559853383
-0.0299999999999994	1.41215522665311
-0.00999999999999938	1.52805306638335
0.0100000000000006	1.65333374635457
0.0300000000000006	1.78885571132351
0.0500000000000006	1.93557204478353
0.0700000000000006	2.09454293344135
0.0900000000000006	2.26695006196357
0.110000000000001	2.45411328433052
0.130000000000001	2.65750998924399
0.150000000000001	2.87879766467939
0.170000000000001	3.11984027517035
0.190000000000001	3.38273920034085
0.210000000000001	3.66986965179327
0.230000000000001	3.98392369717438
0.250000000000001	4.32796128748942
0.270000000000001	4.70547102293261
0.290000000000001	5.1204428254897
0.310000000000001	5.57745524261136
0.330000000000001	6.08178082485091
0.350000000000001	6.63951395522449
0.370000000000001	7.2577267328304
0.390000000000001	7.94466012978347
0.410000000000001	8.7099597908358
0.430000000000001	9.5649687292355
0.450000000000001	10.5230930750311
0.470000000000001	11.6002623623747
0.490000000000001	12.815513195483
0.510000000000001	14.1917353846244
0.530000000000001	15.7566340996252
0.550000000000001	17.5439822228164
0.570000000000001	19.5952669243203
0.590000000000001	21.9618782504241
0.610000000000001	24.7080526958017
0.630000000000001	27.9148834150743
0.650000000000001	31.6858608525116
0.670000000000001	36.1546467212552
0.690000000000001	41.4961684286869
0.710000000000001	47.9427529971454
0.730000000000001	55.8080868440952
0.750000000000001	65.523644122576
0.770000000000001	77.6955631794603
0.790000000000001	93.196176683987
0.810000000000001	113.316522298844
0.830000000000001	140.03094506854
0.850000000000001	176.478560192872
0.870000000000001	227.890642355424
0.890000000000001	303.505386194749
0.910000000000001	420.879423578025
0.930000000000001	616.744534330781
0.950000000000001	978.785679250664
0.970000000000001	1761.08084726039
0.990000000000001	3976.08926055899
