# Program settings for SigmaNu
# Electroweak scheme and input parameters
# Scheme = Complex mass scheme
# alpha_GF = 0.00755898078237864
# Pole masses/widths for particles [GeV]
# mw = 80.35797361
# gw = 2.084298894
# mz = 91.15348062
# gz = 2.494266379
# s^2_thetaw (derived) = (0.222868505240788,-0.00110716741475141)
# charged leptons
# m_e = 0.0005109989461
# m_m = 0.10565837
# m_t = 1.77686
# quarks
# m_d = 0.05
# m_u = 0.05
# m_s = 0.2
# m_c = 1.51
# m_b = 4.92
# m_t = 173
# Ecms (default) = 9.18661

# channel_id = 13
# process  = nu_e nu_m~ -> e- m+
-0.99	3.55721835158106e-05
-0.97	0.000314728865183016
-0.95	0.00087141412426621
-0.93	0.00170584269367255
-0.91	0.00281822947245454
-0.89	0.00420878952595276
-0.87	0.00587773808593885
-0.85	0.00782529055075875
-0.83	0.0100516624854757
-0.81	0.0125570696220138
-0.79	0.0153417278593014
-0.77	0.0184058532634151
-0.75	0.0217496620677228
-0.73	0.0253733706730286
-0.71	0.0292771956477161
-0.69	0.0334613537278929
-0.67	0.0379260618175351
-0.65	0.0426715369886313
-0.63	0.0476979964813282
-0.61	0.053005657704074
-0.59	0.0585947382337648
-0.57	0.0644654558158882
-0.55	0.0706180283646696
-0.53	0.0770526739632173
-0.51	0.0837696108636674
-0.49	0.09076905748733
-0.47	0.0980512324248349
-0.45	0.105616354436277
-0.429999999999999	0.113464642451364
-0.409999999999999	0.121596315569559
-0.389999999999999	0.130011593060232
-0.369999999999999	0.138710694362801
-0.349999999999999	0.147693839086881
-0.329999999999999	0.156961247012434
-0.309999999999999	0.16651313808991
-0.289999999999999	0.176349732440397
-0.269999999999999	0.186471250355769
-0.249999999999999	0.196877912298832
-0.229999999999999	0.20756993890347
-0.209999999999999	0.218547550974797
-0.189999999999999	0.2298109694893
-0.169999999999999	0.241360415594991
-0.149999999999999	0.253196110611551
-0.129999999999999	0.265318276030482
-0.109999999999999	0.277727133515252
-0.0899999999999994	0.290422904901446
-0.0699999999999994	0.303405812196913
-0.0499999999999994	0.316676077581916
-0.0299999999999994	0.330233923409279
-0.00999999999999938	0.34407957220454
0.0100000000000006	0.358213246666094
0.0300000000000006	0.372635169665348
0.0500000000000006	0.387345564246868
0.0700000000000006	0.40234465362853
0.0900000000000006	0.417632661201666
0.110000000000001	0.433209810531219
0.130000000000001	0.44907632535589
0.150000000000001	0.465232429588289
0.170000000000001	0.481678347315085
0.190000000000001	0.498414302797156
0.210000000000001	0.515440520469743
0.230000000000001	0.532757224942595
0.250000000000001	0.550364641000126
0.270000000000001	0.568262993601561
0.290000000000001	0.586452507881091
0.310000000000001	0.604933409148022
0.330000000000001	0.623705922886928
0.350000000000001	0.642770274757802
0.370000000000001	0.662126690596208
0.390000000000001	0.681775396413432
0.410000000000001	0.701716618396635
0.430000000000001	0.721950582909007
0.450000000000001	0.742477516489916
0.470000000000001	0.763297645855062
0.490000000000001	0.784411197896633
0.510000000000001	0.805818399683451
0.530000000000001	0.827519478461131
0.550000000000001	0.849514661652231
0.570000000000001	0.871804176856407
0.590000000000001	0.894388251850565
0.610000000000001	0.917267114589018
0.630000000000001	0.940440993203633
0.650000000000001	0.963910116003992
0.670000000000001	0.987674711477543
0.690000000000001	1.01173500828975
0.710000000000001	1.03609123528426
0.730000000000001	1.06074362148305
0.750000000000001	1.08569239608656
0.770000000000001	1.1109377884739
0.790000000000001	1.13648002820294
0.810000000000001	1.16231934501054
0.830000000000001	1.18845596881262
0.850000000000001	1.21489012970439
0.870000000000001	1.24162205796046
0.890000000000001	1.26865198403503
0.910000000000001	1.29598013856199
0.930000000000001	1.32360675235515
0.950000000000001	1.35153205640835
0.970000000000001	1.3797562818956
0.990000000000001	1.4082796601713
