# Program settings for SigmaNu
# Electroweak scheme and input parameters
# Scheme = Complex mass scheme
# alpha_GF = 0.00755898078237864
# Pole masses/widths for particles [GeV]
# mw = 80.35797361
# gw = 2.084298894
# mz = 91.15348062
# gz = 2.494266379
# s^2_thetaw (derived) = (0.222868505240788,-0.00110716741475141)
# charged leptons
# m_e = 0.0005109989461
# m_m = 0.10565837
# m_t = 1.77686
# quarks
# m_d = 0.05
# m_u = 0.05
# m_s = 0.2
# m_c = 1.51
# m_b = 4.92
# m_t = 173
# Ecms (default) = 1.28403

# channel_id = 13
# process  = nu_e nu_m~ -> e- m+
-0.99	1.60872773041582e-06
-0.97	8.91005831938352e-06
-0.95	2.16567042072523e-05
-0.93	3.98487481723845e-05
-0.91	6.34862729944009e-05
-0.89	9.25693614541795e-05
-0.87	0.000127098096333858
-0.85	0.00016707256041683
-0.83	0.00021249283648775
-0.81	0.000263359007332528
-0.79	0.000319671155738334
-0.77	0.000381429364493596
-0.75	0.000448633716388
-0.73	0.00052128429421249
-0.71	0.00059938118075927
-0.69	0.000682924458821798
-0.67	0.000771914211194797
-0.65	0.000866350520674241
-0.63	0.000966233470057369
-0.61	0.00107156314214268
-0.59	0.00118233961972991
-0.57	0.00129856298562009
-0.55	0.00142023332261548
-0.53	0.00154735071351961
-0.51	0.00167991524113726
-0.49	0.0018179269882745
-0.47	0.0019613860377386
-0.45	0.00211029247233814
-0.429999999999999	0.00226464637488295
-0.409999999999999	0.0024244478281841
-0.389999999999999	0.00258969691505393
-0.369999999999999	0.00276039371830603
-0.349999999999999	0.00293653832075526
-0.329999999999999	0.00311813080521774
-0.309999999999999	0.00330517125451084
-0.289999999999999	0.0034976597514532
-0.269999999999999	0.00369559637886469
-0.249999999999999	0.00389898121956648
-0.229999999999999	0.00410781435638098
-0.209999999999999	0.00432209587213183
-0.189999999999999	0.00454182584964399
-0.169999999999999	0.00476700437174362
-0.149999999999999	0.00499763152125818
-0.129999999999999	0.00523370738101637
-0.109999999999999	0.00547523203384815
-0.0899999999999994	0.00572220556258473
-0.0699999999999994	0.00597462805005861
-0.0499999999999994	0.00623249957910351
-0.0299999999999994	0.00649582023255444
-0.00999999999999938	0.00676459009324765
0.0100000000000006	0.00703880924402067
0.0300000000000006	0.00731847776771226
0.0500000000000006	0.00760359574716246
0.0700000000000006	0.00789416326521255
0.0900000000000006	0.00819018040470511
0.110000000000001	0.00849164724848393
0.130000000000001	0.00879856387939409
0.150000000000001	0.00911093038028192
0.170000000000001	0.00942874683399501
0.190000000000001	0.0097520133233822
0.210000000000001	0.0100807299312936
0.230000000000001	0.0104148967405806
0.250000000000001	0.0107545138340958
0.270000000000001	0.0110995812946931
0.290000000000001	0.0114500992052276
0.310000000000001	0.0118060676485558
0.330000000000001	0.0121674867075353
0.350000000000001	0.012534356465025
0.370000000000001	0.0129066770038851
0.390000000000001	0.0132844484069771
0.410000000000001	0.0136676707571637
0.430000000000001	0.0140563441373087
0.450000000000001	0.0144504686302775
0.470000000000001	0.0148500443189366
0.490000000000001	0.0152550712861536
0.510000000000001	0.0156655496147975
0.530000000000001	0.0160814793877387
0.550000000000001	0.0165028606878487
0.570000000000001	0.0169296935980001
0.590000000000001	0.0173619782010671
0.610000000000001	0.017799714579925
0.630000000000001	0.0182429028174503
0.650000000000001	0.0186915429965208
0.670000000000001	0.0191456352000157
0.690000000000001	0.0196051795108151
0.710000000000001	0.0200701760118009
0.730000000000001	0.0205406247858557
0.750000000000001	0.0210165259158637
0.770000000000001	0.0214978794847104
0.790000000000001	0.0219846855752823
0.810000000000001	0.0224769442704673
0.830000000000001	0.0229746556531546
0.850000000000001	0.0234778198062346
0.870000000000001	0.023986436812599
0.890000000000001	0.0245005067551407
0.910000000000001	0.0250200297167539
0.930000000000001	0.0255450057803341
0.950000000000001	0.026075435028778
0.970000000000001	0.0266113175449835
0.990000000000001	0.0271526534118499
