# Program settings for SigmaNu
# Electroweak scheme and input parameters
# Scheme = Complex mass scheme
# alpha_GF = 0.00755898078237864
# Pole masses/widths for particles [GeV]
# mw = 80.35797361
# gw = 2.084298894
# mz = 91.15348062
# gz = 2.494266379
# s^2_thetaw (derived) = (0.222868505240788,-0.00110716741475141)
# charged leptons
# m_e = 0.0005109989461
# m_m = 0.10565837
# m_t = 1.77686
# quarks
# m_d = 0.05
# m_u = 0.05
# m_s = 0.2
# m_c = 1.51
# m_b = 4.92
# m_t = 173
# Ecms (default) = 17063.7

# channel_id = 13
# process  = nu_e nu_m~ -> e- m+
-0.99	6.10154163598534e-08
-0.97	5.60345115223959e-07
-0.95	1.58860570612434e-06
-0.93	3.17853200907772e-06
-0.91	5.36491941031382e-06
-0.89	8.18476975136585e-06
-0.87	1.16774489708464e-05
-0.85	1.58848575711757e-05
-0.83	2.0851615092441e-05
-0.81	2.66252598980366e-05
-0.79	3.32564657133409e-05
-0.77	4.07992765112517e-05
-0.75	4.93113615089646e-05
-0.73	5.88542922313131e-05
-0.71	6.94938438099725e-05
-0.69	8.13003229279476e-05
-0.67	9.43489250885548e-05
-0.65	0.00010872012419163
-0.63	0.000124500097741615
-0.61	0.000141781191397905
-0.59	0.000160662427013531
-0.57	0.000181250058801204
-0.55	0.000203658182824158
-0.53	0.000228009405642853
-0.51	0.000254435578668637
-0.49	0.000283078605594968
-0.47	0.000314091331211097
-0.45	0.000347638520969956
-0.429999999999999	0.000383897941902355
-0.409999999999999	0.000423061556868004
-0.389999999999999	0.000465336845739132
-0.369999999999999	0.000510948268958661
-0.349999999999999	0.000560138891042249
-0.329999999999999	0.00061317218404948
-0.309999999999999	0.000670334033890819
-0.289999999999999	0.000731934975630634
-0.269999999999999	0.000798312687773133
-0.249999999999999	0.000869834779973064
-0.229999999999999	0.000946901913811912
-0.209999999999999	0.00102995130236106
-0.189999999999999	0.00111946064138312
-0.169999999999999	0.00121595253340267
-0.149999999999999	0.00131999947575331
-0.129999999999999	0.00143222949537602
-0.109999999999999	0.00155333252696854
-0.0899999999999994	0.00168406764751166
-0.0699999999999994	0.00182527129977197
-0.0499999999999994	0.00197786666077748
-0.0299999999999994	0.00214287433931621
-0.00999999999999938	0.0023214246202554
0.0100000000000006	0.00251477151421456
0.0300000000000006	0.00272430892046832
0.0500000000000006	0.00295158927094252
0.0700000000000006	0.00319834509637373
0.0900000000000006	0.00346651404539348
0.110000000000001	0.00375826799764052
0.130000000000001	0.00407604704833365
0.150000000000001	0.00442259931093006
0.170000000000001	0.00480102769545363
0.190000000000001	0.00521484508440096
0.210000000000001	0.0056680396610123
0.230000000000001	0.00616515256615769
0.250000000000001	0.00671137059670402
0.270000000000001	0.0073126373454864
0.290000000000001	0.00797578706864844
0.310000000000001	0.00870870671484514
0.330000000000001	0.0095205330510039
0.350000000000001	0.0104218937927517
0.370000000000001	0.0114252042633827
0.390000000000001	0.012545034600556
0.410000000000001	0.0137985672406612
0.430000000000001	0.0152061708175718
0.450000000000001	0.0167921254105966
0.470000000000001	0.0185855462835393
0.490000000000001	0.0206215703812921
0.510000000000001	0.0229428941581056
0.530000000000001	0.0256017862551795
0.550000000000001	0.0286627494671348
0.570000000000001	0.0322060817428696
0.590000000000001	0.0363326991201001
0.610000000000001	0.0411707564837208
0.630000000000001	0.0468848715464167
0.650000000000001	0.0536891860929556
0.670000000000001	0.061866195945821
0.690000000000001	0.0717944447099514
0.710000000000001	0.0839901727723567
0.730000000000001	0.0991715471227725
0.750000000000001	0.118360578010945
0.770000000000001	0.143050196955821
0.790000000000001	0.175488686046469
0.810000000000001	0.219185737243934
0.830000000000001	0.279861288978657
0.850000000000001	0.367340847688918
0.870000000000001	0.499649310190564
0.890000000000001	0.712776149257194
0.910000000000001	1.08722352458073
0.930000000000001	1.83456636406707
0.950000000000001	3.66880070068197
0.970000000000001	10.3889528043138
0.990000000000001	94.8477728124311
