# Program settings for SigmaNu
# Electroweak scheme and input parameters
# Scheme = Complex mass scheme
# alpha_GF = 0.00755898078237864
# Pole masses/widths for particles [GeV]
# mw = 80.35797361
# gw = 2.084298894
# mz = 91.15348062
# gz = 2.494266379
# s^2_thetaw (derived) = (0.222868505240788,-0.00110716741475141)
# charged leptons
# m_e = 0.0005109989461
# m_m = 0.10565837
# m_t = 1.77686
# quarks
# m_d = 0.05
# m_u = 0.05
# m_s = 0.2
# m_c = 1.51
# m_b = 4.92
# m_t = 173
# Ecms (default) = 26503.8

# channel_id = 13
# process  = nu_e nu_m~ -> e- m+
-0.99	2.52918754837611e-08
-0.97	2.32272162106916e-07
-0.95	6.5850307617228e-07
-0.93	1.31755392534372e-06
-0.91	2.22384817924034e-06
-0.89	3.39272394535259e-06
-0.87	4.8404993169081e-06
-0.85	6.58454303719054e-06
-0.83	8.64335097037833e-06
-0.81	1.10366289197407e-05
-0.79	1.37853823906602e-05
-0.77	1.69120139591947e-05
-0.75	2.0440428977602e-05
-0.73	2.43961504274023e-05
-0.71	2.88064438192584e-05
-0.69	3.37004531385024e-05
-0.67	3.91093489469732e-05
-0.65	4.50664898776615e-05
-0.63	5.16075989004051e-05
-0.61	5.87709558967762e-05
-0.59	6.65976082629401e-05
-0.57	7.51316014636024e-05
-0.55	8.44202316916711e-05
-0.53	9.45143230509341e-05
-0.51	0.000105468531977546
-0.49	0.000117341681955867
-0.47	0.000130197131971507
-0.45	0.000144103182586723
-0.429999999999999	0.000159133524029222
-0.409999999999999	0.000175367731265165
-0.389999999999999	0.000192891811692658
-0.369999999999999	0.000211798811857386
-0.349999999999999	0.000232189490473975
-0.329999999999999	0.000254173066054861
-0.309999999999999	0.000277868048626358
-0.289999999999999	0.000303403166377133
-0.269999999999999	0.000330918399670624
-0.249999999999999	0.000360566136699946
-0.229999999999999	0.000392512467219117
-0.209999999999999	0.000426938633305396
-0.189999999999999	0.000464042659063369
-0.169999999999999	0.000504041184655652
-0.149999999999999	0.000547171534139295
-0.129999999999999	0.00059369405142445
-0.109999999999999	0.000643894744403383
-0.0899999999999994	0.00069808828410791
-0.0699999999999994	0.000756621413868511
-0.0499999999999994	0.000819876833148375
-0.0299999999999994	0.000888277632356495
-0.00999999999999938	0.000962292368935544
0.0100000000000006	0.00104244089190897
0.0300000000000006	0.00112930104252921
0.0500000000000006	0.00122351638353976
0.0700000000000006	0.00132580513991536
0.0900000000000006	0.00143697057113119
0.110000000000001	0.00155791304076003
0.130000000000001	0.00168964410572018
0.150000000000001	0.00183330301764558
0.170000000000001	0.00199017611631678
0.190000000000001	0.00216171970468371
0.210000000000001	0.00234958713303022
0.230000000000001	0.00255566099457783
0.250000000000001	0.00278209155732091
0.270000000000001	0.00303134284184249
0.290000000000001	0.00330624812207497
0.310000000000001	0.00361007710227475
0.330000000000001	0.00394661764552268
0.350000000000001	0.00432027574732549
0.370000000000001	0.00473619853251532
0.390000000000001	0.00520042650298561
0.410000000000001	0.00572008321714695
0.430000000000001	0.00630361323863747
0.450000000000001	0.0069610828401051
0.470000000000001	0.00770456300983892
0.490000000000001	0.00854862141021235
0.510000000000001	0.00951096001697354
0.530000000000001	0.0106132496592501
0.550000000000001	0.0118822337974964
0.570000000000001	0.0133512051066672
0.590000000000001	0.0150620053588198
0.610000000000001	0.0170677708434455
0.630000000000001	0.0194367573392632
0.650000000000001	0.0222577564309175
0.670000000000001	0.0256479042264124
0.690000000000001	0.0297641661658987
0.710000000000001	0.0348206097128359
0.730000000000001	0.0411150426979626
0.750000000000001	0.0490712833788304
0.770000000000001	0.0593084594017592
0.790000000000001	0.0727589868076449
0.810000000000001	0.0908784924673043
0.830000000000001	0.116039437775274
0.850000000000001	0.152317461922386
0.870000000000001	0.207190046353153
0.890000000000001	0.29558901200194
0.910000000000001	0.450920010299247
0.930000000000001	0.761001733823437
0.950000000000001	1.52231700219796
0.970000000000001	4.31373047856479
0.990000000000001	39.5189956697404
