# Program settings for SigmaNu
# Electroweak scheme and input parameters
# Scheme = Complex mass scheme
# alpha_GF = 0.00755898078237864
# Pole masses/widths for particles [GeV]
# mw = 80.35797361
# gw = 2.084298894
# mz = 91.15348062
# gz = 2.494266379
# s^2_thetaw (derived) = (0.222868505240788,-0.00110716741475141)
# charged leptons
# m_e = 0.0005109989461
# m_m = 0.10565837
# m_t = 1.77686
# quarks
# m_d = 0.05
# m_u = 0.05
# m_s = 0.2
# m_c = 1.51
# m_b = 4.92
# m_t = 173
# Ecms (default) = 200.354

# channel_id = 13
# process  = nu_e nu_m~ -> e- m+
-0.99	0.000327989162048065
-0.97	0.00300353790160326
-0.95	0.00849064660883555
-0.93	0.0169385468297643
-0.91	0.028504507232559
-0.89	0.0433543196047542
-0.87	0.0616628182333071
-0.85	0.0836144352601772
-0.83	0.109403794831956
-0.81	0.139236349109825
-0.79	0.173329059478102
-0.77	0.211911126588435
-0.75	0.255224773205362
-0.73	0.303526084180533
-0.71	0.357085908281351
-0.69	0.416190827038973
-0.67	0.481144196265351
-0.65	0.552267266424393
-0.63	0.629900388634252
-0.61	0.71440431373289
-0.59	0.806161592564708
-0.57	0.905578086450803
-0.55	1.01308459769863
-0.53	1.12913863099946
-0.51	1.25422629766606
-0.49	1.38886437589274
-0.47	1.53360254159028
-0.45	1.68902578587865
-0.429999999999999	1.85575703702923
-0.409999999999999	2.03446000656142
-0.389999999999999	2.22584228134001
-0.369999999999999	2.43065868592245
-0.349999999999999	2.64971494210263
-0.329999999999999	2.88387165563111
-0.309999999999999	3.13404866350646
-0.289999999999999	3.40122977908292
-0.269999999999999	3.6864679765859
-0.249999999999999	3.99089106154159
-0.229999999999999	4.31570787919131
-0.209999999999999	4.66221511927123
-0.189999999999999	5.03180478270422
-0.169999999999999	5.42597238390247
-0.149999999999999	5.84632597166696
-0.129999999999999	6.29459606226965
-0.109999999999999	6.77264659042121
-0.0899999999999994	7.28248699770416
-0.0699999999999994	7.82628559397147
-0.0499999999999994	8.40638434550917
-0.0299999999999994	9.02531526483362
-0.00999999999999938	9.6858186013077
0.0100000000000006	10.3908630598701
0.0300000000000006	11.1436683077388
0.0500000000000006	11.9477300667591
0.0700000000000006	12.8068481330635
0.0900000000000006	13.7251577170145
0.110000000000001	14.7071645563763
0.130000000000001	15.7577843259338
0.150000000000001	16.8823869493226
0.170000000000001	18.0868465160431
0.190000000000001	19.3775976214166
0.210000000000001	20.7616990831466
0.230000000000001	22.2469061495167
0.250000000000001	23.8417525064249
0.270000000000001	25.5556436199863
0.290000000000001	27.3989632264706
0.310000000000001	29.3831951119613
0.330000000000001	31.5210627229131
0.350000000000001	33.8266896314891
0.370000000000001	36.3157844659592
0.390000000000001	39.0058546315211
0.410000000000001	41.916454022334
0.430000000000001	45.0694710016947
0.450000000000001	48.4894642558086
0.470000000000001	52.2040557740258
0.490000000000001	56.244392260789
0.510000000000001	60.645688853869
0.530000000000001	65.4478722563211
0.550000000000001	70.6963444790499
0.570000000000001	76.4428935927708
0.590000000000001	82.7467845439583
0.610000000000001	89.6760716578976
0.630000000000001	97.3091855543965
0.650000000000001	105.736861685681
0.670000000000001	115.06449673754
0.690000000000001	125.41504433212
0.710000000000001	136.932595100191
0.730000000000001	149.786831457249
0.750000000000001	164.178608900793
0.770000000000001	180.3469999606
0.790000000000001	198.57825374723
0.810000000000001	219.217287661052
0.830000000000001	242.682559693854
0.850000000000001	269.485502499195
0.870000000000001	300.256184402722
0.890000000000001	335.777576853774
0.910000000000001	377.031878858307
0.930000000000001	425.263982542318
0.950000000000001	482.069702609533
0.970000000000001	549.520418844813
0.990000000000001	630.342311886051
