# Program settings for SigmaNu
# Electroweak scheme and input parameters
# Scheme = Complex mass scheme
# alpha_GF = 0.00755898078237864
# Pole masses/widths for particles [GeV]
# mw = 80.35797361
# gw = 2.084298894
# mz = 91.15348062
# gz = 2.494266379
# s^2_thetaw (derived) = (0.222868505240788,-0.00110716741475141)
# charged leptons
# m_e = 0.0005109989461
# m_m = 0.10565837
# m_t = 1.77686
# quarks
# m_d = 0.05
# m_u = 0.05
# m_s = 0.2
# m_c = 1.51
# m_b = 4.92
# m_t = 173
# Ecms (default) = 67558.7

# channel_id = 13
# process  = nu_e nu_m~ -> e- m+
-0.99	3.89261585084653e-09
-0.97	3.57484934493181e-08
-0.95	1.01348764797096e-07
-0.93	2.02781869692848e-07
-0.91	3.42267712297705e-07
-0.89	5.22166969081313e-07
-0.87	7.44991146623899e-07
-0.85	1.01341345768954e-06
-0.83	1.33028059099914e-06
-0.81	1.69862545794566e-06
-0.79	2.12168100821084e-06
-0.77	2.60289521597696e-06
-0.75	3.14594734931042e-06
-0.73	3.75476564747681e-06
-0.71	4.43354654460033e-06
-0.69	5.18677559340234e-06
-0.67	6.01925025996772e-06
-0.65	6.93610477985474e-06
-0.63	7.94283728768182e-06
-0.61	9.0453394569358e-06
-0.59	1.02499289145488e-05
-0.57	1.1563384726243e-05
-0.55	1.29929862842759e-05
-0.53	1.45465559696472e-05
-0.51	1.62325060067745e-05
-0.49	1.80598899809377e-05
-0.47	2.0038459548404e-05
-0.45	2.2178726937227e-05
-0.429999999999999	2.44920339145778e-05
-0.409999999999999	2.69906279857021e-05
-0.389999999999999	2.96877466920276e-05
-0.369999999999999	3.25977109937525e-05
-0.349999999999999	3.57360288579915e-05
-0.329999999999999	3.91195103302762e-05
-0.309999999999999	4.27663955485134e-05
-0.289999999999999	4.66964973686811e-05
-0.269999999999999	5.09313605157178e-05
-0.249999999999999	5.54944394573479e-05
-0.229999999999999	6.04112975303334e-05
-0.209999999999999	6.57098302366743e-05
-0.189999999999999	7.14205160822461e-05
-0.169999999999999	7.7576698865127e-05
-0.149999999999999	8.42149059510556e-05
-0.129999999999999	9.13752078180678e-05
-0.109999999999999	9.91016250345627e-05
-0.0899999999999994	0.000107442589883278
-0.0699999999999994	0.000116451471092765
-0.0499999999999994	0.000126187171631039
-0.0299999999999994	0.000136714811306319
-0.00999999999999938	0.000148106508073482
0.0100000000000006	0.000160442274544422
0.0300000000000006	0.000173811049349452
0.0500000000000006	0.000188311886825165
0.0700000000000006	0.000204055333176099
0.0900000000000006	0.000221165022981541
0.110000000000001	0.000239779536960805
0.130000000000001	0.000260054570610809
0.150000000000001	0.000282165474127833
0.170000000000001	0.000306310237488972
0.190000000000001	0.000332713011438507
0.210000000000001	0.000361628276369655
0.230000000000001	0.000393345797991372
0.250000000000001	0.000428196542918945
0.270000000000001	0.000466559771191317
0.290000000000001	0.000508871579244871
0.310000000000001	0.000555635240193038
0.330000000000001	0.000607433784015432
0.350000000000001	0.000664945386220472
0.370000000000001	0.000728962300509007
0.390000000000001	0.000800414294075186
0.410000000000001	0.000880397844877138
0.430000000000001	0.00097021276917547
0.450000000000001	0.0010714085092596
0.470000000000001	0.00118584309053376
0.490000000000001	0.00131575885032013
0.510000000000001	0.00146388059251879
0.530000000000001	0.00163354405308646
0.550000000000001	0.00182886581228855
0.570000000000001	0.002054970597567
0.590000000000001	0.00231829914538992
0.610000000000001	0.00262703083579799
0.630000000000001	0.00299167252199358
0.650000000000001	0.00342589234824207
0.670000000000001	0.00394772188495602
0.690000000000001	0.00458132421908824
0.710000000000001	0.00535965314003994
0.730000000000001	0.00632855428300505
0.750000000000001	0.00755327302903965
0.770000000000001	0.00912912406670228
0.790000000000001	0.011199656514737
0.810000000000001	0.013988976698819
0.830000000000001	0.0178623590088722
0.850000000000001	0.0234473349901489
0.870000000000001	0.0318952886798931
0.890000000000001	0.0455055983729246
0.910000000000001	0.0694229943995237
0.930000000000001	0.117174298525336
0.950000000000001	0.234438532748722
0.970000000000001	0.664594825872232
0.990000000000001	6.10111689346866
