# Program settings for SigmaNu
# Electroweak scheme and input parameters
# Scheme = Complex mass scheme
# alpha_GF = 0.00755898078237864
# Pole masses/widths for particles [GeV]
# mw = 80.35797361
# gw = 2.084298894
# mz = 91.15348062
# gz = 2.494266379
# s^2_thetaw (derived) = (0.222868505240788,-0.00110716741475141)
# charged leptons
# m_e = 0.0005109989461
# m_m = 0.10565837
# m_t = 1.77686
# quarks
# m_d = 0.05
# m_u = 0.05
# m_s = 0.2
# m_c = 1.51
# m_b = 4.92
# m_t = 173
# Ecms (default) = 7.78829

# channel_id = 13
# process  = nu_e nu_m~ -> e- m+
-0.99	2.60085527041956e-05
-0.97	0.000228578207247426
-0.95	0.000631977944625525
-0.93	0.00123631983774586
-0.91	0.00204171602205386
-0.89	0.00304827869557176
-0.87	0.00425612011893745
-0.85	0.00566535261544324
-0.83	0.00727608857107477
-0.81	0.00908844043454984
-0.79	0.0111025207173573
-0.77	0.0133184419937962
-0.75	0.0157363169010142
-0.73	0.0183562581390472
-0.71	0.0211783784708582
-0.69	0.0242027907223758
-0.67	0.0274296077825341
-0.65	0.0308589426033112
-0.63	0.0344909081997684
-0.61	0.0383256176500897
-0.59	0.0423631840956206
-0.57	0.0466037207409074
-0.55	0.0510473408537365
-0.53	0.0556941577651737
-0.51	0.0605442848696035
-0.49	0.0655978356247681
-0.47	0.070854923551807
-0.45	0.0763156622352967
-0.429999999999999	0.0819801653232893
-0.409999999999999	0.0878485465273525
-0.389999999999999	0.0939209196226092
-0.369999999999999	0.100197398447776
-0.349999999999999	0.106678096905205
-0.329999999999999	0.113363128960919
-0.309999999999999	0.120252608644657
-0.289999999999999	0.127346650049909
-0.269999999999999	0.134645367333956
-0.249999999999999	0.142148874717912
-0.229999999999999	0.149857286486764
-0.209999999999999	0.157770716989409
-0.189999999999999	0.165889280638693
-0.169999999999999	0.174213091911457
-0.149999999999999	0.182742265348568
-0.129999999999999	0.191476915554967
-0.109999999999999	0.200417157199702
-0.0899999999999994	0.209563105015975
-0.0699999999999994	0.218914873801173
-0.0499999999999994	0.228472578416916
-0.0299999999999994	0.238236333789094
-0.00999999999999938	0.248206254907906
0.0100000000000006	0.2583824568279
0.0300000000000006	0.268765054668014
0.0500000000000006	0.279354163611618
0.0700000000000006	0.29014989890655
0.0900000000000006	0.301152375865158
0.110000000000001	0.312361709864342
0.130000000000001	0.323778016345589
0.150000000000001	0.335401410815021
0.170000000000001	0.347232008843428
0.190000000000001	0.359269926066312
0.210000000000001	0.371515278183925
0.230000000000001	0.383968180961313
0.250000000000001	0.396628750228354
0.270000000000001	0.409497101879796
0.290000000000001	0.422573351875302
0.310000000000001	0.435857616239487
0.330000000000001	0.449350011061961
0.350000000000001	0.463050652497368
0.370000000000001	0.476959656765425
0.390000000000001	0.491077140150967
0.410000000000001	0.505403219003983
0.430000000000001	0.519938009739659
0.450000000000001	0.534681628838417
0.470000000000001	0.549634192845959
0.490000000000001	0.564795818373304
0.510000000000001	0.58016662209683
0.530000000000001	0.595746720758316
0.550000000000001	0.611536231164979
0.570000000000001	0.627535270189522
0.590000000000001	0.643743954770166
0.610000000000001	0.660162401910697
0.630000000000001	0.676790728680505
0.650000000000001	0.693629052214624
0.670000000000001	0.710677489713776
0.690000000000001	0.727936158444409
0.710000000000001	0.745405175738736
0.730000000000001	0.763084658994783
0.750000000000001	0.780974725676424
0.770000000000001	0.799075493313424
0.790000000000001	0.81738707950148
0.810000000000001	0.835909601902265
0.830000000000001	0.854643178243461
0.850000000000001	0.873587926318812
0.870000000000001	0.892743963988155
0.890000000000001	0.912111409177464
0.910000000000001	0.931690379878897
0.930000000000001	0.951480994150829
0.950000000000001	0.971483370117898
0.970000000000001	0.991697625971047
0.990000000000001	1.01212387996756
