# Program settings for SigmaNu
# Electroweak scheme and input parameters
# Scheme = Complex mass scheme
# alpha_GF = 0.00755898078237864
# Pole masses/widths for particles [GeV]
# mw = 80.35797361
# gw = 2.084298894
# mz = 91.15348062
# gz = 2.494266379
# s^2_thetaw (derived) = (0.222868505240788,-0.00110716741475141)
# charged leptons
# m_e = 0.0005109989461
# m_m = 0.10565837
# m_t = 1.77686
# quarks
# m_d = 0.05
# m_u = 0.05
# m_s = 0.2
# m_c = 1.51
# m_b = 4.92
# m_t = 173
# Ecms (default) = 470.235

# channel_id = 13
# process  = nu_e nu_m~ -> e- m+
-0.99	7.58321926486411e-05
-0.97	0.000696010032828225
-0.95	0.00197205563067867
-0.93	0.00394337308409401
-0.91	0.00665177317661099
-0.89	0.0101416386495605
-0.87	0.0144601023837271
-0.85	0.0196572396321419
-0.83	0.0257862755590222
-0.81	0.0329038094658087
-0.79	0.0410700572252608
-0.77	0.0503491136004168
-0.75	0.0608092362988558
-0.73	0.072523153806389
-0.71	0.0855683992606079
-0.69	0.100027672866542
-0.67	0.115989235627391
-0.65	0.133547337466656
-0.63	0.152802683158483
-0.61	0.173862939865484
-0.59	0.196843290513698
-0.57	0.221867037719112
-0.55	0.249066263527097
-0.53	0.278582550843889
-0.51	0.310567773138211
-0.49	0.345184959782942
-0.47	0.382609245305277
-0.45	0.423028911834831
-0.429999999999999	0.466646535201355
-0.409999999999999	0.513680246458718
-0.389999999999999	0.564365122124867
-0.369999999999999	0.618954718158383
-0.349999999999999	0.677722764675736
-0.329999999999999	0.740965040690382
-0.309999999999999	0.80900145077388
-0.289999999999999	0.882178328557141
-0.269999999999999	0.960870995474524
-0.249999999999999	1.04548660718496
-0.229999999999999	1.13646732477823
-0.209999999999999	1.23429385330471
-0.189999999999999	1.33948939649013
-0.169999999999999	1.45262408387602
-0.149999999999999	1.57431993525882
-0.129999999999999	1.70525643742288
-0.109999999999999	1.84617682006171
-0.0899999999999994	1.99789513180602
-0.0699999999999994	2.16130423384938
-0.0499999999999994	2.33738484830043
-0.0299999999999994	2.52721582172685
-0.00999999999999938	2.7319857921704
0.0100000000000006	2.95300648116261
0.0300000000000006	3.1917278721479
0.0500000000000006	3.44975558470018
0.0700000000000006	3.72887081184458
0.0900000000000006	4.03105325797613
0.110000000000001	4.35850760020641
0.130000000000001	4.71369410013871
0.150000000000001	5.09936412073025
0.170000000000001	5.51860145999201
0.190000000000001	5.97487060741996
0.210000000000001	6.47207327006607
0.230000000000001	7.01461481576195
0.250000000000001	7.60748265777716
0.270000000000001	8.25633907985009
0.290000000000001	8.96763160171769
0.310000000000001	9.74872475101731
0.330000000000001	10.6080580885522
0.350000000000001	11.5553365987978
0.370000000000001	12.6017611989247
0.390000000000001	13.7603092642967
0.410000000000001	15.0460778910761
0.430000000000001	16.4767063601541
0.450000000000001	18.0728992720031
0.470000000000001	19.8590785723038
0.490000000000001	21.86420187513
0.510000000000001	24.1227971157144
0.530000000000001	26.6762810959178
0.550000000000001	29.574654099744
0.570000000000001	32.8786977275873
0.590000000000001	36.6628534209955
0.610000000000001	41.0190325629905
0.630000000000001	46.0617177336942
0.650000000000001	51.934878233242
0.670000000000001	58.8214733435349
0.690000000000001	66.9567074425573
0.710000000000001	76.6468234373726
0.730000000000001	88.2962354643416
0.750000000000001	102.447497935414
0.770000000000001	119.841524878457
0.790000000000001	141.510650542698
0.810000000000001	168.926643555443
0.830000000000001	204.244020978015
0.850000000000001	250.71558810183
0.870000000000001	313.434576750784
0.890000000000001	400.73246462676
0.910000000000001	526.986741603948
0.930000000000001	718.728041568439
0.950000000000001	1029.33971389007
0.970000000000001	1579.50958263168
0.990000000000001	2691.44422368526
