# Program settings for SigmaNu
# Electroweak scheme and input parameters
# Scheme = Complex mass scheme
# alpha_GF = 0.00755898078237864
# Pole masses/widths for particles [GeV]
# mw = 80.35797361
# gw = 2.084298894
# mz = 91.15348062
# gz = 2.494266379
# s^2_thetaw (derived) = (0.222868505240788,-0.00110716741475141)
# charged leptons
# m_e = 0.0005109989461
# m_m = 0.10565837
# m_t = 1.77686
# quarks
# m_d = 0.05
# m_u = 0.05
# m_s = 0.2
# m_c = 1.51
# m_b = 4.92
# m_t = 173
# Ecms (default) = 602.4

# channel_id = 13
# process  = nu_e nu_m~ -> e- m+
-0.99	4.72543078046923e-05
-0.97	0.000433811352623818
-0.95	0.00122942832575346
-0.93	0.00245896541898555
-0.91	0.00414881905533487
-0.89	0.00632702863990996
-0.87	0.00902339174943312
-0.85	0.0122695885157354
-0.83	0.0160993160344971
-0.81	0.0205484337149526
-0.79	0.0256551205802893
-0.77	0.0314600456332414
-0.75	0.0380065525182672
-0.73	0.0453408598422606
-0.71	0.0535122786617532
-0.69	0.0625734488080278
-0.67	0.0725805959048085
-0.65	0.0835938111388647
-0.63	0.0956773560749989
-0.61	0.108899995066984
-0.59	0.123335358109097
-0.57	0.139062337303581
-0.55	0.156165520493039
-0.53	0.174735666029574
-0.51	0.194870223131657
-0.49	0.216673902823516
-0.47	0.240259305070011
-0.45	0.265747608423735
-0.429999999999999	0.293269329303693
-0.409999999999999	0.322965158941673
-0.389999999999999	0.354986887081457
-0.369999999999999	0.389498422718523
-0.349999999999999	0.426676923548737
-0.329999999999999	0.466714047383209
-0.309999999999999	0.509817340617807
-0.289999999999999	0.556211780960864
-0.269999999999999	0.606141494070459
-0.249999999999999	0.659871666591486
-0.229999999999999	0.717690681382091
-0.209999999999999	0.779912504562206
-0.189999999999999	0.846879358503662
-0.169999999999999	0.918964720131788
-0.149999999999999	0.996576690067575
-0.129999999999999	1.08016178538259
-0.109999999999999	1.17020921727887
-0.0899999999999994	1.26725572510207
-0.0699999999999994	1.37189105006485
-0.0499999999999994	1.4847641462866
-0.0299999999999994	1.60659024372234
-0.00999999999999938	1.73815889784664
0.0100000000000006	1.88034318530707
0.0300000000000006	2.03411023407262
0.0500000000000006	2.20053331200781
0.0700000000000006	2.38080574072232
0.0900000000000006	2.57625695376443
0.110000000000001	2.78837108200407
0.130000000000001	3.0188085272577
0.150000000000001	3.26943108150409
0.170000000000001	3.54233126812884
0.190000000000001	3.83986672957414
0.210000000000001	4.16470067041797
0.230000000000001	4.51984959650933
0.250000000000001	4.90873988278552
0.270000000000001	5.33527507253623
0.290000000000001	5.80391628273066
0.310000000000001	6.31977869512354
0.330000000000001	6.88874789369217
0.350000000000001	7.51762082321356
0.370000000000001	8.21427747040004
0.390000000000001	8.98789111689635
0.410000000000001	9.84918733423696
0.430000000000001	10.8107649976576
0.450000000000001	11.8874967908678
0.470000000000001	13.0970323912587
0.490000000000001	14.4604353935892
0.510000000000001	16.0029959732103
0.530000000000001	17.7552766796488
0.550000000000001	19.7544706555804
0.570000000000001	22.0461831559712
0.590000000000001	24.6867934064505
0.610000000000001	27.7466223417489
0.630000000000001	31.3142350744111
0.650000000000001	35.502365519287
0.670000000000001	40.4561987357532
0.690000000000001	46.3651431094912
0.710000000000001	53.4798731568148
0.730000000000001	62.1375124062938
0.750000000000001	72.7997060449149
0.770000000000001	86.1116862253648
0.790000000000001	102.996633610303
0.810000000000001	124.811587524122
0.830000000000001	153.61530023249
0.850000000000001	192.649977815703
0.870000000000001	247.256296336924
0.890000000000001	326.73036657737
0.910000000000001	448.415244732866
0.930000000000001	647.715264832647
0.950000000000001	1006.28849678192
0.970000000000001	1748.73318699154
0.990000000000001	3692.71731341742
