# Program settings for SigmaNu
# Electroweak scheme and input parameters
# Scheme = Complex mass scheme
# alpha_GF = 0.00755898078237864
# Pole masses/widths for particles [GeV]
# mw = 80.35797361
# gw = 2.084298894
# mz = 91.15348062
# gz = 2.494266379
# s^2_thetaw (derived) = (0.222868505240788,-0.00110716741475141)
# charged leptons
# m_e = 0.0005109989461
# m_m = 0.10565837
# m_t = 1.77686
# quarks
# m_d = 0.05
# m_u = 0.05
# m_s = 0.2
# m_c = 1.51
# m_b = 4.92
# m_t = 173
# Ecms (default) = 7.47332

# channel_id = 13
# process  = nu_e nu_m~ -> e- m+
-0.99	2.40547707202406e-05
-0.97	0.000210979852535104
-0.95	0.000583071629594774
-0.93	0.00114042531161236
-0.91	0.0018831361572525
-0.89	0.00281129947415931
-0.87	0.00392501061898432
-0.85	0.00522436499741456
-0.83	0.00670945806420046
-0.81	0.008380385323184
-0.79	0.0102372423273267
-0.77	0.0122801246787376
-0.75	0.0145091280287016
-0.73	0.0169243480777074
-0.71	0.0195258805754754
-0.69	0.0223138213209864
-0.67	0.0252882661625091
-0.65	0.028449310997629
-0.63	0.0317970517732757
-0.61	0.0353315844857522
-0.59	0.0390530051807622
-0.57	0.0429614099534385
-0.55	0.0470568949483721
-0.53	0.0513395563596392
-0.51	0.0558094904308307
-0.49	0.0604667934550796
-0.47	0.0653115617750898
-0.45	0.0703438917831646
-0.429999999999999	0.0755638799212346
-0.409999999999999	0.0809716226808866
-0.389999999999999	0.0865672166033916
-0.369999999999999	0.0923507582797334
-0.349999999999999	0.098322344350637
-0.329999999999999	0.104482071506598
-0.309999999999999	0.110830036487908
-0.289999999999999	0.117366336084688
-0.269999999999999	0.124091067136913
-0.249999999999999	0.131004326534441
-0.229999999999999	0.138106211217043
-0.209999999999999	0.145396818174433
-0.189999999999999	0.15287624444629
-0.169999999999999	0.160544587122295
-0.149999999999999	0.168401943342156
-0.129999999999999	0.176448410295632
-0.109999999999999	0.184684085222571
-0.0899999999999994	0.193109065412932
-0.0699999999999994	0.201723448206814
-0.0499999999999994	0.210527330994488
-0.0299999999999994	0.219520811216425
-0.00999999999999938	0.22870398636332
0.0100000000000006	0.238076953976128
0.0300000000000006	0.247639811646088
0.0500000000000006	0.257392657014754
0.0700000000000006	0.26733558777402
0.0900000000000006	0.277468701666156
0.110000000000001	0.287792096483831
0.130000000000001	0.298305870070142
0.150000000000001	0.309010120318647
0.170000000000001	0.319904945173389
0.190000000000001	0.33099044262893
0.210000000000001	0.342266710730376
0.230000000000001	0.353733847573407
0.250000000000001	0.365391951304306
0.270000000000001	0.377241120119991
0.290000000000001	0.389281452268039
0.310000000000001	0.401513046046717
0.330000000000001	0.413935999805014
0.350000000000001	0.426550411942666
0.370000000000001	0.439356380910187
0.390000000000001	0.452354005208899
0.410000000000001	0.465543383390957
0.430000000000001	0.478924614059386
0.450000000000001	0.492497795868101
0.470000000000001	0.506263027521943
0.490000000000001	0.520220407776706
0.510000000000001	0.534370035439165
0.530000000000001	0.548712009367108
0.550000000000001	0.563246428469362
0.570000000000001	0.577973391705824
0.590000000000001	0.592892998087492
0.610000000000001	0.608005346676492
0.630000000000001	0.623310536586107
0.650000000000001	0.638808666980809
0.670000000000001	0.654499837076285
0.690000000000001	0.670384146139471
0.710000000000001	0.686461693488576
0.730000000000001	0.702732578493115
0.750000000000001	0.719196900573938
0.770000000000001	0.73585475920326
0.790000000000001	0.752706253904687
0.810000000000001	0.769751484253251
0.830000000000001	0.786990549875435
0.850000000000001	0.804423550449204
0.870000000000001	0.822050585704038
0.890000000000001	0.839871755420954
0.910000000000001	0.857887159432544
0.930000000000001	0.876096897622998
0.950000000000001	0.894501069928139
0.970000000000001	0.913099776335447
0.990000000000001	0.931893116884096
