# Program settings for SigmaNu
# Electroweak scheme and input parameters
# Scheme = Complex mass scheme
# alpha_GF = 0.00755898078237864
# Pole masses/widths for particles [GeV]
# mw = 80.35797361
# gw = 2.084298894
# mz = 91.15348062
# gz = 2.494266379
# s^2_thetaw (derived) = (0.222868505240788,-0.00110716741475141)
# charged leptons
# m_e = 0.0005109989461
# m_m = 0.10565837
# m_t = 1.77686
# quarks
# m_d = 0.05
# m_u = 0.05
# m_s = 0.2
# m_c = 1.51
# m_b = 4.92
# m_t = 173
# Ecms (default) = 30.4141

# channel_id = 13
# process  = nu_e nu_m~ -> e- m+
-0.99	0.000299472525420537
-0.97	0.00269768278918717
-0.95	0.00750998720583345
-0.93	0.0147545939124557
-0.91	0.0244498486434685
-0.89	0.0366142358874468
-0.87	0.0512663800549245
-0.85	0.0684250466572606
-0.83	0.088109143496698
-0.81	0.110337721867727
-0.79	0.135129977769876
-0.77	0.162505253132062
-0.75	0.192483037048596
-0.73	0.225082967027008
-0.71	0.26032483024778
-0.69	0.298228564836141
-0.67	0.338814261146043
-0.65	0.382102163056438
-0.63	0.428112669280025
-0.61	0.476866334684547
-0.59	0.528383871626823
-0.57	0.582686151299629
-0.55	0.639794205091558
-0.53	0.699729225960033
-0.51	0.762512569817569
-0.49	0.828165756931476
-0.47	0.896710473337107
-0.45	0.96816857226483
-0.429999999999999	1.04256207558086
-0.409999999999999	1.11991317524209
-0.389999999999999	1.20024423476509
-0.369999999999999	1.28357779070945
-0.349999999999999	1.36993655417558
-0.329999999999999	1.4593434123171
-0.309999999999999	1.55182142986812
-0.289999999999999	1.64739385068541
-0.269999999999999	1.7460840993057
-0.249999999999999	1.84791578251828
-0.229999999999999	1.95291269095305
-0.209999999999999	2.06109880068422
-0.189999999999999	2.17249827484977
-0.169999999999999	2.28713546528692
-0.149999999999999	2.40503491418372
-0.129999999999999	2.52622135574701
-0.109999999999999	2.65071971788686
-0.0899999999999994	2.77855512391773
-0.0699999999999994	2.90975289427649
-0.0499999999999994	3.0443385482575
-0.0299999999999994	3.18233780576501
-0.00999999999999938	3.32377658908295
0.0100000000000006	3.4686810246624
0.0300000000000006	3.61707744492688
0.0500000000000006	3.76899239009574
0.0700000000000006	3.92445261002572
0.0900000000000006	4.08348506607104
0.110000000000001	4.24611693296214
0.130000000000001	4.41237560070319
0.150000000000001	4.58228867648888
0.170000000000001	4.75588398664031
0.190000000000001	4.93318957856052
0.210000000000001	5.11423372270976
0.230000000000001	5.29904491460065
0.250000000000001	5.48765187681358
0.270000000000001	5.68008356103257
0.290000000000001	5.87636915010169
0.310000000000001	6.07653806010245
0.330000000000001	6.28061994245229
0.350000000000001	6.4886446860244
0.370000000000001	6.70064241928924
0.390000000000001	6.91664351247784
0.410000000000001	7.13667857976725
0.430000000000001	7.36077848148836
0.450000000000001	7.58897432635634
0.470000000000001	7.82129747372393
0.490000000000001	8.05777953585795
0.510000000000001	8.29845238023913
0.530000000000001	8.54334813188575
0.550000000000001	8.79249917570109
0.570000000000001	9.04593815884527
0.590000000000001	9.30369799313152
0.610000000000001	9.56581185744726
0.630000000000001	9.83231320020028
0.650000000000001	10.1032357417904
0.670000000000001	10.3786134771065
0.690000000000001	10.6584806780502
0.710000000000001	10.942871896085
0.730000000000001	11.2318219648123
0.750000000000001	11.525366002575
0.770000000000001	11.8235394150872
0.790000000000001	12.1263778980923
0.810000000000001	12.4339174400487
0.830000000000001	12.7461943248432
0.850000000000001	13.0632451345341
0.870000000000001	13.385106752122
0.890000000000001	13.7118163643504
0.910000000000001	14.0434114645355
0.930000000000001	14.3799298554267
0.950000000000001	14.7214096520962
0.970000000000001	15.0678892848601
0.990000000000001	15.4194075022304
