# Program settings for SigmaNu
# Electroweak scheme and input parameters
# Scheme = Complex mass scheme
# alpha_GF = 0.00755898078237864
# Pole masses/widths for particles [GeV]
# mw = 80.35797361
# gw = 2.084298894
# mz = 91.15348062
# gz = 2.494266379
# s^2_thetaw (derived) = (0.222868505240788,-0.00110716741475141)
# charged leptons
# m_e = 0.0005109989461
# m_m = 0.10565837
# m_t = 1.77686
# quarks
# m_d = 0.05
# m_u = 0.05
# m_s = 0.2
# m_c = 1.51
# m_b = 4.92
# m_t = 173
# Ecms (default) = 22469.6

# channel_id = 13
# process  = nu_e nu_m~ -> e- m+
-0.99	3.51887228100705e-08
-0.97	3.23161488256388e-07
-0.95	9.16178745701915e-07
-0.93	1.83311947052107e-06
-0.91	3.09405102898123e-06
-0.89	4.72031331773493e-06
-0.87	6.73460968157765e-06
-0.85	9.16110522789815e-06
-0.83	1.20255332196413e-05
-0.81	1.5355310299238e-05
-0.79	1.91796613747465e-05
-0.77	2.35297550874415e-05
-0.75	2.84388508784605e-05
-0.73	3.39424587822395e-05
-0.71	4.00785131978888e-05
-0.69	4.68875620281456e-05
-0.67	5.44129727311477e-05
-0.65	6.270115700533e-05
-0.63	7.1801816024952e-05
-0.61	8.17682083662364e-05
-0.59	9.26574430153974e-05
-0.57	0.000104530800134142
-0.55	0.000117454082580304
-0.53	0.000131498001546734
-0.51	0.000146738600096828
-0.49	0.00016325771884779
-0.47	0.000181143508591541
-0.45	0.000200490995258553
-0.429999999999999	0.000221402703333723
-0.409999999999999	0.000243989344639982
-0.389999999999999	0.00026837058033119
-0.369999999999999	0.000294675865000706
-0.349999999999999	0.000323045383038994
-0.329999999999999	0.000353631088790219
-0.309999999999999	0.000386597863696537
-0.289999999999999	0.000422124805518559
-0.269999999999999	0.000460406666927478
-0.249999999999999	0.00050165546333397
-0.229999999999999	0.000546102272817517
-0.209999999999999	0.000593999254527115
-0.189999999999999	0.000645621916036589
-0.169999999999999	0.000701271664971289
-0.149999999999999	0.000761278685918948
-0.129999999999999	0.000826005190367615
-0.109999999999999	0.000895849095387526
-0.0899999999999994	0.000971248196248008
-0.0699999999999994	0.00105268490945078
-0.0499999999999994	0.00114069167615591
-0.0299999999999994	0.001235857132158
-0.00999999999999938	0.00133883317003573
0.0100000000000006	0.00145034304259397
0.0300000000000006	0.00157119068517877
0.0500000000000006	0.00170227146904645
0.0700000000000006	0.0018445846401939
0.0900000000000006	0.00199924774979183
0.110000000000001	0.00216751344600905
0.130000000000001	0.00235078907565205
0.150000000000001	0.0025506596416368
0.170000000000001	0.00276891478399498
0.190000000000001	0.00300758060458318
0.210000000000001	0.00326895734767662
0.230000000000001	0.00355566419173919
0.250000000000001	0.00387069271719689
0.270000000000001	0.00421747101147389
0.290000000000001	0.00459994088341972
0.310000000000001	0.00502265132188771
0.330000000000001	0.00549087219860544
0.350000000000001	0.00601073335383483
0.370000000000001	0.00658939571222717
0.390000000000001	0.00723526309257054
0.410000000000001	0.00795824609257144
0.430000000000001	0.00877009312566391
0.450000000000001	0.00968480876220143
0.470000000000001	0.0107191865693792
0.490000000000001	0.0118934935230733
0.510000000000001	0.0132323570876504
0.530000000000001	0.014765926218589
0.550000000000001	0.0165314069198267
0.570000000000001	0.0185751164326915
0.590000000000001	0.0209552654141458
0.610000000000001	0.0237457772659101
0.630000000000001	0.0270416092667064
0.650000000000001	0.0309662874670763
0.670000000000001	0.0356827696921997
0.690000000000001	0.0414094223734171
0.710000000000001	0.0484440488565516
0.730000000000001	0.0572009460584933
0.750000000000001	0.0682697057920602
0.770000000000001	0.082511614427647
0.790000000000001	0.101223767467696
0.810000000000001	0.126431076895824
0.830000000000001	0.161433800259563
0.850000000000001	0.211901313671613
0.870000000000001	0.28823481384986
0.890000000000001	0.411203778467707
0.910000000000001	0.627271708591271
0.930000000000001	1.05857592123451
0.950000000000001	2.11741400316624
0.970000000000001	5.99888404023369
0.990000000000001	54.9045041858304
