# Program settings for SigmaNu
# Electroweak scheme and input parameters
# Scheme = Complex mass scheme
# alpha_GF = 0.00755898078237864
# Pole masses/widths for particles [GeV]
# mw = 80.35797361
# gw = 2.084298894
# mz = 91.15348062
# gz = 2.494266379
# s^2_thetaw (derived) = (0.222868505240788,-0.00110716741475141)
# charged leptons
# m_e = 0.0005109989461
# m_m = 0.10565837
# m_t = 1.77686
# quarks
# m_d = 0.05
# m_u = 0.05
# m_s = 0.2
# m_c = 1.51
# m_b = 4.92
# m_t = 173
# Ecms (default) = 0.187035

# channel_id = 13
# process  = nu_e nu_m~ -> e- m+
-0.99	4.42387362796493e-07
-0.97	1.35227811387647e-06
-0.95	2.29940379172517e-06
-0.93	3.28376440457739e-06
-0.91	4.30535996066795e-06
-0.89	5.36419046823165e-06
-0.87	6.46025593550327e-06
-0.85	7.59355637071765e-06
-0.83	8.7640917821096e-06
-0.81	9.97186217791391e-06
-0.79	1.12168675663654e-05
-0.77	1.24991079556989e-05
-0.75	1.38185833541493e-05
-0.73	1.51752937699513e-05
-0.71	1.65692392113397e-05
-0.69	1.80004196865494e-05
-0.67	1.94688352038153e-05
-0.65	2.09744857713721e-05
-0.63	2.25173713974547e-05
-0.61	2.40974920902978e-05
-0.59	2.57148478581365e-05
-0.57	2.73694387092053e-05
-0.55	2.90612646517393e-05
-0.53	3.07903256939733e-05
-0.51	3.2556621844142e-05
-0.49	3.43601531104803e-05
-0.47	3.62009195012232e-05
-0.45	3.80789210246053e-05
-0.429999999999999	3.99941576888616e-05
-0.409999999999999	4.19466295022269e-05
-0.389999999999999	4.39363364729361e-05
-0.369999999999999	4.5963278609224e-05
-0.349999999999999	4.80274559193255e-05
-0.329999999999999	5.01288684114754e-05
-0.309999999999999	5.22675160939086e-05
-0.289999999999999	5.44433989748599e-05
-0.269999999999999	5.66565170625643e-05
-0.249999999999999	5.89068703652565e-05
-0.229999999999999	6.11944588911714e-05
-0.209999999999999	6.3519282648544e-05
-0.189999999999999	6.5881341645609e-05
-0.169999999999999	6.82806358906014e-05
-0.149999999999999	7.0717165391756e-05
-0.129999999999999	7.31909301573077e-05
-0.109999999999999	7.57019301954914e-05
-0.0899999999999994	7.82501655145419e-05
-0.0699999999999994	8.08356361226942e-05
-0.0499999999999994	8.3458342028183e-05
-0.0299999999999994	8.61182832392434e-05
-0.00999999999999938	8.88154597641102e-05
0.0100000000000006	9.15498716110182e-05
0.0300000000000006	9.43215187882023e-05
0.0500000000000006	9.71304013038975e-05
0.0700000000000006	9.99765191663387e-05
0.0900000000000006	0.000102859872383761
0.110000000000001	0.000105780460964398
0.130000000000001	0.000108738284916487
0.150000000000001	0.000111733344248261
0.170000000000001	0.000114765638967955
0.190000000000001	0.000117835169083805
0.210000000000001	0.000120941934604045
0.230000000000001	0.00012408593553691
0.250000000000001	0.000127267171890635
0.270000000000001	0.000130485643673455
0.290000000000001	0.000133741350893605
0.310000000000001	0.00013703429355932
0.330000000000001	0.000140364471678834
0.350000000000001	0.000143731885260383
0.370000000000001	0.000147136534312202
0.390000000000001	0.000150578418842525
0.410000000000001	0.000154057538859588
0.430000000000001	0.000157573894371625
0.450000000000001	0.000161127485386871
0.470000000000001	0.000164718311913561
0.490000000000001	0.000168346373959931
0.510000000000001	0.000172011671534214
0.530000000000001	0.000175714204644646
0.550000000000001	0.000179453973299463
0.570000000000001	0.000183230977506898
0.590000000000001	0.000187045217275187
0.610000000000001	0.000190896692612565
0.630000000000001	0.000194785403527266
0.650000000000001	0.000198711350027526
0.670000000000001	0.00020267453212158
0.690000000000001	0.000206674949817662
0.710000000000001	0.000210712603124008
0.730000000000001	0.000214787492048852
0.750000000000001	0.00021889961660043
0.770000000000001	0.000223048976786976
0.790000000000001	0.000227235572616725
0.810000000000001	0.000231459404097912
0.830000000000001	0.000235720471238773
0.850000000000001	0.000240018774047541
0.870000000000001	0.000244354312532453
0.890000000000001	0.000248727086701744
0.910000000000001	0.000253137096563647
0.930000000000001	0.000257584342126398
0.950000000000001	0.000262068823398232
0.970000000000001	0.000266590540387385
0.990000000000001	0.00027114949310209
