# Program settings for SigmaNu
# Electroweak scheme and input parameters
# Scheme = Complex mass scheme
# alpha_GF = 0.00755898078237864
# Pole masses/widths for particles [GeV]
# mw = 80.35797361
# gw = 2.084298894
# mz = 91.15348062
# gz = 2.494266379
# s^2_thetaw (derived) = (0.222868505240788,-0.00110716741475141)
# charged leptons
# m_e = 0.0005109989461
# m_m = 0.10565837
# m_t = 1.77686
# quarks
# m_d = 0.05
# m_u = 0.05
# m_s = 0.2
# m_c = 1.51
# m_b = 4.92
# m_t = 173
# Ecms (default) = 0.463815

# channel_id = 13
# process  = nu_e nu_m~ -> e- m+
-0.99	9.23524206595598e-07
-0.97	3.23380556914252e-06
-0.95	6.16234111963148e-06
-0.93	9.70913202891029e-06
-0.91	1.38741794678288e-05
-0.89	1.86574846072393e-05
-0.87	2.40590486179961e-05
-0.85	3.00788726709557e-05
-0.83	3.67169579369771e-05
-0.81	4.39733055869212e-05
-0.79	5.18479167916515e-05
-0.77	6.03407927220332e-05
-0.75	6.9451934548934e-05
-0.73	7.9181343443224e-05
-0.71	8.95290205757751e-05
-0.69	0.000100494967117462
-0.67	0.00011207918423916
-0.65	0.00012428167311175
-0.63	0.000137102434906112
-0.61	0.000150541470793128
-0.59	0.000164598781943685
-0.57	0.00017927436952867
-0.55	0.000194568234718974
-0.53	0.000210480378685487
-0.51	0.000227010802599104
-0.49	0.000244159507630723
-0.47	0.00026192649495124
-0.45	0.000280311765731559
-0.429999999999999	0.000299315321142581
-0.409999999999999	0.000318937162355212
-0.389999999999999	0.00033917729054036
-0.369999999999999	0.000360035706868934
-0.349999999999999	0.000381512412511847
-0.329999999999999	0.000403607408640012
-0.309999999999999	0.000426320696424347
-0.289999999999999	0.000449652277035769
-0.269999999999999	0.0004736021516452
-0.249999999999999	0.000498170321423563
-0.229999999999999	0.000523356787541783
-0.209999999999999	0.000549161551170788
-0.189999999999999	0.000575584613481507
-0.169999999999999	0.000602625975644873
-0.149999999999999	0.000630285638831819
-0.129999999999999	0.000658563604213283
-0.109999999999999	0.000687459872960202
-0.0899999999999994	0.000716974446243518
-0.0699999999999994	0.000747107325234173
-0.0499999999999994	0.000777858511103114
-0.0299999999999994	0.000809228005021286
-0.00999999999999938	0.000841215808159641
0.0100000000000006	0.00087382192168913
0.0300000000000006	0.000907046346780707
0.0500000000000006	0.000940889084605328
0.0700000000000006	0.000975350136333953
0.0900000000000006	0.00101042950313754
0.110000000000001	0.00104612718618706
0.130000000000001	0.00108244318665346
0.150000000000001	0.00111937750570773
0.170000000000001	0.00115693014452083
0.190000000000001	0.00119510110426373
0.210000000000001	0.0012338903861074
0.230000000000001	0.00127329799122282
0.250000000000001	0.00131332392078098
0.270000000000001	0.00135396817595284
0.290000000000001	0.0013952307579094
0.310000000000001	0.00143711166782164
0.330000000000001	0.00147961090686055
0.350000000000001	0.00152272847619711
0.370000000000001	0.00156646437700232
0.390000000000001	0.00161081861044717
0.410000000000001	0.00165579117770266
0.430000000000001	0.00170138207993979
0.450000000000001	0.00174759131832955
0.470000000000001	0.00179441889404295
0.490000000000001	0.001841864808251
0.510000000000001	0.00188992906212471
0.530000000000001	0.00193861165683507
0.550000000000001	0.00198791259355311
0.570000000000001	0.00203783187344984
0.590000000000001	0.00208836949769627
0.610000000000001	0.00213952546746342
0.630000000000001	0.00219129978392232
0.650000000000001	0.00224369244824399
0.670000000000001	0.00229670346159945
0.690000000000001	0.00235033282515972
0.710000000000001	0.00240458054009585
0.730000000000001	0.00245944660757885
0.750000000000001	0.00251493102877977
0.770000000000001	0.00257103380486964
0.790000000000001	0.00262775493701949
0.810000000000001	0.00268509442640038
0.830000000000001	0.00274305227418334
0.850000000000001	0.00280162848153942
0.870000000000001	0.00286082304963966
0.890000000000001	0.00292063597965511
0.910000000000001	0.00298106727275684
0.930000000000001	0.00304211693011588
0.950000000000001	0.00310378495290329
0.970000000000001	0.00316607134229014
0.990000000000001	0.00322897609944749
