# Program settings for SigmaNu
# Electroweak scheme and input parameters
# Scheme = Complex mass scheme
# alpha_GF = 0.00755898078237864
# Pole masses/widths for particles [GeV]
# mw = 80.35797361
# gw = 2.084298894
# mz = 91.15348062
# gz = 2.494266379
# s^2_thetaw (derived) = (0.222868505240788,-0.00110716741475141)
# charged leptons
# m_e = 0.0005109989461
# m_m = 0.10565837
# m_t = 1.77686
# quarks
# m_d = 0.05
# m_u = 0.05
# m_s = 0.2
# m_c = 1.51
# m_b = 4.92
# m_t = 173
# Ecms (default) = 100.692

# channel_id = 13
# process  = nu_e nu_m~ -> e- m+
-0.99	0.000651519307475544
-0.97	0.0059353242369646
-0.95	0.0166917013767831
-0.93	0.0331250118941187
-0.91	0.0554473270064953
-0.89	0.0838787535473392
-0.87	0.118647775101678
-0.85	0.159991609551451
-0.83	0.208156583920553
-0.81	0.263398527463699
-0.79	0.325983184000895
-0.77	0.396186644560786
-0.75	0.474295801461939
-0.73	0.560608825031345
-0.71	0.655435664234535
-0.69	0.759098572572034
-0.67	0.871932660682814
-0.65	0.994286477187408
-0.63	1.12652261940186
-0.61	1.26901837565926
-0.59	1.42216640108873
-0.57	1.58637542882305
-0.55	1.76207101873637
-0.53	1.94969634595293
-0.51	2.14971303151814
-0.49	2.3626020177841
-0.47	2.58886449123539
-0.45	2.82902285566698
-0.429999999999999	3.08362175882666
-0.409999999999999	3.35322917585057
-0.389999999999999	3.63843755305255
-0.369999999999999	3.93986501587877
-0.349999999999999	4.25815664510935
-0.329999999999999	4.59398582568025
-0.309999999999999	4.94805567281302
-0.289999999999999	5.32110054048037
-0.269999999999999	5.71388761760232
-0.249999999999999	6.1272186177653
-0.229999999999999	6.56193156868564
-0.209999999999999	7.01890270810481
-0.189999999999999	7.4990484933068
-0.169999999999999	8.00332773199502
-0.149999999999999	8.53274384285762
-0.129999999999999	9.08834725479382
-0.109999999999999	9.67123795447106
-0.0899999999999994	10.2825681926423
-0.0699999999999994	10.9235453604771
-0.0499999999999994	11.5954350480575
-0.0299999999999994	12.2995642981691
-0.00999999999999938	13.0373250695791
0.0100000000000006	13.810177925159
0.0300000000000006	14.6196559614729
0.0500000000000006	15.4673689978397
0.0700000000000006	16.3550080443865
0.0900000000000006	17.2843500702691
0.110000000000001	18.257263095041
0.130000000000001	19.2757116281408
0.150000000000001	20.3417624836372
0.170000000000001	21.4575909997602
0.190000000000001	22.625487695366
0.210000000000001	23.8478653983589
0.230000000000001	25.1272668842665
0.250000000000001	26.4663730666451
0.270000000000001	27.8680117848391
0.290000000000001	29.3351672388524
0.310000000000001	30.8709901257728
0.330000000000001	32.4788085373553
0.350000000000001	34.1621396840939
0.370000000000001	35.924702517441
0.390000000000001	37.7704313288524
0.410000000000001	39.7034904121237
0.430000000000001	41.7282898841305
0.450000000000001	43.8495027687044
0.470000000000001	46.0720834590772
0.490000000000001	48.4012876862551
0.510000000000001	50.8426941339935
0.530000000000001	53.4022278559015
0.550000000000001	56.0861856668324
0.570000000000001	58.9012636993214
0.590000000000001	61.8545873366977
0.610000000000001	64.9537437579152
0.630000000000001	68.2068173554682
0.650000000000001	71.6224283173834
0.670000000000001	75.2097746976661
0.690000000000001	78.9786783372612
0.710000000000001	82.9396350401798
0.730000000000001	87.1038694576472
0.750000000000001	91.4833951877826
0.770000000000001	96.0910806603624
0.790000000000001	100.94072144679
0.810000000000001	106.047119715756
0.830000000000001	111.426171646785
0.850000000000001	117.094963718675
0.870000000000001	123.071878909821
0.890000000000001	129.376713985073
0.910000000000001	136.030809201953
0.930000000000001	143.057191951152
0.950000000000001	150.480736056327
0.970000000000001	158.328338701104
0.990000000000001	166.629117232461
