# Program settings for SigmaNu
# Electroweak scheme and input parameters
# Scheme = Complex mass scheme
# alpha_GF = 0.00755898078237864
# Pole masses/widths for particles [GeV]
# mw = 80.35797361
# gw = 2.084298894
# mz = 91.15348062
# gz = 2.494266379
# s^2_thetaw (derived) = (0.222868505240788,-0.00110716741475141)
# charged leptons
# m_e = 0.0005109989461
# m_m = 0.10565837
# m_t = 1.77686
# quarks
# m_d = 0.05
# m_u = 0.05
# m_s = 0.2
# m_c = 1.51
# m_b = 4.92
# m_t = 173
# Ecms (default) = 615.179

# channel_id = 1
# process  = nu_e nu_e -> nu_e nu_e
-0.99	557.752259783191
-0.97	302.734762075898
-0.95	191.319942706087
-0.93	132.690870625861
-0.91	97.9938490960752
-0.89	75.7246194376684
-0.87	60.5560516080509
-0.85	49.7433658608175
-0.83	41.7539928116276
-0.81	35.6767562004323
-0.79	30.9418735524387
-0.77	27.1779454414723
-0.75	24.1343246146738
-0.73	21.6367879267385
-0.71	19.5611188730419
-0.69	17.8167767329456
-0.67	16.3364755338604
-0.65	15.0693468555786
-0.63	13.976342592582
-0.61	13.0270756541506
-0.59	12.1976060096461
-0.57	11.4688616675536
-0.55	10.8254944140596
-0.53	10.2550385045431
-0.51	9.74728385828097
-0.49	9.29380336616703
-0.47	8.88759242057732
-0.45	8.52279118229757
-0.429999999999999	8.19446855027787
-0.409999999999999	7.8984526407363
-0.389999999999999	7.63119667353556
-0.369999999999999	7.38967206578196
-0.349999999999999	7.17128261512704
-0.329999999999999	6.97379516608306
-0.309999999999999	6.79528326000801
-0.289999999999999	6.63408108888241
-0.269999999999999	6.48874568497092
-0.249999999999999	6.35802573944188
-0.229999999999999	6.24083579313499
-0.209999999999999	6.13623481070359
-0.189999999999999	6.04340835614667
-0.169999999999999	5.96165374850201
-0.149999999999999	5.89036770240714
-0.129999999999999	5.82903605767472
-0.109999999999999	5.77722528121523
-0.0899999999999994	5.73457548828735
-0.0699999999999994	5.70079478176387
-0.0499999999999994	5.67565475064308
-0.0299999999999994	5.65898700457828
-0.00999999999999938	5.65068065146032
0.0100000000000006	5.65068065146032
0.0300000000000006	5.65898700457828
0.0500000000000006	5.67565475064308
0.0700000000000006	5.70079478176387
0.0900000000000006	5.73457548828735
0.110000000000001	5.77722528121523
0.130000000000001	5.82903605767472
0.150000000000001	5.89036770240715
0.170000000000001	5.96165374850201
0.190000000000001	6.04340835614667
0.210000000000001	6.1362348107036
0.230000000000001	6.24083579313499
0.250000000000001	6.35802573944189
0.270000000000001	6.48874568497093
0.290000000000001	6.63408108888242
0.310000000000001	6.79528326000803
0.330000000000001	6.97379516608307
0.350000000000001	7.17128261512705
0.370000000000001	7.38967206578197
0.390000000000001	7.63119667353557
0.410000000000001	7.89845264073631
0.430000000000001	8.19446855027789
0.450000000000001	8.5227911822976
0.470000000000001	8.88759242057734
0.490000000000001	9.29380336616705
0.510000000000001	9.74728385828101
0.530000000000001	10.2550385045431
0.550000000000001	10.8254944140597
0.570000000000001	11.4688616675536
0.590000000000001	12.1976060096461
0.610000000000001	13.0270756541506
0.630000000000001	13.976342592582
0.650000000000001	15.0693468555787
0.670000000000001	16.3364755338605
0.690000000000001	17.8167767329457
0.710000000000001	19.561118873042
0.730000000000001	21.6367879267386
0.750000000000001	24.1343246146739
0.770000000000001	27.1779454414725
0.790000000000001	30.941873552439
0.810000000000001	35.6767562004326
0.830000000000001	41.7539928116281
0.850000000000001	49.7433658608182
0.870000000000001	60.5560516080517
0.890000000000001	75.7246194376696
0.910000000000001	97.9938490960769
0.930000000000001	132.690870625864
0.950000000000001	191.319942706092
0.970000000000001	302.734762075907
0.990000000000001	557.752259783214
