# Program settings for SigmaNu
# Electroweak scheme and input parameters
# Scheme = Complex mass scheme
# alpha_GF = 0.00755898078237864
# Pole masses/widths for particles [GeV]
# mw = 80.35797361
# gw = 2.084298894
# mz = 91.15348062
# gz = 2.494266379
# s^2_thetaw (derived) = (0.222868505240788,-0.00110716741475141)
# charged leptons
# m_e = 0.0005109989461
# m_m = 0.10565837
# m_t = 1.77686
# quarks
# m_d = 0.05
# m_u = 0.05
# m_s = 0.2
# m_c = 1.51
# m_b = 4.92
# m_t = 173
# Ecms (default) = 1.65359

# channel_id = 1
# process  = nu_e nu_e -> nu_e nu_e
-0.99	0.0230455149866387
-0.97	0.0230455149378473
-0.95	0.0230455148900517
-0.93	0.0230455148432518
-0.91	0.0230455147974477
-0.89	0.0230455147526393
-0.87	0.0230455147088267
-0.85	0.0230455146660098
-0.83	0.0230455146241886
-0.81	0.0230455145833632
-0.79	0.0230455145435336
-0.77	0.0230455145046996
-0.75	0.0230455144668614
-0.73	0.023045514430019
-0.71	0.0230455143941723
-0.69	0.0230455143593214
-0.67	0.0230455143254661
-0.65	0.0230455142926066
-0.63	0.0230455142607429
-0.61	0.0230455142298749
-0.59	0.0230455142000027
-0.57	0.0230455141711261
-0.55	0.0230455141432454
-0.53	0.0230455141163603
-0.51	0.0230455140904711
-0.49	0.0230455140655775
-0.47	0.0230455140416797
-0.45	0.0230455140187777
-0.429999999999999	0.0230455139968713
-0.409999999999999	0.0230455139759608
-0.389999999999999	0.0230455139560459
-0.369999999999999	0.0230455139371268
-0.349999999999999	0.0230455139192035
-0.329999999999999	0.0230455139022759
-0.309999999999999	0.023045513886344
-0.289999999999999	0.0230455138714079
-0.269999999999999	0.0230455138574675
-0.249999999999999	0.0230455138445229
-0.229999999999999	0.023045513832574
-0.209999999999999	0.0230455138216208
-0.189999999999999	0.0230455138116634
-0.169999999999999	0.0230455138027017
-0.149999999999999	0.0230455137947358
-0.129999999999999	0.0230455137877656
-0.109999999999999	0.0230455137817911
-0.0899999999999994	0.0230455137768124
-0.0699999999999994	0.0230455137728295
-0.0499999999999994	0.0230455137698422
-0.0299999999999994	0.0230455137678507
-0.00999999999999938	0.023045513766855
0.0100000000000006	0.023045513766855
0.0300000000000006	0.0230455137678507
0.0500000000000006	0.0230455137698422
0.0700000000000006	0.0230455137728295
0.0900000000000006	0.0230455137768124
0.110000000000001	0.0230455137817911
0.130000000000001	0.0230455137877656
0.150000000000001	0.0230455137947358
0.170000000000001	0.0230455138027017
0.190000000000001	0.0230455138116634
0.210000000000001	0.0230455138216208
0.230000000000001	0.023045513832574
0.250000000000001	0.0230455138445229
0.270000000000001	0.0230455138574675
0.290000000000001	0.0230455138714079
0.310000000000001	0.023045513886344
0.330000000000001	0.0230455139022759
0.350000000000001	0.0230455139192035
0.370000000000001	0.0230455139371268
0.390000000000001	0.0230455139560459
0.410000000000001	0.0230455139759608
0.430000000000001	0.0230455139968713
0.450000000000001	0.0230455140187777
0.470000000000001	0.0230455140416797
0.490000000000001	0.0230455140655775
0.510000000000001	0.0230455140904711
0.530000000000001	0.0230455141163603
0.550000000000001	0.0230455141432454
0.570000000000001	0.0230455141711261
0.590000000000001	0.0230455142000027
0.610000000000001	0.0230455142298749
0.630000000000001	0.0230455142607429
0.650000000000001	0.0230455142926066
0.670000000000001	0.0230455143254661
0.690000000000001	0.0230455143593213
0.710000000000001	0.0230455143941723
0.730000000000001	0.023045514430019
0.750000000000001	0.0230455144668614
0.770000000000001	0.0230455145046996
0.790000000000001	0.0230455145435336
0.810000000000001	0.0230455145833632
0.830000000000001	0.0230455146241886
0.850000000000001	0.0230455146660098
0.870000000000001	0.0230455147088267
0.890000000000001	0.0230455147526393
0.910000000000001	0.0230455147974477
0.930000000000001	0.0230455148432518
0.950000000000001	0.0230455148900517
0.970000000000001	0.0230455149378473
0.990000000000001	0.0230455149866387
