# Program settings for SigmaNu
# Electroweak scheme and input parameters
# Scheme = Complex mass scheme
# alpha_GF = 0.00755898078237864
# Pole masses/widths for particles [GeV]
# mw = 80.35797361
# gw = 2.084298894
# mz = 91.15348062
# gz = 2.494266379
# s^2_thetaw (derived) = (0.222868505240788,-0.00110716741475141)
# charged leptons
# m_e = 0.0005109989461
# m_m = 0.10565837
# m_t = 1.77686
# quarks
# m_d = 0.05
# m_u = 0.05
# m_s = 0.2
# m_c = 1.51
# m_b = 4.92
# m_t = 173
# Ecms (default) = 21.6473

# channel_id = 1
# process  = nu_e nu_e -> nu_e nu_e
-0.99	3.74268741838651
-0.97	3.74246703228012
-0.95	3.74225116270508
-0.93	3.74203980849299
-0.91	3.74183296849999
-0.89	3.74163064160676
-0.87	3.74143282671853
-0.85	3.74123952276503
-0.83	3.74105072870053
-0.81	3.74086644350375
-0.79	3.74068666617791
-0.77	3.7405113957507
-0.75	3.74034063127428
-0.73	3.74017437182522
-0.71	3.74001261650457
-0.69	3.73985536443777
-0.67	3.7397026147747
-0.65	3.7395543666896
-0.63	3.73941061938116
-0.61	3.73927137207241
-0.59	3.73913662401078
-0.57	3.73900637446806
-0.55	3.73888062274037
-0.53	3.73875936814823
-0.51	3.73864261003645
-0.49	3.73853034777421
-0.47	3.73842258075499
-0.45	3.7383193083966
-0.429999999999999	3.73822053014114
-0.409999999999999	3.73812624545506
-0.389999999999999	3.73803645382905
-0.369999999999999	3.73795115477813
-0.349999999999999	3.7378703478416
-0.329999999999999	3.73779403258303
-0.309999999999999	3.73772220859027
-0.289999999999999	3.73765487547543
-0.269999999999999	3.73759203287491
-0.249999999999999	3.73753368044933
-0.229999999999999	3.73747981788362
-0.209999999999999	3.73743044488692
-0.189999999999999	3.73738556119263
-0.169999999999999	3.7373451665584
-0.149999999999999	3.73730926076613
-0.129999999999999	3.73727784362195
-0.109999999999999	3.73725091495623
-0.0899999999999994	3.73722847462358
-0.0699999999999994	3.73721052250285
-0.0499999999999994	3.73719705849711
-0.0299999999999994	3.73718808253366
-0.00999999999999938	3.73718359456405
0.0100000000000006	3.73718359456405
0.0300000000000006	3.73718808253366
0.0500000000000006	3.73719705849711
0.0700000000000006	3.73721052250285
0.0900000000000006	3.73722847462358
0.110000000000001	3.73725091495623
0.130000000000001	3.73727784362195
0.150000000000001	3.73730926076613
0.170000000000001	3.7373451665584
0.190000000000001	3.73738556119263
0.210000000000001	3.73743044488692
0.230000000000001	3.73747981788362
0.250000000000001	3.73753368044933
0.270000000000001	3.73759203287491
0.290000000000001	3.73765487547543
0.310000000000001	3.73772220859027
0.330000000000001	3.73779403258303
0.350000000000001	3.7378703478416
0.370000000000001	3.73795115477813
0.390000000000001	3.73803645382905
0.410000000000001	3.73812624545506
0.430000000000001	3.73822053014114
0.450000000000001	3.73831930839659
0.470000000000001	3.73842258075499
0.490000000000001	3.73853034777421
0.510000000000001	3.73864261003645
0.530000000000001	3.73875936814823
0.550000000000001	3.73888062274037
0.570000000000001	3.73900637446806
0.590000000000001	3.73913662401078
0.610000000000001	3.73927137207241
0.630000000000001	3.73941061938116
0.650000000000001	3.7395543666896
0.670000000000001	3.7397026147747
0.690000000000001	3.73985536443777
0.710000000000001	3.74001261650457
0.730000000000001	3.74017437182522
0.750000000000001	3.74034063127428
0.770000000000001	3.7405113957507
0.790000000000001	3.74068666617791
0.810000000000001	3.74086644350375
0.830000000000001	3.74105072870053
0.850000000000001	3.74123952276504
0.870000000000001	3.74143282671853
0.890000000000001	3.74163064160676
0.910000000000001	3.74183296849999
0.930000000000001	3.74203980849299
0.950000000000001	3.74225116270508
0.970000000000001	3.74246703228012
0.990000000000001	3.74268741838651
