# Program settings for SigmaNu
# Electroweak scheme and input parameters
# Scheme = Complex mass scheme
# alpha_GF = 0.00755898078237864
# Pole masses/widths for particles [GeV]
# mw = 80.35797361
# gw = 2.084298894
# mz = 91.15348062
# gz = 2.494266379
# s^2_thetaw (derived) = (0.222868505240788,-0.00110716741475141)
# charged leptons
# m_e = 0.0005109989461
# m_m = 0.10565837
# m_t = 1.77686
# quarks
# m_d = 0.05
# m_u = 0.05
# m_s = 0.2
# m_c = 1.51
# m_b = 4.92
# m_t = 173
# Ecms (default) = 0.70991

# channel_id = 1
# process  = nu_e nu_e -> nu_e nu_e
-0.99	0.00424867771048439
-0.97	0.00424867771017874
-0.95	0.00424867770987932
-0.93	0.00424867770958614
-0.91	0.0042486777092992
-0.89	0.0042486777090185
-0.87	0.00424867770874404
-0.85	0.00424867770847582
-0.83	0.00424867770821383
-0.81	0.00424867770795808
-0.79	0.00424867770770856
-0.77	0.00424867770746529
-0.75	0.00424867770722825
-0.73	0.00424867770699745
-0.71	0.00424867770677289
-0.69	0.00424867770655457
-0.67	0.00424867770634248
-0.65	0.00424867770613664
-0.63	0.00424867770593703
-0.61	0.00424867770574365
-0.59	0.00424867770555652
-0.57	0.00424867770537562
-0.55	0.00424867770520096
-0.53	0.00424867770503254
-0.51	0.00424867770487036
-0.49	0.00424867770471441
-0.47	0.00424867770456471
-0.45	0.00424867770442124
-0.429999999999999	0.004248677704284
-0.409999999999999	0.00424867770415301
-0.389999999999999	0.00424867770402825
-0.369999999999999	0.00424867770390974
-0.349999999999999	0.00424867770379746
-0.329999999999999	0.00424867770369141
-0.309999999999999	0.00424867770359161
-0.289999999999999	0.00424867770349804
-0.269999999999999	0.00424867770341071
-0.249999999999999	0.00424867770332962
-0.229999999999999	0.00424867770325477
-0.209999999999999	0.00424867770318615
-0.189999999999999	0.00424867770312377
-0.169999999999999	0.00424867770306763
-0.149999999999999	0.00424867770301773
-0.129999999999999	0.00424867770297406
-0.109999999999999	0.00424867770293664
-0.0899999999999994	0.00424867770290545
-0.0699999999999994	0.0042486777028805
-0.0499999999999994	0.00424867770286179
-0.0299999999999994	0.00424867770284931
-0.00999999999999938	0.00424867770284307
0.0100000000000006	0.00424867770284307
0.0300000000000006	0.00424867770284931
0.0500000000000006	0.00424867770286179
0.0700000000000006	0.0042486777028805
0.0900000000000006	0.00424867770290545
0.110000000000001	0.00424867770293664
0.130000000000001	0.00424867770297407
0.150000000000001	0.00424867770301773
0.170000000000001	0.00424867770306763
0.190000000000001	0.00424867770312377
0.210000000000001	0.00424867770318615
0.230000000000001	0.00424867770325477
0.250000000000001	0.00424867770332962
0.270000000000001	0.00424867770341071
0.290000000000001	0.00424867770349804
0.310000000000001	0.00424867770359161
0.330000000000001	0.00424867770369141
0.350000000000001	0.00424867770379746
0.370000000000001	0.00424867770390974
0.390000000000001	0.00424867770402825
0.410000000000001	0.00424867770415301
0.430000000000001	0.00424867770428401
0.450000000000001	0.00424867770442124
0.470000000000001	0.00424867770456471
0.490000000000001	0.00424867770471441
0.510000000000001	0.00424867770487036
0.530000000000001	0.00424867770503254
0.550000000000001	0.00424867770520096
0.570000000000001	0.00424867770537562
0.590000000000001	0.00424867770555652
0.610000000000001	0.00424867770574365
0.630000000000001	0.00424867770593703
0.650000000000001	0.00424867770613663
0.670000000000001	0.00424867770634248
0.690000000000001	0.00424867770655457
0.710000000000001	0.00424867770677289
0.730000000000001	0.00424867770699745
0.750000000000001	0.00424867770722825
0.770000000000001	0.00424867770746529
0.790000000000001	0.00424867770770856
0.810000000000001	0.00424867770795808
0.830000000000001	0.00424867770821383
0.850000000000001	0.00424867770847582
0.870000000000001	0.00424867770874404
0.890000000000001	0.0042486777090185
0.910000000000001	0.0042486777092992
0.930000000000001	0.00424867770958614
0.950000000000001	0.00424867770987932
0.970000000000001	0.00424867771017874
0.990000000000001	0.00424867771048439
