# Program settings for SigmaNu
# Electroweak scheme and input parameters
# Scheme = Complex mass scheme
# alpha_GF = 0.00755898078237864
# Pole masses/widths for particles [GeV]
# mw = 80.35797361
# gw = 2.084298894
# mz = 91.15348062
# gz = 2.494266379
# s^2_thetaw (derived) = (0.222868505240788,-0.00110716741475141)
# charged leptons
# m_e = 0.0005109989461
# m_m = 0.10565837
# m_t = 1.77686
# quarks
# m_d = 0.05
# m_u = 0.05
# m_s = 0.2
# m_c = 1.51
# m_b = 4.92
# m_t = 173
# Ecms (default) = 64.5261

# channel_id = 1
# process  = nu_e nu_e -> nu_e nu_e
-0.99	24.3259289999812
-0.97	24.2465592591846
-0.95	24.1691850905228
-0.93	24.0937809565547
-0.91	24.0203221076445
-0.89	23.9487845631734
-0.87	23.8791450934594
-0.85	23.8113812023627
-0.83	23.7454711105504
-0.81	23.6813937394013
-0.79	23.619128695526
-0.77	23.558656255884
-0.75	23.4999573534784
-0.73	23.4430135636076
-0.71	23.3878070906582
-0.69	23.3343207554213
-0.67	23.2825379829154
-0.65	23.2324427907023
-0.63	23.1840197776786
-0.61	23.1372541133317
-0.59	23.0921315274443
-0.57	23.0486383002364
-0.55	23.0067612529321
-0.53	22.9664877387393
-0.51	22.9278056342322
-0.49	22.8907033311254
-0.47	22.8551697284297
-0.45	22.8211942249808
-0.429999999999999	22.7887667123319
-0.409999999999999	22.757877568001
-0.389999999999999	22.7285176490656
-0.369999999999999	22.7006782860976
-0.349999999999999	22.6743512774303
-0.329999999999999	22.6495288837515
-0.309999999999999	22.6262038230164
-0.289999999999999	22.6043692656743
-0.269999999999999	22.5840188302032
-0.249999999999999	22.5651465789484
-0.229999999999999	22.5477470142583
-0.209999999999999	22.5318150749151
-0.189999999999999	22.5173461328553
-0.169999999999999	22.5043359901756
-0.149999999999999	22.4927808764228
-0.129999999999999	22.4826774461623
-0.109999999999999	22.4740227768239
-0.0899999999999994	22.4668143668228
-0.0699999999999994	22.4610501339518
-0.0499999999999994	22.4567284140451
-0.0299999999999994	22.4538479599109
-0.00999999999999938	22.4524079405317
0.0100000000000006	22.4524079405317
0.0300000000000006	22.4538479599109
0.0500000000000006	22.4567284140451
0.0700000000000006	22.4610501339518
0.0900000000000006	22.4668143668228
0.110000000000001	22.4740227768239
0.130000000000001	22.4826774461623
0.150000000000001	22.4927808764228
0.170000000000001	22.5043359901756
0.190000000000001	22.5173461328553
0.210000000000001	22.5318150749151
0.230000000000001	22.5477470142582
0.250000000000001	22.5651465789484
0.270000000000001	22.5840188302032
0.290000000000001	22.6043692656743
0.310000000000001	22.6262038230164
0.330000000000001	22.6495288837515
0.350000000000001	22.6743512774303
0.370000000000001	22.7006782860976
0.390000000000001	22.7285176490656
0.410000000000001	22.757877568001
0.430000000000001	22.7887667123319
0.450000000000001	22.8211942249808
0.470000000000001	22.8551697284297
0.490000000000001	22.8907033311254
0.510000000000001	22.9278056342322
0.530000000000001	22.9664877387393
0.550000000000001	23.0067612529321
0.570000000000001	23.0486383002364
0.590000000000001	23.0921315274443
0.610000000000001	23.1372541133317
0.630000000000001	23.1840197776786
0.650000000000001	23.2324427907023
0.670000000000001	23.2825379829154
0.690000000000001	23.3343207554213
0.710000000000001	23.3878070906582
0.730000000000001	23.4430135636076
0.750000000000001	23.4999573534784
0.770000000000001	23.558656255884
0.790000000000001	23.619128695526
0.810000000000001	23.6813937394013
0.830000000000001	23.7454711105504
0.850000000000001	23.8113812023626
0.870000000000001	23.8791450934594
0.890000000000001	23.9487845631734
0.910000000000001	24.0203221076445
0.930000000000001	24.0937809565547
0.950000000000001	24.1691850905228
0.970000000000001	24.2465592591846
0.990000000000001	24.3259289999812
