# Program settings for SigmaNu
# Electroweak scheme and input parameters
# Scheme = Complex mass scheme
# alpha_GF = 0.00755898078237864
# Pole masses/widths for particles [GeV]
# mw = 80.35797361
# gw = 2.084298894
# mz = 91.15348062
# gz = 2.494266379
# s^2_thetaw (derived) = (0.222868505240788,-0.00110716741475141)
# charged leptons
# m_e = 0.0005109989461
# m_m = 0.10565837
# m_t = 1.77686
# quarks
# m_d = 0.05
# m_u = 0.05
# m_s = 0.2
# m_c = 1.51
# m_b = 4.92
# m_t = 173
# Ecms (default) = 39.4022

# channel_id = 1
# process  = nu_e nu_e -> nu_e nu_e
-0.99	11.1074623441662
-0.97	11.1010740732881
-0.95	11.0948215128652
-0.93	11.0887043269833
-0.91	11.0827221873331
-0.89	11.0768747731714
-0.87	11.0711617712819
-0.85	11.0655828759382
-0.83	11.0601377888669
-0.81	11.054826219212
-0.79	11.0496478835002
-0.77	11.0446025056071
-0.75	11.0396898167245
-0.73	11.0349095553278
-0.71	11.0302614671459
-0.69	11.0257453051299
-0.67	11.0213608294247
-0.65	11.0171078073402
-0.63	11.0129860133236
-0.61	11.0089952289333
-0.59	11.0051352428122
-0.57	11.0014058506638
-0.55	10.9978068552272
-0.53	10.9943380662545
-0.51	10.990999300488
-0.49	10.9877903816387
-0.47	10.984711140366
-0.45	10.9817614142571
-0.429999999999999	10.9789410478085
-0.409999999999999	10.9762498924076
-0.389999999999999	10.9736878063153
-0.369999999999999	10.9712546546491
-0.349999999999999	10.9689503093677
-0.329999999999999	10.9667746492561
-0.309999999999999	10.9647275599109
-0.289999999999999	10.9628089337273
-0.269999999999999	10.9610186698865
-0.249999999999999	10.9593566743439
-0.229999999999999	10.9578228598181
-0.209999999999999	10.9564171457806
-0.189999999999999	10.9551394584469
-0.169999999999999	10.953989730767
-0.149999999999999	10.9529679024186
-0.129999999999999	10.9520739197992
-0.109999999999999	10.9513077360206
-0.0899999999999994	10.9506693109026
-0.0699999999999994	10.9501586109693
-0.0499999999999994	10.9497756094445
-0.0299999999999994	10.9495202862486
-0.00999999999999938	10.9493926279967
0.0100000000000006	10.9493926279967
0.0300000000000006	10.9495202862486
0.0500000000000006	10.9497756094445
0.0700000000000006	10.9501586109693
0.0900000000000006	10.9506693109026
0.110000000000001	10.9513077360205
0.130000000000001	10.9520739197992
0.150000000000001	10.9529679024186
0.170000000000001	10.953989730767
0.190000000000001	10.9551394584469
0.210000000000001	10.9564171457806
0.230000000000001	10.9578228598181
0.250000000000001	10.9593566743439
0.270000000000001	10.9610186698865
0.290000000000001	10.9628089337273
0.310000000000001	10.9647275599109
0.330000000000001	10.9667746492561
0.350000000000001	10.9689503093677
0.370000000000001	10.9712546546491
0.390000000000001	10.9736878063153
0.410000000000001	10.9762498924076
0.430000000000001	10.9789410478085
0.450000000000001	10.9817614142571
0.470000000000001	10.984711140366
0.490000000000001	10.9877903816387
0.510000000000001	10.990999300488
0.530000000000001	10.9943380662545
0.550000000000001	10.9978068552272
0.570000000000001	11.0014058506638
0.590000000000001	11.0051352428122
0.610000000000001	11.0089952289333
0.630000000000001	11.0129860133236
0.650000000000001	11.0171078073402
0.670000000000001	11.0213608294247
0.690000000000001	11.0257453051299
0.710000000000001	11.0302614671459
0.730000000000001	11.0349095553278
0.750000000000001	11.0396898167245
0.770000000000001	11.0446025056071
0.790000000000001	11.0496478835002
0.810000000000001	11.054826219212
0.830000000000001	11.0601377888669
0.850000000000001	11.0655828759382
0.870000000000001	11.0711617712819
0.890000000000001	11.0768747731714
0.910000000000001	11.0827221873331
0.930000000000001	11.0887043269833
0.950000000000001	11.0948215128652
0.970000000000001	11.1010740732881
0.990000000000001	11.1074623441662
