# Program settings for SigmaNu
# Electroweak scheme and input parameters
# Scheme = Complex mass scheme
# alpha_GF = 0.00755898078237864
# Pole masses/widths for particles [GeV]
# mw = 80.35797361
# gw = 2.084298894
# mz = 91.15348062
# gz = 2.494266379
# s^2_thetaw (derived) = (0.222868505240788,-0.00110716741475141)
# charged leptons
# m_e = 0.0005109989461
# m_m = 0.10565837
# m_t = 1.77686
# quarks
# m_d = 0.05
# m_u = 0.05
# m_s = 0.2
# m_c = 1.51
# m_b = 4.92
# m_t = 173
# Ecms (default) = 25.8172

# channel_id = 1
# process  = nu_e nu_e -> nu_e nu_e
-0.99	5.2098221547808
-0.97	5.20921520104087
-0.95	5.20862073685282
-0.93	5.20803875583908
-0.91	5.20746925175734
-0.89	5.20691221850031
-0.87	5.20636765009561
-0.85	5.20583554070567
-0.83	5.20531588462752
-0.81	5.20480867629271
-0.79	5.20431391026713
-0.77	5.20383158125094
-0.75	5.20336168407837
-0.73	5.20290421371766
-0.71	5.20245916527092
-0.69	5.20202653397399
-0.67	5.20160631519637
-0.65	5.20119850444107
-0.63	5.20080309734452
-0.61	5.20042008967647
-0.59	5.20004947733989
-0.57	5.19969125637087
-0.55	5.19934542293849
-0.53	5.19901197334482
-0.51	5.19869090402472
-0.49	5.19838221154585
-0.47	5.19808589260852
-0.45	5.19780194404566
-0.429999999999999	5.19753036282272
-0.409999999999999	5.19727114603759
-0.389999999999999	5.19702429092057
-0.369999999999999	5.19678979483425
-0.349999999999999	5.19656765527349
-0.329999999999999	5.19635786986535
-0.309999999999999	5.19616043636902
-0.289999999999999	5.19597535267579
-0.269999999999999	5.19580261680898
-0.249999999999999	5.19564222692389
-0.229999999999999	5.19549418130778
-0.209999999999999	5.19535847837981
-0.189999999999999	5.19523511669101
-0.169999999999999	5.19512409492425
-0.149999999999999	5.19502541189418
-0.129999999999999	5.19493906654726
-0.109999999999999	5.19486505796167
-0.0899999999999994	5.19480338534733
-0.0699999999999994	5.19475404804586
-0.0499999999999994	5.19471704553059
-0.0299999999999994	5.19469237740651
-0.00999999999999938	5.1946800434103
0.0100000000000006	5.1946800434103
0.0300000000000006	5.19469237740651
0.0500000000000006	5.19471704553059
0.0700000000000006	5.19475404804586
0.0900000000000006	5.19480338534733
0.110000000000001	5.19486505796167
0.130000000000001	5.19493906654726
0.150000000000001	5.19502541189418
0.170000000000001	5.19512409492425
0.190000000000001	5.19523511669101
0.210000000000001	5.19535847837981
0.230000000000001	5.19549418130778
0.250000000000001	5.19564222692389
0.270000000000001	5.19580261680898
0.290000000000001	5.19597535267579
0.310000000000001	5.19616043636902
0.330000000000001	5.19635786986535
0.350000000000001	5.19656765527349
0.370000000000001	5.19678979483424
0.390000000000001	5.19702429092057
0.410000000000001	5.19727114603759
0.430000000000001	5.19753036282272
0.450000000000001	5.19780194404566
0.470000000000001	5.19808589260852
0.490000000000001	5.19838221154585
0.510000000000001	5.19869090402472
0.530000000000001	5.19901197334482
0.550000000000001	5.19934542293849
0.570000000000001	5.19969125637086
0.590000000000001	5.2000494773399
0.610000000000001	5.20042008967647
0.630000000000001	5.20080309734452
0.650000000000001	5.20119850444107
0.670000000000001	5.20160631519637
0.690000000000001	5.20202653397399
0.710000000000001	5.20245916527092
0.730000000000001	5.20290421371766
0.750000000000001	5.20336168407837
0.770000000000001	5.20383158125094
0.790000000000001	5.20431391026713
0.810000000000001	5.20480867629271
0.830000000000001	5.20531588462752
0.850000000000001	5.20583554070567
0.870000000000001	5.20636765009561
0.890000000000001	5.2069122185003
0.910000000000001	5.20746925175734
0.930000000000001	5.20803875583908
0.950000000000001	5.20862073685282
0.970000000000001	5.20921520104087
0.990000000000001	5.2098221547808
