# Program settings for SigmaNu
# Electroweak scheme and input parameters
# Scheme = Complex mass scheme
# alpha_GF = 0.00755898078237864
# Pole masses/widths for particles [GeV]
# mw = 80.35797361
# gw = 2.084298894
# mz = 91.15348062
# gz = 2.494266379
# s^2_thetaw (derived) = (0.222868505240788,-0.00110716741475141)
# charged leptons
# m_e = 0.0005109989461
# m_m = 0.10565837
# m_t = 1.77686
# quarks
# m_d = 0.05
# m_u = 0.05
# m_s = 0.2
# m_c = 1.51
# m_b = 4.92
# m_t = 173
# Ecms (default) = 1.90385

# channel_id = 1
# process  = nu_e nu_e -> nu_e nu_e
-0.99	0.0305456750364272
-0.97	0.0305456749228008
-0.95	0.0305456748114933
-0.93	0.0305456747025047
-0.91	0.030545674595835
-0.89	0.0305456744914842
-0.87	0.0305456743894524
-0.85	0.0305456742897394
-0.83	0.0305456741923453
-0.81	0.0305456740972702
-0.79	0.030545674004514
-0.77	0.0305456739140766
-0.75	0.0305456738259582
-0.73	0.0305456737401586
-0.71	0.030545673656678
-0.69	0.0305456735755163
-0.67	0.0305456734966735
-0.65	0.0305456734201496
-0.63	0.0305456733459446
-0.61	0.0305456732740585
-0.59	0.0305456732044913
-0.57	0.030545673137243
-0.55	0.0305456730723137
-0.53	0.0305456730097032
-0.51	0.0305456729494117
-0.49	0.030545672891439
-0.47	0.0305456728357853
-0.45	0.0305456727824504
-0.429999999999999	0.0305456727314345
-0.409999999999999	0.0305456726827375
-0.389999999999999	0.0305456726363594
-0.369999999999999	0.0305456725923001
-0.349999999999999	0.0305456725505598
-0.329999999999999	0.0305456725111384
-0.309999999999999	0.0305456724740359
-0.289999999999999	0.0305456724392523
-0.269999999999999	0.0305456724067876
-0.249999999999999	0.0305456723766419
-0.229999999999999	0.030545672348815
-0.209999999999999	0.030545672323307
-0.189999999999999	0.030545672300118
-0.169999999999999	0.0305456722792478
-0.149999999999999	0.0305456722606966
-0.129999999999999	0.0305456722444642
-0.109999999999999	0.0305456722305508
-0.0899999999999994	0.0305456722189563
-0.0699999999999994	0.0305456722096806
-0.0499999999999994	0.0305456722027239
-0.0299999999999994	0.0305456721980861
-0.00999999999999938	0.0305456721957672
0.0100000000000006	0.0305456721957672
0.0300000000000006	0.0305456721980861
0.0500000000000006	0.0305456722027239
0.0700000000000006	0.0305456722096806
0.0900000000000006	0.0305456722189563
0.110000000000001	0.0305456722305508
0.130000000000001	0.0305456722444642
0.150000000000001	0.0305456722606966
0.170000000000001	0.0305456722792478
0.190000000000001	0.030545672300118
0.210000000000001	0.030545672323307
0.230000000000001	0.030545672348815
0.250000000000001	0.0305456723766419
0.270000000000001	0.0305456724067876
0.290000000000001	0.0305456724392523
0.310000000000001	0.0305456724740359
0.330000000000001	0.0305456725111384
0.350000000000001	0.0305456725505598
0.370000000000001	0.0305456725923001
0.390000000000001	0.0305456726363593
0.410000000000001	0.0305456726827375
0.430000000000001	0.0305456727314345
0.450000000000001	0.0305456727824504
0.470000000000001	0.0305456728357853
0.490000000000001	0.030545672891439
0.510000000000001	0.0305456729494117
0.530000000000001	0.0305456730097032
0.550000000000001	0.0305456730723137
0.570000000000001	0.030545673137243
0.590000000000001	0.0305456732044913
0.610000000000001	0.0305456732740585
0.630000000000001	0.0305456733459446
0.650000000000001	0.0305456734201496
0.670000000000001	0.0305456734966735
0.690000000000001	0.0305456735755163
0.710000000000001	0.030545673656678
0.730000000000001	0.0305456737401586
0.750000000000001	0.0305456738259582
0.770000000000001	0.0305456739140766
0.790000000000001	0.030545674004514
0.810000000000001	0.0305456740972702
0.830000000000001	0.0305456741923454
0.850000000000001	0.0305456742897394
0.870000000000001	0.0305456743894524
0.890000000000001	0.0305456744914842
0.910000000000001	0.030545674595835
0.930000000000001	0.0305456747025047
0.950000000000001	0.0305456748114933
0.970000000000001	0.0305456749228008
0.990000000000001	0.0305456750364272
