# Program settings for SigmaNu
# Electroweak scheme and input parameters
# Scheme = Complex mass scheme
# alpha_GF = 0.00755898078237864
# Pole masses/widths for particles [GeV]
# mw = 80.35797361
# gw = 2.084298894
# mz = 91.15348062
# gz = 2.494266379
# s^2_thetaw (derived) = (0.222868505240788,-0.00110716741475141)
# charged leptons
# m_e = 0.0005109989461
# m_m = 0.10565837
# m_t = 1.77686
# quarks
# m_d = 0.05
# m_u = 0.05
# m_s = 0.2
# m_c = 1.51
# m_b = 4.92
# m_t = 173
# Ecms (default) = 55915.6

# channel_id = 1
# process  = nu_e nu_e -> nu_e nu_e
-0.99	1.87983712234325
-0.97	0.213284382241096
-0.95	0.0783765798413905
-0.93	0.0408235901446646
-0.91	0.0252164978259581
-0.89	0.017239983463714
-0.87	0.0126090491122907
-0.85	0.00967678266621773
-0.83	0.0076994647213341
-0.81	0.00630084845947622
-0.79	0.00527376799598745
-0.77	0.0044964042484614
-0.75	0.00389325648315009
-0.73	0.00341547202854808
-0.71	0.00303028446194453
-0.69	0.00271503738309334
-0.67	0.00245365025635278
-0.65	0.00223444808745238
-0.63	0.00204878444446541
-0.61	0.0018901425704903
-0.59	0.00175353366868713
-0.57	0.00163508502779393
-0.55	0.00153175241280377
-0.53	0.00144111559233332
-0.51	0.00136123059247273
-0.49	0.0012905213535806
-0.47	0.00122769920535377
-0.45	0.0011717022756741
-0.429999999999999	0.00112164937989622
-0.409999999999999	0.00107680456249377
-0.389999999999999	0.00103654956692504
-0.369999999999999	0.00100036227054014
-0.349999999999999	0.000967799653094802
-0.329999999999999	0.000938484243747919
-0.309999999999999	0.000912093260902659
-0.289999999999999	0.000888349854380797
-0.269999999999999	0.000867016002187272
-0.249999999999999	0.000847886719608827
-0.229999999999999	0.000830785317059612
-0.209999999999999	0.000815559502279609
-0.189999999999999	0.000802078167413122
-0.169999999999999	0.000790228735871801
-0.149999999999999	0.000779914970414391
-0.129999999999999	0.000771055164520191
-0.109999999999999	0.000763580655343514
-0.0899999999999994	0.000757434609388929
-0.0699999999999994	0.000752571042350389
-0.0499999999999994	0.00074895404292507
-0.0299999999999994	0.000746557177316914
-0.00999999999999938	0.000745363056954214
0.0100000000000006	0.000745363056954214
0.0300000000000006	0.000746557177316914
0.0500000000000006	0.00074895404292507
0.0700000000000006	0.000752571042350389
0.0900000000000006	0.000757434609388929
0.110000000000001	0.000763580655343515
0.130000000000001	0.000771055164520192
0.150000000000001	0.000779914970414391
0.170000000000001	0.000790228735871802
0.190000000000001	0.000802078167413122
0.210000000000001	0.00081555950227961
0.230000000000001	0.000830785317059613
0.250000000000001	0.000847886719608828
0.270000000000001	0.000867016002187274
0.290000000000001	0.000888349854380798
0.310000000000001	0.000912093260902661
0.330000000000001	0.00093848424374792
0.350000000000001	0.000967799653094804
0.370000000000001	0.00100036227054014
0.390000000000001	0.00103654956692504
0.410000000000001	0.00107680456249377
0.430000000000001	0.00112164937989622
0.450000000000001	0.0011717022756741
0.470000000000001	0.00122769920535377
0.490000000000001	0.00129052135358061
0.510000000000001	0.00136123059247274
0.530000000000001	0.00144111559233333
0.550000000000001	0.00153175241280378
0.570000000000001	0.00163508502779394
0.590000000000001	0.00175353366868714
0.610000000000001	0.00189014257049031
0.630000000000001	0.00204878444446543
0.650000000000001	0.00223444808745239
0.670000000000001	0.0024536502563528
0.690000000000001	0.00271503738309336
0.710000000000001	0.00303028446194456
0.730000000000001	0.00341547202854811
0.750000000000001	0.00389325648315013
0.770000000000001	0.00449640424846145
0.790000000000001	0.00527376799598751
0.810000000000001	0.00630084845947629
0.830000000000001	0.00769946472133421
0.850000000000001	0.00967678266621786
0.870000000000001	0.0126090491122909
0.890000000000001	0.0172399834637144
0.910000000000001	0.0252164978259588
0.930000000000001	0.0408235901446662
0.950000000000001	0.0783765798413948
0.970000000000001	0.213284382241114
0.990000000000001	1.87983712234367
