# Program settings for SigmaNu
# Electroweak scheme and input parameters
# Scheme = Complex mass scheme
# alpha_GF = 0.00755898078237864
# Pole masses/widths for particles [GeV]
# mw = 80.35797361
# gw = 2.084298894
# mz = 91.15348062
# gz = 2.494266379
# s^2_thetaw (derived) = (0.222868505240788,-0.00110716741475141)
# charged leptons
# m_e = 0.0005109989461
# m_m = 0.10565837
# m_t = 1.77686
# quarks
# m_d = 0.05
# m_u = 0.05
# m_s = 0.2
# m_c = 1.51
# m_b = 4.92
# m_t = 173
# Ecms (default) = 5.87848

# channel_id = 1
# process  = nu_e nu_e -> nu_e nu_e
-0.99	0.29013777971146
-0.97	0.290137681975696
-0.95	0.290137586234586
-0.93	0.290137492488129
-0.91	0.290137400736322
-0.89	0.290137310979161
-0.87	0.290137223216643
-0.85	0.290137137448767
-0.83	0.29013705367553
-0.81	0.290136971896928
-0.79	0.290136892112959
-0.77	0.290136814323621
-0.75	0.290136738528912
-0.73	0.290136664728829
-0.71	0.29013659292337
-0.69	0.290136523112532
-0.67	0.290136455296314
-0.65	0.290136389474713
-0.63	0.290136325647728
-0.61	0.290136263815356
-0.59	0.290136203977595
-0.57	0.290136146134444
-0.55	0.290136090285901
-0.53	0.290136036431964
-0.51	0.290135984572631
-0.49	0.290135934707901
-0.47	0.290135886837773
-0.45	0.290135840962244
-0.429999999999999	0.290135797081313
-0.409999999999999	0.29013575519498
-0.389999999999999	0.290135715303242
-0.369999999999999	0.290135677406099
-0.349999999999999	0.290135641503549
-0.329999999999999	0.290135607595592
-0.309999999999999	0.290135575682225
-0.289999999999999	0.290135545763449
-0.269999999999999	0.290135517839262
-0.249999999999999	0.290135491909663
-0.229999999999999	0.290135467974652
-0.209999999999999	0.290135446034228
-0.189999999999999	0.29013542608839
-0.169999999999999	0.290135408137137
-0.149999999999999	0.29013539218047
-0.129999999999999	0.290135378218387
-0.109999999999999	0.290135366250888
-0.0899999999999994	0.290135356277973
-0.0699999999999994	0.290135348299641
-0.0499999999999994	0.290135342315893
-0.0299999999999994	0.290135338326727
-0.00999999999999938	0.290135336332144
0.0100000000000006	0.290135336332144
0.0300000000000006	0.290135338326727
0.0500000000000006	0.290135342315893
0.0700000000000006	0.290135348299641
0.0900000000000006	0.290135356277973
0.110000000000001	0.290135366250888
0.130000000000001	0.290135378218387
0.150000000000001	0.29013539218047
0.170000000000001	0.290135408137137
0.190000000000001	0.29013542608839
0.210000000000001	0.290135446034228
0.230000000000001	0.290135467974652
0.250000000000001	0.290135491909663
0.270000000000001	0.290135517839262
0.290000000000001	0.290135545763449
0.310000000000001	0.290135575682225
0.330000000000001	0.290135607595592
0.350000000000001	0.290135641503549
0.370000000000001	0.290135677406099
0.390000000000001	0.290135715303242
0.410000000000001	0.29013575519498
0.430000000000001	0.290135797081313
0.450000000000001	0.290135840962244
0.470000000000001	0.290135886837773
0.490000000000001	0.290135934707901
0.510000000000001	0.290135984572631
0.530000000000001	0.290136036431964
0.550000000000001	0.290136090285901
0.570000000000001	0.290136146134444
0.590000000000001	0.290136203977595
0.610000000000001	0.290136263815356
0.630000000000001	0.290136325647728
0.650000000000001	0.290136389474713
0.670000000000001	0.290136455296314
0.690000000000001	0.290136523112532
0.710000000000001	0.29013659292337
0.730000000000001	0.290136664728829
0.750000000000001	0.290136738528912
0.770000000000001	0.290136814323621
0.790000000000001	0.290136892112959
0.810000000000001	0.290136971896928
0.830000000000001	0.29013705367553
0.850000000000001	0.290137137448767
0.870000000000001	0.290137223216643
0.890000000000001	0.290137310979161
0.910000000000001	0.290137400736322
0.930000000000001	0.290137492488129
0.950000000000001	0.290137586234586
0.970000000000001	0.290137681975696
0.990000000000001	0.29013777971146
