# Program settings for SigmaNu
# Electroweak scheme and input parameters
# Scheme = Complex mass scheme
# alpha_GF = 0.00755898078237864
# Pole masses/widths for particles [GeV]
# mw = 80.35797361
# gw = 2.084298894
# mz = 91.15348062
# gz = 2.494266379
# s^2_thetaw (derived) = (0.222868505240788,-0.00110716741475141)
# charged leptons
# m_e = 0.0005109989461
# m_m = 0.10565837
# m_t = 1.77686
# quarks
# m_d = 0.05
# m_u = 0.05
# m_s = 0.2
# m_c = 1.51
# m_b = 4.92
# m_t = 173
# Ecms (default) = 105.67

# channel_id = 1
# process  = nu_e nu_e -> nu_e nu_e
-0.99	47.5430130707628
-0.97	46.8365775969787
-0.95	46.1597087295188
-0.93	45.5110528202201
-0.91	44.889341574196
-0.89	44.293385888472
-0.87	43.7220702158347
-0.85	43.174347403675
-0.83	42.6492339629782
-0.81	42.1458057273545
-0.79	41.6631938661977
-0.77	41.2005812197689
-0.75	40.7571989272962
-0.73	40.3323233221018
-0.71	39.9252730703702
-0.69	39.5354065324835
-0.67	39.1621193279177
-0.65	38.8048420865354
-0.63	38.4630383707634
-0.61	38.1362027546162
-0.59	37.8238590468545
-0.57	37.5255586467556
-0.55	37.2408790220437
-0.53	36.9694222994872
-0.51	36.7108139595421
-0.49	36.4647016272022
-0.47	36.2307539519248
-0.45	36.008659570142
-0.429999999999999	35.7981261444485
-0.409999999999999	35.5988794740862
-0.389999999999999	35.4106626718211
-0.369999999999999	35.2332354027492
-0.349999999999999	35.0663731809644
-0.329999999999999	34.9098667203837
-0.309999999999999	34.7635213363611
-0.289999999999999	34.6271563950239
-0.269999999999999	34.5006048075488
-0.249999999999999	34.3837125668499
-0.229999999999999	34.2763383243936
-0.209999999999999	34.1783530050723
-0.189999999999999	34.089639458278
-0.169999999999999	34.010092143504
-0.149999999999999	33.9396168489853
-0.129999999999999	33.8781304420521
-0.109999999999999	33.8255606500339
-0.0899999999999994	33.7818458706948
-0.0699999999999994	33.7469350113291
-0.0499999999999994	33.7207873557774
-0.0299999999999994	33.7033724587573
-0.00999999999999938	33.6946700670273
0.0100000000000006	33.6946700670273
0.0300000000000006	33.7033724587573
0.0500000000000006	33.7207873557774
0.0700000000000006	33.7469350113291
0.0900000000000006	33.7818458706948
0.110000000000001	33.8255606500339
0.130000000000001	33.8781304420521
0.150000000000001	33.9396168489853
0.170000000000001	34.0100921435041
0.190000000000001	34.089639458278
0.210000000000001	34.1783530050723
0.230000000000001	34.2763383243936
0.250000000000001	34.38371256685
0.270000000000001	34.5006048075488
0.290000000000001	34.6271563950239
0.310000000000001	34.7635213363611
0.330000000000001	34.9098667203837
0.350000000000001	35.0663731809644
0.370000000000001	35.2332354027492
0.390000000000001	35.4106626718211
0.410000000000001	35.5988794740863
0.430000000000001	35.7981261444485
0.450000000000001	36.008659570142
0.470000000000001	36.2307539519249
0.490000000000001	36.4647016272022
0.510000000000001	36.7108139595421
0.530000000000001	36.9694222994872
0.550000000000001	37.2408790220438
0.570000000000001	37.5255586467556
0.590000000000001	37.8238590468545
0.610000000000001	38.1362027546162
0.630000000000001	38.4630383707634
0.650000000000001	38.8048420865354
0.670000000000001	39.1621193279177
0.690000000000001	39.5354065324836
0.710000000000001	39.9252730703702
0.730000000000001	40.3323233221018
0.750000000000001	40.7571989272962
0.770000000000001	41.200581219769
0.790000000000001	41.6631938661978
0.810000000000001	42.1458057273546
0.830000000000001	42.6492339629782
0.850000000000001	43.174347403675
0.870000000000001	43.7220702158347
0.890000000000001	44.2933858884721
0.910000000000001	44.889341574196
0.930000000000001	45.5110528202201
0.950000000000001	46.1597087295188
0.970000000000001	46.8365775969788
0.990000000000001	47.5430130707628
