# Program settings for SigmaNu
# Electroweak scheme and input parameters
# Scheme = Complex mass scheme
# alpha_GF = 0.00755898078237864
# Pole masses/widths for particles [GeV]
# mw = 80.35797361
# gw = 2.084298894
# mz = 91.15348062
# gz = 2.494266379
# s^2_thetaw (derived) = (0.222868505240788,-0.00110716741475141)
# charged leptons
# m_e = 0.0005109989461
# m_m = 0.10565837
# m_t = 1.77686
# quarks
# m_d = 0.05
# m_u = 0.05
# m_s = 0.2
# m_c = 1.51
# m_b = 4.92
# m_t = 173
# Ecms (default) = 759.989

# channel_id = 1
# process  = nu_e nu_e -> nu_e nu_e
-0.99	696.622244125554
-0.97	309.341243957536
-0.95	175.712453378381
-0.93	114.05567866255
-0.91	80.5153113201573
-0.89	60.2163170074175
-0.87	46.9757837828532
-0.85	37.8461994378001
-0.83	31.2757776890023
-0.81	26.383506318128
-0.79	22.6385788597998
-0.77	19.7054439058616
-0.75	17.3633924404064
-0.73	15.4623291494332
-0.71	13.8972364579067
-0.69	12.5928119718482
-0.67	11.4938938433205
-0.65	10.5593073677516
-0.63	9.75780236987021
-0.61	9.06530630695392
-0.59	8.46302713571751
-0.57	7.93611788611611
-0.55	7.47272035495839
-0.53	7.06326955096912
-0.51	6.69998057586473
-0.49	6.37646515708801
-0.47	6.08744164845235
-0.45	5.82851330663992
-0.429999999999999	5.59599705179108
-0.409999999999999	5.38678997996047
-0.389999999999999	5.1982644039448
-0.369999999999999	5.02818466457626
-0.349999999999999	4.87464070856567
-0.329999999999999	4.73599469113811
-0.309999999999999	4.61083777975335
-0.289999999999999	4.49795500973089
-0.269999999999999	4.39629654294098
-0.249999999999999	4.30495405521923
-0.229999999999999	4.22314126088327
-0.209999999999999	4.15017779793219
-0.189999999999999	4.08547586263278
-0.169999999999999	4.02852910989366
-0.149999999999999	3.97890343536451
-0.129999999999999	3.93622933341359
-0.109999999999999	3.90019558712954
-0.0899999999999994	3.87054409609531
-0.0699999999999994	3.84706568779928
-0.0499999999999994	3.82959679141266
-0.0299999999999994	3.81801688000427
-0.00999999999999938	3.81224661045289
0.0100000000000006	3.8122466104529
0.0300000000000006	3.81801688000427
0.0500000000000006	3.82959679141266
0.0700000000000006	3.84706568779928
0.0900000000000006	3.87054409609531
0.110000000000001	3.90019558712955
0.130000000000001	3.93622933341359
0.150000000000001	3.97890343536451
0.170000000000001	4.02852910989366
0.190000000000001	4.08547586263279
0.210000000000001	4.15017779793219
0.230000000000001	4.22314126088327
0.250000000000001	4.30495405521924
0.270000000000001	4.39629654294099
0.290000000000001	4.4979550097309
0.310000000000001	4.61083777975336
0.330000000000001	4.73599469113812
0.350000000000001	4.87464070856568
0.370000000000001	5.02818466457627
0.390000000000001	5.19826440394481
0.410000000000001	5.38678997996049
0.430000000000001	5.59599705179109
0.450000000000001	5.82851330663993
0.470000000000001	6.08744164845236
0.490000000000001	6.37646515708803
0.510000000000001	6.69998057586475
0.530000000000001	7.06326955096915
0.550000000000001	7.47272035495842
0.570000000000001	7.93611788611614
0.590000000000001	8.46302713571754
0.610000000000001	9.06530630695396
0.630000000000001	9.75780236987025
0.650000000000001	10.5593073677517
0.670000000000001	11.4938938433206
0.690000000000001	12.5928119718482
0.710000000000001	13.8972364579068
0.730000000000001	15.4623291494333
0.750000000000001	17.3633924404065
0.770000000000001	19.7054439058618
0.790000000000001	22.6385788598
0.810000000000001	26.3835063181282
0.830000000000001	31.2757776890027
0.850000000000001	37.8461994378004
0.870000000000001	46.9757837828537
0.890000000000001	60.2163170074184
0.910000000000001	80.5153113201585
0.930000000000001	114.055678662552
0.950000000000001	175.712453378386
0.970000000000001	309.341243957548
0.990000000000001	696.622244125592
