# Program settings for SigmaNu
# Electroweak scheme and input parameters
# Scheme = Complex mass scheme
# alpha_GF = 0.00755898078237864
# Pole masses/widths for particles [GeV]
# mw = 80.35797361
# gw = 2.084298894
# mz = 91.15348062
# gz = 2.494266379
# s^2_thetaw (derived) = (0.222868505240788,-0.00110716741475141)
# charged leptons
# m_e = 0.0005109989461
# m_m = 0.10565837
# m_t = 1.77686
# quarks
# m_d = 0.05
# m_u = 0.05
# m_s = 0.2
# m_c = 1.51
# m_b = 4.92
# m_t = 173
# Ecms (default) = 1.24744

# channel_id = 1
# process  = nu_e nu_e -> nu_e nu_e
-0.99	0.0131169115631606
-0.97	0.0131169115541652
-0.95	0.0131169115453535
-0.93	0.0131169115367253
-0.91	0.0131169115282807
-0.89	0.0131169115200197
-0.87	0.0131169115119423
-0.85	0.0131169115040484
-0.83	0.0131169114963382
-0.81	0.0131169114888115
-0.79	0.0131169114814683
-0.77	0.0131169114743088
-0.75	0.0131169114673328
-0.73	0.0131169114605404
-0.71	0.0131169114539316
-0.69	0.0131169114475064
-0.67	0.0131169114412647
-0.65	0.0131169114352067
-0.63	0.0131169114293322
-0.61	0.0131169114236413
-0.59	0.0131169114181339
-0.57	0.0131169114128102
-0.55	0.01311691140767
-0.53	0.0131169114027134
-0.51	0.0131169113979403
-0.49	0.0131169113933509
-0.47	0.013116911388945
-0.45	0.0131169113847227
-0.429999999999999	0.013116911380684
-0.409999999999999	0.0131169113768289
-0.389999999999999	0.0131169113731573
-0.369999999999999	0.0131169113696693
-0.349999999999999	0.0131169113663649
-0.329999999999999	0.0131169113632441
-0.309999999999999	0.0131169113603069
-0.289999999999999	0.0131169113575532
-0.269999999999999	0.0131169113549831
-0.249999999999999	0.0131169113525966
-0.229999999999999	0.0131169113503936
-0.209999999999999	0.0131169113483743
-0.189999999999999	0.0131169113465385
-0.169999999999999	0.0131169113448863
-0.149999999999999	0.0131169113434177
-0.129999999999999	0.0131169113421326
-0.109999999999999	0.0131169113410312
-0.0899999999999994	0.0131169113401133
-0.0699999999999994	0.013116911339379
-0.0499999999999994	0.0131169113388282
-0.0299999999999994	0.0131169113384611
-0.00999999999999938	0.0131169113382775
0.0100000000000006	0.0131169113382775
0.0300000000000006	0.0131169113384611
0.0500000000000006	0.0131169113388282
0.0700000000000006	0.013116911339379
0.0900000000000006	0.0131169113401133
0.110000000000001	0.0131169113410312
0.130000000000001	0.0131169113421326
0.150000000000001	0.0131169113434177
0.170000000000001	0.0131169113448863
0.190000000000001	0.0131169113465385
0.210000000000001	0.0131169113483743
0.230000000000001	0.0131169113503936
0.250000000000001	0.0131169113525966
0.270000000000001	0.0131169113549831
0.290000000000001	0.0131169113575532
0.310000000000001	0.0131169113603069
0.330000000000001	0.0131169113632441
0.350000000000001	0.0131169113663649
0.370000000000001	0.0131169113696693
0.390000000000001	0.0131169113731573
0.410000000000001	0.0131169113768289
0.430000000000001	0.013116911380684
0.450000000000001	0.0131169113847227
0.470000000000001	0.013116911388945
0.490000000000001	0.0131169113933509
0.510000000000001	0.0131169113979403
0.530000000000001	0.0131169114027134
0.550000000000001	0.01311691140767
0.570000000000001	0.0131169114128102
0.590000000000001	0.0131169114181339
0.610000000000001	0.0131169114236413
0.630000000000001	0.0131169114293322
0.650000000000001	0.0131169114352067
0.670000000000001	0.0131169114412647
0.690000000000001	0.0131169114475064
0.710000000000001	0.0131169114539316
0.730000000000001	0.0131169114605404
0.750000000000001	0.0131169114673328
0.770000000000001	0.0131169114743088
0.790000000000001	0.0131169114814683
0.810000000000001	0.0131169114888115
0.830000000000001	0.0131169114963382
0.850000000000001	0.0131169115040484
0.870000000000001	0.0131169115119423
0.890000000000001	0.0131169115200197
0.910000000000001	0.0131169115282807
0.930000000000001	0.0131169115367253
0.950000000000001	0.0131169115453535
0.970000000000001	0.0131169115541652
0.990000000000001	0.0131169115631606
