# Program settings for SigmaNu
# Electroweak scheme and input parameters
# Scheme = Complex mass scheme
# alpha_GF = 0.00755898078237864
# Pole masses/widths for particles [GeV]
# mw = 80.35797361
# gw = 2.084298894
# mz = 91.15348062
# gz = 2.494266379
# s^2_thetaw (derived) = (0.222868505240788,-0.00110716741475141)
# charged leptons
# m_e = 0.0005109989461
# m_m = 0.10565837
# m_t = 1.77686
# quarks
# m_d = 0.05
# m_u = 0.05
# m_s = 0.2
# m_c = 1.51
# m_b = 4.92
# m_t = 173
# Ecms (default) = 464.08

# channel_id = 1
# process  = nu_e nu_e -> nu_e nu_e
-0.99	386.449326121547
-0.97	260.73055585517
-0.95	188.856674552215
-0.93	143.845397757534
-0.91	113.744142574068
-0.89	92.59080554242
-0.87	77.1379788657102
-0.85	65.4924992953474
-0.83	56.4892665723539
-0.81	49.3788241427863
-0.79	43.661000036731
-0.77	38.9914321210568
-0.75	35.1266194303429
-0.73	31.8903522857129
-0.71	29.1525097548471
-0.69	26.8152739047648
-0.67	24.803934409876
-0.65	23.0606143560845
-0.63	21.5399016092612
-0.61	20.2057510844847
-0.59	19.0292517254896
-0.57	17.9869925615206
-0.55	17.059850696571
-0.53	16.2320809718152
-0.51	15.4906243174954
-0.49	14.8245766673844
-0.47	14.2247771537381
-0.45	13.6834858868959
-0.429999999999999	13.1941297035123
-0.409999999999999	12.75109997451
-0.389999999999999	12.3495906433564
-0.369999999999999	11.9854676139876
-0.349999999999999	11.6551627614333
-0.329999999999999	11.3555874267499
-0.309999999999999	11.084061440421
-0.289999999999999	10.8382546064215
-0.269999999999999	10.6161382515512
-0.249999999999999	10.4159449578195
-0.229999999999999	10.2361349902971
-0.209999999999999	10.075368238555
-0.189999999999999	9.93248072834326
-0.169999999999999	9.80646494760411
-0.149999999999999	9.69645337930052
-0.129999999999999	9.60170475188626
-0.109999999999999	9.5215926134153
-0.0899999999999994	9.45559591251273
-0.0699999999999994	9.40329133275436
-0.0499999999999994	9.36434717957411
-0.0299999999999994	9.33851866312549
-0.00999999999999938	9.32564445855766
0.0100000000000006	9.32564445855766
0.0300000000000006	9.33851866312549
0.0500000000000006	9.36434717957412
0.0700000000000006	9.40329133275436
0.0900000000000006	9.45559591251273
0.110000000000001	9.52159261341531
0.130000000000001	9.60170475188627
0.150000000000001	9.69645337930052
0.170000000000001	9.80646494760411
0.190000000000001	9.93248072834326
0.210000000000001	10.0753682385551
0.230000000000001	10.2361349902971
0.250000000000001	10.4159449578196
0.270000000000001	10.6161382515512
0.290000000000001	10.8382546064215
0.310000000000001	11.084061440421
0.330000000000001	11.35558742675
0.350000000000001	11.6551627614333
0.370000000000001	11.9854676139876
0.390000000000001	12.3495906433565
0.410000000000001	12.7510999745101
0.430000000000001	13.1941297035123
0.450000000000001	13.6834858868959
0.470000000000001	14.2247771537381
0.490000000000001	14.8245766673845
0.510000000000001	15.4906243174954
0.530000000000001	16.2320809718153
0.550000000000001	17.059850696571
0.570000000000001	17.9869925615207
0.590000000000001	19.0292517254897
0.610000000000001	20.2057510844848
0.630000000000001	21.5399016092613
0.650000000000001	23.0606143560845
0.670000000000001	24.8039344098761
0.690000000000001	26.8152739047649
0.710000000000001	29.1525097548472
0.730000000000001	31.8903522857131
0.750000000000001	35.1266194303431
0.770000000000001	38.991432121057
0.790000000000001	43.6610000367313
0.810000000000001	49.3788241427867
0.830000000000001	56.4892665723543
0.850000000000001	65.4924992953479
0.870000000000001	77.1379788657109
0.890000000000001	92.590805542421
0.910000000000001	113.744142574069
0.930000000000001	143.845397757536
0.950000000000001	188.856674552218
0.970000000000001	260.730555855176
0.990000000000001	386.449326121555
