# Program settings for SigmaNu
# Electroweak scheme and input parameters
# Scheme = Complex mass scheme
# alpha_GF = 0.00755898078237864
# Pole masses/widths for particles [GeV]
# mw = 80.35797361
# gw = 2.084298894
# mz = 91.15348062
# gz = 2.494266379
# s^2_thetaw (derived) = (0.222868505240788,-0.00110716741475141)
# charged leptons
# m_e = 0.0005109989461
# m_m = 0.10565837
# m_t = 1.77686
# quarks
# m_d = 0.05
# m_u = 0.05
# m_s = 0.2
# m_c = 1.51
# m_b = 4.92
# m_t = 173
# Ecms (default) = 2608.22

# channel_id = 1
# process  = nu_e nu_e -> nu_e nu_e
-0.99	559.966181349443
-0.97	84.0494736109573
-0.95	32.8286676668359
-0.93	17.5621720384286
-0.91	11.0118181732951
-0.89	7.60104619551181
-0.87	5.59639572061165
-0.85	4.31597402979143
-0.83	3.44692078769973
-0.81	2.82911335912331
-0.79	2.37360073403989
-0.77	2.02770917236842
-0.75	1.75860638335054
-0.73	1.54494794401266
-0.71	1.37236084546949
-0.69	1.23087314029134
-0.67	1.11338644425791
-0.65	1.01473393590451
-0.63	0.931080499791604
-0.61	0.859529878395392
-0.59	0.797860948592596
-0.57	0.744346743040239
-0.55	0.697627785304656
-0.53	0.656621853325791
-0.51	0.620458655220343
-0.49	0.588431845109371
-0.47	0.559963303894592
-0.45	0.534576223865646
-0.429999999999999	0.511874598773596
-0.409999999999999	0.491527432893139
-0.389999999999999	0.473256467035924
-0.369999999999999	0.456826553979885
-0.349999999999999	0.442038049893805
-0.329999999999999	0.428720754263015
-0.309999999999999	0.416729049808937
-0.289999999999999	0.405937980163308
-0.269999999999999	0.396240066253104
-0.249999999999999	0.387542709098292
-0.229999999999999	0.379766061624109
-0.209999999999999	0.372841278375609
-0.189999999999999	0.366709071990058
-0.169999999999999	0.36131852057755
-0.149999999999999	0.356626081973212
-0.129999999999999	0.352594780025343
-0.109999999999999	0.349193535314405
-0.0899999999999994	0.346396618435148
-0.0699999999999994	0.344183208577123
-0.0499999999999994	0.342537043879925
-0.0299999999999994	0.341446153128451
-0.00999999999999938	0.340902660954451
0.0100000000000006	0.340902660954451
0.0300000000000006	0.341446153128451
0.0500000000000006	0.342537043879925
0.0700000000000006	0.344183208577123
0.0900000000000006	0.346396618435148
0.110000000000001	0.349193535314406
0.130000000000001	0.352594780025344
0.150000000000001	0.356626081973212
0.170000000000001	0.361318520577551
0.190000000000001	0.366709071990059
0.210000000000001	0.37284127837561
0.230000000000001	0.379766061624109
0.250000000000001	0.387542709098293
0.270000000000001	0.396240066253104
0.290000000000001	0.405937980163309
0.310000000000001	0.416729049808937
0.330000000000001	0.428720754263016
0.350000000000001	0.442038049893806
0.370000000000001	0.456826553979886
0.390000000000001	0.473256467035925
0.410000000000001	0.49152743289314
0.430000000000001	0.511874598773597
0.450000000000001	0.534576223865647
0.470000000000001	0.559963303894594
0.490000000000001	0.588431845109372
0.510000000000001	0.620458655220345
0.530000000000001	0.656621853325793
0.550000000000001	0.697627785304659
0.570000000000001	0.744346743040241
0.590000000000001	0.797860948592599
0.610000000000001	0.859529878395396
0.630000000000001	0.931080499791609
0.650000000000001	1.01473393590452
0.670000000000001	1.11338644425791
0.690000000000001	1.23087314029135
0.710000000000001	1.3723608454695
0.730000000000001	1.54494794401267
0.750000000000001	1.75860638335055
0.770000000000001	2.02770917236844
0.790000000000001	2.37360073403991
0.810000000000001	2.82911335912334
0.830000000000001	3.44692078769977
0.850000000000001	4.31597402979149
0.870000000000001	5.59639572061175
0.890000000000001	7.60104619551196
0.910000000000001	11.0118181732953
0.930000000000001	17.5621720384291
0.950000000000001	32.8286676668373
0.970000000000001	84.0494736109635
0.990000000000001	559.966181349546
