# Program settings for SigmaNu
# Electroweak scheme and input parameters
# Scheme = Complex mass scheme
# alpha_GF = 0.00755898078237864
# Pole masses/widths for particles [GeV]
# mw = 80.35797361
# gw = 2.084298894
# mz = 91.15348062
# gz = 2.494266379
# s^2_thetaw (derived) = (0.222868505240788,-0.00110716741475141)
# charged leptons
# m_e = 0.0005109989461
# m_m = 0.10565837
# m_t = 1.77686
# quarks
# m_d = 0.05
# m_u = 0.05
# m_s = 0.2
# m_c = 1.51
# m_b = 4.92
# m_t = 173
# Ecms (default) = 283.386

# channel_id = 1
# process  = nu_e nu_e -> nu_e nu_e
-0.99	185.953661658195
-0.97	158.77953896036
-0.95	137.549297679036
-0.93	120.633625270003
-0.91	106.927898260216
-0.89	95.6613556131325
-0.87	86.2826819939332
-0.85	78.3889116594023
-0.83	71.6798596625535
-0.81	65.9281097628279
-0.79	60.9587672346428
-0.77	56.6355037859253
-0.75	52.8507528035342
-0.73	49.518700315194
-0.71	46.5701952718034
-0.69	43.9490003917704
-0.67	41.6089941662102
-0.65	39.5120575240411
-0.63	37.6264598941176
-0.61	35.9256140093734
-0.59	34.3871060771151
-0.57	32.9919337555505
-0.55	31.7239024929276
-0.53	30.5691436565392
-0.51	29.5157271288631
-0.49	28.553347767776
-0.47	27.6730700587139
-0.45	26.8671189394056
-0.429999999999999	26.1287075079194
-0.409999999999999	25.4518943824983
-0.389999999999999	24.8314650449687
-0.369999999999999	24.2628326961666
-0.349999999999999	23.7419550743921
-0.329999999999999	23.2652644040082
-0.309999999999999	22.829608200784
-0.289999999999999	22.4321991004237
-0.269999999999999	22.0705722246063
-0.249999999999999	21.7425488756112
-0.229999999999999	21.4462055720467
-0.209999999999999	21.1798476163808
-0.189999999999999	20.9419865291763
-0.169999999999999	20.7313208023229
-0.149999999999999	20.546719519706
-0.129999999999999	20.3872084730304
-0.109999999999999	20.2519584663609
-0.0899999999999994	20.1402755580926
-0.0699999999999994	20.0515930356988
-0.0499999999999994	19.9854649585062
-0.0299999999999994	19.9415611383491
-0.00999999999999938	19.9196634584701
0.0100000000000006	19.9196634584701
0.0300000000000006	19.9415611383491
0.0500000000000006	19.9854649585062
0.0700000000000006	20.0515930356989
0.0900000000000006	20.1402755580926
0.110000000000001	20.2519584663609
0.130000000000001	20.3872084730304
0.150000000000001	20.546719519706
0.170000000000001	20.7313208023229
0.190000000000001	20.9419865291763
0.210000000000001	21.1798476163808
0.230000000000001	21.4462055720467
0.250000000000001	21.7425488756112
0.270000000000001	22.0705722246064
0.290000000000001	22.4321991004238
0.310000000000001	22.829608200784
0.330000000000001	23.2652644040082
0.350000000000001	23.7419550743921
0.370000000000001	24.2628326961666
0.390000000000001	24.8314650449687
0.410000000000001	25.4518943824984
0.430000000000001	26.1287075079194
0.450000000000001	26.8671189394057
0.470000000000001	27.673070058714
0.490000000000001	28.553347767776
0.510000000000001	29.5157271288631
0.530000000000001	30.5691436565393
0.550000000000001	31.7239024929276
0.570000000000001	32.9919337555505
0.590000000000001	34.3871060771152
0.610000000000001	35.9256140093735
0.630000000000001	37.6264598941177
0.650000000000001	39.5120575240412
0.670000000000001	41.6089941662104
0.690000000000001	43.9490003917705
0.710000000000001	46.5701952718036
0.730000000000001	49.5187003151942
0.750000000000001	52.8507528035344
0.770000000000001	56.6355037859256
0.790000000000001	60.9587672346431
0.810000000000001	65.9281097628283
0.830000000000001	71.6798596625539
0.850000000000001	78.3889116594028
0.870000000000001	86.2826819939337
0.890000000000001	95.6613556131331
0.910000000000001	106.927898260217
0.930000000000001	120.633625270003
0.950000000000001	137.549297679037
0.970000000000001	158.779538960361
0.990000000000001	185.953661658196
