# Program settings for SigmaNu
# Electroweak scheme and input parameters
# Scheme = Complex mass scheme
# alpha_GF = 0.00755898078237864
# Pole masses/widths for particles [GeV]
# mw = 80.35797361
# gw = 2.084298894
# mz = 91.15348062
# gz = 2.494266379
# s^2_thetaw (derived) = (0.222868505240788,-0.00110716741475141)
# charged leptons
# m_e = 0.0005109989461
# m_m = 0.10565837
# m_t = 1.77686
# quarks
# m_d = 0.05
# m_u = 0.05
# m_s = 0.2
# m_c = 1.51
# m_b = 4.92
# m_t = 173
# Ecms (default) = 10.3296

# channel_id = 1
# process  = nu_e nu_e -> nu_e nu_e
-0.99	0.888218904420223
-0.97	0.888216076214237
-0.95	0.888213305739825
-0.93	0.888210592996178
-0.91	0.888207937982504
-0.89	0.888205340698025
-0.87	0.888202801141983
-0.85	0.888200319313638
-0.83	0.888197895212262
-0.81	0.888195528837149
-0.79	0.888193220187607
-0.77	0.888190969262962
-0.75	0.888188776062554
-0.73	0.888186640585745
-0.71	0.888184562831911
-0.69	0.888182542800443
-0.67	0.888180580490753
-0.65	0.888178675902267
-0.63	0.888176829034427
-0.61	0.888175039886696
-0.59	0.88817330845855
-0.57	0.888171634749483
-0.55	0.888170018759006
-0.53	0.888168460486649
-0.51	0.888166959931953
-0.49	0.888165517094483
-0.47	0.888164131973817
-0.45	0.888162804569549
-0.429999999999999	0.888161534881291
-0.409999999999999	0.888160322908674
-0.389999999999999	0.888159168651342
-0.369999999999999	0.88815807210896
-0.349999999999999	0.888157033281204
-0.329999999999999	0.888156052167775
-0.309999999999999	0.888155128768384
-0.289999999999999	0.888154263082761
-0.269999999999999	0.888153455110654
-0.249999999999999	0.888152704851826
-0.229999999999999	0.888152012306059
-0.209999999999999	0.88815137747315
-0.189999999999999	0.888150800352914
-0.169999999999999	0.888150280945182
-0.149999999999999	0.888149819249802
-0.129999999999999	0.88814941526664
-0.109999999999999	0.888149068995577
-0.0899999999999994	0.888148780436513
-0.0699999999999994	0.888148549589362
-0.0499999999999994	0.888148376454059
-0.0299999999999994	0.88814826103055
-0.00999999999999938	0.888148203318805
0.0100000000000006	0.888148203318805
0.0300000000000006	0.88814826103055
0.0500000000000006	0.888148376454059
0.0700000000000006	0.888148549589362
0.0900000000000006	0.888148780436513
0.110000000000001	0.888149068995577
0.130000000000001	0.88814941526664
0.150000000000001	0.888149819249802
0.170000000000001	0.888150280945182
0.190000000000001	0.888150800352914
0.210000000000001	0.88815137747315
0.230000000000001	0.888152012306059
0.250000000000001	0.888152704851826
0.270000000000001	0.888153455110654
0.290000000000001	0.888154263082761
0.310000000000001	0.888155128768384
0.330000000000001	0.888156052167775
0.350000000000001	0.888157033281204
0.370000000000001	0.88815807210896
0.390000000000001	0.888159168651342
0.410000000000001	0.888160322908674
0.430000000000001	0.888161534881291
0.450000000000001	0.888162804569548
0.470000000000001	0.888164131973816
0.490000000000001	0.888165517094483
0.510000000000001	0.888166959931953
0.530000000000001	0.888168460486648
0.550000000000001	0.888170018759006
0.570000000000001	0.888171634749483
0.590000000000001	0.88817330845855
0.610000000000001	0.888175039886696
0.630000000000001	0.888176829034427
0.650000000000001	0.888178675902266
0.670000000000001	0.888180580490753
0.690000000000001	0.888182542800443
0.710000000000001	0.888184562831911
0.730000000000001	0.888186640585745
0.750000000000001	0.888188776062554
0.770000000000001	0.888190969262961
0.790000000000001	0.888193220187607
0.810000000000001	0.888195528837149
0.830000000000001	0.888197895212262
0.850000000000001	0.888200319313638
0.870000000000001	0.888202801141983
0.890000000000001	0.888205340698025
0.910000000000001	0.888207937982504
0.930000000000001	0.888210592996178
0.950000000000001	0.888213305739825
0.970000000000001	0.888216076214237
0.990000000000001	0.888218904420222
