# Program settings for SigmaNu
# Electroweak scheme and input parameters
# Scheme = Complex mass scheme
# alpha_GF = 0.00755898078237864
# Pole masses/widths for particles [GeV]
# mw = 80.35797361
# gw = 2.084298894
# mz = 91.15348062
# gz = 2.494266379
# s^2_thetaw (derived) = (0.222868505240788,-0.00110716741475141)
# charged leptons
# m_e = 0.0005109989461
# m_m = 0.10565837
# m_t = 1.77686
# quarks
# m_d = 0.05
# m_u = 0.05
# m_s = 0.2
# m_c = 1.51
# m_b = 4.92
# m_t = 173
# Ecms (default) = 23.2277

# channel_id = 1
# process  = nu_e nu_e -> nu_e nu_e
-0.99	4.27557483343194
-0.97	4.27524377152547
-0.95	4.2749195032306
-0.93	4.27460202623803
-0.91	4.27429133828714
-0.89	4.27398743716594
-0.87	4.27369032071106
-0.85	4.2733999868077
-0.83	4.27311643338958
-0.81	4.27283965843894
-0.79	4.27256965998648
-0.77	4.27230643611134
-0.75	4.27204998494108
-0.73	4.27180030465163
-0.71	4.27155739346728
-0.69	4.27132124966064
-0.67	4.27109187155262
-0.65	4.27086925751239
-0.63	4.27065340595738
-0.61	4.27044431535321
-0.59	4.27024198421373
-0.57	4.27004641110094
-0.55	4.26985759462499
-0.53	4.26967553344416
-0.51	4.26950022626484
-0.49	4.2693316718415
-0.47	4.26916986897668
-0.45	4.26901481652095
-0.429999999999999	4.26886651337293
-0.409999999999999	4.26872495847924
-0.389999999999999	4.2685901508345
-0.369999999999999	4.2684620894813
-0.349999999999999	4.2683407735102
-0.329999999999999	4.2682262020597
-0.309999999999999	4.26811837431626
-0.289999999999999	4.26801728951423
-0.269999999999999	4.26792294693589
-0.249999999999999	4.26783534591142
-0.229999999999999	4.26775448581888
-0.209999999999999	4.26768036608421
-0.189999999999999	4.26761298618122
-0.169999999999999	4.2675523456316
-0.149999999999999	4.26749844400487
-0.129999999999999	4.2674512809184
-0.109999999999999	4.26741085603742
-0.0899999999999994	4.26737716907497
-0.0699999999999994	4.26735021979193
-0.0499999999999994	4.26733000799703
-0.0299999999999994	4.2673165335468
-0.00999999999999938	4.26730979634559
0.0100000000000006	4.26730979634559
0.0300000000000006	4.2673165335468
0.0500000000000006	4.26733000799704
0.0700000000000006	4.26735021979193
0.0900000000000006	4.26737716907497
0.110000000000001	4.26741085603742
0.130000000000001	4.2674512809184
0.150000000000001	4.26749844400487
0.170000000000001	4.2675523456316
0.190000000000001	4.26761298618122
0.210000000000001	4.26768036608421
0.230000000000001	4.26775448581888
0.250000000000001	4.26783534591142
0.270000000000001	4.26792294693589
0.290000000000001	4.26801728951423
0.310000000000001	4.26811837431626
0.330000000000001	4.2682262020597
0.350000000000001	4.2683407735102
0.370000000000001	4.2684620894813
0.390000000000001	4.2685901508345
0.410000000000001	4.26872495847924
0.430000000000001	4.26886651337293
0.450000000000001	4.26901481652095
0.470000000000001	4.26916986897668
0.490000000000001	4.2693316718415
0.510000000000001	4.26950022626484
0.530000000000001	4.26967553344416
0.550000000000001	4.26985759462498
0.570000000000001	4.27004641110094
0.590000000000001	4.27024198421373
0.610000000000001	4.27044431535321
0.630000000000001	4.27065340595738
0.650000000000001	4.27086925751239
0.670000000000001	4.27109187155262
0.690000000000001	4.27132124966064
0.710000000000001	4.27155739346728
0.730000000000001	4.27180030465163
0.750000000000001	4.27204998494108
0.770000000000001	4.27230643611134
0.790000000000001	4.27256965998648
0.810000000000001	4.27283965843894
0.830000000000001	4.27311643338958
0.850000000000001	4.2733999868077
0.870000000000001	4.27369032071106
0.890000000000001	4.27398743716594
0.910000000000001	4.27429133828714
0.930000000000001	4.27460202623803
0.950000000000001	4.2749195032306
0.970000000000001	4.27524377152547
0.990000000000001	4.27557483343194
