# Program settings for SigmaNu
# Electroweak scheme and input parameters
# Scheme = Complex mass scheme
# alpha_GF = 0.00755898078237864
# Pole masses/widths for particles [GeV]
# mw = 80.35797361
# gw = 2.084298894
# mz = 91.15348062
# gz = 2.494266379
# s^2_thetaw (derived) = (0.222868505240788,-0.00110716741475141)
# charged leptons
# m_e = 0.0005109989461
# m_m = 0.10565837
# m_t = 1.77686
# quarks
# m_d = 0.05
# m_u = 0.05
# m_s = 0.2
# m_c = 1.51
# m_b = 4.92
# m_t = 173
# Ecms (default) = 14.6924

# channel_id = 1
# process  = nu_e nu_e -> nu_e nu_e
-0.99	1.77417587933179
-0.97	1.774153053045
-0.95	1.77413069302751
-0.93	1.77410879925291
-0.91	1.77408737169534
-0.89	1.77406641032951
-0.87	1.77404591513066
-0.85	1.77402588607459
-0.83	1.77400632313766
-0.81	1.77398722629676
-0.79	1.77396859552935
-0.77	1.77395043081342
-0.75	1.77393273212755
-0.73	1.77391549945082
-0.71	1.77389873276289
-0.69	1.77388243204397
-0.67	1.77386659727482
-0.65	1.77385122843673
-0.63	1.77383632551158
-0.61	1.77382188848175
-0.59	1.77380791733022
-0.57	1.77379441204048
-0.55	1.7737813725966
-0.53	1.77376879898318
-0.51	1.77375669118538
-0.49	1.77374504918891
-0.47	1.77373387298003
-0.45	1.77372316254554
-0.429999999999999	1.7737129178728
-0.409999999999999	1.77370313894972
-0.389999999999999	1.77369382576475
-0.369999999999999	1.77368497830691
-0.349999999999999	1.77367659656575
-0.329999999999999	1.77366868053138
-0.309999999999999	1.77366123019445
-0.289999999999999	1.77365424554617
-0.269999999999999	1.7736477265783
-0.249999999999999	1.77364167328313
-0.229999999999999	1.77363608565354
-0.209999999999999	1.77363096368292
-0.189999999999999	1.77362630736523
-0.169999999999999	1.77362211669496
-0.149999999999999	1.77361839166719
-0.129999999999999	1.7736151322775
-0.109999999999999	1.77361233852206
-0.0899999999999994	1.77361001039756
-0.0699999999999994	1.77360814790125
-0.0499999999999994	1.77360675103095
-0.0299999999999994	1.773605819785
-0.00999999999999938	1.77360535416229
0.0100000000000006	1.77360535416229
0.0300000000000006	1.773605819785
0.0500000000000006	1.77360675103095
0.0700000000000006	1.77360814790125
0.0900000000000006	1.77361001039756
0.110000000000001	1.77361233852206
0.130000000000001	1.7736151322775
0.150000000000001	1.77361839166719
0.170000000000001	1.77362211669496
0.190000000000001	1.77362630736523
0.210000000000001	1.77363096368292
0.230000000000001	1.77363608565354
0.250000000000001	1.77364167328314
0.270000000000001	1.7736477265783
0.290000000000001	1.77365424554617
0.310000000000001	1.77366123019445
0.330000000000001	1.77366868053138
0.350000000000001	1.77367659656575
0.370000000000001	1.77368497830691
0.390000000000001	1.77369382576475
0.410000000000001	1.77370313894972
0.430000000000001	1.7737129178728
0.450000000000001	1.77372316254554
0.470000000000001	1.77373387298003
0.490000000000001	1.77374504918891
0.510000000000001	1.77375669118538
0.530000000000001	1.77376879898318
0.550000000000001	1.7737813725966
0.570000000000001	1.77379441204048
0.590000000000001	1.77380791733022
0.610000000000001	1.77382188848175
0.630000000000001	1.77383632551158
0.650000000000001	1.77385122843673
0.670000000000001	1.77386659727482
0.690000000000001	1.77388243204397
0.710000000000001	1.77389873276289
0.730000000000001	1.77391549945082
0.750000000000001	1.77393273212755
0.770000000000001	1.77395043081342
0.790000000000001	1.77396859552935
0.810000000000001	1.77398722629676
0.830000000000001	1.77400632313766
0.850000000000001	1.77402588607459
0.870000000000001	1.77404591513066
0.890000000000001	1.77406641032951
0.910000000000001	1.77408737169534
0.930000000000001	1.77410879925291
0.950000000000001	1.77413069302751
0.970000000000001	1.774153053045
0.990000000000001	1.77417587933179
