# Program settings for SigmaNu
# Electroweak scheme and input parameters
# Scheme = Complex mass scheme
# alpha_GF = 0.00755898078237864
# Pole masses/widths for particles [GeV]
# mw = 80.35797361
# gw = 2.084298894
# mz = 91.15348062
# gz = 2.494266379
# s^2_thetaw (derived) = (0.222868505240788,-0.00110716741475141)
# charged leptons
# m_e = 0.0005109989461
# m_m = 0.10565837
# m_t = 1.77686
# quarks
# m_d = 0.05
# m_u = 0.05
# m_s = 0.2
# m_c = 1.51
# m_b = 4.92
# m_t = 173
# Ecms (default) = 683.761

# channel_id = 1
# process  = nu_e nu_e -> nu_e nu_e
-0.99	627.674153553527
-0.97	309.209487694281
-0.95	185.21869453648
-0.93	124.168038160675
-0.91	89.5734700153935
-0.89	68.04006485298
-0.87	53.7031630159202
-0.85	43.6617030517406
-0.83	36.3454045658082
-0.81	30.8432714979151
-0.79	26.5968275219335
-0.77	23.2479669335844
-0.75	20.5583255839312
-0.73	18.3641563028589
-0.71	16.5498911395552
-0.69	15.0320356289879
-0.67	13.74902143913
-0.65	12.6546227057128
-0.63	11.7135728062869
-0.61	10.8985785498254
-0.59	10.1882442634567
-0.57	9.56560173648643
-0.55	9.01705178105963
-0.53	8.53159058786927
-0.51	8.10023642518876
-0.49	7.71559942487988
-0.47	7.37155499381314
-0.45	7.06299323998394
-0.429999999999999	6.78562482399927
-0.409999999999999	6.53582915787355
-0.389999999999999	6.31053471255372
-0.369999999999999	6.10712390507432
-0.349999999999999	5.92335697136921
-0.329999999999999	5.75731062842461
-0.309999999999999	5.60732834958729
-0.289999999999999	5.47197982881249
-0.269999999999999	5.35002776913014
-0.249999999999999	5.24040055059008
-0.229999999999999	5.14216965087442
-0.209999999999999	5.05453093439403
-0.189999999999999	4.97678911231449
-0.169999999999999	4.90834482062618
-0.149999999999999	4.84868387639361
-0.129999999999999	4.79736836132652
-0.109999999999999	4.75402925251025
-0.0899999999999994	4.71836037681406
-0.0699999999999994	4.69011351143182
-0.0499999999999994	4.66909449071245
-0.0299999999999994	4.65516021086653
-0.00999999999999938	4.64821645083564
0.0100000000000006	4.64821645083564
0.0300000000000006	4.65516021086653
0.0500000000000006	4.66909449071245
0.0700000000000006	4.69011351143181
0.0900000000000006	4.71836037681407
0.110000000000001	4.75402925251025
0.130000000000001	4.79736836132652
0.150000000000001	4.84868387639361
0.170000000000001	4.90834482062618
0.190000000000001	4.97678911231449
0.210000000000001	5.05453093439403
0.230000000000001	5.14216965087443
0.250000000000001	5.24040055059009
0.270000000000001	5.35002776913015
0.290000000000001	5.4719798288125
0.310000000000001	5.6073283495873
0.330000000000001	5.75731062842462
0.350000000000001	5.92335697136922
0.370000000000001	6.10712390507433
0.390000000000001	6.31053471255374
0.410000000000001	6.53582915787357
0.430000000000001	6.78562482399929
0.450000000000001	7.06299323998396
0.470000000000001	7.37155499381316
0.490000000000001	7.7155994248799
0.510000000000001	8.10023642518879
0.530000000000001	8.53159058786929
0.550000000000001	9.01705178105966
0.570000000000001	9.56560173648647
0.590000000000001	10.1882442634567
0.610000000000001	10.8985785498254
0.630000000000001	11.7135728062869
0.650000000000001	12.6546227057128
0.670000000000001	13.7490214391301
0.690000000000001	15.032035628988
0.710000000000001	16.5498911395553
0.730000000000001	18.364156302859
0.750000000000001	20.5583255839314
0.770000000000001	23.2479669335846
0.790000000000001	26.5968275219337
0.810000000000001	30.8432714979154
0.830000000000001	36.3454045658087
0.850000000000001	43.6617030517412
0.870000000000001	53.7031630159208
0.890000000000001	68.0400648529812
0.910000000000001	89.5734700153952
0.930000000000001	124.168038160677
0.950000000000001	185.218694536484
0.970000000000001	309.209487694292
0.990000000000001	627.674153553558
