# Program settings for SigmaNu
# Electroweak scheme and input parameters
# Scheme = Complex mass scheme
# alpha_GF = 0.00755898078237864
# Pole masses/widths for particles [GeV]
# mw = 80.35797361
# gw = 2.084298894
# mz = 91.15348062
# gz = 2.494266379
# s^2_thetaw (derived) = (0.222868505240788,-0.00110716741475141)
# charged leptons
# m_e = 0.0005109989461
# m_m = 0.10565837
# m_t = 1.77686
# quarks
# m_d = 0.05
# m_u = 0.05
# m_s = 0.2
# m_c = 1.51
# m_b = 4.92
# m_t = 173
# Ecms (default) = 3.11779

# channel_id = 1
# process  = nu_e nu_e -> nu_e nu_e
-0.99	0.0818577834029297
-0.97	0.0818577812145212
-0.95	0.0818577790707742
-0.93	0.0818577769716886
-0.91	0.0818577749172646
-0.89	0.081857772907502
-0.87	0.0818577709424008
-0.85	0.0818577690219611
-0.83	0.0818577671461829
-0.81	0.0818577653150662
-0.79	0.0818577635286108
-0.77	0.0818577617868169
-0.75	0.0818577600896845
-0.73	0.0818577584372134
-0.71	0.0818577568294039
-0.69	0.0818577552662557
-0.67	0.0818577537477689
-0.65	0.0818577522739436
-0.63	0.0818577508447797
-0.61	0.0818577494602772
-0.59	0.081857748120436
-0.57	0.0818577468252563
-0.55	0.081857745574738
-0.53	0.0818577443688811
-0.51	0.0818577432076856
-0.49	0.0818577420911514
-0.47	0.0818577410192787
-0.45	0.0818577399920673
-0.429999999999999	0.0818577390095174
-0.409999999999999	0.0818577380716287
-0.389999999999999	0.0818577371784015
-0.369999999999999	0.0818577363298356
-0.349999999999999	0.0818577355259311
-0.329999999999999	0.081857734766688
-0.309999999999999	0.0818577340521063
-0.289999999999999	0.0818577333821859
-0.269999999999999	0.081857732756927
-0.249999999999999	0.0818577321763293
-0.229999999999999	0.081857731640393
-0.209999999999999	0.0818577311491181
-0.189999999999999	0.0818577307025045
-0.169999999999999	0.0818577303005523
-0.149999999999999	0.0818577299432615
-0.129999999999999	0.081857729630632
-0.109999999999999	0.0818577293626639
-0.0899999999999994	0.0818577291393571
-0.0699999999999994	0.0818577289607117
-0.0499999999999994	0.0818577288267276
-0.0299999999999994	0.0818577287374049
-0.00999999999999938	0.0818577286927435
0.0100000000000006	0.0818577286927435
0.0300000000000006	0.0818577287374049
0.0500000000000006	0.0818577288267276
0.0700000000000006	0.0818577289607117
0.0900000000000006	0.0818577291393571
0.110000000000001	0.0818577293626639
0.130000000000001	0.081857729630632
0.150000000000001	0.0818577299432615
0.170000000000001	0.0818577303005523
0.190000000000001	0.0818577307025045
0.210000000000001	0.0818577311491181
0.230000000000001	0.081857731640393
0.250000000000001	0.0818577321763293
0.270000000000001	0.0818577327569269
0.290000000000001	0.0818577333821859
0.310000000000001	0.0818577340521063
0.330000000000001	0.0818577347666881
0.350000000000001	0.0818577355259311
0.370000000000001	0.0818577363298356
0.390000000000001	0.0818577371784015
0.410000000000001	0.0818577380716287
0.430000000000001	0.0818577390095173
0.450000000000001	0.0818577399920673
0.470000000000001	0.0818577410192787
0.490000000000001	0.0818577420911514
0.510000000000001	0.0818577432076856
0.530000000000001	0.0818577443688811
0.550000000000001	0.081857745574738
0.570000000000001	0.0818577468252563
0.590000000000001	0.081857748120436
0.610000000000001	0.0818577494602772
0.630000000000001	0.0818577508447797
0.650000000000001	0.0818577522739436
0.670000000000001	0.0818577537477689
0.690000000000001	0.0818577552662557
0.710000000000001	0.0818577568294039
0.730000000000001	0.0818577584372134
0.750000000000001	0.0818577600896845
0.770000000000001	0.0818577617868169
0.790000000000001	0.0818577635286108
0.810000000000001	0.0818577653150662
0.830000000000001	0.081857767146183
0.850000000000001	0.0818577690219611
0.870000000000001	0.0818577709424008
0.890000000000001	0.081857772907502
0.910000000000001	0.0818577749172646
0.930000000000001	0.0818577769716886
0.950000000000001	0.0818577790707742
0.970000000000001	0.0818577812145212
0.990000000000001	0.0818577834029297
