# Program settings for SigmaNu
# Electroweak scheme and input parameters
# Scheme = Complex mass scheme
# alpha_GF = 0.00755898078237864
# Pole masses/widths for particles [GeV]
# mw = 80.35797361
# gw = 2.084298894
# mz = 91.15348062
# gz = 2.494266379
# s^2_thetaw (derived) = (0.222868505240788,-0.00110716741475141)
# charged leptons
# m_e = 0.0005109989461
# m_m = 0.10565837
# m_t = 1.77686
# quarks
# m_d = 0.05
# m_u = 0.05
# m_s = 0.2
# m_c = 1.51
# m_b = 4.92
# m_t = 173
# Ecms (default) = 71.7197

# channel_id = 1
# process  = nu_e nu_e -> nu_e nu_e
-0.99	28.3074656537761
-0.97	28.1769410413292
-0.95	28.0499529923965
-0.93	27.9264400015525
-0.91	27.8063427060135
-0.89	27.6896038187841
-0.87	27.576168064744
-0.85	27.4659821195451
-0.83	27.3589945511959
-0.81	27.2551557642162
-0.79	27.1544179462524
-0.77	27.0567350170483
-0.75	26.9620625796739
-0.73	26.8703578739167
-0.71	26.7815797317491
-0.69	26.6956885347864
-0.67	26.6126461736573
-0.65	26.5324160092104
-0.63	26.4549628354875
-0.61	26.3802528443943
-0.59	26.3082535920071
-0.57	26.2389339664526
-0.55	26.1722641573068
-0.53	26.1082156264567
-0.51	26.0467610803752
-0.49	25.9878744437611
-0.47	25.9315308344984
-0.45	25.8777065398918
-0.429999999999999	25.8263789941393
-0.409999999999999	25.7775267570024
-0.389999999999999	25.7311294936394
-0.369999999999999	25.6871679555673
-0.349999999999999	25.6456239627205
-0.329999999999999	25.6064803865789
-0.309999999999999	25.5697211343341
-0.289999999999999	25.5353311340714
-0.269999999999999	25.503296320941
-0.249999999999999	25.4736036242983
-0.229999999999999	25.4462409557896
-0.209999999999999	25.4211971983677
-0.189999999999999	25.3984621962168
-0.169999999999999	25.3780267455721
-0.149999999999999	25.3598825864197
-0.129999999999999	25.344022395063
-0.109999999999999	25.3304397775441
-0.0899999999999994	25.3191292639102
-0.0699999999999994	25.3100863033151
-0.0499999999999994	25.3033072599493
-0.0299999999999994	25.2987894097916
-0.00999999999999938	25.2965309381767
0.0100000000000006	25.2965309381767
0.0300000000000006	25.2987894097916
0.0500000000000006	25.3033072599493
0.0700000000000006	25.3100863033151
0.0900000000000006	25.3191292639102
0.110000000000001	25.3304397775441
0.130000000000001	25.344022395063
0.150000000000001	25.3598825864197
0.170000000000001	25.3780267455721
0.190000000000001	25.3984621962168
0.210000000000001	25.4211971983678
0.230000000000001	25.4462409557896
0.250000000000001	25.4736036242983
0.270000000000001	25.5032963209411
0.290000000000001	25.5353311340714
0.310000000000001	25.5697211343341
0.330000000000001	25.606480386579
0.350000000000001	25.6456239627205
0.370000000000001	25.6871679555673
0.390000000000001	25.7311294936394
0.410000000000001	25.7775267570024
0.430000000000001	25.8263789941393
0.450000000000001	25.8777065398918
0.470000000000001	25.9315308344984
0.490000000000001	25.9878744437611
0.510000000000001	26.0467610803752
0.530000000000001	26.1082156264567
0.550000000000001	26.1722641573068
0.570000000000001	26.2389339664526
0.590000000000001	26.3082535920071
0.610000000000001	26.3802528443943
0.630000000000001	26.4549628354875
0.650000000000001	26.5324160092104
0.670000000000001	26.6126461736573
0.690000000000001	26.6956885347864
0.710000000000001	26.7815797317491
0.730000000000001	26.8703578739167
0.750000000000001	26.9620625796739
0.770000000000001	27.0567350170483
0.790000000000001	27.1544179462524
0.810000000000001	27.2551557642162
0.830000000000001	27.3589945511959
0.850000000000001	27.4659821195451
0.870000000000001	27.576168064744
0.890000000000001	27.6896038187841
0.910000000000001	27.8063427060136
0.930000000000001	27.9264400015525
0.950000000000001	28.0499529923965
0.970000000000001	28.1769410413292
0.990000000000001	28.3074656537761
