# Program settings for SigmaNu
# Electroweak scheme and input parameters
# Scheme = Complex mass scheme
# alpha_GF = 0.00755898078237864
# Pole masses/widths for particles [GeV]
# mw = 80.35797361
# gw = 2.084298894
# mz = 91.15348062
# gz = 2.494266379
# s^2_thetaw (derived) = (0.222868505240788,-0.00110716741475141)
# charged leptons
# m_e = 0.0005109989461
# m_m = 0.10565837
# m_t = 1.77686
# quarks
# m_d = 0.05
# m_u = 0.05
# m_s = 0.2
# m_c = 1.51
# m_b = 4.92
# m_t = 173
# Ecms (default) = 10305.8

# channel_id = 1
# process  = nu_e nu_e -> nu_e nu_e
-0.99	53.7111588834494
-0.97	6.21672711445913
-0.95	2.29367212937256
-0.93	1.19675061262358
-0.91	0.739933086516921
-0.89	0.506184202193497
-0.87	0.370370768959042
-0.85	0.284327647183529
-0.83	0.226282374253862
-0.81	0.185212227040779
-0.79	0.155044578034608
-0.77	0.132206986625523
-0.75	0.114484544027086
-0.73	0.100443672734292
-0.71	0.0891226060973737
-0.69	0.079856188035575
-0.67	0.0721722331510419
-0.65	0.0657278647784809
-0.63	0.0602691148870311
-0.61	0.0556045457235788
-0.59	0.0515875890026517
-0.57	0.0481044551460714
-0.55	0.0450656891804338
-0.53	0.042400166726127
-0.51	0.0400507551635877
-0.49	0.0379711316013067
-0.47	0.0361234176353336
-0.45	0.0344763994608184
-0.429999999999999	0.0330041732411814
-0.409999999999999	0.0316851033412931
-0.389999999999999	0.030501013435228
-0.369999999999999	0.0294365528381403
-0.349999999999999	0.0284786960233296
-0.329999999999999	0.0276163443347899
-0.309999999999999	0.0268400068187306
-0.289999999999999	0.0261415428278813
-0.269999999999999	0.0255139532453253
-0.249999999999999	0.0249512102728613
-0.229999999999999	0.0244481180396406
-0.209999999999999	0.024000198025611
-0.189999999999999	0.0236035946139391
-0.169999999999999	0.0232549970965244
-0.149999999999999	0.0229515752361041
-0.129999999999999	0.0226909260950185
-0.109999999999999	0.0224710303170165
-0.0899999999999994	0.0222902164261413
-0.0699999999999994	0.0221471320095085
-0.0499999999999994	0.0220407208966938
-0.0299999999999994	0.0219702056513491
-0.00999999999999938	0.0219350748614018
0.0100000000000006	0.0219350748614018
0.0300000000000006	0.0219702056513491
0.0500000000000006	0.0220407208966938
0.0700000000000006	0.0221471320095085
0.0900000000000006	0.0222902164261413
0.110000000000001	0.0224710303170165
0.130000000000001	0.0226909260950185
0.150000000000001	0.0229515752361041
0.170000000000001	0.0232549970965244
0.190000000000001	0.0236035946139391
0.210000000000001	0.024000198025611
0.230000000000001	0.0244481180396406
0.250000000000001	0.0249512102728614
0.270000000000001	0.0255139532453253
0.290000000000001	0.0261415428278813
0.310000000000001	0.0268400068187306
0.330000000000001	0.0276163443347899
0.350000000000001	0.0284786960233297
0.370000000000001	0.0294365528381403
0.390000000000001	0.0305010134352281
0.410000000000001	0.0316851033412931
0.430000000000001	0.0330041732411815
0.450000000000001	0.0344763994608185
0.470000000000001	0.0361234176353337
0.490000000000001	0.0379711316013068
0.510000000000001	0.0400507551635878
0.530000000000001	0.0424001667261271
0.550000000000001	0.045065689180434
0.570000000000001	0.0481044551460716
0.590000000000001	0.0515875890026519
0.610000000000001	0.055604545723579
0.630000000000001	0.0602691148870314
0.650000000000001	0.0657278647784812
0.670000000000001	0.0721722331510423
0.690000000000001	0.0798561880355755
0.710000000000001	0.0891226060973743
0.730000000000001	0.100443672734293
0.750000000000001	0.114484544027087
0.770000000000001	0.132206986625525
0.790000000000001	0.155044578034609
0.810000000000001	0.185212227040781
0.830000000000001	0.226282374253865
0.850000000000001	0.284327647183533
0.870000000000001	0.370370768959048
0.890000000000001	0.506184202193507
0.910000000000001	0.739933086516939
0.930000000000001	1.19675061262362
0.950000000000001	2.29367212937267
0.970000000000001	6.21672711445962
0.990000000000001	53.7111588834622
