# Program settings for SigmaNu
# Electroweak scheme and input parameters
# Scheme = Complex mass scheme
# alpha_GF = 0.00755898078237864
# Pole masses/widths for particles [GeV]
# mw = 80.35797361
# gw = 2.084298894
# mz = 91.15348062
# gz = 2.494266379
# s^2_thetaw (derived) = (0.222868505240788,-0.00110716741475141)
# charged leptons
# m_e = 0.0005109989461
# m_m = 0.10565837
# m_t = 1.77686
# quarks
# m_d = 0.05
# m_u = 0.05
# m_s = 0.2
# m_c = 1.51
# m_b = 4.92
# m_t = 173
# Ecms (default) = 0.327025

# channel_id = 1
# process  = nu_e nu_e -> nu_e nu_e
-0.99	0.000901633095424848
-0.97	0.000901633095421927
-0.95	0.000901633095419065
-0.93	0.000901633095416263
-0.91	0.000901633095413521
-0.89	0.000901633095410839
-0.87	0.000901633095408216
-0.85	0.000901633095405652
-0.83	0.000901633095403149
-0.81	0.000901633095400705
-0.79	0.00090163309539832
-0.77	0.000901633095395995
-0.75	0.00090163309539373
-0.73	0.000901633095391524
-0.71	0.000901633095389378
-0.69	0.000901633095387292
-0.67	0.000901633095385265
-0.65	0.000901633095383298
-0.63	0.00090163309538139
-0.61	0.000901633095379542
-0.59	0.000901633095377754
-0.57	0.000901633095376025
-0.55	0.000901633095374356
-0.53	0.000901633095372746
-0.51	0.000901633095371196
-0.49	0.000901633095369706
-0.47	0.000901633095368275
-0.45	0.000901633095366904
-0.429999999999999	0.000901633095365592
-0.409999999999999	0.000901633095364341
-0.389999999999999	0.000901633095363148
-0.369999999999999	0.000901633095362016
-0.349999999999999	0.000901633095360943
-0.329999999999999	0.000901633095359929
-0.309999999999999	0.000901633095358975
-0.289999999999999	0.000901633095358081
-0.269999999999999	0.000901633095357247
-0.249999999999999	0.000901633095356472
-0.229999999999999	0.000901633095355757
-0.209999999999999	0.000901633095355101
-0.189999999999999	0.000901633095354504
-0.169999999999999	0.000901633095353968
-0.149999999999999	0.000901633095353491
-0.129999999999999	0.000901633095353074
-0.109999999999999	0.000901633095352716
-0.0899999999999994	0.000901633095352418
-0.0699999999999994	0.00090163309535218
-0.0499999999999994	0.000901633095352001
-0.0299999999999994	0.000901633095351881
-0.00999999999999938	0.000901633095351822
0.0100000000000006	0.000901633095351822
0.0300000000000006	0.000901633095351881
0.0500000000000006	0.000901633095352001
0.0700000000000006	0.00090163309535218
0.0900000000000006	0.000901633095352418
0.110000000000001	0.000901633095352716
0.130000000000001	0.000901633095353074
0.150000000000001	0.000901633095353491
0.170000000000001	0.000901633095353968
0.190000000000001	0.000901633095354504
0.210000000000001	0.000901633095355101
0.230000000000001	0.000901633095355757
0.250000000000001	0.000901633095356472
0.270000000000001	0.000901633095357247
0.290000000000001	0.000901633095358081
0.310000000000001	0.000901633095358975
0.330000000000001	0.000901633095359929
0.350000000000001	0.000901633095360943
0.370000000000001	0.000901633095362016
0.390000000000001	0.000901633095363148
0.410000000000001	0.000901633095364341
0.430000000000001	0.000901633095365592
0.450000000000001	0.000901633095366904
0.470000000000001	0.000901633095368275
0.490000000000001	0.000901633095369706
0.510000000000001	0.000901633095371196
0.530000000000001	0.000901633095372746
0.550000000000001	0.000901633095374356
0.570000000000001	0.000901633095376025
0.590000000000001	0.000901633095377754
0.610000000000001	0.000901633095379542
0.630000000000001	0.00090163309538139
0.650000000000001	0.000901633095383298
0.670000000000001	0.000901633095385265
0.690000000000001	0.000901633095387292
0.710000000000001	0.000901633095389378
0.730000000000001	0.000901633095391524
0.750000000000001	0.00090163309539373
0.770000000000001	0.000901633095395995
0.790000000000001	0.00090163309539832
0.810000000000001	0.000901633095400705
0.830000000000001	0.000901633095403149
0.850000000000001	0.000901633095405652
0.870000000000001	0.000901633095408216
0.890000000000001	0.000901633095410839
0.910000000000001	0.000901633095413522
0.930000000000001	0.000901633095416263
0.950000000000001	0.000901633095419065
0.970000000000001	0.000901633095421927
0.990000000000001	0.000901633095424848
