# Program settings for SigmaNu
# Electroweak scheme and input parameters
# Scheme = Complex mass scheme
# alpha_GF = 0.00755898078237864
# Pole masses/widths for particles [GeV]
# mw = 80.35797361
# gw = 2.084298894
# mz = 91.15348062
# gz = 2.494266379
# s^2_thetaw (derived) = (0.222868505240788,-0.00110716741475141)
# charged leptons
# m_e = 0.0005109989461
# m_m = 0.10565837
# m_t = 1.77686
# quarks
# m_d = 0.05
# m_u = 0.05
# m_s = 0.2
# m_c = 1.51
# m_b = 4.92
# m_t = 173
# Ecms (default) = 192.339

# channel_id = 1
# process  = nu_e nu_e -> nu_e nu_e
-0.99	105.361176460344
-0.97	98.3620155464655
-0.95	92.1605185995691
-0.93	86.6394177716716
-0.91	81.7024630453301
-0.89	77.2700439598422
-0.87	73.275842058842
-0.85	69.664245438642
-0.83	66.388333109077
-0.81	63.4082898362664
-0.79	60.6901493617371
-0.77	58.2047903793401
-0.75	55.9271287133771
-0.73	53.8354630063612
-0.71	51.9109414107725
-0.69	50.1371243326263
-0.67	48.4996239255584
-0.65	46.985805296919
-0.63	45.5845376283538
-0.61	44.2859858958108
-0.59	43.0814357887952
-0.57	41.9631459156443
-0.55	40.9242225436018
-0.53	39.9585130360292
-0.51	39.0605148714698
-0.49	38.2252977036348
-0.47	37.4484363804357
-0.45	36.7259532089486
-0.429999999999999	36.0542680508461
-0.409999999999999	35.4301550742092
-0.389999999999999	34.8507051842381
-0.369999999999999	34.3132933162314
-0.349999999999999	33.8155499063324
-0.329999999999999	33.3553359645369
-0.309999999999999	32.9307212647234
-0.289999999999999	32.5399652415151
-0.269999999999999	32.1815002464294
-0.249999999999999	31.8539168682677
-0.229999999999999	31.5559510668688
-0.209999999999999	31.2864729066697
-0.189999999999999	31.0444767081841
-0.169999999999999	30.829072462513
-0.149999999999999	30.6394783771367
-0.129999999999999	30.4750144411844
-0.109999999999999	30.3350969156723
-0.0899999999999994	30.2192336693223
-0.0699999999999994	30.1270202938968
-0.0499999999999994	30.0581369448506
-0.0299999999999994	30.012345863781
-0.00999999999999938	29.9894895489164
0.0100000000000006	29.9894895489164
0.0300000000000006	30.012345863781
0.0500000000000006	30.0581369448506
0.0700000000000006	30.1270202938968
0.0900000000000006	30.2192336693223
0.110000000000001	30.3350969156723
0.130000000000001	30.4750144411844
0.150000000000001	30.6394783771367
0.170000000000001	30.829072462513
0.190000000000001	31.0444767081842
0.210000000000001	31.2864729066697
0.230000000000001	31.5559510668688
0.250000000000001	31.8539168682677
0.270000000000001	32.1815002464295
0.290000000000001	32.5399652415151
0.310000000000001	32.9307212647234
0.330000000000001	33.3553359645369
0.350000000000001	33.8155499063324
0.370000000000001	34.3132933162315
0.390000000000001	34.8507051842381
0.410000000000001	35.4301550742092
0.430000000000001	36.0542680508462
0.450000000000001	36.7259532089486
0.470000000000001	37.4484363804357
0.490000000000001	38.2252977036348
0.510000000000001	39.0605148714698
0.530000000000001	39.9585130360292
0.550000000000001	40.9242225436019
0.570000000000001	41.9631459156443
0.590000000000001	43.0814357887953
0.610000000000001	44.2859858958109
0.630000000000001	45.5845376283538
0.650000000000001	46.9858052969192
0.670000000000001	48.4996239255585
0.690000000000001	50.1371243326264
0.710000000000001	51.9109414107725
0.730000000000001	53.8354630063613
0.750000000000001	55.9271287133773
0.770000000000001	58.2047903793403
0.790000000000001	60.6901493617372
0.810000000000001	63.4082898362666
0.830000000000001	66.3883331090772
0.850000000000001	69.6642454386423
0.870000000000001	73.2758420588422
0.890000000000001	77.2700439598425
0.910000000000001	81.7024630453304
0.930000000000001	86.6394177716719
0.950000000000001	92.1605185995695
0.970000000000001	98.3620155464658
0.990000000000001	105.361176460344
