# Program settings for SigmaNu
# Electroweak scheme and input parameters
# Scheme = Complex mass scheme
# alpha_GF = 0.00755898078237864
# Pole masses/widths for particles [GeV]
# mw = 80.35797361
# gw = 2.084298894
# mz = 91.15348062
# gz = 2.494266379
# s^2_thetaw (derived) = (0.222868505240788,-0.00110716741475141)
# charged leptons
# m_e = 0.0005109989461
# m_m = 0.10565837
# m_t = 1.77686
# quarks
# m_d = 0.05
# m_u = 0.05
# m_s = 0.2
# m_c = 1.51
# m_b = 4.92
# m_t = 173
# Ecms (default) = 0.338752

# channel_id = 1
# process  = nu_e nu_e -> nu_e nu_e
-0.99	0.00096745609291663
-0.97	0.000967456092913022
-0.95	0.000967456092909487
-0.93	0.000967456092906026
-0.91	0.000967456092902638
-0.89	0.000967456092899324
-0.87	0.000967456092896084
-0.85	0.000967456092892916
-0.83	0.000967456092889824
-0.81	0.000967456092886804
-0.79	0.000967456092883858
-0.77	0.000967456092880986
-0.75	0.000967456092878187
-0.73	0.000967456092875463
-0.71	0.000967456092872811
-0.69	0.000967456092870234
-0.67	0.00096745609286773
-0.65	0.0009674560928653
-0.63	0.000967456092862943
-0.61	0.00096745609286066
-0.59	0.000967456092858451
-0.57	0.000967456092856315
-0.55	0.000967456092854253
-0.53	0.000967456092852264
-0.51	0.000967456092850349
-0.49	0.000967456092848509
-0.47	0.000967456092846741
-0.45	0.000967456092845047
-0.429999999999999	0.000967456092843427
-0.409999999999999	0.000967456092841881
-0.389999999999999	0.000967456092840408
-0.369999999999999	0.000967456092839009
-0.349999999999999	0.000967456092837683
-0.329999999999999	0.000967456092836431
-0.309999999999999	0.000967456092835253
-0.289999999999999	0.000967456092834148
-0.269999999999999	0.000967456092833117
-0.249999999999999	0.000967456092832159
-0.229999999999999	0.000967456092831276
-0.209999999999999	0.000967456092830465
-0.189999999999999	0.000967456092829729
-0.169999999999999	0.000967456092829067
-0.149999999999999	0.000967456092828478
-0.129999999999999	0.000967456092827962
-0.109999999999999	0.00096745609282752
-0.0899999999999994	0.000967456092827152
-0.0699999999999994	0.000967456092826857
-0.0499999999999994	0.000967456092826636
-0.0299999999999994	0.000967456092826489
-0.00999999999999938	0.000967456092826415
0.0100000000000006	0.000967456092826415
0.0300000000000006	0.000967456092826489
0.0500000000000006	0.000967456092826636
0.0700000000000006	0.000967456092826857
0.0900000000000006	0.000967456092827152
0.110000000000001	0.00096745609282752
0.130000000000001	0.000967456092827962
0.150000000000001	0.000967456092828478
0.170000000000001	0.000967456092829066
0.190000000000001	0.000967456092829729
0.210000000000001	0.000967456092830465
0.230000000000001	0.000967456092831276
0.250000000000001	0.000967456092832159
0.270000000000001	0.000967456092833116
0.290000000000001	0.000967456092834148
0.310000000000001	0.000967456092835253
0.330000000000001	0.000967456092836431
0.350000000000001	0.000967456092837683
0.370000000000001	0.000967456092839009
0.390000000000001	0.000967456092840408
0.410000000000001	0.000967456092841881
0.430000000000001	0.000967456092843427
0.450000000000001	0.000967456092845047
0.470000000000001	0.000967456092846741
0.490000000000001	0.000967456092848509
0.510000000000001	0.000967456092850349
0.530000000000001	0.000967456092852264
0.550000000000001	0.000967456092854253
0.570000000000001	0.000967456092856315
0.590000000000001	0.000967456092858451
0.610000000000001	0.00096745609286066
0.630000000000001	0.000967456092862943
0.650000000000001	0.0009674560928653
0.670000000000001	0.00096745609286773
0.690000000000001	0.000967456092870234
0.710000000000001	0.000967456092872811
0.730000000000001	0.000967456092875463
0.750000000000001	0.000967456092878187
0.770000000000001	0.000967456092880986
0.790000000000001	0.000967456092883858
0.810000000000001	0.000967456092886804
0.830000000000001	0.000967456092889824
0.850000000000001	0.000967456092892916
0.870000000000001	0.000967456092896084
0.890000000000001	0.000967456092899324
0.910000000000001	0.000967456092902638
0.930000000000001	0.000967456092906026
0.950000000000001	0.000967456092909487
0.970000000000001	0.000967456092913022
0.990000000000001	0.00096745609291663
