# Program settings for SigmaNu
# Electroweak scheme and input parameters
# Scheme = Complex mass scheme
# alpha_GF = 0.00755898078237864
# Pole masses/widths for particles [GeV]
# mw = 80.35797361
# gw = 2.084298894
# mz = 91.15348062
# gz = 2.494266379
# s^2_thetaw (derived) = (0.222868505240788,-0.00110716741475141)
# charged leptons
# m_e = 0.0005109989461
# m_m = 0.10565837
# m_t = 1.77686
# quarks
# m_d = 0.05
# m_u = 0.05
# m_s = 0.2
# m_c = 1.51
# m_b = 4.92
# m_t = 173
# Ecms (default) = 60.1358

# channel_id = 1
# process  = nu_e nu_e -> nu_e nu_e
-0.99	21.9183924834399
-0.97	21.8619313742064
-0.95	21.8068336470873
-0.93	21.7530852256845
-0.91	21.7006724388016
-0.89	21.6495820124604
-0.87	21.5998010621924
-0.85	21.5513170855975
-0.83	21.5041179551614
-0.81	21.458191911325
-0.79	21.4135275557992
-0.77	21.3701138451162
-0.75	21.3279400844133
-0.73	21.286995921441
-0.71	21.247271340791
-0.69	21.2087566583368
-0.67	21.1714425158823
-0.65	21.1353198760132
-0.63	21.1003800171456
-0.61	21.0666145287679
-0.59	21.0340153068695
-0.57	21.0025745495549
-0.55	20.9722847528355
-0.53	20.9431387065981
-0.51	20.9151294907447
-0.49	20.8882504714993
-0.47	20.8624952978806
-0.45	20.8378578983351
-0.429999999999999	20.8143324775274
-0.409999999999999	20.7919135132873
-0.389999999999999	20.7705957537071
-0.369999999999999	20.7503742143899
-0.349999999999999	20.7312441758438
-0.329999999999999	20.7132011810209
-0.309999999999999	20.6962410329991
-0.289999999999999	20.6803597928028
-0.269999999999999	20.6655537773633
-0.249999999999999	20.6518195576141
-0.229999999999999	20.6391539567217
-0.209999999999999	20.6275540484486
-0.189999999999999	20.6170171556489
-0.169999999999999	20.6075408488926
-0.149999999999999	20.5991229452199
-0.129999999999999	20.5917615070228
-0.109999999999999	20.5854548410535
-0.0899999999999994	20.5802014975586
-0.0699999999999994	20.5760002695389
-0.0499999999999994	20.5728501921328
-0.0299999999999994	20.5707505421244
-0.00999999999999938	20.5697008375742
0.0100000000000006	20.5697008375742
0.0300000000000006	20.5707505421244
0.0500000000000006	20.5728501921328
0.0700000000000006	20.5760002695389
0.0900000000000006	20.5802014975586
0.110000000000001	20.5854548410535
0.130000000000001	20.5917615070228
0.150000000000001	20.5991229452199
0.170000000000001	20.6075408488926
0.190000000000001	20.6170171556489
0.210000000000001	20.6275540484487
0.230000000000001	20.6391539567217
0.250000000000001	20.6518195576141
0.270000000000001	20.6655537773633
0.290000000000001	20.6803597928028
0.310000000000001	20.6962410329991
0.330000000000001	20.7132011810209
0.350000000000001	20.7312441758438
0.370000000000001	20.7503742143899
0.390000000000001	20.7705957537071
0.410000000000001	20.7919135132873
0.430000000000001	20.8143324775274
0.450000000000001	20.8378578983351
0.470000000000001	20.8624952978807
0.490000000000001	20.8882504714993
0.510000000000001	20.9151294907447
0.530000000000001	20.9431387065981
0.550000000000001	20.9722847528355
0.570000000000001	21.0025745495549
0.590000000000001	21.0340153068696
0.610000000000001	21.0666145287679
0.630000000000001	21.1003800171456
0.650000000000001	21.1353198760132
0.670000000000001	21.1714425158823
0.690000000000001	21.2087566583368
0.710000000000001	21.247271340791
0.730000000000001	21.286995921441
0.750000000000001	21.3279400844133
0.770000000000001	21.3701138451162
0.790000000000001	21.4135275557992
0.810000000000001	21.458191911325
0.830000000000001	21.5041179551614
0.850000000000001	21.5513170855975
0.870000000000001	21.5998010621924
0.890000000000001	21.6495820124604
0.910000000000001	21.7006724388016
0.930000000000001	21.7530852256845
0.950000000000001	21.8068336470873
0.970000000000001	21.8619313742064
0.990000000000001	21.9183924834399
