# Program settings for SigmaNu
# Electroweak scheme and input parameters
# Scheme = Complex mass scheme
# alpha_GF = 0.00755898078237864
# Pole masses/widths for particles [GeV]
# mw = 80.35797361
# gw = 2.084298894
# mz = 91.15348062
# gz = 2.494266379
# s^2_thetaw (derived) = (0.222868505240788,-0.00110716741475141)
# charged leptons
# m_e = 0.0005109989461
# m_m = 0.10565837
# m_t = 1.77686
# quarks
# m_d = 0.05
# m_u = 0.05
# m_s = 0.2
# m_c = 1.51
# m_b = 4.92
# m_t = 173
# Ecms (default) = 0.284038

# channel_id = 1
# process  = nu_e nu_e -> nu_e nu_e
-0.99	0.000680177403303362
-0.97	0.000680177403302108
-0.95	0.00068017740330088
-0.93	0.000680177403299677
-0.91	0.0006801774032985
-0.89	0.000680177403297348
-0.87	0.000680177403296222
-0.85	0.000680177403295121
-0.83	0.000680177403294047
-0.81	0.000680177403292997
-0.79	0.000680177403291974
-0.77	0.000680177403290975
-0.75	0.000680177403290003
-0.73	0.000680177403289056
-0.71	0.000680177403288135
-0.69	0.000680177403287239
-0.67	0.000680177403286369
-0.65	0.000680177403285524
-0.63	0.000680177403284705
-0.61	0.000680177403283912
-0.59	0.000680177403283144
-0.57	0.000680177403282402
-0.55	0.000680177403281685
-0.53	0.000680177403280994
-0.51	0.000680177403280329
-0.49	0.000680177403279689
-0.47	0.000680177403279075
-0.45	0.000680177403278486
-0.429999999999999	0.000680177403277923
-0.409999999999999	0.000680177403277386
-0.389999999999999	0.000680177403276874
-0.369999999999999	0.000680177403276388
-0.349999999999999	0.000680177403275927
-0.329999999999999	0.000680177403275492
-0.309999999999999	0.000680177403275082
-0.289999999999999	0.000680177403274698
-0.269999999999999	0.00068017740327434
-0.249999999999999	0.000680177403274008
-0.229999999999999	0.0006801774032737
-0.209999999999999	0.000680177403273419
-0.189999999999999	0.000680177403273163
-0.169999999999999	0.000680177403272933
-0.149999999999999	0.000680177403272728
-0.129999999999999	0.000680177403272549
-0.109999999999999	0.000680177403272395
-0.0899999999999994	0.000680177403272267
-0.0699999999999994	0.000680177403272165
-0.0499999999999994	0.000680177403272088
-0.0299999999999994	0.000680177403272037
-0.00999999999999938	0.000680177403272011
0.0100000000000006	0.000680177403272011
0.0300000000000006	0.000680177403272037
0.0500000000000006	0.000680177403272088
0.0700000000000006	0.000680177403272165
0.0900000000000006	0.000680177403272267
0.110000000000001	0.000680177403272395
0.130000000000001	0.000680177403272549
0.150000000000001	0.000680177403272728
0.170000000000001	0.000680177403272933
0.190000000000001	0.000680177403273163
0.210000000000001	0.000680177403273419
0.230000000000001	0.0006801774032737
0.250000000000001	0.000680177403274007
0.270000000000001	0.00068017740327434
0.290000000000001	0.000680177403274698
0.310000000000001	0.000680177403275082
0.330000000000001	0.000680177403275492
0.350000000000001	0.000680177403275927
0.370000000000001	0.000680177403276388
0.390000000000001	0.000680177403276874
0.410000000000001	0.000680177403277386
0.430000000000001	0.000680177403277923
0.450000000000001	0.000680177403278486
0.470000000000001	0.000680177403279075
0.490000000000001	0.000680177403279689
0.510000000000001	0.000680177403280329
0.530000000000001	0.000680177403280994
0.550000000000001	0.000680177403281685
0.570000000000001	0.000680177403282402
0.590000000000001	0.000680177403283144
0.610000000000001	0.000680177403283912
0.630000000000001	0.000680177403284705
0.650000000000001	0.000680177403285524
0.670000000000001	0.000680177403286369
0.690000000000001	0.000680177403287239
0.710000000000001	0.000680177403288135
0.730000000000001	0.000680177403289056
0.750000000000001	0.000680177403290003
0.770000000000001	0.000680177403290975
0.790000000000001	0.000680177403291974
0.810000000000001	0.000680177403292997
0.830000000000001	0.000680177403294046
0.850000000000001	0.000680177403295121
0.870000000000001	0.000680177403296222
0.890000000000001	0.000680177403297348
0.910000000000001	0.0006801774032985
0.930000000000001	0.000680177403299677
0.950000000000001	0.00068017740330088
0.970000000000001	0.000680177403302108
0.990000000000001	0.000680177403303362
