# Program settings for SigmaNu
# Electroweak scheme and input parameters
# Scheme = Complex mass scheme
# alpha_GF = 0.00755898078237864
# Pole masses/widths for particles [GeV]
# mw = 80.35797361
# gw = 2.084298894
# mz = 91.15348062
# gz = 2.494266379
# s^2_thetaw (derived) = (0.222868505240788,-0.00110716741475141)
# charged leptons
# m_e = 0.0005109989461
# m_m = 0.10565837
# m_t = 1.77686
# quarks
# m_d = 0.05
# m_u = 0.05
# m_s = 0.2
# m_c = 1.51
# m_b = 4.92
# m_t = 173
# Ecms (default) = 19431.3

# channel_id = 1
# process  = nu_e nu_e -> nu_e nu_e
-0.99	15.4470759145661
-0.97	1.7616449940322
-0.95	0.648026911034651
-0.93	0.337683356219901
-0.91	0.208636210238419
-0.89	0.142662372880164
-0.87	0.104352230070414
-0.85	0.0800911727104326
-0.83	0.0637294770040971
-0.81	0.0521554214693092
-0.79	0.0436554110159073
-0.77	0.037221692181768
-0.75	0.0322296248865642
-0.73	0.0282750058551853
-0.71	0.0250867109661873
-0.69	0.0224772608029013
-0.67	0.020313584332299
-0.65	0.0184990636931031
-0.63	0.0169621416982464
-0.61	0.0156488844671864
-0.59	0.0145180026266676
-0.57	0.0135374431792494
-0.55	0.0126820095401067
-0.53	0.0119316694731827
-0.51	0.0112703324171885
-0.49	0.0106849528665365
-0.47	0.0101648639522564
-0.45	0.00970127598213295
-0.429999999999999	0.00928689481476039
-0.409999999999999	0.00891562838999739
-0.389999999999999	0.00858235887290753
-0.369999999999999	0.00828276416502846
-0.349999999999999	0.00801317693696059
-0.329999999999999	0.00777047245030335
-0.309999999999999	0.00755197866702754
-0.289999999999999	0.00735540375916575
-0.269999999999999	0.0071787773132003
-0.249999999999999	0.00702040239651462
-0.229999999999999	0.00687881630433695
-0.209999999999999	0.00675275829548998
-0.189999999999999	0.00664114299704007
-0.169999999999999	0.00654303844245631
-0.149999999999999	0.00645764792744552
-0.129999999999999	0.00638429503849706
-0.109999999999999	0.00632241134333854
-0.0899999999999994	0.00627152633888096
-0.0699999999999994	0.00623125933751086
-0.0499999999999994	0.00620131304184656
-0.0299999999999994	0.00618146861522207
-0.00999999999999938	0.00617158210324671
0.0100000000000006	0.00617158210324671
0.0300000000000006	0.00618146861522207
0.0500000000000006	0.00620131304184657
0.0700000000000006	0.00623125933751087
0.0900000000000006	0.00627152633888096
0.110000000000001	0.00632241134333854
0.130000000000001	0.00638429503849706
0.150000000000001	0.00645764792744552
0.170000000000001	0.00654303844245632
0.190000000000001	0.00664114299704008
0.210000000000001	0.00675275829548999
0.230000000000001	0.00687881630433696
0.250000000000001	0.00702040239651463
0.270000000000001	0.00717877731320031
0.290000000000001	0.00735540375916576
0.310000000000001	0.00755197866702755
0.330000000000001	0.00777047245030337
0.350000000000001	0.00801317693696061
0.370000000000001	0.00828276416502848
0.390000000000001	0.00858235887290755
0.410000000000001	0.00891562838999741
0.430000000000001	0.00928689481476042
0.450000000000001	0.00970127598213297
0.470000000000001	0.0101648639522564
0.490000000000001	0.0106849528665366
0.510000000000001	0.0112703324171885
0.530000000000001	0.0119316694731828
0.550000000000001	0.0126820095401068
0.570000000000001	0.0135374431792494
0.590000000000001	0.0145180026266676
0.610000000000001	0.0156488844671865
0.630000000000001	0.0169621416982465
0.650000000000001	0.0184990636931032
0.670000000000001	0.0203135843322991
0.690000000000001	0.0224772608029014
0.710000000000001	0.0250867109661875
0.730000000000001	0.0282750058551856
0.750000000000001	0.0322296248865645
0.770000000000001	0.0372216921817684
0.790000000000001	0.0436554110159078
0.810000000000001	0.0521554214693098
0.830000000000001	0.0637294770040978
0.850000000000001	0.0800911727104339
0.870000000000001	0.104352230070416
0.890000000000001	0.142662372880167
0.910000000000001	0.208636210238425
0.930000000000001	0.337683356219913
0.950000000000001	0.648026911034685
0.970000000000001	1.76164499403235
0.990000000000001	15.4470759145693
