# Program settings for SigmaNu
# Electroweak scheme and input parameters
# Scheme = Complex mass scheme
# alpha_GF = 0.00755898078237864
# Pole masses/widths for particles [GeV]
# mw = 80.35797361
# gw = 2.084298894
# mz = 91.15348062
# gz = 2.494266379
# s^2_thetaw (derived) = (0.222868505240788,-0.00110716741475141)
# charged leptons
# m_e = 0.0005109989461
# m_m = 0.10565837
# m_t = 1.77686
# quarks
# m_d = 0.05
# m_u = 0.05
# m_s = 0.2
# m_c = 1.51
# m_b = 4.92
# m_t = 173
# Ecms (default) = 0.595248

# channel_id = 1
# process  = nu_e nu_e -> nu_e nu_e
-0.99	0.00298710786971278
-0.97	0.00298710786960657
-0.95	0.00298710786950251
-0.93	0.00298710786940063
-0.91	0.00298710786930091
-0.89	0.00298710786920336
-0.87	0.00298710786910798
-0.85	0.00298710786901476
-0.83	0.00298710786892371
-0.81	0.00298710786883483
-0.79	0.00298710786874812
-0.77	0.00298710786866358
-0.75	0.0029871078685812
-0.73	0.002987107868501
-0.71	0.00298710786842295
-0.69	0.00298710786834708
-0.67	0.00298710786827338
-0.65	0.00298710786820184
-0.63	0.00298710786813247
-0.61	0.00298710786806527
-0.59	0.00298710786800024
-0.57	0.00298710786793737
-0.55	0.00298710786787667
-0.53	0.00298710786781814
-0.51	0.00298710786776178
-0.49	0.00298710786770759
-0.47	0.00298710786765556
-0.45	0.0029871078676057
-0.429999999999999	0.00298710786755801
-0.409999999999999	0.00298710786751248
-0.389999999999999	0.00298710786746913
-0.369999999999999	0.00298710786742794
-0.349999999999999	0.00298710786738892
-0.329999999999999	0.00298710786735207
-0.309999999999999	0.00298710786731739
-0.289999999999999	0.00298710786728487
-0.269999999999999	0.00298710786725452
-0.249999999999999	0.00298710786722634
-0.229999999999999	0.00298710786720032
-0.209999999999999	0.00298710786717648
-0.189999999999999	0.0029871078671548
-0.169999999999999	0.00298710786713529
-0.149999999999999	0.00298710786711795
-0.129999999999999	0.00298710786710278
-0.109999999999999	0.00298710786708977
-0.0899999999999994	0.00298710786707893
-0.0699999999999994	0.00298710786707026
-0.0499999999999994	0.00298710786706375
-0.0299999999999994	0.00298710786705942
-0.00999999999999938	0.00298710786705725
0.0100000000000006	0.00298710786705725
0.0300000000000006	0.00298710786705942
0.0500000000000006	0.00298710786706376
0.0700000000000006	0.00298710786707026
0.0900000000000006	0.00298710786707893
0.110000000000001	0.00298710786708977
0.130000000000001	0.00298710786710278
0.150000000000001	0.00298710786711795
0.170000000000001	0.00298710786713529
0.190000000000001	0.0029871078671548
0.210000000000001	0.00298710786717648
0.230000000000001	0.00298710786720033
0.250000000000001	0.00298710786722634
0.270000000000001	0.00298710786725452
0.290000000000001	0.00298710786728487
0.310000000000001	0.00298710786731739
0.330000000000001	0.00298710786735207
0.350000000000001	0.00298710786738892
0.370000000000001	0.00298710786742794
0.390000000000001	0.00298710786746913
0.410000000000001	0.00298710786751248
0.430000000000001	0.00298710786755801
0.450000000000001	0.0029871078676057
0.470000000000001	0.00298710786765556
0.490000000000001	0.00298710786770759
0.510000000000001	0.00298710786776178
0.530000000000001	0.00298710786781814
0.550000000000001	0.00298710786787667
0.570000000000001	0.00298710786793737
0.590000000000001	0.00298710786800024
0.610000000000001	0.00298710786806527
0.630000000000001	0.00298710786813247
0.650000000000001	0.00298710786820184
0.670000000000001	0.00298710786827338
0.690000000000001	0.00298710786834708
0.710000000000001	0.00298710786842296
0.730000000000001	0.00298710786850099
0.750000000000001	0.0029871078685812
0.770000000000001	0.00298710786866358
0.790000000000001	0.00298710786874812
0.810000000000001	0.00298710786883483
0.830000000000001	0.00298710786892371
0.850000000000001	0.00298710786901476
0.870000000000001	0.00298710786910797
0.890000000000001	0.00298710786920336
0.910000000000001	0.00298710786930091
0.930000000000001	0.00298710786940063
0.950000000000001	0.00298710786950251
0.970000000000001	0.00298710786960657
0.990000000000001	0.00298710786971278
