# Program settings for SigmaNu
# Electroweak scheme and input parameters
# Scheme = Complex mass scheme
# alpha_GF = 0.00755898078237864
# Pole masses/widths for particles [GeV]
# mw = 80.35797361
# gw = 2.084298894
# mz = 91.15348062
# gz = 2.494266379
# s^2_thetaw (derived) = (0.222868505240788,-0.00110716741475141)
# charged leptons
# m_e = 0.0005109989461
# m_m = 0.10565837
# m_t = 1.77686
# quarks
# m_d = 0.05
# m_u = 0.05
# m_s = 0.2
# m_c = 1.51
# m_b = 4.92
# m_t = 173
# Ecms (default) = 2346.61

# channel_id = 1
# process  = nu_e nu_e -> nu_e nu_e
-0.99	632.368285517975
-0.97	100.30562726434
-0.95	39.7035843534872
-0.93	21.3676597497852
-0.91	13.4436219787241
-0.89	9.30001194990906
-0.87	6.85777713958779
-0.85	5.2947282429309
-0.83	4.23225547113246
-0.81	3.47606578309087
-0.79	2.91800397691985
-0.77	2.49391992972783
-0.75	2.16377504093398
-0.73	1.90151147469306
-0.71	1.68956605730155
-0.69	1.51574388908761
-0.67	1.37135828284719
-0.65	1.25008254355826
-0.63	1.14721816604341
-0.61	1.05921521427902
-0.59	0.983350131640725
-0.57	0.917504508621122
-0.55	0.860010162176579
-0.53	0.809538716456509
-0.51	0.765021632927157
-0.49	0.725591444745077
-0.47	0.690537995916963
-0.45	0.659275455297967
-0.429999999999999	0.63131717302404
-0.409999999999999	0.606256316544489
-0.389999999999999	0.583750815421611
-0.369999999999999	0.563511553000709
-0.349999999999999	0.545293029370315
-0.329999999999999	0.528885923027368
-0.309999999999999	0.514111124277838
-0.289999999999999	0.500814919010043
-0.269999999999999	0.488865078861429
-0.249999999999999	0.478147671056274
-0.229999999999999	0.468564443949094
-0.209999999999999	0.460030676520708
-0.189999999999999	0.45247340454886
-0.169999999999999	0.445829954926685
-0.149999999999999	0.440046734087765
-0.129999999999999	0.4350782277815
-0.109999999999999	0.430886178312358
-0.0899999999999994	0.42743891239607
-0.0699999999999994	0.424710798434479
-0.0499999999999994	0.422681816602505
-0.0299999999999994	0.421337228932749
-0.00999999999999938	0.420667339776666
0.0100000000000006	0.420667339776666
0.0300000000000006	0.421337228932749
0.0500000000000006	0.422681816602505
0.0700000000000006	0.424710798434479
0.0900000000000006	0.427438912396071
0.110000000000001	0.430886178312358
0.130000000000001	0.4350782277815
0.150000000000001	0.440046734087765
0.170000000000001	0.445829954926686
0.190000000000001	0.452473404548861
0.210000000000001	0.460030676520708
0.230000000000001	0.468564443949095
0.250000000000001	0.478147671056274
0.270000000000001	0.48886507886143
0.290000000000001	0.500814919010044
0.310000000000001	0.514111124277838
0.330000000000001	0.528885923027369
0.350000000000001	0.545293029370316
0.370000000000001	0.56351155300071
0.390000000000001	0.583750815421612
0.410000000000001	0.60625631654449
0.430000000000001	0.631317173024041
0.450000000000001	0.659275455297969
0.470000000000001	0.690537995916965
0.490000000000001	0.725591444745079
0.510000000000001	0.765021632927159
0.530000000000001	0.809538716456512
0.550000000000001	0.860010162176581
0.570000000000001	0.917504508621125
0.590000000000001	0.983350131640729
0.610000000000001	1.05921521427902
0.630000000000001	1.14721816604342
0.650000000000001	1.25008254355827
0.670000000000001	1.37135828284719
0.690000000000001	1.51574388908762
0.710000000000001	1.68956605730156
0.730000000000001	1.90151147469308
0.750000000000001	2.163775040934
0.770000000000001	2.49391992972785
0.790000000000001	2.91800397691988
0.810000000000001	3.47606578309092
0.830000000000001	4.23225547113251
0.850000000000001	5.29472824293098
0.870000000000001	6.85777713958791
0.890000000000001	9.3000119499092
0.910000000000001	13.4436219787244
0.930000000000001	21.3676597497859
0.950000000000001	39.7035843534891
0.970000000000001	100.305627264349
0.990000000000001	632.36828551808
