# Program settings for SigmaNu
# Electroweak scheme and input parameters
# Scheme = Complex mass scheme
# alpha_GF = 0.00755898078237864
# Pole masses/widths for particles [GeV]
# mw = 80.35797361
# gw = 2.084298894
# mz = 91.15348062
# gz = 2.494266379
# s^2_thetaw (derived) = (0.222868505240788,-0.00110716741475141)
# charged leptons
# m_e = 0.0005109989461
# m_m = 0.10565837
# m_t = 1.77686
# quarks
# m_d = 0.05
# m_u = 0.05
# m_s = 0.2
# m_c = 1.51
# m_b = 4.92
# m_t = 173
# Ecms (default) = 0.404005

# channel_id = 1
# process  = nu_e nu_e -> nu_e nu_e
-0.99	0.00137606350461775
-0.97	0.00137606350460736
-0.95	0.00137606350459719
-0.93	0.00137606350458723
-0.91	0.00137606350457748
-0.89	0.00137606350456794
-0.87	0.00137606350455862
-0.85	0.00137606350454951
-0.83	0.00137606350454061
-0.81	0.00137606350453192
-0.79	0.00137606350452344
-0.77	0.00137606350451518
-0.75	0.00137606350450712
-0.73	0.00137606350449928
-0.71	0.00137606350449165
-0.69	0.00137606350448424
-0.67	0.00137606350447703
-0.65	0.00137606350447004
-0.63	0.00137606350446326
-0.61	0.00137606350445669
-0.59	0.00137606350445033
-0.57	0.00137606350444418
-0.55	0.00137606350443825
-0.53	0.00137606350443253
-0.51	0.00137606350442702
-0.49	0.00137606350442172
-0.47	0.00137606350441663
-0.45	0.00137606350441176
-0.429999999999999	0.0013760635044071
-0.409999999999999	0.00137606350440265
-0.389999999999999	0.00137606350439841
-0.369999999999999	0.00137606350439438
-0.349999999999999	0.00137606350439057
-0.329999999999999	0.00137606350438697
-0.309999999999999	0.00137606350438357
-0.289999999999999	0.0013760635043804
-0.269999999999999	0.00137606350437743
-0.249999999999999	0.00137606350437467
-0.229999999999999	0.00137606350437213
-0.209999999999999	0.0013760635043698
-0.189999999999999	0.00137606350436768
-0.169999999999999	0.00137606350436577
-0.149999999999999	0.00137606350436408
-0.129999999999999	0.00137606350436259
-0.109999999999999	0.00137606350436132
-0.0899999999999994	0.00137606350436026
-0.0699999999999994	0.00137606350435942
-0.0499999999999994	0.00137606350435878
-0.0299999999999994	0.00137606350435836
-0.00999999999999938	0.00137606350435814
0.0100000000000006	0.00137606350435814
0.0300000000000006	0.00137606350435836
0.0500000000000006	0.00137606350435878
0.0700000000000006	0.00137606350435942
0.0900000000000006	0.00137606350436026
0.110000000000001	0.00137606350436132
0.130000000000001	0.0013760635043626
0.150000000000001	0.00137606350436408
0.170000000000001	0.00137606350436577
0.190000000000001	0.00137606350436768
0.210000000000001	0.0013760635043698
0.230000000000001	0.00137606350437213
0.250000000000001	0.00137606350437467
0.270000000000001	0.00137606350437743
0.290000000000001	0.0013760635043804
0.310000000000001	0.00137606350438357
0.330000000000001	0.00137606350438697
0.350000000000001	0.00137606350439057
0.370000000000001	0.00137606350439438
0.390000000000001	0.00137606350439841
0.410000000000001	0.00137606350440265
0.430000000000001	0.0013760635044071
0.450000000000001	0.00137606350441176
0.470000000000001	0.00137606350441663
0.490000000000001	0.00137606350442172
0.510000000000001	0.00137606350442702
0.530000000000001	0.00137606350443253
0.550000000000001	0.00137606350443825
0.570000000000001	0.00137606350444418
0.590000000000001	0.00137606350445033
0.610000000000001	0.00137606350445669
0.630000000000001	0.00137606350446326
0.650000000000001	0.00137606350447004
0.670000000000001	0.00137606350447703
0.690000000000001	0.00137606350448424
0.710000000000001	0.00137606350449165
0.730000000000001	0.00137606350449928
0.750000000000001	0.00137606350450712
0.770000000000001	0.00137606350451518
0.790000000000001	0.00137606350452344
0.810000000000001	0.00137606350453192
0.830000000000001	0.00137606350454061
0.850000000000001	0.00137606350454951
0.870000000000001	0.00137606350455862
0.890000000000001	0.00137606350456794
0.910000000000001	0.00137606350457748
0.930000000000001	0.00137606350458723
0.950000000000001	0.00137606350459719
0.970000000000001	0.00137606350460736
0.990000000000001	0.00137606350461774
