# Program settings for SigmaNu
# Electroweak scheme and input parameters
# Scheme = Complex mass scheme
# alpha_GF = 0.00755898078237864
# Pole masses/widths for particles [GeV]
# mw = 80.35797361
# gw = 2.084298894
# mz = 91.15348062
# gz = 2.494266379
# s^2_thetaw (derived) = (0.222868505240788,-0.00110716741475141)
# charged leptons
# m_e = 0.0005109989461
# m_m = 0.10565837
# m_t = 1.77686
# quarks
# m_d = 0.05
# m_u = 0.05
# m_s = 0.2
# m_c = 1.51
# m_b = 4.92
# m_t = 173
# Ecms (default) = 1201.49

# channel_id = 1
# process  = nu_e nu_e -> nu_e nu_e
-0.99	890.630890537485
-0.97	244.059424039443
-0.95	113.434631224407
-0.93	65.9367604059501
-0.91	43.4041629186663
-0.89	30.932612183429
-0.87	23.2944751841031
-0.85	18.2688996588526
-0.83	14.7806654331856
-0.81	12.257105999752
-0.79	10.3701500643116
-0.77	8.92070050448236
-0.75	7.78214716974465
-0.73	6.87079713361047
-0.71	6.12949328720888
-0.69	5.51809875401237
-0.67	5.00774244601706
-0.65	4.5772164559365
-0.63	4.21065160222847
-0.61	3.895977423852
-0.59	3.62387769276218
-0.57	3.38706704006891
-0.55	3.17978048671031
-0.53	2.99740706580807
-0.51	2.83622279496162
-0.49	2.69319331697103
-0.47	2.56582615485128
-0.45	2.45205880320918
-0.429999999999999	2.35017304368039
-0.409999999999999	2.25872868289503
-0.389999999999999	2.17651183708902
-0.369999999999999	2.10249422543516
-0.349999999999999	2.03580087602392
-0.329999999999999	1.97568431956397
-0.309999999999999	1.92150382957878
-0.289999999999999	1.8727086202308
-0.269999999999999	1.82882417216452
-0.249999999999999	1.78944104933739
-0.229999999999999	1.75420571414806
-0.209999999999999	1.72281295729251
-0.189999999999999	1.6949996419648
-0.169999999999999	1.67053952595266
-0.149999999999999	1.64923897471668
-0.129999999999999	1.63093341724751
-0.109999999999999	1.61548442700275
-0.0899999999999994	1.60277733450425
-0.0699999999999994	1.59271929770926
-0.0499999999999994	1.58523777218926
-0.0299999999999994	1.58027933633001
-0.00999999999999938	1.57780883789217
0.0100000000000006	1.57780883789217
0.0300000000000006	1.58027933633001
0.0500000000000006	1.58523777218926
0.0700000000000006	1.59271929770926
0.0900000000000006	1.60277733450425
0.110000000000001	1.61548442700275
0.130000000000001	1.63093341724751
0.150000000000001	1.64923897471669
0.170000000000001	1.67053952595266
0.190000000000001	1.69499964196481
0.210000000000001	1.72281295729251
0.230000000000001	1.75420571414806
0.250000000000001	1.78944104933739
0.270000000000001	1.82882417216452
0.290000000000001	1.8727086202308
0.310000000000001	1.92150382957878
0.330000000000001	1.97568431956397
0.350000000000001	2.03580087602393
0.370000000000001	2.10249422543517
0.390000000000001	2.17651183708903
0.410000000000001	2.25872868289504
0.430000000000001	2.3501730436804
0.450000000000001	2.45205880320919
0.470000000000001	2.56582615485128
0.490000000000001	2.69319331697104
0.510000000000001	2.83622279496163
0.530000000000001	2.99740706580808
0.550000000000001	3.17978048671032
0.570000000000001	3.38706704006892
0.590000000000001	3.6238776927622
0.610000000000001	3.89597742385202
0.630000000000001	4.21065160222849
0.650000000000001	4.57721645593653
0.670000000000001	5.00774244601708
0.690000000000001	5.51809875401241
0.710000000000001	6.12949328720891
0.730000000000001	6.87079713361052
0.750000000000001	7.78214716974472
0.770000000000001	8.92070050448245
0.790000000000001	10.3701500643117
0.810000000000001	12.2571059997522
0.830000000000001	14.7806654331858
0.850000000000001	18.2688996588529
0.870000000000001	23.2944751841034
0.890000000000001	30.9326121834296
0.910000000000001	43.4041629186674
0.930000000000001	65.9367604059521
0.950000000000001	113.434631224412
0.970000000000001	244.059424039458
0.990000000000001	890.630890537574
