# Program settings for SigmaNu
# Electroweak scheme and input parameters
# Scheme = Complex mass scheme
# alpha_GF = 0.00755898078237864
# Pole masses/widths for particles [GeV]
# mw = 80.35797361
# gw = 2.084298894
# mz = 91.15348062
# gz = 2.494266379
# s^2_thetaw (derived) = (0.222868505240788,-0.00110716741475141)
# charged leptons
# m_e = 0.0005109989461
# m_m = 0.10565837
# m_t = 1.77686
# quarks
# m_d = 0.05
# m_u = 0.05
# m_s = 0.2
# m_c = 1.51
# m_b = 4.92
# m_t = 173
# Ecms (default) = 6752.6

# channel_id = 1
# process  = nu_e nu_e -> nu_e nu_e
-0.99	120.162278911468
-0.97	14.2857195134063
-0.95	5.29963969080117
-0.93	2.7716657631506
-0.91	1.71592536698605
-0.89	1.17483418892574
-0.87	0.860112444808328
-0.85	0.660573533562518
-0.83	0.525887641028531
-0.81	0.430548753467223
-0.79	0.360494354291873
-0.77	0.307446658966777
-0.75	0.266270935013444
-0.73	0.233642430442976
-0.71	0.207329855667149
-0.69	0.185789605688028
-0.67	0.167925620682262
-0.65	0.152941824228711
-0.63	0.140248450574809
-0.61	0.129400866164852
-0.59	0.120058599466982
-0.57	0.111957286279857
-0.55	0.104889072696921
-0.53	0.0986886785648129
-0.51	0.0932233245482564
-0.49	0.0883853437223528
-0.47	0.0840866889534976
-0.45	0.0802547990936345
-0.429999999999999	0.0768294524846916
-0.409999999999999	0.0737603469225567
-0.389999999999999	0.071005220410499
-0.369999999999999	0.0685283788679548
-0.349999999999999	0.0662995331909348
-0.329999999999999	0.0642928737059713
-0.309999999999999	0.0624863284285231
-0.289999999999999	0.0608609648400818
-0.269999999999999	0.0594005046334188
-0.249999999999999	0.0580909280696633
-0.229999999999999	0.0569201499570351
-0.209999999999999	0.0558777532992937
-0.189999999999999	0.0549547697270165
-0.169999999999999	0.0541434981707429
-0.149999999999999	0.0534373550455247
-0.129999999999999	0.0528307506255987
-0.109999999999999	0.0523189873945142
-0.0899999999999994	0.0518981770335443
-0.0699999999999994	0.0515651734147399
-0.0499999999999994	0.051317519536419
-0.0299999999999994	0.0511534068104142
-0.00999999999999938	0.0510716455072058
0.0100000000000006	0.0510716455072058
0.0300000000000006	0.0511534068104143
0.0500000000000006	0.051317519536419
0.0700000000000006	0.0515651734147399
0.0900000000000006	0.0518981770335443
0.110000000000001	0.0523189873945143
0.130000000000001	0.0528307506255987
0.150000000000001	0.0534373550455247
0.170000000000001	0.0541434981707429
0.190000000000001	0.0549547697270165
0.210000000000001	0.0558777532992937
0.230000000000001	0.0569201499570351
0.250000000000001	0.0580909280696634
0.270000000000001	0.0594005046334189
0.290000000000001	0.0608609648400819
0.310000000000001	0.0624863284285232
0.330000000000001	0.0642928737059714
0.350000000000001	0.066299533190935
0.370000000000001	0.0685283788679549
0.390000000000001	0.0710052204104992
0.410000000000001	0.0737603469225568
0.430000000000001	0.0768294524846918
0.450000000000001	0.0802547990936347
0.470000000000001	0.0840866889534979
0.490000000000001	0.088385343722353
0.510000000000001	0.0932233245482567
0.530000000000001	0.0986886785648132
0.550000000000001	0.104889072696921
0.570000000000001	0.111957286279857
0.590000000000001	0.120058599466982
0.610000000000001	0.129400866164853
0.630000000000001	0.140248450574809
0.650000000000001	0.152941824228711
0.670000000000001	0.167925620682263
0.690000000000001	0.185789605688029
0.710000000000001	0.20732985566715
0.730000000000001	0.233642430442978
0.750000000000001	0.266270935013447
0.770000000000001	0.30744665896678
0.790000000000001	0.360494354291876
0.810000000000001	0.430548753467229
0.830000000000001	0.525887641028538
0.850000000000001	0.660573533562529
0.870000000000001	0.860112444808343
0.890000000000001	1.17483418892577
0.910000000000001	1.71592536698609
0.930000000000001	2.77166576315069
0.950000000000001	5.29963969080142
0.970000000000001	14.2857195134075
0.990000000000001	120.162278911492
