# Program settings for SigmaNu
# Electroweak scheme and input parameters
# Scheme = Complex mass scheme
# alpha_GF = 0.00755898078237864
# Pole masses/widths for particles [GeV]
# mw = 80.35797361
# gw = 2.084298894
# mz = 91.15348062
# gz = 2.494266379
# s^2_thetaw (derived) = (0.222868505240788,-0.00110716741475141)
# charged leptons
# m_e = 0.0005109989461
# m_m = 0.10565837
# m_t = 1.77686
# quarks
# m_d = 0.05
# m_u = 0.05
# m_s = 0.2
# m_c = 1.51
# m_b = 4.92
# m_t = 173
# Ecms (default) = 1649.8

# channel_id = 1
# process  = nu_e nu_e -> nu_e nu_e
-0.99	838.338531808111
-0.97	170.216716213324
-0.95	71.9413082717454
-0.93	39.9102978315824
-0.91	25.5529067086846
-0.89	17.8790854735754
-0.87	13.2895461860455
-0.85	10.3212990931094
-0.83	8.28771918413863
-0.81	6.83147461025062
-0.79	5.7514962693954
-0.77	4.92749791742666
-0.75	4.28387867347694
-0.73	3.77115027310164
-0.71	3.35579377873146
-0.69	3.01443794755059
-0.67	2.7303745964001
-0.65	2.49139627722966
-0.63	2.28841187081839
-0.61	2.11453561787254
-0.59	1.96447299517666
-0.57	1.83409769058631
-0.55	1.72015453204362
-0.53	1.62004720732145
-0.51	1.53168416426741
-0.49	1.45336513055915
-0.47	1.3836964444525
-0.45	1.32152711897982
-0.429999999999999	1.26590002678405
-0.409999999999999	1.21601424869882
-0.389999999999999	1.17119575914366
-0.369999999999999	1.13087440361751
-0.349999999999999	1.09456567232971
-0.329999999999999	1.06185616379007
-0.309999999999999	1.03239191226794
-0.289999999999999	1.00586895649112
-0.269999999999999	0.982025676268273
-0.249999999999999	0.960636534354229
-0.229999999999999	0.941506943607687
-0.209999999999999	0.924469041897221
-0.189999999999999	0.909378204685546
-0.169999999999999	0.896110161636002
-0.149999999999999	0.884558611746341
-0.129999999999999	0.87463325347719
-0.109999999999999	0.866258163622462
-0.0899999999999994	0.859370472396797
-0.0699999999999994	0.853919293241236
-0.0499999999999994	0.849864874819998
-0.0299999999999994	0.847177950097104
-0.00999999999999938	0.845839263632158
0.0100000000000006	0.845839263632158
0.0300000000000006	0.847177950097104
0.0500000000000006	0.849864874819999
0.0700000000000006	0.853919293241236
0.0900000000000006	0.859370472396798
0.110000000000001	0.866258163622462
0.130000000000001	0.874633253477191
0.150000000000001	0.884558611746342
0.170000000000001	0.896110161636003
0.190000000000001	0.909378204685547
0.210000000000001	0.924469041897222
0.230000000000001	0.941506943607688
0.250000000000001	0.96063653435423
0.270000000000001	0.982025676268275
0.290000000000001	1.00586895649112
0.310000000000001	1.03239191226795
0.330000000000001	1.06185616379007
0.350000000000001	1.09456567232971
0.370000000000001	1.13087440361751
0.390000000000001	1.17119575914366
0.410000000000001	1.21601424869882
0.430000000000001	1.26590002678406
0.450000000000001	1.32152711897983
0.470000000000001	1.3836964444525
0.490000000000001	1.45336513055916
0.510000000000001	1.53168416426741
0.530000000000001	1.62004720732145
0.550000000000001	1.72015453204363
0.570000000000001	1.83409769058631
0.590000000000001	1.96447299517667
0.610000000000001	2.11453561787255
0.630000000000001	2.2884118708184
0.650000000000001	2.49139627722968
0.670000000000001	2.73037459640012
0.690000000000001	3.0144379475506
0.710000000000001	3.35579377873148
0.730000000000001	3.77115027310167
0.750000000000001	4.28387867347698
0.770000000000001	4.92749791742669
0.790000000000001	5.75149626939545
0.810000000000001	6.8314746102507
0.830000000000001	8.28771918413872
0.850000000000001	10.3212990931096
0.870000000000001	13.2895461860457
0.890000000000001	17.8790854735757
0.910000000000001	25.5529067086853
0.930000000000001	39.9102978315837
0.950000000000001	71.9413082717485
0.970000000000001	170.216716213334
0.990000000000001	838.338531808232
