# Program settings for SigmaNu
# Electroweak scheme and input parameters
# Scheme = Complex mass scheme
# alpha_GF = 0.00755898078237864
# Pole masses/widths for particles [GeV]
# mw = 80.35797361
# gw = 2.084298894
# mz = 91.15348062
# gz = 2.494266379
# s^2_thetaw (derived) = (0.222868505240788,-0.00110716741475141)
# charged leptons
# m_e = 0.0005109989461
# m_m = 0.10565837
# m_t = 1.77686
# quarks
# m_d = 0.05
# m_u = 0.05
# m_s = 0.2
# m_c = 1.51
# m_b = 4.92
# m_t = 173
# Ecms (default) = 553.475

# channel_id = 1
# process  = nu_e nu_e -> nu_e nu_e
-0.99	489.811453149848
-0.97	290.579084074967
-0.95	193.605887887223
-0.93	139.063047461486
-0.91	105.289683079642
-0.89	82.8905027984253
-0.87	67.2492848209603
-0.85	55.880172809722
-0.83	47.3468238935096
-0.81	40.7715841714697
-0.79	35.5932097055589
-0.77	31.4389753837833
-0.75	28.0533330450971
-0.73	25.2562290670854
-0.71	22.9177721405578
-0.69	20.9423058906186
-0.67	19.2580939305897
-0.65	17.8104635498629
-0.63	16.5571420042882
-0.61	15.4650182355468
-0.59	14.5078523758139
-0.57	13.6646283491069
-0.55	12.9183509081002
-0.53	12.2551549813772
-0.51	11.6636378558503
-0.49	11.1343525920544
-0.47	10.6594196117761
-0.45	10.2322259346443
-0.429999999999999	9.84719014590336
-0.409999999999999	9.49957716737566
-0.389999999999999	9.18535112698211
-0.369999999999999	8.90105763614089
-0.349999999999999	8.64372895957163
-0.329999999999999	8.41080714853779
-0.309999999999999	8.20008137720296
-0.289999999999999	8.00963659068908
-0.269999999999999	7.83781122520906
-0.249999999999999	7.68316225368185
-0.229999999999999	7.54443618619557
-0.209999999999999	7.42054494359398
-0.189999999999999	7.31054574615939
-0.169999999999999	7.21362433386981
-0.149999999999999	7.12908097186751
-0.129999999999999	7.05631880342793
-0.109999999999999	6.99483419950881
-0.0899999999999994	6.94420882393183
-0.0699999999999994	6.9041031902624
-0.0499999999999994	6.87425153349701
-0.0299999999999994	6.85445785907913
-0.00999999999999938	6.84459306541013
0.0100000000000006	6.84459306541013
0.0300000000000006	6.85445785907913
0.0500000000000006	6.87425153349701
0.0700000000000006	6.9041031902624
0.0900000000000006	6.94420882393183
0.110000000000001	6.99483419950881
0.130000000000001	7.05631880342793
0.150000000000001	7.12908097186752
0.170000000000001	7.21362433386981
0.190000000000001	7.31054574615939
0.210000000000001	7.42054494359399
0.230000000000001	7.54443618619558
0.250000000000001	7.68316225368186
0.270000000000001	7.83781122520907
0.290000000000001	8.00963659068909
0.310000000000001	8.20008137720297
0.330000000000001	8.41080714853781
0.350000000000001	8.64372895957164
0.370000000000001	8.9010576361409
0.390000000000001	9.18535112698213
0.410000000000001	9.49957716737567
0.430000000000001	9.84719014590339
0.450000000000001	10.2322259346443
0.470000000000001	10.6594196117761
0.490000000000001	11.1343525920544
0.510000000000001	11.6636378558504
0.530000000000001	12.2551549813773
0.550000000000001	12.9183509081003
0.570000000000001	13.664628349107
0.590000000000001	14.5078523758139
0.610000000000001	15.4650182355468
0.630000000000001	16.5571420042883
0.650000000000001	17.810463549863
0.670000000000001	19.2580939305898
0.690000000000001	20.9423058906187
0.710000000000001	22.9177721405579
0.730000000000001	25.2562290670856
0.750000000000001	28.0533330450973
0.770000000000001	31.4389753837836
0.790000000000001	35.5932097055591
0.810000000000001	40.77158417147
0.830000000000001	47.3468238935101
0.850000000000001	55.8801728097225
0.870000000000001	67.2492848209613
0.890000000000001	82.8905027984264
0.910000000000001	105.289683079643
0.930000000000001	139.063047461489
0.950000000000001	193.605887887227
0.970000000000001	290.579084074974
0.990000000000001	489.811453149866
