# Program settings for SigmaNu
# Electroweak scheme and input parameters
# Scheme = Complex mass scheme
# alpha_GF = 0.00755898078237864
# Pole masses/widths for particles [GeV]
# mw = 80.35797361
# gw = 2.084298894
# mz = 91.15348062
# gz = 2.494266379
# s^2_thetaw (derived) = (0.222868505240788,-0.00110716741475141)
# charged leptons
# m_e = 0.0005109989461
# m_m = 0.10565837
# m_t = 1.77686
# quarks
# m_d = 0.05
# m_u = 0.05
# m_s = 0.2
# m_c = 1.51
# m_b = 4.92
# m_t = 173
# Ecms (default) = 0.481828

# channel_id = 1
# process  = nu_e nu_e -> nu_e nu_e
-0.99	0.00195724622728857
-0.97	0.00195724622725869
-0.95	0.00195724622722942
-0.93	0.00195724622720076
-0.91	0.0019572462271727
-0.89	0.00195724622714526
-0.87	0.00195724622711843
-0.85	0.00195724622709221
-0.83	0.0019572462270666
-0.81	0.0019572462270416
-0.79	0.0019572462270172
-0.77	0.00195724622699342
-0.75	0.00195724622697025
-0.73	0.00195724622694769
-0.71	0.00195724622692573
-0.69	0.00195724622690439
-0.67	0.00195724622688365
-0.65	0.00195724622686353
-0.63	0.00195724622684402
-0.61	0.00195724622682511
-0.59	0.00195724622680682
-0.57	0.00195724622678914
-0.55	0.00195724622677206
-0.53	0.0019572462267556
-0.51	0.00195724622673974
-0.49	0.0019572462267245
-0.47	0.00195724622670986
-0.45	0.00195724622669583
-0.429999999999999	0.00195724622668242
-0.409999999999999	0.00195724622666961
-0.389999999999999	0.00195724622665742
-0.369999999999999	0.00195724622664583
-0.349999999999999	0.00195724622663485
-0.329999999999999	0.00195724622662449
-0.309999999999999	0.00195724622661473
-0.289999999999999	0.00195724622660558
-0.269999999999999	0.00195724622659704
-0.249999999999999	0.00195724622658912
-0.229999999999999	0.0019572462265818
-0.209999999999999	0.00195724622657509
-0.189999999999999	0.00195724622656899
-0.169999999999999	0.00195724622656351
-0.149999999999999	0.00195724622655863
-0.129999999999999	0.00195724622655436
-0.109999999999999	0.0019572462265507
-0.0899999999999994	0.00195724622654765
-0.0699999999999994	0.00195724622654521
-0.0499999999999994	0.00195724622654338
-0.0299999999999994	0.00195724622654216
-0.00999999999999938	0.00195724622654155
0.0100000000000006	0.00195724622654155
0.0300000000000006	0.00195724622654216
0.0500000000000006	0.00195724622654338
0.0700000000000006	0.00195724622654521
0.0900000000000006	0.00195724622654765
0.110000000000001	0.0019572462265507
0.130000000000001	0.00195724622655436
0.150000000000001	0.00195724622655863
0.170000000000001	0.00195724622656351
0.190000000000001	0.00195724622656899
0.210000000000001	0.00195724622657509
0.230000000000001	0.0019572462265818
0.250000000000001	0.00195724622658912
0.270000000000001	0.00195724622659704
0.290000000000001	0.00195724622660558
0.310000000000001	0.00195724622661473
0.330000000000001	0.00195724622662449
0.350000000000001	0.00195724622663485
0.370000000000001	0.00195724622664583
0.390000000000001	0.00195724622665742
0.410000000000001	0.00195724622666961
0.430000000000001	0.00195724622668242
0.450000000000001	0.00195724622669583
0.470000000000001	0.00195724622670986
0.490000000000001	0.00195724622672449
0.510000000000001	0.00195724622673974
0.530000000000001	0.0019572462267556
0.550000000000001	0.00195724622677206
0.570000000000001	0.00195724622678914
0.590000000000001	0.00195724622680682
0.610000000000001	0.00195724622682511
0.630000000000001	0.00195724622684402
0.650000000000001	0.00195724622686353
0.670000000000001	0.00195724622688365
0.690000000000001	0.00195724622690439
0.710000000000001	0.00195724622692573
0.730000000000001	0.00195724622694769
0.750000000000001	0.00195724622697025
0.770000000000001	0.00195724622699342
0.790000000000001	0.0019572462270172
0.810000000000001	0.0019572462270416
0.830000000000001	0.0019572462270666
0.850000000000001	0.00195724622709221
0.870000000000001	0.00195724622711843
0.890000000000001	0.00195724622714526
0.910000000000001	0.0019572462271727
0.930000000000001	0.00195724622720075
0.950000000000001	0.00195724622722942
0.970000000000001	0.00195724622725869
0.990000000000001	0.00195724622728857
