# Program settings for SigmaNu
# Electroweak scheme and input parameters
# Scheme = Complex mass scheme
# alpha_GF = 0.00755898078237864
# Pole masses/widths for particles [GeV]
# mw = 80.35797361
# gw = 2.084298894
# mz = 91.15348062
# gz = 2.494266379
# s^2_thetaw (derived) = (0.222868505240788,-0.00110716741475141)
# charged leptons
# m_e = 0.0005109989461
# m_m = 0.10565837
# m_t = 1.77686
# quarks
# m_d = 0.05
# m_u = 0.05
# m_s = 0.2
# m_c = 1.51
# m_b = 4.92
# m_t = 173
# Ecms (default) = 6518.84

# channel_id = 1
# process  = nu_e nu_e -> nu_e nu_e
-0.99	128.278576216395
-0.97	15.3022094391403
-0.95	5.68067925340416
-0.93	2.97183725430852
-0.91	1.84015794379486
-0.89	1.260025943631
-0.87	0.922550458650999
-0.85	0.708564692585616
-0.83	0.564117024319996
-0.81	0.461862485143047
-0.79	0.386723191365807
-0.77	0.329822985067399
-0.75	0.285655616265435
-0.73	0.250655589719368
-0.71	0.222429945209774
-0.69	0.199323172504232
-0.67	0.18015971404888
-0.65	0.164085729722805
-0.63	0.150468644499949
-0.61	0.138831539839669
-0.59	0.128809215351811
-0.57	0.120118100788866
-0.55	0.112535238153965
-0.53	0.105883334372127
-0.51	0.100019957565988
-0.49	0.0948296124731367
-0.47	0.0902178491286432
-0.45	0.0861068289251817
-0.429999999999999	0.0824319496182124
-0.409999999999999	0.0791392495118665
-0.389999999999999	0.0761833916894455
-0.369999999999999	0.0735260847456261
-0.349999999999999	0.0711348353345258
-0.329999999999999	0.0689819553532036
-0.309999999999999	0.0670437662815624
-0.289999999999999	0.065299957468078
-0.269999999999999	0.0637330655924027
-0.249999999999999	0.0623280502522769
-0.229999999999999	0.0610719463778371
-0.209999999999999	0.0599535785078312
-0.189999999999999	0.0589633252498646
-0.169999999999999	0.0580929247630905
-0.149999999999999	0.0573353140437702
-0.129999999999999	0.0566844963056684
-0.109999999999999	0.0561354319342658
-0.0899999999999994	0.0556839494350301
-0.0699999999999994	0.0553266735506421
-0.0499999999999994	0.0550609683350376
-0.0299999999999994	0.054884893477937
-0.00999999999999938	0.0547971725991759
0.0100000000000006	0.054797172599176
0.0300000000000006	0.054884893477937
0.0500000000000006	0.0550609683350376
0.0700000000000006	0.0553266735506421
0.0900000000000006	0.0556839494350302
0.110000000000001	0.0561354319342658
0.130000000000001	0.0566844963056684
0.150000000000001	0.0573353140437703
0.170000000000001	0.0580929247630906
0.190000000000001	0.0589633252498647
0.210000000000001	0.0599535785078313
0.230000000000001	0.0610719463778372
0.250000000000001	0.062328050252277
0.270000000000001	0.0637330655924028
0.290000000000001	0.0652999574680781
0.310000000000001	0.0670437662815625
0.330000000000001	0.0689819553532037
0.350000000000001	0.0711348353345259
0.370000000000001	0.0735260847456263
0.390000000000001	0.0761833916894457
0.410000000000001	0.0791392495118667
0.430000000000001	0.0824319496182127
0.450000000000001	0.0861068289251819
0.470000000000001	0.0902178491286435
0.490000000000001	0.0948296124731371
0.510000000000001	0.100019957565989
0.530000000000001	0.105883334372128
0.550000000000001	0.112535238153965
0.570000000000001	0.120118100788866
0.590000000000001	0.128809215351811
0.610000000000001	0.138831539839669
0.630000000000001	0.15046864449995
0.650000000000001	0.164085729722806
0.670000000000001	0.180159714048882
0.690000000000001	0.199323172504233
0.710000000000001	0.222429945209775
0.730000000000001	0.25065558971937
0.750000000000001	0.285655616265438
0.770000000000001	0.329822985067402
0.790000000000001	0.386723191365811
0.810000000000001	0.461862485143053
0.830000000000001	0.564117024320004
0.850000000000001	0.708564692585627
0.870000000000001	0.922550458651018
0.890000000000001	1.26002594363103
0.910000000000001	1.8401579437949
0.930000000000001	2.97183725430863
0.950000000000001	5.68067925340441
0.970000000000001	15.3022094391414
0.990000000000001	128.278576216424
