# Program settings for SigmaNu
# Electroweak scheme and input parameters
# Scheme = Complex mass scheme
# alpha_GF = 0.00755898078237864
# Pole masses/widths for particles [GeV]
# mw = 80.35797361
# gw = 2.084298894
# mz = 91.15348062
# gz = 2.494266379
# s^2_thetaw (derived) = (0.222868505240788,-0.00110716741475141)
# charged leptons
# m_e = 0.0005109989461
# m_m = 0.10565837
# m_t = 1.77686
# quarks
# m_d = 0.05
# m_u = 0.05
# m_s = 0.2
# m_c = 1.51
# m_b = 4.92
# m_t = 173
# Ecms (default) = 637.239

# channel_id = 1
# process  = nu_e nu_e -> nu_e nu_e
-0.99	580.968818006919
-0.97	305.566890347546
-0.95	189.696104933447
-0.93	130.063260730356
-0.91	95.2879506983028
-0.89	73.2010968408688
-0.87	58.2742252279743
-0.85	47.6983792628344
-0.83	39.9218789848453
-0.81	34.0299855347544
-0.79	29.4546202447546
-0.77	25.8276051615334
-0.75	22.9016612564608
-0.73	20.5056125569136
-0.71	18.517848447178
-0.69	16.8500024143177
-0.67	15.4365835314908
-0.65	14.228200347994
-0.63	13.1870205233476
-0.61	12.2836602629712
-0.59	11.4950105695498
-0.57	10.8026907841976
-0.55	10.1919304704871
-0.53	9.65074903305599
-0.51	9.1693456629009
-0.49	8.73964007841403
-0.47	8.35492286129914
-0.45	8.00958644871988
-0.429999999999999	7.69891617724831
-0.409999999999999	7.41892652230408
-0.389999999999999	7.16623169548857
-0.369999999999999	6.93794260754732
-0.349999999999999	6.73158424310296
-0.329999999999999	6.54502896979565
-0.309999999999999	6.3764423850475
-0.289999999999999	6.22423910221824
-0.269999999999999	6.08704647349015
-0.249999999999999	5.96367469489185
-0.229999999999999	5.85309207878596
-0.209999999999999	5.75440453908158
-0.189999999999999	5.66683853475956
-0.169999999999999	5.58972687287346
-0.149999999999999	5.52249689394652
-0.129999999999999	5.46466065873544
-0.109999999999999	5.41580683174905
-0.0899999999999994	5.37559401827754
-0.0699999999999994	5.34374536149973
-0.0499999999999994	5.32004424718363
-0.0299999999999994	5.30433099767902
-0.00999999999999938	5.29650046598251
0.0100000000000006	5.29650046598251
0.0300000000000006	5.30433099767902
0.0500000000000006	5.32004424718364
0.0700000000000006	5.34374536149974
0.0900000000000006	5.37559401827755
0.110000000000001	5.41580683174905
0.130000000000001	5.46466065873545
0.150000000000001	5.52249689394653
0.170000000000001	5.58972687287346
0.190000000000001	5.66683853475957
0.210000000000001	5.75440453908159
0.230000000000001	5.85309207878596
0.250000000000001	5.96367469489186
0.270000000000001	6.08704647349016
0.290000000000001	6.22423910221825
0.310000000000001	6.37644238504751
0.330000000000001	6.54502896979566
0.350000000000001	6.73158424310298
0.370000000000001	6.93794260754734
0.390000000000001	7.16623169548859
0.410000000000001	7.41892652230409
0.430000000000001	7.69891617724833
0.450000000000001	8.0095864487199
0.470000000000001	8.35492286129917
0.490000000000001	8.73964007841406
0.510000000000001	9.16934566290093
0.530000000000001	9.65074903305602
0.550000000000001	10.1919304704871
0.570000000000001	10.8026907841976
0.590000000000001	11.4950105695499
0.610000000000001	12.2836602629712
0.630000000000001	13.1870205233477
0.650000000000001	14.228200347994
0.670000000000001	15.4365835314909
0.690000000000001	16.8500024143178
0.710000000000001	18.5178484471781
0.730000000000001	20.5056125569137
0.750000000000001	22.9016612564609
0.770000000000001	25.8276051615336
0.790000000000001	29.4546202447549
0.810000000000001	34.0299855347547
0.830000000000001	39.9218789848458
0.850000000000001	47.698379262835
0.870000000000001	58.2742252279751
0.890000000000001	73.2010968408699
0.910000000000001	95.2879506983046
0.930000000000001	130.063260730359
0.950000000000001	189.696104933451
0.970000000000001	305.566890347555
0.990000000000001	580.968818006945
