# Program settings for SigmaNu
# Electroweak scheme and input parameters
# Scheme = Complex mass scheme
# alpha_GF = 0.00755898078237864
# Pole masses/widths for particles [GeV]
# mw = 80.35797361
# gw = 2.084298894
# mz = 91.15348062
# gz = 2.494266379
# s^2_thetaw (derived) = (0.222868505240788,-0.00110716741475141)
# charged leptons
# m_e = 0.0005109989461
# m_m = 0.10565837
# m_t = 1.77686
# quarks
# m_d = 0.05
# m_u = 0.05
# m_s = 0.2
# m_c = 1.51
# m_b = 4.92
# m_t = 173
# Ecms (default) = 448.014

# channel_id = 1
# process  = nu_e nu_e -> nu_e nu_e
-0.99	367.671595373216
-0.97	253.764746492124
-0.95	186.723050842622
-0.93	143.8667162025
-0.91	114.765031179325
-0.89	94.0709070808826
-0.87	78.8105764731462
-0.85	67.2216455217855
-0.83	58.2049403483106
-0.81	51.045574746827
-0.79	45.2620038931331
-0.77	40.5200575050019
-0.75	36.5818225629492
-0.73	33.2741051108982
-0.71	30.4683396644824
-0.69	28.0674279388427
-0.67	25.9969014418863
-0.65	24.198855706653
-0.63	22.6277042807561
-0.61	21.2471534765694
-0.59	20.0280121001029
-0.57	18.9465824314603
-0.55	17.9834623727431
-0.53	17.1226427498601
-0.51	16.3508193658394
-0.49	15.6568632613121
-0.47	15.0314088754638
-0.45	14.46653101389
-0.429999999999999	13.9554893783239
-0.409999999999999	13.4925249760182
-0.389999999999999	13.0726967156686
-0.369999999999999	12.6917493888018
-0.349999999999999	12.3460063538024
-0.329999999999999	12.0322818062691
-0.309999999999999	11.7478086884355
-0.289999999999999	11.4901791703406
-0.269999999999999	11.2572953032015
-0.249999999999999	11.0473279561427
-0.229999999999999	10.8586825409577
-0.209999999999999	10.6899703349968
-0.189999999999999	10.539984451022
-0.169999999999999	10.4076796908101
-0.149999999999999	10.292155668311
-0.129999999999999	10.192642707229
-0.109999999999999	10.1084901137785
-0.0899999999999994	10.0391565033046
-0.0699999999999994	9.98420192345377
-0.0499999999999994	9.94328156979335
-0.0299999999999994	9.91614093468781
-0.00999999999999938	9.90261226884036
0.0100000000000006	9.90261226884036
0.0300000000000006	9.9161409346878
0.0500000000000006	9.94328156979335
0.0700000000000006	9.98420192345377
0.0900000000000006	10.0391565033046
0.110000000000001	10.1084901137785
0.130000000000001	10.192642707229
0.150000000000001	10.292155668311
0.170000000000001	10.4076796908101
0.190000000000001	10.5399844510221
0.210000000000001	10.6899703349968
0.230000000000001	10.8586825409577
0.250000000000001	11.0473279561427
0.270000000000001	11.2572953032015
0.290000000000001	11.4901791703406
0.310000000000001	11.7478086884355
0.330000000000001	12.0322818062692
0.350000000000001	12.3460063538024
0.370000000000001	12.6917493888018
0.390000000000001	13.0726967156686
0.410000000000001	13.4925249760182
0.430000000000001	13.9554893783239
0.450000000000001	14.46653101389
0.470000000000001	15.0314088754638
0.490000000000001	15.6568632613121
0.510000000000001	16.3508193658394
0.530000000000001	17.1226427498602
0.550000000000001	17.9834623727431
0.570000000000001	18.9465824314604
0.590000000000001	20.028012100103
0.610000000000001	21.2471534765695
0.630000000000001	22.6277042807562
0.650000000000001	24.1988557066531
0.670000000000001	25.9969014418864
0.690000000000001	28.0674279388429
0.710000000000001	30.4683396644825
0.730000000000001	33.2741051108984
0.750000000000001	36.5818225629493
0.770000000000001	40.5200575050021
0.790000000000001	45.2620038931334
0.810000000000001	51.0455747468274
0.830000000000001	58.204940348311
0.850000000000001	67.221645521786
0.870000000000001	78.810576473147
0.890000000000001	94.0709070808836
0.910000000000001	114.765031179326
0.930000000000001	143.866716202502
0.950000000000001	186.723050842626
0.970000000000001	253.764746492129
0.990000000000001	367.671595373223
