# Program settings for SigmaNu
# Electroweak scheme and input parameters
# Scheme = Complex mass scheme
# alpha_GF = 0.00755898078237864
# Pole masses/widths for particles [GeV]
# mw = 80.35797361
# gw = 2.084298894
# mz = 91.15348062
# gz = 2.494266379
# s^2_thetaw (derived) = (0.222868505240788,-0.00110716741475141)
# charged leptons
# m_e = 0.0005109989461
# m_m = 0.10565837
# m_t = 1.77686
# quarks
# m_d = 0.05
# m_u = 0.05
# m_s = 0.2
# m_c = 1.51
# m_b = 4.92
# m_t = 173
# Ecms (default) = 52111.2

# channel_id = 1
# process  = nu_e nu_e -> nu_e nu_e
-0.99	2.16398662161199
-0.97	0.245550003757605
-0.95	0.0902353084183414
-0.93	0.0470008142931723
-0.91	0.0290322818033399
-0.89	0.019848818171224
-0.87	0.0145171417631992
-0.85	0.011141161795427
-0.83	0.00886462914087905
-0.81	0.00725436663210862
-0.79	0.00607186116143745
-0.77	0.00517686031166712
-0.75	0.00448243861656975
-0.73	0.00393235095492287
-0.71	0.00348887259648813
-0.69	0.00312591868119872
-0.67	0.00282497528249468
-0.65	0.00257260067338751
-0.63	0.00235883998268631
-0.61	0.00217619028675872
-0.59	0.0020189078415379
-0.57	0.00188253388175002
-0.55	0.00176356348929083
-0.53	0.00165921017874052
-0.51	0.00156723579339835
-0.49	0.00148582576687715
-0.47	0.00141349641256749
-0.45	0.00134902516336701
-0.429999999999999	0.00129139748311863
-0.409999999999999	0.00123976604239288
-0.389999999999999	0.00119341902224425
-0.369999999999999	0.00115175528568467
-0.349999999999999	0.0011142647688255
-0.329999999999999	0.00108051287689692
-0.309999999999999	0.00105012798061592
-0.289999999999999	0.00102279133303197
-0.269999999999999	0.000998228891351415
-0.249999999999999	0.000976204649691302
-0.229999999999999	0.000956515179287374
-0.209999999999999	0.000938985140831189
-0.189999999999999	0.00092346358533078
-0.169999999999999	0.000909820899468667
-0.149999999999999	0.000897946281973131
-0.129999999999999	0.000887745661287666
-0.109999999999999	0.000879139983486869
-0.0899999999999994	0.000872063814184534
-0.0699999999999994	0.000866464210042196
-0.0499999999999994	0.000862299825120383
-0.0299999999999994	0.000859540225263866
-0.00999999999999938	0.000858165390400578
0.0100000000000006	0.000858165390400578
0.0300000000000006	0.000859540225263865
0.0500000000000006	0.000862299825120384
0.0700000000000006	0.000866464210042196
0.0900000000000006	0.000872063814184535
0.110000000000001	0.000879139983486869
0.130000000000001	0.000887745661287667
0.150000000000001	0.000897946281973132
0.170000000000001	0.000909820899468668
0.190000000000001	0.000923463585330781
0.210000000000001	0.00093898514083119
0.230000000000001	0.000956515179287376
0.250000000000001	0.000976204649691303
0.270000000000001	0.000998228891351417
0.290000000000001	0.00102279133303198
0.310000000000001	0.00105012798061592
0.330000000000001	0.00108051287689692
0.350000000000001	0.00111426476882551
0.370000000000001	0.00115175528568467
0.390000000000001	0.00119341902224425
0.410000000000001	0.00123976604239288
0.430000000000001	0.00129139748311863
0.450000000000001	0.00134902516336702
0.470000000000001	0.0014134964125675
0.490000000000001	0.00148582576687715
0.510000000000001	0.00156723579339836
0.530000000000001	0.00165921017874053
0.550000000000001	0.00176356348929084
0.570000000000001	0.00188253388175003
0.590000000000001	0.00201890784153791
0.610000000000001	0.00217619028675873
0.630000000000001	0.00235883998268633
0.650000000000001	0.00257260067338752
0.670000000000001	0.0028249752824947
0.690000000000001	0.00312591868119874
0.710000000000001	0.00348887259648816
0.730000000000001	0.0039323509549229
0.750000000000001	0.0044824386165698
0.770000000000001	0.00517686031166716
0.790000000000001	0.00607186116143751
0.810000000000001	0.00725436663210871
0.830000000000001	0.00886462914087919
0.850000000000001	0.0111411617954271
0.870000000000001	0.0145171417631995
0.890000000000001	0.0198488181712245
0.910000000000001	0.0290322818033406
0.930000000000001	0.047000814293174
0.950000000000001	0.0902353084183464
0.970000000000001	0.245550003757624
0.990000000000001	2.1639866216125
