# Program settings for SigmaNu
# Electroweak scheme and input parameters
# Scheme = Complex mass scheme
# alpha_GF = 0.00755898078237864
# Pole masses/widths for particles [GeV]
# mw = 80.35797361
# gw = 2.084298894
# mz = 91.15348062
# gz = 2.494266379
# s^2_thetaw (derived) = (0.222868505240788,-0.00110716741475141)
# charged leptons
# m_e = 0.0005109989461
# m_m = 0.10565837
# m_t = 1.77686
# quarks
# m_d = 0.05
# m_u = 0.05
# m_s = 0.2
# m_c = 1.51
# m_b = 4.92
# m_t = 173
# Ecms (default) = 2.61422

# channel_id = 1
# process  = nu_e nu_e -> nu_e nu_e
-0.99	0.0575706406891461
-0.97	0.0575706399281175
-0.95	0.0575706391826201
-0.93	0.057570638452654
-0.91	0.0575706377382191
-0.89	0.0575706370393153
-0.87	0.0575706363559428
-0.85	0.0575706356881015
-0.83	0.0575706350357914
-0.81	0.0575706343990125
-0.79	0.0575706337777648
-0.77	0.0575706331720483
-0.75	0.057570632581863
-0.73	0.0575706320072089
-0.71	0.057570631448086
-0.69	0.0575706309044943
-0.67	0.0575706303764338
-0.65	0.0575706298639045
-0.63	0.0575706293669064
-0.61	0.0575706288854394
-0.59	0.0575706284195038
-0.57	0.0575706279690992
-0.55	0.0575706275342259
-0.53	0.0575706271148838
-0.51	0.0575706267110729
-0.49	0.0575706263227931
-0.47	0.0575706259500446
-0.45	0.0575706255928272
-0.429999999999999	0.0575706252511411
-0.409999999999999	0.0575706249249861
-0.389999999999999	0.0575706246143623
-0.369999999999999	0.0575706243192697
-0.349999999999999	0.0575706240397083
-0.329999999999999	0.0575706237756781
-0.309999999999999	0.0575706235271791
-0.289999999999999	0.0575706232942113
-0.269999999999999	0.0575706230767747
-0.249999999999999	0.0575706228748692
-0.229999999999999	0.0575706226884949
-0.209999999999999	0.0575706225176519
-0.189999999999999	0.05757062236234
-0.169999999999999	0.0575706222225593
-0.149999999999999	0.0575706220983098
-0.129999999999999	0.0575706219895915
-0.109999999999999	0.0575706218964044
-0.0899999999999994	0.0575706218187484
-0.0699999999999994	0.0575706217566237
-0.0499999999999994	0.0575706217100301
-0.0299999999999994	0.0575706216789678
-0.00999999999999938	0.0575706216634366
0.0100000000000006	0.0575706216634366
0.0300000000000006	0.0575706216789678
0.0500000000000006	0.0575706217100301
0.0700000000000006	0.0575706217566237
0.0900000000000006	0.0575706218187484
0.110000000000001	0.0575706218964044
0.130000000000001	0.0575706219895915
0.150000000000001	0.0575706220983098
0.170000000000001	0.0575706222225593
0.190000000000001	0.05757062236234
0.210000000000001	0.0575706225176519
0.230000000000001	0.057570622688495
0.250000000000001	0.0575706228748692
0.270000000000001	0.0575706230767747
0.290000000000001	0.0575706232942113
0.310000000000001	0.0575706235271791
0.330000000000001	0.0575706237756781
0.350000000000001	0.0575706240397083
0.370000000000001	0.0575706243192697
0.390000000000001	0.0575706246143623
0.410000000000001	0.0575706249249861
0.430000000000001	0.0575706252511411
0.450000000000001	0.0575706255928272
0.470000000000001	0.0575706259500446
0.490000000000001	0.0575706263227931
0.510000000000001	0.0575706267110729
0.530000000000001	0.0575706271148838
0.550000000000001	0.0575706275342259
0.570000000000001	0.0575706279690992
0.590000000000001	0.0575706284195037
0.610000000000001	0.0575706288854394
0.630000000000001	0.0575706293669064
0.650000000000001	0.0575706298639045
0.670000000000001	0.0575706303764338
0.690000000000001	0.0575706309044943
0.710000000000001	0.057570631448086
0.730000000000001	0.0575706320072089
0.750000000000001	0.057570632581863
0.770000000000001	0.0575706331720483
0.790000000000001	0.0575706337777648
0.810000000000001	0.0575706343990125
0.830000000000001	0.0575706350357914
0.850000000000001	0.0575706356881015
0.870000000000001	0.0575706363559428
0.890000000000001	0.0575706370393153
0.910000000000001	0.0575706377382191
0.930000000000001	0.057570638452654
0.950000000000001	0.0575706391826201
0.970000000000001	0.0575706399281175
0.990000000000001	0.0575706406891461
