# Program settings for SigmaNu
# Electroweak scheme and input parameters
# Scheme = Complex mass scheme
# alpha_GF = 0.00755898078237864
# Pole masses/widths for particles [GeV]
# mw = 80.35797361
# gw = 2.084298894
# mz = 91.15348062
# gz = 2.494266379
# s^2_thetaw (derived) = (0.222868505240788,-0.00110716741475141)
# charged leptons
# m_e = 0.0005109989461
# m_m = 0.10565837
# m_t = 1.77686
# quarks
# m_d = 0.05
# m_u = 0.05
# m_s = 0.2
# m_c = 1.51
# m_b = 4.92
# m_t = 173
# Ecms (default) = 29656.1

# channel_id = 1
# process  = nu_e nu_e -> nu_e nu_e
-0.99	6.6647808950008
-0.97	0.757547283086038
-0.95	0.27848006204725
-0.93	0.145072904440924
-0.91	0.0896184133818248
-0.89	0.0612735558128465
-0.87	0.0448161971850987
-0.85	0.0343950290662579
-0.83	0.0273674546571266
-0.81	0.0223964992448403
-0.79	0.0187459720253654
-0.77	0.0159829559661627
-0.75	0.0138391301962151
-0.73	0.0121408733670797
-0.71	0.0107717317149756
-0.69	0.00965118154849344
-0.67	0.00872206968569079
-0.65	0.00794290045471215
-0.63	0.00728294201845596
-0.61	0.00671903174185275
-0.59	0.00623343767123538
-0.57	0.00581239469398871
-0.55	0.0054450823351007
-0.53	0.00512289802466815
-0.51	0.00483893197602285
-0.49	0.00458758210680636
-0.47	0.00436426783067785
-0.45	0.00416521469756153
-0.429999999999999	0.0039872905006666
-0.409999999999999	0.00382787924471613
-0.389999999999999	0.00368478329331016
-0.369999999999999	0.00355614671788296
-0.349999999999999	0.00344039476059973
-0.329999999999999	0.00333618566101205
-0.309999999999999	0.0032423720540853
-0.289999999999999	0.00315796984074332
-0.269999999999999	0.00308213293950666
-0.249999999999999	0.00301413270272748
-0.229999999999999	0.0029533410605372
-0.209999999999999	0.0028992166660122
-0.189999999999999	0.00285129347472838
-0.169999999999999	0.00280917131406363
-0.149999999999999	0.00277250809189652
-0.129999999999999	0.0027410133677286
-0.109999999999999	0.00271444306687565
-0.0899999999999994	0.00269259516405633
-0.0699999999999994	0.00267530619932887
-0.0499999999999994	0.00266244851906893
-0.0299999999999994	0.00265392815922262
-0.00999999999999938	0.0026496833087175
0.0100000000000006	0.0026496833087175
0.0300000000000006	0.00265392815922262
0.0500000000000006	0.00266244851906893
0.0700000000000006	0.00267530619932888
0.0900000000000006	0.00269259516405634
0.110000000000001	0.00271444306687565
0.130000000000001	0.0027410133677286
0.150000000000001	0.00277250809189653
0.170000000000001	0.00280917131406363
0.190000000000001	0.00285129347472838
0.210000000000001	0.00289921666601221
0.230000000000001	0.0029533410605372
0.250000000000001	0.00301413270272748
0.270000000000001	0.00308213293950666
0.290000000000001	0.00315796984074333
0.310000000000001	0.00324237205408531
0.330000000000001	0.00333618566101206
0.350000000000001	0.00344039476059973
0.370000000000001	0.00355614671788296
0.390000000000001	0.00368478329331017
0.410000000000001	0.00382787924471614
0.430000000000001	0.00398729050066661
0.450000000000001	0.00416521469756154
0.470000000000001	0.00436426783067786
0.490000000000001	0.00458758210680637
0.510000000000001	0.00483893197602286
0.530000000000001	0.00512289802466816
0.550000000000001	0.00544508233510073
0.570000000000001	0.00581239469398873
0.590000000000001	0.00623343767123541
0.610000000000001	0.00671903174185278
0.630000000000001	0.007282942018456
0.650000000000001	0.00794290045471219
0.670000000000001	0.00872206968569084
0.690000000000001	0.0096511815484935
0.710000000000001	0.0107717317149757
0.730000000000001	0.0121408733670798
0.750000000000001	0.0138391301962152
0.770000000000001	0.0159829559661628
0.790000000000001	0.0187459720253656
0.810000000000001	0.0223964992448405
0.830000000000001	0.027367454657127
0.850000000000001	0.0343950290662584
0.870000000000001	0.0448161971850994
0.890000000000001	0.0612735558128477
0.910000000000001	0.0896184133818271
0.930000000000001	0.145072904440928
0.950000000000001	0.278480062047263
0.970000000000001	0.757547283086093
0.990000000000001	6.66478089500223
