# Program settings for SigmaNu
# Electroweak scheme and input parameters
# Scheme = Complex mass scheme
# alpha_GF = 0.00755898078237864
# Pole masses/widths for particles [GeV]
# mw = 80.35797361
# gw = 2.084298894
# mz = 91.15348062
# gz = 2.494266379
# s^2_thetaw (derived) = (0.222868505240788,-0.00110716741475141)
# charged leptons
# m_e = 0.0005109989461
# m_m = 0.10565837
# m_t = 1.77686
# quarks
# m_d = 0.05
# m_u = 0.05
# m_s = 0.2
# m_c = 1.51
# m_b = 4.92
# m_t = 173
# Ecms (default) = 1043.56

# channel_id = 1
# process  = nu_e nu_e -> nu_e nu_e
-0.99	859.330024018201
-0.97	273.136034129925
-0.95	134.068033679685
-0.93	80.171385818373
-0.91	53.6985503793954
-0.89	38.7200730990334
-0.87	29.4059831637398
-0.85	23.2090054074833
-0.83	18.8709010515924
-0.81	15.711338085638
-0.79	13.3359437430814
-0.77	11.5031062055989
-0.75	10.0579784019205
-0.73	8.89753300923785
-0.71	7.95101837437071
-0.69	7.16851433466644
-0.67	6.51396375823006
-0.65	5.96078384497657
-0.63	5.4890196863572
-0.61	5.08344974382143
-0.59	4.73229565253741
-0.57	4.42632540342497
-0.55	4.15821838982491
-0.53	3.92210832351713
-0.51	3.71324919288125
-0.49	3.52776776165683
-0.47	3.3624778662264
-0.45	3.21473946218173
-0.429999999999999	3.08235049310474
-0.409999999999999	2.96346312085972
-0.389999999999999	2.85651823793696
-0.369999999999999	2.76019384106141
-0.349999999999999	2.67336401563606
-0.329999999999999	2.59506611637155
-0.309999999999999	2.52447433304876
-0.289999999999999	2.46087827088885
-0.269999999999999	2.40366549972303
-0.249999999999999	2.35230726776196
-0.229999999999999	2.30634675714258
-0.209999999999999	2.26538939575955
-0.189999999999999	2.22909484472807
-0.169999999999999	2.19717036151189
-0.149999999999999	2.16936530135152
-0.129999999999999	2.14546656860178
-0.109999999999999	2.12529486823597
-0.0899999999999994	2.10870163856761
-0.0699999999999994	2.0955665710445
-0.0499999999999994	2.08579564320802
-0.0299999999999994	2.07931960768373
-0.00999999999999938	2.07609289424305
0.0100000000000006	2.07609289424305
0.0300000000000006	2.07931960768373
0.0500000000000006	2.08579564320802
0.0700000000000006	2.0955665710445
0.0900000000000006	2.10870163856761
0.110000000000001	2.12529486823597
0.130000000000001	2.14546656860178
0.150000000000001	2.16936530135152
0.170000000000001	2.19717036151189
0.190000000000001	2.22909484472807
0.210000000000001	2.26538939575955
0.230000000000001	2.30634675714258
0.250000000000001	2.35230726776196
0.270000000000001	2.40366549972304
0.290000000000001	2.46087827088886
0.310000000000001	2.52447433304876
0.330000000000001	2.59506611637155
0.350000000000001	2.67336401563607
0.370000000000001	2.76019384106142
0.390000000000001	2.85651823793697
0.410000000000001	2.96346312085973
0.430000000000001	3.08235049310475
0.450000000000001	3.21473946218174
0.470000000000001	3.36247786622641
0.490000000000001	3.52776776165684
0.510000000000001	3.71324919288126
0.530000000000001	3.92210832351714
0.550000000000001	4.15821838982493
0.570000000000001	4.42632540342498
0.590000000000001	4.73229565253743
0.610000000000001	5.08344974382145
0.630000000000001	5.48901968635723
0.650000000000001	5.9607838449766
0.670000000000001	6.5139637582301
0.690000000000001	7.16851433466649
0.710000000000001	7.95101837437077
0.730000000000001	8.89753300923792
0.750000000000001	10.0579784019206
0.770000000000001	11.503106205599
0.790000000000001	13.3359437430815
0.810000000000001	15.7113380856381
0.830000000000001	18.8709010515927
0.850000000000001	23.2090054074836
0.870000000000001	29.4059831637403
0.890000000000001	38.7200730990341
0.910000000000001	53.6985503793965
0.930000000000001	80.1713858183751
0.950000000000001	134.068033679691
0.970000000000001	273.136034129939
0.990000000000001	859.330024018284
