# Program settings for SigmaNu
# Electroweak scheme and input parameters
# Scheme = Complex mass scheme
# alpha_GF = 0.00755898078237864
# Pole masses/widths for particles [GeV]
# mw = 80.35797361
# gw = 2.084298894
# mz = 91.15348062
# gz = 2.494266379
# s^2_thetaw (derived) = (0.222868505240788,-0.00110716741475141)
# charged leptons
# m_e = 0.0005109989461
# m_m = 0.10565837
# m_t = 1.77686
# quarks
# m_d = 0.05
# m_u = 0.05
# m_s = 0.2
# m_c = 1.51
# m_b = 4.92
# m_t = 173
# Ecms (default) = 1.16257

# channel_id = 1
# process  = nu_e nu_e -> nu_e nu_e
-0.99	0.0113930804066893
-0.97	0.011393080400795
-0.95	0.0113930803950209
-0.93	0.0113930803893672
-0.91	0.0113930803838337
-0.89	0.0113930803784206
-0.87	0.0113930803731277
-0.85	0.0113930803679551
-0.83	0.0113930803629028
-0.81	0.0113930803579708
-0.79	0.0113930803531591
-0.77	0.0113930803484677
-0.75	0.0113930803438966
-0.73	0.0113930803394458
-0.71	0.0113930803351152
-0.69	0.011393080330905
-0.67	0.011393080326815
-0.65	0.0113930803228454
-0.63	0.011393080318996
-0.61	0.011393080315267
-0.59	0.0113930803116582
-0.57	0.0113930803081697
-0.55	0.0113930803048015
-0.53	0.0113930803015536
-0.51	0.011393080298426
-0.49	0.0113930802954187
-0.47	0.0113930802925317
-0.45	0.0113930802897649
-0.429999999999999	0.0113930802871185
-0.409999999999999	0.0113930802845924
-0.389999999999999	0.0113930802821865
-0.369999999999999	0.011393080279901
-0.349999999999999	0.0113930802777357
-0.329999999999999	0.0113930802756907
-0.309999999999999	0.011393080273766
-0.289999999999999	0.0113930802719617
-0.269999999999999	0.0113930802702776
-0.249999999999999	0.0113930802687138
-0.229999999999999	0.0113930802672702
-0.209999999999999	0.011393080265947
-0.189999999999999	0.0113930802647441
-0.169999999999999	0.0113930802636615
-0.149999999999999	0.0113930802626991
-0.129999999999999	0.0113930802618571
-0.109999999999999	0.0113930802611353
-0.0899999999999994	0.0113930802605339
-0.0699999999999994	0.0113930802600527
-0.0499999999999994	0.0113930802596918
-0.0299999999999994	0.0113930802594512
-0.00999999999999938	0.0113930802593309
0.0100000000000006	0.0113930802593309
0.0300000000000006	0.0113930802594512
0.0500000000000006	0.0113930802596918
0.0700000000000006	0.0113930802600527
0.0900000000000006	0.0113930802605339
0.110000000000001	0.0113930802611353
0.130000000000001	0.0113930802618571
0.150000000000001	0.0113930802626991
0.170000000000001	0.0113930802636615
0.190000000000001	0.0113930802647441
0.210000000000001	0.011393080265947
0.230000000000001	0.0113930802672702
0.250000000000001	0.0113930802687138
0.270000000000001	0.0113930802702776
0.290000000000001	0.0113930802719617
0.310000000000001	0.011393080273766
0.330000000000001	0.0113930802756907
0.350000000000001	0.0113930802777357
0.370000000000001	0.011393080279901
0.390000000000001	0.0113930802821865
0.410000000000001	0.0113930802845924
0.430000000000001	0.0113930802871185
0.450000000000001	0.0113930802897649
0.470000000000001	0.0113930802925317
0.490000000000001	0.0113930802954187
0.510000000000001	0.011393080298426
0.530000000000001	0.0113930803015536
0.550000000000001	0.0113930803048015
0.570000000000001	0.0113930803081697
0.590000000000001	0.0113930803116582
0.610000000000001	0.011393080315267
0.630000000000001	0.011393080318996
0.650000000000001	0.0113930803228454
0.670000000000001	0.011393080326815
0.690000000000001	0.011393080330905
0.710000000000001	0.0113930803351152
0.730000000000001	0.0113930803394458
0.750000000000001	0.0113930803438966
0.770000000000001	0.0113930803484677
0.790000000000001	0.0113930803531591
0.810000000000001	0.0113930803579708
0.830000000000001	0.0113930803629028
0.850000000000001	0.0113930803679551
0.870000000000001	0.0113930803731277
0.890000000000001	0.0113930803784206
0.910000000000001	0.0113930803838337
0.930000000000001	0.0113930803893672
0.950000000000001	0.0113930803950209
0.970000000000001	0.011393080400795
0.990000000000001	0.0113930804066893
