# Program settings for SigmaNu
# Electroweak scheme and input parameters
# Scheme = Complex mass scheme
# alpha_GF = 0.00755898078237864
# Pole masses/widths for particles [GeV]
# mw = 80.35797361
# gw = 2.084298894
# mz = 91.15348062
# gz = 2.494266379
# s^2_thetaw (derived) = (0.222868505240788,-0.00110716741475141)
# charged leptons
# m_e = 0.0005109989461
# m_m = 0.10565837
# m_t = 1.77686
# quarks
# m_d = 0.05
# m_u = 0.05
# m_s = 0.2
# m_c = 1.51
# m_b = 4.92
# m_t = 173
# Ecms (default) = 464.08

# channel_id = 5
# process  = nu_e nu_mu -> nu_e nu_mu
-0.99	1.26586491618662
-0.97	1.29071978317036
-0.95	1.31631392810283
-0.93	1.34267696288917
-0.91	1.36983999705564
-0.89	1.39783572956808
-0.87	1.42669854728569
-0.85	1.45646463060388
-0.83	1.48717206689237
-0.81	1.51886097239296
-0.79	1.55157362330571
-0.77	1.58535459686369
-0.75	1.62025092327571
-0.73	1.65631224950456
-0.71	1.69359101594608
-0.69	1.73214264718384
-0.67	1.77202575811557
-0.65	1.81330237688358
-0.63	1.85603818619312
-0.61	1.90030278477281
-0.59	1.94616997092157
-0.57	1.9937180503003
-0.55	2.04303017036692
-0.53	2.09419468412339
-0.51	2.14730554614809
-0.49	2.20246274423043
-0.47	2.25977277031312
-0.45	2.31934913488679
-0.429999999999999	2.38131292948021
-0.409999999999999	2.44579344245481
-0.389999999999999	2.51292883395569
-0.369999999999999	2.58286687660412
-0.349999999999999	2.65576576935268
-0.329999999999999	2.73179503288034
-0.309999999999999	2.81113649599929
-0.289999999999999	2.89398538380153
-0.269999999999999	2.98055151971709
-0.249999999999999	3.07106065531854
-0.229999999999999	3.16575594362641
-0.209999999999999	3.26489957388945
-0.189999999999999	3.36877458838725
-0.169999999999999	3.47768690479108
-0.149999999999999	3.59196757109916
-0.129999999999999	3.71197528422343
-0.109999999999999	3.83809920805577
-0.0899999999999994	3.97076213241358
-0.0699999999999994	4.11042402081593
-0.0499999999999994	4.25758600276595
-0.0299999999999994	4.41279487534617
-0.00999999999999938	4.5766481897608
0.0100000000000006	4.74980001133276
0.0300000000000006	4.93296745681967
0.0500000000000006	5.12693813128702
0.0700000000000006	5.33257860883577
0.0900000000000006	5.55084412805285
0.110000000000001	5.78278970517497
0.130000000000001	6.02958290693048
0.150000000000001	6.29251857249322
0.170000000000001	6.57303583202997
0.190000000000001	6.87273784059925
0.210000000000001	7.1934147340592
0.230000000000001	7.53707042253095
0.250000000000001	7.90595397248969
0.270000000000001	8.30259649806549
0.290000000000001	8.72985469524356
0.310000000000001	9.19096242202015
0.330000000000001	9.68959206997259
0.350000000000001	10.229927910531
0.370000000000001	10.8167541625842
0.390000000000001	11.455561257661
0.410000000000001	12.1526747304146
0.430000000000001	12.915412412043
0.450000000000001	13.7522772588863
0.470000000000001	14.6731953566896
0.490000000000001	15.6898116137375
0.510000000000001	16.8158596947462
0.530000000000001	18.0676282881139
0.550000000000001	19.4645534800026
0.570000000000001	21.0299777754853
0.590000000000001	22.7921315802973
0.610000000000001	24.7854149017334
0.630000000000001	27.0520889955529
0.650000000000001	29.6445349533016
0.670000000000001	32.6283072482156
0.690000000000001	36.0863188631486
0.710000000000001	40.1246639011885
0.730000000000001	44.8808530066457
0.750000000000001	50.5356757530933
0.770000000000001	57.330637361469
0.790000000000001	65.5941774355307
0.810000000000001	75.782114757959
0.830000000000001	88.5418752917421
0.850000000000001	104.817940207783
0.870000000000001	126.031770108075
0.890000000000001	154.402996643018
0.910000000000001	193.554466660677
0.930000000000001	249.728686789298
0.950000000000001	334.438957537958
0.970000000000001	470.873189496947
0.990000000000001	711.62171227839
