# Program settings for SigmaNu
# Electroweak scheme and input parameters
# Scheme = Complex mass scheme
# alpha_GF = 0.00755898078237864
# Pole masses/widths for particles [GeV]
# mw = 80.35797361
# gw = 2.084298894
# mz = 91.15348062
# gz = 2.494266379
# s^2_thetaw (derived) = (0.222868505240788,-0.00110716741475141)
# charged leptons
# m_e = 0.0005109989461
# m_m = 0.10565837
# m_t = 1.77686
# quarks
# m_d = 0.05
# m_u = 0.05
# m_s = 0.2
# m_c = 1.51
# m_b = 4.92
# m_t = 173
# Ecms (default) = 2.90566

# channel_id = 5
# process  = nu_e nu_mu -> nu_e nu_mu
-0.99	0.0355186165309816
-0.97	0.0355193370948029
-0.95	0.035520057680546
-0.93	0.0355207782882118
-0.91	0.0355214989178013
-0.89	0.0355222195693151
-0.87	0.0355229402427543
-0.85	0.0355236609381198
-0.83	0.0355243816554124
-0.81	0.0355251023946331
-0.79	0.0355258231557827
-0.77	0.0355265439388621
-0.75	0.0355272647438721
-0.73	0.0355279855708138
-0.71	0.035528706419688
-0.69	0.0355294272904955
-0.67	0.0355301481832373
-0.65	0.0355308690979142
-0.63	0.0355315900345271
-0.61	0.035532310993077
-0.59	0.0355330319735647
-0.57	0.0355337529759911
-0.55	0.0355344740003571
-0.53	0.0355351950466636
-0.51	0.0355359161149114
-0.49	0.0355366372051015
-0.47	0.0355373583172348
-0.45	0.0355380794513121
-0.429999999999999	0.0355388006073344
-0.409999999999999	0.0355395217853025
-0.389999999999999	0.0355402429852173
-0.369999999999999	0.0355409642070797
-0.349999999999999	0.0355416854508906
-0.329999999999999	0.0355424067166509
-0.309999999999999	0.0355431280043615
-0.289999999999999	0.0355438493140232
-0.269999999999999	0.035544570645637
-0.249999999999999	0.0355452919992037
-0.229999999999999	0.0355460133747243
-0.209999999999999	0.0355467347721996
-0.189999999999999	0.0355474561916306
-0.169999999999999	0.035548177633018
-0.149999999999999	0.0355488990963629
-0.129999999999999	0.035549620581666
-0.109999999999999	0.0355503420889283
-0.0899999999999994	0.0355510636181507
-0.0699999999999994	0.0355517851693341
-0.0499999999999994	0.0355525067424793
-0.0299999999999994	0.0355532283375873
-0.00999999999999938	0.0355539499546589
0.0100000000000006	0.035554671593695
0.0300000000000006	0.0355553932546966
0.0500000000000006	0.0355561149376645
0.0700000000000006	0.0355568366425996
0.0900000000000006	0.0355575583695028
0.110000000000001	0.0355582801183749
0.130000000000001	0.0355590018892169
0.150000000000001	0.0355597236820298
0.170000000000001	0.0355604454968142
0.190000000000001	0.0355611673335713
0.210000000000001	0.0355618891923018
0.230000000000001	0.0355626110730065
0.250000000000001	0.0355633329756866
0.270000000000001	0.0355640549003427
0.290000000000001	0.0355647768469759
0.310000000000001	0.0355654988155869
0.330000000000001	0.0355662208061768
0.350000000000001	0.0355669428187464
0.370000000000001	0.0355676648532965
0.390000000000001	0.0355683869098281
0.410000000000001	0.0355691089883421
0.430000000000001	0.0355698310888393
0.450000000000001	0.0355705532113206
0.470000000000001	0.035571275355787
0.490000000000001	0.0355719975222394
0.510000000000001	0.0355727197106785
0.530000000000001	0.0355734419211054
0.550000000000001	0.0355741641535209
0.570000000000001	0.0355748864079259
0.590000000000001	0.0355756086843213
0.610000000000001	0.0355763309827079
0.630000000000001	0.0355770533030868
0.650000000000001	0.0355777756454587
0.670000000000001	0.0355784980098246
0.690000000000001	0.0355792203961853
0.710000000000001	0.0355799428045418
0.730000000000001	0.0355806652348949
0.750000000000001	0.0355813876872455
0.770000000000001	0.0355821101615946
0.790000000000001	0.0355828326579431
0.810000000000001	0.0355835551762917
0.830000000000001	0.0355842777166414
0.850000000000001	0.0355850002789931
0.870000000000001	0.0355857228633477
0.890000000000001	0.0355864454697061
0.910000000000001	0.0355871680980692
0.930000000000001	0.0355878907484379
0.950000000000001	0.035588613420813
0.970000000000001	0.0355893361151955
0.990000000000001	0.0355900588315862
