# Program settings for SigmaNu
# Electroweak scheme and input parameters
# Scheme = Complex mass scheme
# alpha_GF = 0.00755898078237864
# Pole masses/widths for particles [GeV]
# mw = 80.35797361
# gw = 2.084298894
# mz = 91.15348062
# gz = 2.494266379
# s^2_thetaw (derived) = (0.222868505240788,-0.00110716741475141)
# charged leptons
# m_e = 0.0005109989461
# m_m = 0.10565837
# m_t = 1.77686
# quarks
# m_d = 0.05
# m_u = 0.05
# m_s = 0.2
# m_c = 1.51
# m_b = 4.92
# m_t = 173
# Ecms (default) = 20128.1

# channel_id = 5
# process  = nu_e nu_mu -> nu_e nu_mu
-0.99	0.000726092552804368
-0.97	0.000740910076267463
-0.95	0.000756185847975911
-0.93	0.000771938960353092
-0.91	0.000788189510610841
-0.89	0.000804958664879372
-0.87	0.000822268727163728
-0.85	0.000840143213546403
-0.83	0.000858606932097285
-0.81	0.00087768606899818
-0.79	0.000897408281440475
-0.77	0.000917802797911604
-0.75	0.000938900526549659
-0.73	0.000960734172316594
-0.71	0.000983338363819904
-0.69	0.00100674979070154
-0.67	0.00103100735261252
-0.65	0.0010561523209033
-0.63	0.0010822285142857
-0.61	0.00110928248986336
-0.59	0.0011373637510867
-0.57	0.00116652497436811
-0.55	0.00119682225629572
-0.53	0.00122831538361376
-0.51	0.00126106812839754
-0.49	0.00129514857114637
-0.47	0.00133062945485336
-0.45	0.00136758857349361
-0.429999999999999	0.00140610919880792
-0.409999999999999	0.00144628054975832
-0.389999999999999	0.00148819830960154
-0.369999999999999	0.00153196519618185
-0.349999999999999	0.0015776915917965
-0.329999999999999	0.00162549623985322
-0.309999999999999	0.00167550701653881
-0.289999999999999	0.00172786178687322
-0.269999999999999	0.00178270935586257
-0.249999999999999	0.00184021052701915
-0.229999999999999	0.00190053928232627
-0.209999999999999	0.00196388409983695
-0.189999999999999	0.00203044942756405
-0.169999999999999	0.00210045733521422
-0.149999999999999	0.00217414936871981
-0.129999999999999	0.00225178863653239
-0.109999999999999	0.00233366216137953
-0.0899999999999994	0.00242008353680197
-0.0699999999999994	0.00251139593446234
-0.0499999999999994	0.00260797551617446
-0.0299999999999994	0.00271023531411908
-0.00999999999999938	0.0028186296541321
0.0100000000000006	0.00293365921070082
0.0300000000000006	0.00305587679891658
0.0500000000000006	0.00318589402877867
0.0700000000000006	0.00332438897176773
0.0900000000000006	0.00347211501957835
0.110000000000001	0.00362991115167984
0.130000000000001	0.00379871387370288
0.150000000000001	0.00397957114476529
0.170000000000001	0.00417365868164527
0.190000000000001	0.00438229911494434
0.210000000000001	0.00460698458197063
0.230000000000001	0.0048494034794831
0.250000000000001	0.00511147227523066
0.270000000000001	0.00539537350181236
0.290000000000001	0.00570360134509976
0.310000000000001	0.00603901661303012
0.330000000000001	0.00640491335725864
0.350000000000001	0.00680510005879679
0.370000000000001	0.00724399913323197
0.390000000000001	0.00772676963681498
0.410000000000001	0.00825945956817264
0.430000000000001	0.00884919621382086
0.450000000000001	0.00950442579872736
0.470000000000001	0.0102352175968769
0.490000000000001	0.0110536531059342
0.510000000000001	0.0119743286065155
0.530000000000001	0.0130150104928521
0.550000000000001	0.0141974988497428
0.570000000000001	0.0155487784860934
0.590000000000001	0.0171025722153059
0.610000000000001	0.0189014654390185
0.630000000000001	0.0209998554340176
0.650000000000001	0.0234681125702902
0.670000000000001	0.0263985579173161
0.690000000000001	0.0299142232762254
0.710000000000001	0.0341819785870902
0.730000000000001	0.0394327046881581
0.750000000000001	0.0459931889655124
0.770000000000001	0.0543382287780437
0.790000000000001	0.0651790176503001
0.810000000000001	0.0796198478845776
0.830000000000001	0.0994508838858275
0.850000000000001	0.127730918760113
0.870000000000001	0.17004165343537
0.890000000000001	0.237468955510442
0.910000000000001	0.354678814783326
0.930000000000001	0.586153203756974
0.950000000000001	1.14832222848011
0.970000000000001	3.18630068062828
0.990000000000001	28.5207256180052
