# Program settings for SigmaNu
# Electroweak scheme and input parameters
# Scheme = Complex mass scheme
# alpha_GF = 0.00755898078237864
# Pole masses/widths for particles [GeV]
# mw = 80.35797361
# gw = 2.084298894
# mz = 91.15348062
# gz = 2.494266379
# s^2_thetaw (derived) = (0.222868505240788,-0.00110716741475141)
# charged leptons
# m_e = 0.0005109989461
# m_m = 0.10565837
# m_t = 1.77686
# quarks
# m_d = 0.05
# m_u = 0.05
# m_s = 0.2
# m_c = 1.51
# m_b = 4.92
# m_t = 173
# Ecms (default) = 69.2369

# channel_id = 5
# process  = nu_e nu_mu -> nu_e nu_mu
-0.99	8.15969688429889
-0.97	8.21982451785296
-0.95	8.2806191477928
-0.93	8.34209067502663
-0.91	8.40424918483911
-0.89	8.46710495102656
-0.87	8.53066844014065
-0.85	8.59495031584405
-0.83	8.65996144338125
-0.81	8.72571289416822
-0.79	8.79221595050431
-0.77	8.85948211041038
-0.75	8.92752309259682
-0.73	8.99635084156556
-0.71	9.06597753285028
-0.69	9.13641557839892
-0.67	9.20767763210316
-0.65	9.27977659547928
-0.63	9.35272562350525
-0.61	9.42653813061898
-0.59	9.50122779688282
-0.57	9.5768085743195
-0.55	9.65329469342524
-0.53	9.73070066986536
-0.51	9.80904131135861
-0.49	9.888331724756
-0.47	9.96858732332074
-0.45	10.0498238342156
-0.429999999999999	10.1320573062044
-0.409999999999999	10.2153041175755
-0.389999999999999	10.299580984293
-0.369999999999999	10.3849049683845
-0.349999999999999	10.4712934865737
-0.329999999999999	10.5587643191636
-0.309999999999999	10.6473356191822
-0.289999999999999	10.7370259217957
-0.269999999999999	10.8278541540023
-0.249999999999999	10.9198396446122
-0.229999999999999	11.0130021345267
-0.209999999999999	11.1073617873243
-0.189999999999999	11.2029392001664
-0.169999999999999	11.2997554150321
-0.149999999999999	11.3978319302938
-0.129999999999999	11.4971907126465
-0.109999999999999	11.5978542094015
-0.0899999999999994	11.6998453611591
-0.0699999999999994	11.803187614872
-0.0499999999999994	11.9079049373147
-0.0299999999999994	12.0140218289721
-0.00999999999999938	12.1215633383637
0.0100000000000006	12.230555076817
0.0300000000000006	12.3410232337092
0.0500000000000006	12.4529945921911
0.0700000000000006	12.5664965454128
0.0900000000000006	12.6815571132692
0.110000000000001	12.798204959684
0.130000000000001	12.9164694104518
0.150000000000001	13.0363804716603
0.170000000000001	13.1579688487127
0.190000000000001	13.2812659659737
0.210000000000001	13.4063039870626
0.230000000000001	13.5331158358174
0.250000000000001	13.6617352179553
0.270000000000001	13.7921966434576
0.290000000000001	13.9245354497045
0.310000000000001	14.0587878253908
0.330000000000001	14.1949908352514
0.350000000000001	14.3331824456287
0.370000000000001	14.4734015509145
0.390000000000001	14.6156880009012
0.410000000000001	14.7600826290776
0.430000000000001	14.9066272819069
0.450000000000001	15.0553648491271
0.470000000000001	15.2063392951126
0.490000000000001	15.3595956913423
0.510000000000001	15.5151802500166
0.530000000000001	15.6731403588721
0.550000000000001	15.8335246172412
0.570000000000001	15.9963828734091
0.590000000000001	16.1617662633211
0.610000000000001	16.3297272506964
0.630000000000001	16.5003196686068
0.650000000000001	16.6735987625829
0.670000000000001	16.8496212353106
0.690000000000001	17.0284452929866
0.710000000000001	17.2101306934027
0.730000000000001	17.3947387958341
0.750000000000001	17.5823326128081
0.770000000000001	17.7729768638356
0.790000000000001	17.9667380311908
0.810000000000001	18.1636844178279
0.830000000000001	18.3638862075302
0.850000000000001	18.5674155273895
0.870000000000001	18.7743465127202
0.890000000000001	18.9847553745159
0.910000000000001	19.1987204695646
0.930000000000001	19.4163223733418
0.950000000000001	19.6376439558081
0.970000000000001	19.8627704602445
0.990000000000001	20.0917895852651
