# Program settings for SigmaNu
# Electroweak scheme and input parameters
# Scheme = Complex mass scheme
# alpha_GF = 0.00755898078237864
# Pole masses/widths for particles [GeV]
# mw = 80.35797361
# gw = 2.084298894
# mz = 91.15348062
# gz = 2.494266379
# s^2_thetaw (derived) = (0.222868505240788,-0.00110716741475141)
# charged leptons
# m_e = 0.0005109989461
# m_m = 0.10565837
# m_t = 1.77686
# quarks
# m_d = 0.05
# m_u = 0.05
# m_s = 0.2
# m_c = 1.51
# m_b = 4.92
# m_t = 173
# Ecms (default) = 59997.8

# channel_id = 5
# process  = nu_e nu_mu -> nu_e nu_mu
-0.99	8.17227140762388e-05
-0.97	8.33904776648382e-05
-0.95	8.51098196483721e-05
-0.93	8.68828890262786e-05
-0.91	8.87119478968485e-05
-0.89	9.05993786758214e-05
-0.87	9.25476918582753e-05
-0.85	9.4559534371048e-05
-0.83	9.6637698567602e-05
-0.81	9.87851319224315e-05
-0.79	0.000101004947487888
-0.77	0.000103300435182728
-0.75	0.000105675073988854
-0.73	0.000108132545140727
-0.71	0.000110676746400864
-0.69	0.000113311807524849
-0.67	0.000116042107030505
-0.65	0.000118872290398425
-0.63	0.000121807289845247
-0.61	0.000124852345826905
-0.59	0.000128013030447026
-0.57	0.000131295272965866
-0.55	0.000134705387627975
-0.53	0.000138250104052644
-0.51	0.000141936600460475
-0.49	0.000145772540042617
-0.47	0.000149766110817042
-0.45	0.000153926069359247
-0.429999999999999	0.000158261788843879
-0.409999999999999	0.000162783311889878
-0.389999999999999	0.000167501408765996
-0.369999999999999	0.000172427641587211
-0.349999999999999	0.000177574435217267
-0.329999999999999	0.00018295515569005
-0.309999999999999	0.000188584197075059
-0.289999999999999	0.000194477077842282
-0.269999999999999	0.00020065054793253
-0.249999999999999	0.000207122707914342
-0.229999999999999	0.000213913141812245
-0.209999999999999	0.000221043065428886
-0.189999999999999	0.000228535492261447
-0.169999999999999	0.000236415419438631
-0.149999999999999	0.000244710036487502
-0.129999999999999	0.000253448960190856
-0.109999999999999	0.0002626644993292
-0.0899999999999994	0.000272391953733618
-0.0699999999999994	0.000282669952827212
-0.0499999999999994	0.000293540839728697
-0.0299999999999994	0.000305051108063197
-0.00999999999999938	0.000317251899911025
0.0100000000000006	0.00033019957487321
0.0300000000000006	0.000343956362102955
0.0500000000000006	0.000358591109420379
0.0700000000000006	0.000374180146389009
0.0900000000000006	0.00039080828160687
0.110000000000001	0.000408569958606038
0.130000000000001	0.00042757059985806
0.150000000000001	0.000447928174700834
0.170000000000001	0.000469775034860874
0.190000000000001	0.000493260071066907
0.210000000000001	0.000518551256589788
0.230000000000001	0.000545838659128061
0.250000000000001	0.000575338022252291
0.270000000000001	0.000607295042909948
0.290000000000001	0.000641990504001709
0.310000000000001	0.00067974646310408
0.330000000000001	0.000720933753214362
0.350000000000001	0.000765981123307126
0.370000000000001	0.000815386441582934
0.390000000000001	0.000869730511050804
0.410000000000001	0.000929694217516057
0.430000000000001	0.000996079961282114
0.450000000000001	0.00106983864066294
0.470000000000001	0.0011521038938921
0.490000000000001	0.00124423591968219
0.510000000000001	0.00134787806570966
0.530000000000001	0.00146503062061134
0.550000000000001	0.001598148057009
0.570000000000001	0.00175026864636247
0.590000000000001	0.00192518937389106
0.610000000000001	0.00212770519411641
0.630000000000001	0.00236394116798445
0.650000000000001	0.002641821097478
0.670000000000001	0.00297174074428053
0.690000000000001	0.00336755445270422
0.710000000000001	0.00384805372398915
0.730000000000001	0.00443923943753051
0.750000000000001	0.00517791471515521
0.770000000000001	0.00611755445062489
0.790000000000001	0.00733826288506386
0.810000000000001	0.00896442924015203
0.830000000000001	0.0111977178384426
0.850000000000001	0.0143827423187407
0.870000000000001	0.0191484401075205
0.890000000000001	0.0267441701836282
0.910000000000001	0.0399504226686584
0.930000000000001	0.0660385590681327
0.950000000000001	0.129428747582466
0.970000000000001	0.359480047881058
0.990000000000001	3.23333023997956
