# Program settings for SigmaNu
# Electroweak scheme and input parameters
# Scheme = Complex mass scheme
# alpha_GF = 0.00755898078237864
# Pole masses/widths for particles [GeV]
# mw = 80.35797361
# gw = 2.084298894
# mz = 91.15348062
# gz = 2.494266379
# s^2_thetaw (derived) = (0.222868505240788,-0.00110716741475141)
# charged leptons
# m_e = 0.0005109989461
# m_m = 0.10565837
# m_t = 1.77686
# quarks
# m_d = 0.05
# m_u = 0.05
# m_s = 0.2
# m_c = 1.51
# m_b = 4.92
# m_t = 173
# Ecms (default) = 6752.6

# channel_id = 5
# process  = nu_e nu_mu -> nu_e nu_mu
-0.99	0.00644932616584978
-0.97	0.00658091720863986
-0.95	0.00671657717117765
-0.93	0.00685647555210629
-0.91	0.00700079076885797
-0.89	0.00714971072679159
-0.87	0.00730343343115716
-0.85	0.00746216764560996
-0.83	0.0076261336013656
-0.81	0.00779556376149601
-0.79	0.00797070364532142
-0.77	0.00815181271836004
-0.75	0.00833916535386176
-0.73	0.00853305187258287
-0.71	0.00873377966816338
-0.69	0.00894167442625695
-0.67	0.00915708144644682
-0.65	0.00938036707697252
-0.63	0.00961192027340528
-0.61	0.00985215429366288
-0.59	0.0101015085431658
-0.57	0.0103604505855279
-0.55	0.010629478335975
-0.53	0.0109091224567174
-0.51	0.0111999489758111
-0.49	0.0115025621536596
-0.47	0.0118176076242842
-0.45	0.0121457758418805
-0.429999999999999	0.0124878058670473
-0.409999999999999	0.0128444895314892
-0.389999999999999	0.0132166760250589
-0.369999999999999	0.0136052769548032
-0.349999999999999	0.0140112719323475
-0.329999999999999	0.0144357147536323
-0.309999999999999	0.0148797402438741
-0.289999999999999	0.0153445718508641
-0.269999999999999	0.0158315300815901
-0.249999999999999	0.0163420418909427
-0.229999999999999	0.0168776511473104
-0.209999999999999	0.0174400303185769
-0.189999999999999	0.0180309935439128
-0.169999999999999	0.0186525112824084
-0.149999999999999	0.0193067267597379
-0.129999999999999	0.0199959744695771
-0.109999999999999	0.0207228010284792
-0.0899999999999994	0.0214899887326681
-0.0699999999999994	0.0223005822243447
-0.0499999999999994	0.0231579187456018
-0.0299999999999994	0.0240656625423579
-0.00999999999999938	0.0250278440818874
0.0100000000000006	0.0260489048693205
0.0300000000000006	0.0271337487956405
0.0500000000000006	0.0282878011281439
0.0700000000000006	0.0295170764715265
0.0900000000000006	0.0308282572931874
0.110000000000001	0.0322287849320387
0.130000000000001	0.0337269654114882
0.150000000000001	0.0353320928741199
0.170000000000001	0.0370545940735267
0.190000000000001	0.0389061981310133
0.210000000000001	0.0409001367349667
0.230000000000001	0.0430513811857925
0.250000000000001	0.0453769242451653
0.270000000000001	0.0478961167358792
0.290000000000001	0.0506310713933311
0.310000000000001	0.0536071497748818
0.330000000000001	0.0568535523388486
0.350000000000001	0.0604040374540529
0.370000000000001	0.0642978025697574
0.390000000000001	0.0685805707306862
0.410000000000001	0.0733059390040319
0.430000000000001	0.078537063539062
0.450000000000001	0.0843487808455521
0.470000000000001	0.0908302992889628
0.490000000000001	0.0980886429497451
0.510000000000001	0.106253098164127
0.530000000000001	0.115481010806995
0.550000000000001	0.125965424443813
0.570000000000001	0.137945259022618
0.590000000000001	0.151719043804726
0.610000000000001	0.167663697045157
0.630000000000001	0.186260588890889
0.650000000000001	0.208132303994015
0.670000000000001	0.234095435015043
0.690000000000001	0.265237923833809
0.710000000000001	0.303034917499682
0.730000000000001	0.349526726140886
0.750000000000001	0.407600058372803
0.770000000000001	0.481447176372913
0.790000000000001	0.57734427684095
0.810000000000001	0.705030439103575
0.830000000000001	0.880281580903477
0.850000000000001	1.13002805874348
0.870000000000001	1.50335385605993
0.890000000000001	2.0975927109861
0.910000000000001	3.12884721060101
0.930000000000001	5.16027664563267
0.950000000000001	10.072363593158
0.970000000000001	27.7107800563376
0.990000000000001	237.841083412387
