# Program settings for SigmaNu
# Electroweak scheme and input parameters
# Scheme = Complex mass scheme
# alpha_GF = 0.00755898078237864
# Pole masses/widths for particles [GeV]
# mw = 80.35797361
# gw = 2.084298894
# mz = 91.15348062
# gz = 2.494266379
# s^2_thetaw (derived) = (0.222868505240788,-0.00110716741475141)
# charged leptons
# m_e = 0.0005109989461
# m_m = 0.10565837
# m_t = 1.77686
# quarks
# m_d = 0.05
# m_u = 0.05
# m_s = 0.2
# m_c = 1.51
# m_b = 4.92
# m_t = 173
# Ecms (default) = 8053.35

# channel_id = 5
# process  = nu_e nu_mu -> nu_e nu_mu
-0.99	0.00453471994139986
-0.97	0.00462725076597761
-0.95	0.00472264289091364
-0.93	0.00482101551586995
-0.91	0.00492249411299048
-0.89	0.00502721082719214
-0.87	0.00513530490657884
-0.85	0.00524692316559747
-0.83	0.00536222048381334
-0.81	0.00548136034347081
-0.79	0.00560451540932438
-0.77	0.0057318681545822
-0.75	0.0058636115372012
-0.73	0.00599994973121643
-0.71	0.00614109891828325
-0.69	0.00628728814516524
-0.67	0.00643876025352252
-0.65	0.00659577288905225
-0.63	0.00675859959781662
-0.61	0.0069275310184745
-0.59	0.007102876180126
-0.57	0.00728496391659891
-0.55	0.0074741444092714
-0.53	0.00767079087195719
-0.51	0.00787530139300203
-0.49	0.00808810095158211
-0.47	0.00830964362728914
-0.45	0.00854041502447169
-0.429999999999999	0.00878093493552279
-0.409999999999999	0.0090317602704131
-0.389999999999999	0.00929348828332833
-0.369999999999999	0.00956676013135235
-0.349999999999999	0.0098522648048295
-0.329999999999999	0.0101507434744421
-0.309999999999999	0.0104629943062721
-0.289999999999999	0.0107898778033242
-0.269999999999999	0.0111323227403352
-0.249999999999999	0.0114913327683956
-0.229999999999999	0.0118679937771894
-0.209999999999999	0.0122634821158296
-0.189999999999999	0.0126790737886583
-0.169999999999999	0.0131161547604323
-0.149999999999999	0.0135762325265288
-0.129999999999999	0.0140609491288069
-0.109999999999999	0.014572095827304
-0.0899999999999994	0.0151116296729593
-0.0699999999999994	0.0156816922681715
-0.0499999999999994	0.0162846310516106
-0.0299999999999994	0.0169230235030402
-0.00999999999999938	0.0175997047351021
0.0100000000000006	0.0183177990247324
0.0300000000000006	0.0190807559404426
0.0500000000000006	0.0198923918472812
0.0700000000000006	0.0207569377241597
0.0900000000000006	0.0216790944150408
0.110000000000001	0.0226640966647242
0.130000000000001	0.0237177875724823
0.150000000000001	0.0248467054465212
0.170000000000001	0.0260581854772001
0.190000000000001	0.0273604791905483
0.210000000000001	0.0287628953264901
0.230000000000001	0.030275966648601
0.250000000000001	0.0319116482874976
0.270000000000001	0.0336835546191889
0.290000000000001	0.035607243478314
0.310000000000001	0.037700558833217
0.330000000000001	0.0399840460812118
0.350000000000001	0.0424814580999823
0.370000000000001	0.0452203754501699
0.390000000000001	0.0482329711340541
0.410000000000001	0.0515569597389573
0.430000000000001	0.0552367835784562
0.450000000000001	0.0593251059566225
0.470000000000001	0.0638847059170926
0.490000000000001	0.0689909027530982
0.510000000000001	0.0747346865736575
0.530000000000001	0.0812268000765518
0.550000000000001	0.0886031167652675
0.570000000000001	0.0970318084843368
0.590000000000001	0.106723016419876
0.610000000000001	0.117942077129326
0.630000000000001	0.131027879483851
0.650000000000001	0.146418760154556
0.670000000000001	0.164689695015596
0.690000000000001	0.186606789859544
0.710000000000001	0.213208917081375
0.730000000000001	0.245933129952219
0.750000000000001	0.286812893376106
0.770000000000001	0.338801783731701
0.790000000000001	0.406322360394245
0.810000000000001	0.496238775824619
0.830000000000001	0.619672819468063
0.850000000000001	0.795615982574461
0.870000000000001	1.05869648066353
0.890000000000001	1.4776181092985
0.910000000000001	2.20502800642552
0.930000000000001	3.63914042336508
0.950000000000001	7.11195006855273
0.970000000000001	19.6218032217097
0.990000000000001	170.762725453881
