# Program settings for SigmaNu
# Electroweak scheme and input parameters
# Scheme = Complex mass scheme
# alpha_GF = 0.00755898078237864
# Pole masses/widths for particles [GeV]
# mw = 80.35797361
# gw = 2.084298894
# mz = 91.15348062
# gz = 2.494266379
# s^2_thetaw (derived) = (0.222868505240788,-0.00110716741475141)
# charged leptons
# m_e = 0.0005109989461
# m_m = 0.10565837
# m_t = 1.77686
# quarks
# m_d = 0.05
# m_u = 0.05
# m_s = 0.2
# m_c = 1.51
# m_b = 4.92
# m_t = 173
# Ecms (default) = 0.616594

# channel_id = 5
# process  = nu_e nu_mu -> nu_e nu_mu
-0.99	0.0016025168335209
-0.97	0.00160251829886685
-0.95	0.00160251976421481
-0.93	0.00160252122956478
-0.91	0.00160252269491676
-0.89	0.00160252416027075
-0.87	0.00160252562562675
-0.85	0.00160252709098476
-0.83	0.00160252855634478
-0.81	0.0016025300217068
-0.79	0.00160253148707084
-0.77	0.00160253295243689
-0.75	0.00160253441780494
-0.73	0.00160253588317501
-0.71	0.00160253734854708
-0.69	0.00160253881392116
-0.67	0.00160254027929726
-0.65	0.00160254174467536
-0.63	0.00160254321005547
-0.61	0.00160254467543759
-0.59	0.00160254614082172
-0.57	0.00160254760620786
-0.55	0.00160254907159601
-0.53	0.00160255053698617
-0.51	0.00160255200237834
-0.49	0.00160255346777252
-0.47	0.00160255493316871
-0.45	0.00160255639856691
-0.429999999999999	0.00160255786396711
-0.409999999999999	0.00160255932936933
-0.389999999999999	0.00160256079477355
-0.369999999999999	0.00160256226017979
-0.349999999999999	0.00160256372558803
-0.329999999999999	0.00160256519099829
-0.309999999999999	0.00160256665641055
-0.289999999999999	0.00160256812182482
-0.269999999999999	0.00160256958724111
-0.249999999999999	0.0016025710526594
-0.229999999999999	0.0016025725180797
-0.209999999999999	0.00160257398350201
-0.189999999999999	0.00160257544892633
-0.169999999999999	0.00160257691435266
-0.149999999999999	0.001602578379781
-0.129999999999999	0.00160257984521135
-0.109999999999999	0.00160258131064371
-0.0899999999999994	0.00160258277607808
-0.0699999999999994	0.00160258424151445
-0.0499999999999994	0.00160258570695284
-0.0299999999999994	0.00160258717239324
-0.00999999999999938	0.00160258863783564
0.0100000000000006	0.00160259010328006
0.0300000000000006	0.00160259156872648
0.0500000000000006	0.00160259303417492
0.0700000000000006	0.00160259449962536
0.0900000000000006	0.00160259596507782
0.110000000000001	0.00160259743053228
0.130000000000001	0.00160259889598875
0.150000000000001	0.00160260036144724
0.170000000000001	0.00160260182690773
0.190000000000001	0.00160260329237023
0.210000000000001	0.00160260475783474
0.230000000000001	0.00160260622330126
0.250000000000001	0.00160260768876979
0.270000000000001	0.00160260915424033
0.290000000000001	0.00160261061971288
0.310000000000001	0.00160261208518744
0.330000000000001	0.00160261355066401
0.350000000000001	0.00160261501614259
0.370000000000001	0.00160261648162318
0.390000000000001	0.00160261794710578
0.410000000000001	0.00160261941259039
0.430000000000001	0.001602620878077
0.450000000000001	0.00160262234356563
0.470000000000001	0.00160262380905627
0.490000000000001	0.00160262527454891
0.510000000000001	0.00160262674004357
0.530000000000001	0.00160262820554023
0.550000000000001	0.00160262967103891
0.570000000000001	0.00160263113653959
0.590000000000001	0.00160263260204229
0.610000000000001	0.00160263406754699
0.630000000000001	0.00160263553305371
0.650000000000001	0.00160263699856243
0.670000000000001	0.00160263846407316
0.690000000000001	0.0016026399295859
0.710000000000001	0.00160264139510066
0.730000000000001	0.00160264286061742
0.750000000000001	0.00160264432613619
0.770000000000001	0.00160264579165697
0.790000000000001	0.00160264725717976
0.810000000000001	0.00160264872270456
0.830000000000001	0.00160265018823137
0.850000000000001	0.00160265165376019
0.870000000000001	0.00160265311929102
0.890000000000001	0.00160265458482386
0.910000000000001	0.00160265605035871
0.930000000000001	0.00160265751589557
0.950000000000001	0.00160265898143444
0.970000000000001	0.00160266044697532
0.990000000000001	0.00160266191251821
