# Program settings for SigmaNu
# Electroweak scheme and input parameters
# Scheme = Complex mass scheme
# alpha_GF = 0.00755898078237864
# Pole masses/widths for particles [GeV]
# mw = 80.35797361
# gw = 2.084298894
# mz = 91.15348062
# gz = 2.494266379
# s^2_thetaw (derived) = (0.222868505240788,-0.00110716741475141)
# charged leptons
# m_e = 0.0005109989461
# m_m = 0.10565837
# m_t = 1.77686
# quarks
# m_d = 0.05
# m_u = 0.05
# m_s = 0.2
# m_c = 1.51
# m_b = 4.92
# m_t = 173
# Ecms (default) = 0.130844

# channel_id = 5
# process  = nu_e nu_mu -> nu_e nu_mu
-0.99	7.21687812472128e-05
-0.97	7.21687842189783e-05
-0.95	7.21687871907441e-05
-0.93	7.216879016251e-05
-0.91	7.21687931342761e-05
-0.89	7.21687961060424e-05
-0.87	7.21687990778089e-05
-0.85	7.21688020495756e-05
-0.83	7.21688050213424e-05
-0.81	7.21688079931094e-05
-0.79	7.21688109648766e-05
-0.77	7.2168813936644e-05
-0.75	7.21688169084116e-05
-0.73	7.21688198801794e-05
-0.71	7.21688228519473e-05
-0.69	7.21688258237154e-05
-0.67	7.21688287954837e-05
-0.65	7.21688317672522e-05
-0.63	7.21688347390209e-05
-0.61	7.21688377107898e-05
-0.59	7.21688406825588e-05
-0.57	7.2168843654328e-05
-0.55	7.21688466260974e-05
-0.53	7.21688495978671e-05
-0.51	7.21688525696368e-05
-0.49	7.21688555414068e-05
-0.47	7.21688585131769e-05
-0.45	7.21688614849473e-05
-0.429999999999999	7.21688644567178e-05
-0.409999999999999	7.21688674284885e-05
-0.389999999999999	7.21688704002593e-05
-0.369999999999999	7.21688733720304e-05
-0.349999999999999	7.21688763438017e-05
-0.329999999999999	7.21688793155731e-05
-0.309999999999999	7.21688822873447e-05
-0.289999999999999	7.21688852591165e-05
-0.269999999999999	7.21688882308884e-05
-0.249999999999999	7.21688912026606e-05
-0.229999999999999	7.2168894174433e-05
-0.209999999999999	7.21688971462055e-05
-0.189999999999999	7.21689001179783e-05
-0.169999999999999	7.21689030897511e-05
-0.149999999999999	7.21689060615242e-05
-0.129999999999999	7.21689090332975e-05
-0.109999999999999	7.21689120050709e-05
-0.0899999999999994	7.21689149768446e-05
-0.0699999999999994	7.21689179486184e-05
-0.0499999999999994	7.21689209203924e-05
-0.0299999999999994	7.21689238921665e-05
-0.00999999999999938	7.21689268639409e-05
0.0100000000000006	7.21689298357155e-05
0.0300000000000006	7.21689328074902e-05
0.0500000000000006	7.21689357792651e-05
0.0700000000000006	7.21689387510402e-05
0.0900000000000006	7.21689417228155e-05
0.110000000000001	7.2168944694591e-05
0.130000000000001	7.21689476663666e-05
0.150000000000001	7.21689506381424e-05
0.170000000000001	7.21689536099185e-05
0.190000000000001	7.21689565816947e-05
0.210000000000001	7.21689595534711e-05
0.230000000000001	7.21689625252477e-05
0.250000000000001	7.21689654970244e-05
0.270000000000001	7.21689684688013e-05
0.290000000000001	7.21689714405784e-05
0.310000000000001	7.21689744123557e-05
0.330000000000001	7.21689773841332e-05
0.350000000000001	7.21689803559109e-05
0.370000000000001	7.21689833276887e-05
0.390000000000001	7.21689862994668e-05
0.410000000000001	7.2168989271245e-05
0.430000000000001	7.21689922430234e-05
0.450000000000001	7.2168995214802e-05
0.470000000000001	7.21689981865808e-05
0.490000000000001	7.21690011583597e-05
0.510000000000001	7.21690041301389e-05
0.530000000000001	7.21690071019182e-05
0.550000000000001	7.21690100736977e-05
0.570000000000001	7.21690130454774e-05
0.590000000000001	7.21690160172572e-05
0.610000000000001	7.21690189890373e-05
0.630000000000001	7.21690219608176e-05
0.650000000000001	7.2169024932598e-05
0.670000000000001	7.21690279043786e-05
0.690000000000001	7.21690308761594e-05
0.710000000000001	7.21690338479403e-05
0.730000000000001	7.21690368197215e-05
0.750000000000001	7.21690397915028e-05
0.770000000000001	7.21690427632844e-05
0.790000000000001	7.2169045735066e-05
0.810000000000001	7.21690487068479e-05
0.830000000000001	7.216905167863e-05
0.850000000000001	7.21690546504123e-05
0.870000000000001	7.21690576221947e-05
0.890000000000001	7.21690605939773e-05
0.910000000000001	7.21690635657601e-05
0.930000000000001	7.21690665375431e-05
0.950000000000001	7.21690695093263e-05
0.970000000000001	7.21690724811097e-05
0.990000000000001	7.21690754528932e-05
