# Program settings for SigmaNu
# Electroweak scheme and input parameters
# Scheme = Complex mass scheme
# alpha_GF = 0.00755898078237864
# Pole masses/widths for particles [GeV]
# mw = 80.35797361
# gw = 2.084298894
# mz = 91.15348062
# gz = 2.494266379
# s^2_thetaw (derived) = (0.222868505240788,-0.00110716741475141)
# charged leptons
# m_e = 0.0005109989461
# m_m = 0.10565837
# m_t = 1.77686
# quarks
# m_d = 0.05
# m_u = 0.05
# m_s = 0.2
# m_c = 1.51
# m_b = 4.92
# m_t = 173
# Ecms (default) = 637.239

# channel_id = 5
# process  = nu_e nu_mu -> nu_e nu_mu
-0.99	0.695552127017565
-0.97	0.709456401563804
-0.95	0.723781807080898
-0.93	0.738545523754682
-0.91	0.753765616879866
-0.89	0.769461092149316
-0.87	0.78565195501501
-0.85	0.802359274466988
-0.83	0.819605251610131
-0.81	0.83741329345572
-0.79	0.855808092385945
-0.77	0.874815711795323
-0.75	0.89446367846391
-0.73	0.91478108227392
-0.71	0.935798683944573
-0.69	0.957549031530591
-0.67	0.980066586508605
-0.65	1.00338786036405
-0.63	1.02755156268993
-0.61	1.05259876191984
-0.59	1.07857305994221
-0.57	1.10552078198296
-0.55	1.13349118330158
-0.53	1.162536674424
-0.51	1.1927130668366
-0.49	1.22407984129371
-0.47	1.25670044114887
-0.45	1.29064259341306
-0.429999999999999	1.32597866057617
-0.409999999999999	1.36278602660715
-0.389999999999999	1.40114752098101
-0.369999999999999	1.44115188507491
-0.349999999999999	1.48289428584187
-0.329999999999999	1.52647688231938
-0.309999999999999	1.57200945127631
-0.289999999999999	1.61961007916017
-0.269999999999999	1.6694059284976
-0.249999999999999	1.72153408804638
-0.229999999999999	1.77614251732443
-0.209999999999999	1.83339109768212
-0.189999999999999	1.89345280387756
-0.169999999999999	1.95651501220637
-0.149999999999999	2.02278096368364
-0.129999999999999	2.09247140364289
-0.109999999999999	2.16582642248704
-0.0899999999999994	2.2431075262972
-0.0699999999999994	2.32459997069717
-0.0499999999999994	2.41061539693191
-0.0299999999999994	2.5014948157259
-0.00999999999999938	2.59761199236463
0.0100000000000006	2.69937729586229
0.0300000000000006	2.80724208638006
0.0500000000000006	2.92170372866419
0.0700000000000006	3.04331133570875
0.0900000000000006	3.17267236677509
0.110000000000001	3.31046022815397
0.130000000000001	3.45742305469165
0.150000000000001	3.61439388646223
0.170000000000001	3.78230249977253
0.190000000000001	3.96218920714087
0.210000000000001	4.15522100984962
0.230000000000001	4.36271057284132
0.250000000000001	4.58613859995415
0.270000000000001	4.82718032414911
0.290000000000001	5.08773700090323
0.310000000000001	5.36997351457407
0.330000000000001	5.67636349236937
0.350000000000001	6.00974368898518
0.370000000000001	6.37337988481166
0.390000000000001	6.77104717005747
0.410000000000001	7.20712831917269
0.430000000000001	7.68673506865145
0.450000000000001	8.21585860133986
0.470000000000001	8.80155756116647
0.490000000000001	9.452194689365
0.510000000000001	10.1777370015861
0.530000000000001	10.9901397802356
0.550000000000001	11.9038422352785
0.570000000000001	12.9364135494694
0.590000000000001	14.109403806225
0.610000000000001	15.4494775666846
0.630000000000001	16.9899427165601
0.650000000000001	18.7728403197791
0.670000000000001	20.8518436995824
0.690000000000001	23.2963457189545
0.710000000000001	26.1973252411953
0.730000000000001	29.6759362265714
0.750000000000001	33.8963654530362
0.770000000000001	39.0855673763505
0.790000000000001	45.5644251578484
0.810000000000001	53.798574740491
0.830000000000001	64.484464538638
0.850000000000001	78.7016073199275
0.870000000000001	98.1963102079243
0.890000000000001	125.944666436761
0.910000000000001	167.359558047843
0.930000000000001	233.145063318496
0.950000000000001	346.976137001227
0.970000000000001	570.202923054343
0.990000000000001	1105.78831634385
