# Program settings for SigmaNu
# Electroweak scheme and input parameters
# Scheme = Complex mass scheme
# alpha_GF = 0.00755898078237864
# Pole masses/widths for particles [GeV]
# mw = 80.35797361
# gw = 2.084298894
# mz = 91.15348062
# gz = 2.494266379
# s^2_thetaw (derived) = (0.222868505240788,-0.00110716741475141)
# charged leptons
# m_e = 0.0005109989461
# m_m = 0.10565837
# m_t = 1.77686
# quarks
# m_d = 0.05
# m_u = 0.05
# m_s = 0.2
# m_c = 1.51
# m_b = 4.92
# m_t = 173
# Ecms (default) = 71.7197

# channel_id = 5
# process  = nu_e nu_mu -> nu_e nu_mu
-0.99	8.3072836446539
-0.97	8.37128131907949
-0.95	8.43602131807824
-0.93	8.5015151656019
-0.91	8.56777461007535
-0.89	8.6348116296635
-0.87	8.70263843768297
-0.85	8.7712674881631
-0.83	8.84071148156092
-0.81	8.91098337063508
-0.79	8.98209636648373
-0.77	9.05406394475163
-0.75	9.12689985201197
-0.73	9.20061811232847
-0.71	9.27523303400369
-0.69	9.35075921651946
-0.67	9.42721155767595
-0.65	9.50460526093565
-0.63	9.58295584297917
-0.61	9.66227914147981
-0.59	9.74259132310419
-0.57	9.82390889174644
-0.55	9.90624869700387
-0.53	9.9896279429021
-0.51	10.0740641968782
-0.49	10.1595753990306
-0.47	10.2461798716448
-0.45	10.3338963290041
-0.429999999999999	10.4227438874957
-0.409999999999999	10.5127420760221
-0.389999999999999	10.6039108467279
-0.369999999999999	10.6962705860536
-0.349999999999999	10.7898421261279
-0.329999999999999	10.8846467565098
-0.309999999999999	10.9807062362931
-0.289999999999999	11.0780428065867
-0.269999999999999	11.1766792033832
-0.249999999999999	11.2766386708297
-0.229999999999999	11.3779449749166
-0.209999999999999	11.4806224175975
-0.189999999999999	11.5846958513572
-0.169999999999999	11.690190694244
-0.149999999999999	11.7971329453823
-0.129999999999999	11.9055492009845
-0.109999999999999	12.0154666708795
-0.0899999999999994	12.1269131955775
-0.0699999999999994	12.2399172638911
-0.0499999999999994	12.3545080311333
-0.0299999999999994	12.4707153379142
-0.00999999999999938	12.5885697295589
0.0100000000000006	12.7081024761703
0.0300000000000006	12.8293455933615
0.0500000000000006	12.952331863683
0.0700000000000006	13.0770948587719
0.0900000000000006	13.2036689622512
0.110000000000001	13.3320893934074
0.130000000000001	13.4623922316779
0.150000000000001	13.5946144419793
0.170000000000001	13.7287939009101
0.190000000000001	13.8649694238622
0.210000000000001	14.0031807930779
0.230000000000001	14.1434687866893
0.250000000000001	14.2858752087808
0.270000000000001	14.4304429205152
0.290000000000001	14.5772158723667
0.310000000000001	14.7262391375072
0.330000000000001	14.8775589463909
0.350000000000001	15.0312227225891
0.370000000000001	15.1872791199258
0.390000000000001	15.3457780609684
0.410000000000001	15.5067707769302
0.430000000000001	15.6703098490453
0.450000000000001	15.8364492514768
0.470000000000001	16.0052443958238
0.490000000000001	16.1767521772978
0.510000000000001	16.3510310226362
0.530000000000001	16.528140939833
0.550000000000001	16.7081435697612
0.570000000000001	16.8911022397734
0.590000000000001	17.077082019365
0.610000000000001	17.2661497779925
0.630000000000001	17.4583742451425
0.650000000000001	17.6538260727519
0.670000000000001	17.8525779000859
0.690000000000001	18.054704421183
0.710000000000001	18.2602824549861
0.730000000000001	18.4693910182812
0.750000000000001	18.6821114015731
0.770000000000001	18.898527248034
0.790000000000001	19.1187246356689
0.810000000000001	19.3427921628463
0.830000000000001	19.5708210373557
0.850000000000001	19.8029051691557
0.870000000000001	20.0391412669913
0.890000000000001	20.279628939064
0.910000000000001	20.5244707979518
0.930000000000001	20.773772569983
0.950000000000001	21.0276432092841
0.970000000000001	21.2861950167287
0.990000000000001	21.5495437640312
