# Program settings for SigmaNu
# Electroweak scheme and input parameters
# Scheme = Complex mass scheme
# alpha_GF = 0.00755898078237864
# Pole masses/widths for particles [GeV]
# mw = 80.35797361
# gw = 2.084298894
# mz = 91.15348062
# gz = 2.494266379
# s^2_thetaw (derived) = (0.222868505240788,-0.00110716741475141)
# charged leptons
# m_e = 0.0005109989461
# m_m = 0.10565837
# m_t = 1.77686
# quarks
# m_d = 0.05
# m_u = 0.05
# m_s = 0.2
# m_c = 1.51
# m_b = 4.92
# m_t = 173
# Ecms (default) = 0.000618013

# channel_id = 5
# process  = nu_e nu_mu -> nu_e nu_mu
-0.99	1.61004771582623e-09
-0.97	1.6100477158277e-09
-0.95	1.61004771582918e-09
-0.93	1.61004771583066e-09
-0.91	1.61004771583214e-09
-0.89	1.61004771583362e-09
-0.87	1.6100477158351e-09
-0.85	1.61004771583658e-09
-0.83	1.61004771583806e-09
-0.81	1.61004771583954e-09
-0.79	1.61004771584102e-09
-0.77	1.6100477158425e-09
-0.75	1.61004771584397e-09
-0.73	1.61004771584545e-09
-0.71	1.61004771584693e-09
-0.69	1.61004771584841e-09
-0.67	1.61004771584989e-09
-0.65	1.61004771585137e-09
-0.63	1.61004771585285e-09
-0.61	1.61004771585433e-09
-0.59	1.61004771585581e-09
-0.57	1.61004771585729e-09
-0.55	1.61004771585876e-09
-0.53	1.61004771586024e-09
-0.51	1.61004771586172e-09
-0.49	1.6100477158632e-09
-0.47	1.61004771586468e-09
-0.45	1.61004771586616e-09
-0.429999999999999	1.61004771586764e-09
-0.409999999999999	1.61004771586912e-09
-0.389999999999999	1.6100477158706e-09
-0.369999999999999	1.61004771587208e-09
-0.349999999999999	1.61004771587356e-09
-0.329999999999999	1.61004771587503e-09
-0.309999999999999	1.61004771587651e-09
-0.289999999999999	1.61004771587799e-09
-0.269999999999999	1.61004771587947e-09
-0.249999999999999	1.61004771588095e-09
-0.229999999999999	1.61004771588243e-09
-0.209999999999999	1.61004771588391e-09
-0.189999999999999	1.61004771588539e-09
-0.169999999999999	1.61004771588687e-09
-0.149999999999999	1.61004771588835e-09
-0.129999999999999	1.61004771588983e-09
-0.109999999999999	1.61004771589131e-09
-0.0899999999999994	1.61004771589278e-09
-0.0699999999999994	1.61004771589426e-09
-0.0499999999999994	1.61004771589574e-09
-0.0299999999999994	1.61004771589722e-09
-0.00999999999999938	1.6100477158987e-09
0.0100000000000006	1.61004771590018e-09
0.0300000000000006	1.61004771590166e-09
0.0500000000000006	1.61004771590314e-09
0.0700000000000006	1.61004771590462e-09
0.0900000000000006	1.6100477159061e-09
0.110000000000001	1.61004771590757e-09
0.130000000000001	1.61004771590905e-09
0.150000000000001	1.61004771591053e-09
0.170000000000001	1.61004771591201e-09
0.190000000000001	1.61004771591349e-09
0.210000000000001	1.61004771591497e-09
0.230000000000001	1.61004771591645e-09
0.250000000000001	1.61004771591793e-09
0.270000000000001	1.61004771591941e-09
0.290000000000001	1.61004771592089e-09
0.310000000000001	1.61004771592237e-09
0.330000000000001	1.61004771592385e-09
0.350000000000001	1.61004771592532e-09
0.370000000000001	1.6100477159268e-09
0.390000000000001	1.61004771592828e-09
0.410000000000001	1.61004771592976e-09
0.430000000000001	1.61004771593124e-09
0.450000000000001	1.61004771593272e-09
0.470000000000001	1.6100477159342e-09
0.490000000000001	1.61004771593568e-09
0.510000000000001	1.61004771593716e-09
0.530000000000001	1.61004771593864e-09
0.550000000000001	1.61004771594011e-09
0.570000000000001	1.61004771594159e-09
0.590000000000001	1.61004771594307e-09
0.610000000000001	1.61004771594455e-09
0.630000000000001	1.61004771594603e-09
0.650000000000001	1.61004771594751e-09
0.670000000000001	1.61004771594899e-09
0.690000000000001	1.61004771595047e-09
0.710000000000001	1.61004771595195e-09
0.730000000000001	1.61004771595343e-09
0.750000000000001	1.61004771595491e-09
0.770000000000001	1.61004771595638e-09
0.790000000000001	1.61004771595786e-09
0.810000000000001	1.61004771595934e-09
0.830000000000001	1.61004771596082e-09
0.850000000000001	1.6100477159623e-09
0.870000000000001	1.61004771596378e-09
0.890000000000001	1.61004771596526e-09
0.910000000000001	1.61004771596674e-09
0.930000000000001	1.61004771596822e-09
0.950000000000001	1.6100477159697e-09
0.970000000000001	1.61004771597117e-09
0.990000000000001	1.61004771597265e-09
