# Program settings for SigmaNu
# Electroweak scheme and input parameters
# Scheme = Complex mass scheme
# alpha_GF = 0.00755898078237864
# Pole masses/widths for particles [GeV]
# mw = 80.35797361
# gw = 2.084298894
# mz = 91.15348062
# gz = 2.494266379
# s^2_thetaw (derived) = (0.222868505240788,-0.00110716741475141)
# charged leptons
# m_e = 0.0005109989461
# m_m = 0.10565837
# m_t = 1.77686
# quarks
# m_d = 0.05
# m_u = 0.05
# m_s = 0.2
# m_c = 1.51
# m_b = 4.92
# m_t = 173
# Ecms (default) = 0.00301678

# channel_id = 5
# process  = nu_e nu_mu -> nu_e nu_mu
-0.99	3.83646115598572e-08
-0.97	3.8364611560697e-08
-0.95	3.83646115615368e-08
-0.93	3.83646115623766e-08
-0.91	3.83646115632164e-08
-0.89	3.83646115640562e-08
-0.87	3.8364611564896e-08
-0.85	3.83646115657358e-08
-0.83	3.83646115665756e-08
-0.81	3.83646115674154e-08
-0.79	3.83646115682552e-08
-0.77	3.8364611569095e-08
-0.75	3.83646115699348e-08
-0.73	3.83646115707746e-08
-0.71	3.83646115716144e-08
-0.69	3.83646115724542e-08
-0.67	3.8364611573294e-08
-0.65	3.83646115741338e-08
-0.63	3.83646115749736e-08
-0.61	3.83646115758134e-08
-0.59	3.83646115766532e-08
-0.57	3.8364611577493e-08
-0.55	3.83646115783328e-08
-0.53	3.83646115791726e-08
-0.51	3.83646115800124e-08
-0.49	3.83646115808522e-08
-0.47	3.8364611581692e-08
-0.45	3.83646115825318e-08
-0.429999999999999	3.83646115833716e-08
-0.409999999999999	3.83646115842114e-08
-0.389999999999999	3.83646115850512e-08
-0.369999999999999	3.8364611585891e-08
-0.349999999999999	3.83646115867308e-08
-0.329999999999999	3.83646115875706e-08
-0.309999999999999	3.83646115884104e-08
-0.289999999999999	3.83646115892502e-08
-0.269999999999999	3.836461159009e-08
-0.249999999999999	3.83646115909298e-08
-0.229999999999999	3.83646115917696e-08
-0.209999999999999	3.83646115926094e-08
-0.189999999999999	3.83646115934492e-08
-0.169999999999999	3.8364611594289e-08
-0.149999999999999	3.83646115951288e-08
-0.129999999999999	3.83646115959687e-08
-0.109999999999999	3.83646115968084e-08
-0.0899999999999994	3.83646115976483e-08
-0.0699999999999994	3.8364611598488e-08
-0.0499999999999994	3.83646115993279e-08
-0.0299999999999994	3.83646116001676e-08
-0.00999999999999938	3.83646116010075e-08
0.0100000000000006	3.83646116018472e-08
0.0300000000000006	3.8364611602687e-08
0.0500000000000006	3.83646116035268e-08
0.0700000000000006	3.83646116043667e-08
0.0900000000000006	3.83646116052065e-08
0.110000000000001	3.83646116060463e-08
0.130000000000001	3.83646116068861e-08
0.150000000000001	3.83646116077259e-08
0.170000000000001	3.83646116085657e-08
0.190000000000001	3.83646116094055e-08
0.210000000000001	3.83646116102453e-08
0.230000000000001	3.83646116110851e-08
0.250000000000001	3.83646116119249e-08
0.270000000000001	3.83646116127647e-08
0.290000000000001	3.83646116136045e-08
0.310000000000001	3.83646116144443e-08
0.330000000000001	3.83646116152841e-08
0.350000000000001	3.83646116161239e-08
0.370000000000001	3.83646116169637e-08
0.390000000000001	3.83646116178035e-08
0.410000000000001	3.83646116186433e-08
0.430000000000001	3.83646116194831e-08
0.450000000000001	3.83646116203229e-08
0.470000000000001	3.83646116211627e-08
0.490000000000001	3.83646116220025e-08
0.510000000000001	3.83646116228423e-08
0.530000000000001	3.83646116236821e-08
0.550000000000001	3.83646116245219e-08
0.570000000000001	3.83646116253617e-08
0.590000000000001	3.83646116262015e-08
0.610000000000001	3.83646116270413e-08
0.630000000000001	3.83646116278811e-08
0.650000000000001	3.83646116287209e-08
0.670000000000001	3.83646116295607e-08
0.690000000000001	3.83646116304005e-08
0.710000000000001	3.83646116312403e-08
0.730000000000001	3.83646116320801e-08
0.750000000000001	3.83646116329199e-08
0.770000000000001	3.83646116337597e-08
0.790000000000001	3.83646116345995e-08
0.810000000000001	3.83646116354393e-08
0.830000000000001	3.83646116362791e-08
0.850000000000001	3.83646116371189e-08
0.870000000000001	3.83646116379587e-08
0.890000000000001	3.83646116387985e-08
0.910000000000001	3.83646116396383e-08
0.930000000000001	3.83646116404781e-08
0.950000000000001	3.83646116413179e-08
0.970000000000001	3.83646116421577e-08
0.990000000000001	3.83646116429975e-08
