# Program settings for SigmaNu
# Electroweak scheme and input parameters
# Scheme = Complex mass scheme
# alpha_GF = 0.00755898078237864
# Pole masses/widths for particles [GeV]
# mw = 80.35797361
# gw = 2.084298894
# mz = 91.15348062
# gz = 2.494266379
# s^2_thetaw (derived) = (0.222868505240788,-0.00110716741475141)
# charged leptons
# m_e = 0.0005109989461
# m_m = 0.10565837
# m_t = 1.77686
# quarks
# m_d = 0.05
# m_u = 0.05
# m_s = 0.2
# m_c = 1.51
# m_b = 4.92
# m_t = 173
# Ecms (default) = 759.989

# channel_id = 5
# process  = nu_e nu_mu -> nu_e nu_mu
-0.99	0.494917271259982
-0.97	0.504871251722078
-0.95	0.515128577939823
-0.93	0.525701702173967
-0.91	0.536603722257029
-0.89	0.547848422176352
-0.87	0.559450315665051
-0.85	0.571424693058341
-0.83	0.583787671697857
-0.81	0.596556250194316
-0.79	0.609748366889829
-0.77	0.623382962895432
-0.75	0.637480050117718
-0.73	0.65206078473093
-0.71	0.66714754659851
-0.69	0.682764025201088
-0.67	0.698935312687293
-0.65	0.71568800473027
-0.63	0.733050309947263
-0.61	0.751052168723396
-0.59	0.769725382374801
-0.57	0.789103753692253
-0.55	0.809223240025846
-0.53	0.830122120206172
-0.51	0.85184117674992
-0.49	0.87442389497057
-0.47	0.897916680810733
-0.45	0.922369099435327
-0.429999999999999	0.947834136878051
-0.409999999999999	0.974368487322412
-0.389999999999999	1.00203286892831
-0.369999999999999	1.03089237149239
-0.349999999999999	1.06101683966284
-0.329999999999999	1.09248129592549
-0.309999999999999	1.12536640814961
-0.289999999999999	1.1597590071398
-0.269999999999999	1.19575266040131
-0.249999999999999	1.23344830920624
-0.229999999999999	1.27295497706977
-0.209999999999999	1.31439055893299
-0.189999999999999	1.35788270173302
-0.169999999999999	1.40356978865815
-0.149999999999999	1.45160204127899
-0.129999999999999	1.50214275596982
-0.109999999999999	1.55536969365124
-0.0899999999999994	1.61147664497378
-0.0699999999999994	1.67067519671833
-0.0499999999999994	1.733196729529
-0.0299999999999994	1.79929468226128
-0.00999999999999938	1.86924712440011
0.0100000000000006	1.94335968539687
0.0300000000000006	2.02196889866438
0.0500000000000006	2.1054460286934
0.0700000000000006	2.19420146273868
0.0900000000000006	2.28868976430188
0.110000000000001	2.38941550488936
0.130000000000001	2.4969400141036
0.150000000000001	2.61188921713404
0.170000000000001	2.73496276455198
0.190000000000001	2.86694470379748
0.210000000000001	3.00871599722428
0.230000000000001	3.16126926110652
0.250000000000001	3.32572618762899
0.270000000000001	3.50335822289051
0.290000000000001	3.69561121540336
0.310000000000001	3.90413493091432
0.330000000000001	4.13081856333691
0.350000000000001	4.37783367546532
0.370000000000001	4.64768640063026
0.390000000000001	4.94328126027707
0.410000000000001	5.26799964821036
0.430000000000001	5.62579696414136
0.450000000000001	6.02132363843279
0.470000000000001	6.46007700765385
0.490000000000001	6.94859336725252
0.510000000000001	7.49469282358852
0.530000000000001	8.10779421042863
0.550000000000001	8.79932395596713
0.570000000000001	9.58325235364823
0.590000000000001	10.4768047125809
0.610000000000001	11.5014157343871
0.630000000000001	12.684027050265
0.650000000000001	14.0588765329779
0.670000000000001	15.6700045285637
0.690000000000001	17.5748251145736
0.710000000000001	19.8493128638369
0.730000000000001	22.5956976586164
0.750000000000001	25.9541557438275
0.770000000000001	30.1210576481219
0.790000000000001	35.3783389166462
0.810000000000001	42.1424747361342
0.830000000000001	51.0495738969063
0.850000000000001	63.1105831814708
0.870000000000001	80.0113199650601
0.890000000000001	104.73520752242
0.910000000000001	142.976189702208
0.930000000000001	206.736163780296
0.950000000000001	325.031776819705
0.970000000000001	583.843042405045
0.990000000000001	1341.23121260224
