# Program settings for SigmaNu
# Electroweak scheme and input parameters
# Scheme = Complex mass scheme
# alpha_GF = 0.00755898078237864
# Pole masses/widths for particles [GeV]
# mw = 80.35797361
# gw = 2.084298894
# mz = 91.15348062
# gz = 2.494266379
# s^2_thetaw (derived) = (0.222868505240788,-0.00110716741475141)
# charged leptons
# m_e = 0.0005109989461
# m_m = 0.10565837
# m_t = 1.77686
# quarks
# m_d = 0.05
# m_u = 0.05
# m_s = 0.2
# m_c = 1.51
# m_b = 4.92
# m_t = 173
# Ecms (default) = 5864.99

# channel_id = 5
# process  = nu_e nu_mu -> nu_e nu_mu
-0.99	0.00854810912307037
-0.97	0.00872251284929107
-0.95	0.00890230897426663
-0.93	0.00908772211481467
-0.91	0.00927898870604763
-0.89	0.00947635775549011
-0.87	0.00968009165393852
-0.85	0.00989046704799593
-0.83	0.0101077757797018
-0.81	0.0103323258992188
-0.79	0.0105644427571407
-0.77	0.0108044701836582
-0.75	0.0110527717625648
-0.73	0.0113097322089232
-0.71	0.0115757588601445
-0.69	0.0118512832912767
-0.67	0.0121367630664702
-0.65	0.0124326836399002
-0.63	0.012739560420902
-0.61	0.0130579410197319
-0.59	0.01338840769224
-0.57	0.0137315800038442
-0.55	0.0140881177355828
-0.53	0.0144587240577148
-0.51	0.0148441489993938
-0.49	0.0152451932464099
-0.47	0.0156627123029337
-0.45	0.0160976210576897
-0.429999999999999	0.0165508988001058
-0.409999999999999	0.0170235947378393
-0.389999999999999	0.0175168340737828
-0.369999999999999	0.0180318247083344
-0.349999999999999	0.018569864641556
-0.329999999999999	0.0191323501600059
-0.309999999999999	0.0197207849047726
-0.289999999999999	0.020336789930796
-0.269999999999999	0.0209821148832858
-0.249999999999999	0.0216586504352952
-0.229999999999999	0.0223684421517499
-0.209999999999999	0.0231137059700137
-0.189999999999999	0.0238968455160481
-0.169999999999999	0.0247204715091926
-0.149999999999999	0.0255874235485181
-0.129999999999999	0.0265007946207564
-0.109999999999999	0.0274639587254053
-0.0899999999999994	0.0284806020784956
-0.0699999999999994	0.029554758434817
-0.0499999999999994	0.030690849161753
-0.0299999999999994	0.0318937288095237
-0.00999999999999938	0.0331687370565931
0.0100000000000006	0.0345217580702708
0.0300000000000006	0.03595928851738
0.0500000000000006	0.0374885156961283
0.0700000000000006	0.0391174075478909
0.0900000000000006	0.0408548166590418
0.110000000000001	0.0427106007941761
0.130000000000001	0.0446957630334663
0.150000000000001	0.0468226152446761
0.170000000000001	0.0491049694384037
0.190000000000001	0.0515583625774602
0.210000000000001	0.054200321695452
0.230000000000001	0.0570506778013373
0.250000000000001	0.0601319391061786
0.270000000000001	0.0634697367390958
0.290000000000001	0.067093359500847
0.310000000000001	0.071036398578033
0.330000000000001	0.0753375288391682
0.350000000000001	0.0800414608100949
0.370000000000001	0.0852001073102708
0.390000000000001	0.0908740219046692
0.410000000000001	0.0971341840337075
0.430000000000001	0.104064229703735
0.450000000000001	0.111763259519637
0.470000000000001	0.120349401367445
0.490000000000001	0.129964368751786
0.510000000000001	0.1407793459686
0.530000000000001	0.153002660578749
0.550000000000001	0.166889891543824
0.570000000000001	0.182757338501556
0.590000000000001	0.201000192909916
0.610000000000001	0.222117384874787
0.630000000000001	0.246746063021257
0.650000000000001	0.275710224620681
0.670000000000001	0.310090543795101
0.690000000000001	0.351326655389918
0.710000000000001	0.401370353208094
0.730000000000001	0.46292086949261
0.750000000000001	0.539796631424836
0.770000000000001	0.637542078573787
0.790000000000001	0.764456120450318
0.810000000000001	0.93341359391148
0.830000000000001	1.16526405809671
0.850000000000001	1.49558656716513
0.870000000000001	1.98920011753483
0.890000000000001	2.77456751461172
0.910000000000001	4.13668112552943
0.930000000000001	6.81737168412017
0.950000000000001	13.2890793313687
0.970000000000001	36.4475675939571
0.990000000000001	308.181417215044
