# Program settings for SigmaNu
# Electroweak scheme and input parameters
# Scheme = Complex mass scheme
# alpha_GF = 0.00755898078237864
# Pole masses/widths for particles [GeV]
# mw = 80.35797361
# gw = 2.084298894
# mz = 91.15348062
# gz = 2.494266379
# s^2_thetaw (derived) = (0.222868505240788,-0.00110716741475141)
# charged leptons
# m_e = 0.0005109989461
# m_m = 0.10565837
# m_t = 1.77686
# quarks
# m_d = 0.05
# m_u = 0.05
# m_s = 0.2
# m_c = 1.51
# m_b = 4.92
# m_t = 173
# Ecms (default) = 121.662

# channel_id = 5
# process  = nu_e nu_mu -> nu_e nu_mu
-0.99	8.12255732904746
-0.97	8.22794093939619
-0.95	8.33538876507826
-0.93	8.44495506914853
-0.91	8.55669590943885
-0.89	8.67066921026548
-0.87	8.7869348375011
-0.85	8.90555467719329
-0.83	9.02659271792203
-0.81	9.15011513710101
-0.79	9.27619039143995
-0.77	9.40488931179881
-0.75	9.53628520267933
-0.73	9.67045394661472
-0.71	9.80747411373508
-0.69	9.94742707680398
-0.67	10.0903971320405
-0.65	10.2364716260616
-0.63	10.3857410893024
-0.61	10.5382993762937
-0.59	10.6942438132034
-0.57	10.8536753530747
-0.55	11.0166987392232
-0.53	11.1834226772872
-0.51	11.3539600164575
-0.49	11.5284279404523
-0.47	11.7069481688402
-0.45	11.8896471693565
-0.429999999999999	12.0766563819045
-0.409999999999999	12.2681124549829
-0.389999999999999	12.4641574953336
-0.369999999999999	12.6649393316596
-0.349999999999999	12.8706117933294
-0.329999999999999	13.0813350050474
-0.309999999999999	13.2972756985434
-0.289999999999999	13.5186075424165
-0.269999999999999	13.7455114913493
-0.249999999999999	13.9781761560048
-0.229999999999999	14.2167981950172
-0.209999999999999	14.4615827305984
-0.189999999999999	14.7127437893987
-0.169999999999999	14.9705047703932
-0.149999999999999	15.2350989417009
-0.129999999999999	15.5067699684019
-0.109999999999999	15.7857724735808
-0.0899999999999994	16.0723726350105
-0.0699999999999994	16.366848820084
-0.0499999999999994	16.6694922618259
-0.0299999999999994	16.9806077790458
-0.00999999999999938	17.3005145439606
0.0100000000000006	17.6295469008942
0.0300000000000006	17.9680552399766
0.0500000000000006	18.3164069301048
0.0700000000000006	18.6749873158042
0.0900000000000006	19.0442007830423
0.110000000000001	19.4244718994975
0.130000000000001	19.8162466352882
0.150000000000001	20.2199936707166
0.170000000000001	20.6362057981855
0.190000000000001	21.0654014261215
0.210000000000001	21.5081261934734
0.230000000000001	21.9649547041748
0.250000000000001	22.4364923918681
0.270000000000001	22.9233775261884
0.290000000000001	23.4262833730236
0.310000000000001	23.9459205224046
0.330000000000001	24.4830393990547
0.350000000000001	25.0384329721644
0.370000000000001	25.612939682662
0.390000000000001	26.2074466081633
0.410000000000001	26.8228928879079
0.430000000000001	27.4602734323801
0.450000000000001	28.1206429449769
0.470000000000001	28.8051202860848
0.490000000000001	29.5148932132879
0.510000000000001	30.2512235352133
0.530000000000001	31.0154527207801
0.550000000000001	31.8090080104218
0.570000000000001	32.6334090812785
0.590000000000001	33.4902753244934
0.610000000000001	34.3813337997012
0.630000000000001	35.3084279396848
0.650000000000001	36.2735270871467
0.670000000000001	37.2787369557439
0.690000000000001	38.326311119181
0.710000000000001	39.4186636454489
0.730000000000001	40.5583830085144
0.750000000000001	41.7482474272117
0.770000000000001	42.9912418011246
0.790000000000001	44.2905764363129
0.810000000000001	45.6497077803286
0.830000000000001	47.0723614167064
0.850000000000001	48.5625576046992
0.870000000000001	50.1246396913373
0.890000000000001	51.7633057709363
0.910000000000001	53.4836440231935
0.930000000000001	55.291172226477
0.950000000000001	57.1918820196109
0.970000000000001	59.1922885755378
0.990000000000001	61.2994864563311
