# Program settings for SigmaNu
# Electroweak scheme and input parameters
# Scheme = Complex mass scheme
# alpha_GF = 0.00755898078237864
# Pole masses/widths for particles [GeV]
# mw = 80.35797361
# gw = 2.084298894
# mz = 91.15348062
# gz = 2.494266379
# s^2_thetaw (derived) = (0.222868505240788,-0.00110716741475141)
# charged leptons
# m_e = 0.0005109989461
# m_m = 0.10565837
# m_t = 1.77686
# quarks
# m_d = 0.05
# m_u = 0.05
# m_s = 0.2
# m_c = 1.51
# m_b = 4.92
# m_t = 173
# Ecms (default) = 1.24744

# channel_id = 5
# process  = nu_e nu_mu -> nu_e nu_mu
-0.99	0.00655724087239249
-0.97	0.00655726541040098
-0.95	0.00655728994854719
-0.93	0.0065573144868311
-0.91	0.00655733902525271
-0.89	0.00655736356381202
-0.87	0.00655738810250905
-0.85	0.00655741264134378
-0.83	0.00655743718031621
-0.81	0.00655746171942637
-0.79	0.00655748625867422
-0.77	0.00655751079805979
-0.75	0.00655753533758308
-0.73	0.00655755987724407
-0.71	0.00655758441704278
-0.69	0.00655760895697921
-0.67	0.00655763349705336
-0.65	0.00655765803726522
-0.63	0.0065576825776148
-0.61	0.0065577071181021
-0.59	0.00655773165872712
-0.57	0.00655775619948986
-0.55	0.00655778074039033
-0.53	0.00655780528142852
-0.51	0.00655782982260443
-0.49	0.00655785436391807
-0.47	0.00655787890536944
-0.45	0.00655790344695854
-0.429999999999999	0.00655792798868536
-0.409999999999999	0.00655795253054992
-0.389999999999999	0.00655797707255221
-0.369999999999999	0.00655800161469222
-0.349999999999999	0.00655802615696997
-0.329999999999999	0.00655805069938546
-0.309999999999999	0.00655807524193868
-0.289999999999999	0.00655809978462964
-0.269999999999999	0.00655812432745833
-0.249999999999999	0.00655814887042477
-0.229999999999999	0.00655817341352893
-0.209999999999999	0.00655819795677085
-0.189999999999999	0.00655822250015051
-0.169999999999999	0.0065582470436679
-0.149999999999999	0.00655827158732304
-0.129999999999999	0.00655829613111593
-0.109999999999999	0.00655832067504656
-0.0899999999999994	0.00655834521911493
-0.0699999999999994	0.00655836976332106
-0.0499999999999994	0.00655839430766493
-0.0299999999999994	0.00655841885214656
-0.00999999999999938	0.00655844339676593
0.0100000000000006	0.00655846794152306
0.0300000000000006	0.00655849248641794
0.0500000000000006	0.00655851703145056
0.0700000000000006	0.00655854157662095
0.0900000000000006	0.0065585661219291
0.110000000000001	0.006558590667375
0.130000000000001	0.00655861521295865
0.150000000000001	0.00655863975868007
0.170000000000001	0.00655866430453925
0.190000000000001	0.00655868885053618
0.210000000000001	0.00655871339667088
0.230000000000001	0.00655873794294335
0.250000000000001	0.00655876248935357
0.270000000000001	0.00655878703590157
0.290000000000001	0.00655881158258732
0.310000000000001	0.00655883612941085
0.330000000000001	0.00655886067637214
0.350000000000001	0.00655888522347121
0.370000000000001	0.00655890977070804
0.390000000000001	0.00655893431808264
0.410000000000001	0.00655895886559502
0.430000000000001	0.00655898341324517
0.450000000000001	0.0065590079610331
0.470000000000001	0.0065590325089588
0.490000000000001	0.00655905705702227
0.510000000000001	0.00655908160522353
0.530000000000001	0.00655910615356256
0.550000000000001	0.00655913070203937
0.570000000000001	0.00655915525065397
0.590000000000001	0.00655917979940634
0.610000000000001	0.0065592043482965
0.630000000000001	0.00655922889732444
0.650000000000001	0.00655925344649017
0.670000000000001	0.00655927799579368
0.690000000000001	0.00655930254523498
0.710000000000001	0.00655932709481406
0.730000000000001	0.00655935164453094
0.750000000000001	0.0065593761943856
0.770000000000001	0.00655940074437806
0.790000000000001	0.00655942529450831
0.810000000000001	0.00655944984477635
0.830000000000001	0.00655947439518218
0.850000000000001	0.00655949894572581
0.870000000000001	0.00655952349640724
0.890000000000001	0.00655954804722646
0.910000000000001	0.00655957259818348
0.930000000000001	0.0065595971492783
0.950000000000001	0.00655962170051092
0.970000000000001	0.00655964625188135
0.990000000000001	0.00655967080338957
