# Program settings for SigmaNu
# Electroweak scheme and input parameters
# Scheme = Complex mass scheme
# alpha_GF = 0.00755898078237864
# Pole masses/widths for particles [GeV]
# mw = 80.35797361
# gw = 2.084298894
# mz = 91.15348062
# gz = 2.494266379
# s^2_thetaw (derived) = (0.222868505240788,-0.00110716741475141)
# charged leptons
# m_e = 0.0005109989461
# m_m = 0.10565837
# m_t = 1.77686
# quarks
# m_d = 0.05
# m_u = 0.05
# m_s = 0.2
# m_c = 1.51
# m_b = 4.92
# m_t = 173
# Ecms (default) = 28629.5

# channel_id = 5
# process  = nu_e nu_mu -> nu_e nu_mu
-0.99	0.0003589046394531
-0.97	0.000366228959437913
-0.95	0.000373779794513078
-0.93	0.000381566582289693
-0.91	0.000389599257063114
-0.89	0.000397888281513838
-0.87	0.000406444680794263
-0.85	0.000415280079208787
-0.83	0.000424406739715203
-0.81	0.000433837606498143
-0.79	0.000443586350890687
-0.77	0.000453667420948484
-0.75	0.000464096095012209
-0.73	0.000474888539629329
-0.71	0.000486061872245415
-0.69	0.000497634229119189
-0.67	0.000509624838964754
-0.65	0.000522054102879671
-0.63	0.000534943681179642
-0.61	0.000548316587830382
-0.59	0.000562197293245897
-0.57	0.000576611836311168
-0.55	0.00059158794658748
-0.53	0.000607155177772124
-0.51	0.000623345053612741
-0.49	0.000640191227622595
-0.47	0.000657729658108963
-0.45	0.000675998800215841
-0.429999999999999	0.000695039816897791
-0.409999999999999	0.000714896810988124
-0.389999999999999	0.000735617080806749
-0.369999999999999	0.000757251402076597
-0.349999999999999	0.000779854339289389
-0.329999999999999	0.000803484590089746
-0.309999999999999	0.000828205366740672
-0.289999999999999	0.000854084819304734
-0.269999999999999	0.000881196505837127
-0.249999999999999	0.000909619915655458
-0.229999999999999	0.000939441052645718
-0.209999999999999	0.000970753086607543
-0.189999999999999	0.00100365708186243
-0.169999999999999	0.00103826281377942
-0.149999999999999	0.00107468968555474
-0.129999999999999	0.00111306775956381
-0.109999999999999	0.00115353891994669
-0.0899999999999994	0.00119625818586371
-0.0699999999999994	0.00124139519815815
-0.0499999999999994	0.00128913590609633
-0.0299999999999994	0.00133968448556089
-0.00999999999999938	0.0013932655257187
0.0100000000000006	0.00145012652798247
0.0300000000000006	0.00151054076929818
0.0500000000000006	0.00157481059175043
0.0700000000000006	0.0016432711926023
0.0900000000000006	0.00171629500370335
0.110000000000001	0.00179429676738315
0.130000000000001	0.00187773943835777
0.150000000000001	0.0019671410689202
0.170000000000001	0.00206308286919186
0.190000000000001	0.00216621867734152
0.210000000000001	0.00227728612885824
0.230000000000001	0.00239711988239638
0.250000000000001	0.00252666734662415
0.270000000000001	0.00266700746354887
0.290000000000001	0.00281937324653705
0.310000000000001	0.00298517895594694
0.330000000000001	0.0031660530359163
0.350000000000001	0.00336387825160885
0.370000000000001	0.00358084088375376
0.390000000000001	0.00381949139389412
0.410000000000001	0.00408281972208049
0.430000000000001	0.00437434939404669
0.450000000000001	0.00469825600582892
0.470000000000001	0.00505951757905063
0.490000000000001	0.00546410697448404
0.510000000000001	0.00591924036701396
0.530000000000001	0.00643370125711358
0.550000000000001	0.00701826744921047
0.570000000000001	0.00768628016422098
0.590000000000001	0.00845441204773286
0.610000000000001	0.00934371767034608
0.630000000000001	0.0103810918258822
0.650000000000001	0.0116013271149461
0.670000000000001	0.0130500697298888
0.690000000000001	0.0147881511782704
0.710000000000001	0.0168980797764538
0.730000000000001	0.0194940163410938
0.750000000000001	0.022737547499978
0.770000000000001	0.0268634532606912
0.790000000000001	0.032223419941103
0.810000000000001	0.0393635440266767
0.830000000000001	0.0491691441257838
0.850000000000001	0.0631530257748656
0.870000000000001	0.0840759760186665
0.890000000000001	0.117421771066092
0.910000000000001	0.175393465505251
0.930000000000001	0.289898826351733
0.950000000000001	0.568070103750041
0.970000000000001	1.57712006760185
0.990000000000001	14.1558137509138
