# Program settings for SigmaNu
# Electroweak scheme and input parameters
# Scheme = Complex mass scheme
# alpha_GF = 0.00755898078237864
# Pole masses/widths for particles [GeV]
# mw = 80.35797361
# gw = 2.084298894
# mz = 91.15348062
# gz = 2.494266379
# s^2_thetaw (derived) = (0.222868505240788,-0.00110716741475141)
# charged leptons
# m_e = 0.0005109989461
# m_m = 0.10565837
# m_t = 1.77686
# quarks
# m_d = 0.05
# m_u = 0.05
# m_s = 0.2
# m_c = 1.51
# m_b = 4.92
# m_t = 173
# Ecms (default) = 0.0287614

# channel_id = 5
# process  = nu_e nu_mu -> nu_e nu_mu
-0.99	3.48709263070779e-06
-0.97	3.48709263764591e-06
-0.95	3.48709264458403e-06
-0.93	3.48709265152215e-06
-0.91	3.48709265846027e-06
-0.89	3.48709266539839e-06
-0.87	3.48709267233651e-06
-0.85	3.48709267927464e-06
-0.83	3.48709268621276e-06
-0.81	3.48709269315088e-06
-0.79	3.487092700089e-06
-0.77	3.48709270702713e-06
-0.75	3.48709271396525e-06
-0.73	3.48709272090337e-06
-0.71	3.48709272784149e-06
-0.69	3.48709273477961e-06
-0.67	3.48709274171773e-06
-0.65	3.48709274865586e-06
-0.63	3.48709275559398e-06
-0.61	3.4870927625321e-06
-0.59	3.48709276947022e-06
-0.57	3.48709277640835e-06
-0.55	3.48709278334647e-06
-0.53	3.48709279028459e-06
-0.51	3.48709279722271e-06
-0.49	3.48709280416083e-06
-0.47	3.48709281109895e-06
-0.45	3.48709281803708e-06
-0.429999999999999	3.4870928249752e-06
-0.409999999999999	3.48709283191332e-06
-0.389999999999999	3.48709283885144e-06
-0.369999999999999	3.48709284578957e-06
-0.349999999999999	3.48709285272769e-06
-0.329999999999999	3.48709285966581e-06
-0.309999999999999	3.48709286660393e-06
-0.289999999999999	3.48709287354206e-06
-0.269999999999999	3.48709288048018e-06
-0.249999999999999	3.4870928874183e-06
-0.229999999999999	3.48709289435642e-06
-0.209999999999999	3.48709290129454e-06
-0.189999999999999	3.48709290823267e-06
-0.169999999999999	3.48709291517079e-06
-0.149999999999999	3.48709292210891e-06
-0.129999999999999	3.48709292904703e-06
-0.109999999999999	3.48709293598516e-06
-0.0899999999999994	3.48709294292328e-06
-0.0699999999999994	3.4870929498614e-06
-0.0499999999999994	3.48709295679952e-06
-0.0299999999999994	3.48709296373765e-06
-0.00999999999999938	3.48709297067577e-06
0.0100000000000006	3.48709297761389e-06
0.0300000000000006	3.48709298455202e-06
0.0500000000000006	3.48709299149014e-06
0.0700000000000006	3.48709299842826e-06
0.0900000000000006	3.48709300536639e-06
0.110000000000001	3.48709301230451e-06
0.130000000000001	3.48709301924263e-06
0.150000000000001	3.48709302618075e-06
0.170000000000001	3.48709303311887e-06
0.190000000000001	3.487093040057e-06
0.210000000000001	3.48709304699512e-06
0.230000000000001	3.48709305393324e-06
0.250000000000001	3.48709306087137e-06
0.270000000000001	3.48709306780949e-06
0.290000000000001	3.48709307474761e-06
0.310000000000001	3.48709308168574e-06
0.330000000000001	3.48709308862386e-06
0.350000000000001	3.48709309556198e-06
0.370000000000001	3.4870931025001e-06
0.390000000000001	3.48709310943823e-06
0.410000000000001	3.48709311637635e-06
0.430000000000001	3.48709312331447e-06
0.450000000000001	3.4870931302526e-06
0.470000000000001	3.48709313719072e-06
0.490000000000001	3.48709314412884e-06
0.510000000000001	3.48709315106697e-06
0.530000000000001	3.48709315800509e-06
0.550000000000001	3.48709316494321e-06
0.570000000000001	3.48709317188134e-06
0.590000000000001	3.48709317881946e-06
0.610000000000001	3.48709318575758e-06
0.630000000000001	3.48709319269571e-06
0.650000000000001	3.48709319963383e-06
0.670000000000001	3.48709320657195e-06
0.690000000000001	3.48709321351008e-06
0.710000000000001	3.4870932204482e-06
0.730000000000001	3.48709322738632e-06
0.750000000000001	3.48709323432445e-06
0.770000000000001	3.48709324126257e-06
0.790000000000001	3.48709324820069e-06
0.810000000000001	3.48709325513882e-06
0.830000000000001	3.48709326207694e-06
0.850000000000001	3.48709326901506e-06
0.870000000000001	3.48709327595319e-06
0.890000000000001	3.48709328289131e-06
0.910000000000001	3.48709328982944e-06
0.930000000000001	3.48709329676756e-06
0.950000000000001	3.48709330370568e-06
0.970000000000001	3.48709331064381e-06
0.990000000000001	3.48709331758193e-06
