# Program settings for SigmaNu
# Electroweak scheme and input parameters
# Scheme = Complex mass scheme
# alpha_GF = 0.00755898078237864
# Pole masses/widths for particles [GeV]
# mw = 80.35797361
# gw = 2.084298894
# mz = 91.15348062
# gz = 2.494266379
# s^2_thetaw (derived) = (0.222868505240788,-0.00110716741475141)
# charged leptons
# m_e = 0.0005109989461
# m_m = 0.10565837
# m_t = 1.77686
# quarks
# m_d = 0.05
# m_u = 0.05
# m_s = 0.2
# m_c = 1.51
# m_b = 4.92
# m_t = 173
# Ecms (default) = 14151.2

# channel_id = 5
# process  = nu_e nu_mu -> nu_e nu_mu
-0.99	0.00146890155648352
-0.97	0.00149887709778011
-0.95	0.00152977964568021
-0.93	0.00156164782207911
-0.91	0.00159452228140496
-0.89	0.00162844584034085
-0.87	0.0016634636173098
-0.85	0.00169962318257141
-0.83	0.00173697471986308
-0.81	0.00177557120061163
-0.79	0.00181546857184531
-0.77	0.00185672595905135
-0.75	0.00189940588535323
-0.73	0.00194357450852561
-0.71	0.00198930187752537
-0.69	0.00203666221039729
-0.67	0.00208573419561421
-0.65	0.0021366013191376
-0.63	0.00218935221973841
-0.61	0.00224408107540377
-0.59	0.00230088802397699
-0.57	0.00235987962154132
-0.55	0.00242116934246822
-0.53	0.00248487812551513
-0.51	0.00255113497088375
-0.49	0.00262007759374712
-0.47	0.00269185314043255
-0.45	0.00276661897422102
-0.429999999999999	0.0028445435386053
-0.409999999999999	0.00292580730685775
-0.389999999999999	0.00301060382791234
-0.369999999999999	0.00309914087988965
-0.349999999999999	0.00319164174411505
-0.329999999999999	0.00328834661423173
-0.309999999999999	0.00338951415703207
-0.289999999999999	0.00349542324396745
-0.269999999999999	0.00360637487500475
-0.249999999999999	0.00372269431964232
-0.229999999999999	0.00384473350355784
-0.209999999999999	0.00397287367363054
-0.189999999999999	0.00410752837907299
-0.169999999999999	0.00424914681226175
-0.149999999999999	0.00439821755973614
-0.129999999999999	0.00455527282194338
-0.109999999999999	0.00472089316989026
-0.0899999999999994	0.00489571291821806
-0.0699999999999994	0.00508042620771522
-0.0499999999999994	0.0052757939063752
-0.0299999999999994	0.00548265145735409
-0.00999999999999938	0.00570191782527697
0.0100000000000006	0.00593460572014865
0.0300000000000006	0.00618183331171999
0.0500000000000006	0.00644483768790278
0.0700000000000006	0.00672499036041955
0.0900000000000006	0.0070238151814837
0.110000000000001	0.00734300910968182
0.130000000000001	0.00768446635489449
0.150000000000001	0.00805030654556787
0.170000000000001	0.00844290770278652
0.190000000000001	0.00886494498199737
0.210000000000001	0.00931943636483733
0.230000000000001	0.00980979676339586
0.250000000000001	0.0103399023547126
0.270000000000001	0.0109141674174477
0.290000000000001	0.0115376365264529
0.310000000000001	0.0122160957163242
0.330000000000001	0.0129562072090693
0.350000000000001	0.0137656735923111
0.370000000000001	0.0146534390418829
0.390000000000001	0.0156299374586751
0.410000000000001	0.0167074004495742
0.430000000000001	0.0179002422339232
0.450000000000001	0.0192255442442684
0.470000000000001	0.0207036700620749
0.490000000000001	0.0223590523453954
0.510000000000001	0.0242212090050219
0.530000000000001	0.0263260682566717
0.550000000000001	0.0287177146987092
0.570000000000001	0.0314507165442471
0.590000000000001	0.0345932660561756
0.610000000000001	0.0382314749208305
0.630000000000001	0.0424753367702429
0.650000000000001	0.0474671395432995
0.670000000000001	0.0533935493964971
0.690000000000001	0.0605033185890614
0.710000000000001	0.0691338204415129
0.730000000000001	0.0797518230638034
0.750000000000001	0.0930179535927017
0.770000000000001	0.109891996596548
0.790000000000001	0.131811502887727
0.810000000000001	0.161008418771504
0.830000000000001	0.201100585102831
0.850000000000001	0.258268925827211
0.870000000000001	0.343790670757576
0.890000000000001	0.48005907388245
0.910000000000001	0.716885082958516
0.930000000000001	1.18443137548349
0.950000000000001	2.31928801378845
0.970000000000001	6.42825741780485
0.990000000000001	57.2211995097519
