# Program settings for SigmaNu
# Electroweak scheme and input parameters
# Scheme = Complex mass scheme
# alpha_GF = 0.00755898078237864
# Pole masses/widths for particles [GeV]
# mw = 80.35797361
# gw = 2.084298894
# mz = 91.15348062
# gz = 2.494266379
# s^2_thetaw (derived) = (0.222868505240788,-0.00110716741475141)
# charged leptons
# m_e = 0.0005109989461
# m_m = 0.10565837
# m_t = 1.77686
# quarks
# m_d = 0.05
# m_u = 0.05
# m_s = 0.2
# m_c = 1.51
# m_b = 4.92
# m_t = 173
# Ecms (default) = 6.53384

# channel_id = 5
# process  = nu_e nu_mu -> nu_e nu_mu
-0.99	0.178137218326676
-0.97	0.178155418355415
-0.95	0.178173621172815
-0.93	0.178191826779444
-0.91	0.178210035175873
-0.89	0.178228246362671
-0.87	0.178246460340409
-0.85	0.178264677109657
-0.83	0.178282896670984
-0.81	0.178301119024962
-0.79	0.17831934417216
-0.77	0.178337572113151
-0.75	0.178355802848504
-0.73	0.178374036378792
-0.71	0.178392272704584
-0.69	0.178410511826452
-0.67	0.178428753744969
-0.65	0.178446998460705
-0.63	0.178465245974232
-0.61	0.178483496286122
-0.59	0.178501749396948
-0.57	0.178520005307281
-0.55	0.178538264017694
-0.53	0.17855652552876
-0.51	0.178574789841051
-0.49	0.178593056955139
-0.47	0.178611326871599
-0.45	0.178629599591002
-0.429999999999999	0.178647875113923
-0.409999999999999	0.178666153440934
-0.389999999999999	0.17868443457261
-0.369999999999999	0.178702718509523
-0.349999999999999	0.178721005252248
-0.329999999999999	0.178739294801358
-0.309999999999999	0.178757587157429
-0.289999999999999	0.178775882321033
-0.269999999999999	0.178794180292747
-0.249999999999999	0.178812481073143
-0.229999999999999	0.178830784662797
-0.209999999999999	0.178849091062283
-0.189999999999999	0.178867400272178
-0.169999999999999	0.178885712293055
-0.149999999999999	0.17890402712549
-0.129999999999999	0.178922344770059
-0.109999999999999	0.178940665227337
-0.0899999999999994	0.1789589884979
-0.0699999999999994	0.178977314582324
-0.0499999999999994	0.178995643481185
-0.0299999999999994	0.179013975195059
-0.00999999999999938	0.179032309724523
0.0100000000000006	0.179050647070152
0.0300000000000006	0.179068987232524
0.0500000000000006	0.179087330212215
0.0700000000000006	0.179105676009802
0.0900000000000006	0.179124024625863
0.110000000000001	0.179142376060974
0.130000000000001	0.179160730315714
0.150000000000001	0.179179087390658
0.170000000000001	0.179197447286386
0.190000000000001	0.179215810003475
0.210000000000001	0.179234175542502
0.230000000000001	0.179252543904047
0.250000000000001	0.179270915088687
0.270000000000001	0.179289289097
0.290000000000001	0.179307665929566
0.310000000000001	0.179326045586963
0.330000000000001	0.17934442806977
0.350000000000001	0.179362813378565
0.370000000000001	0.179381201513928
0.390000000000001	0.179399592476438
0.410000000000001	0.179417986266676
0.430000000000001	0.179436382885219
0.450000000000001	0.179454782332648
0.470000000000001	0.179473184609543
0.490000000000001	0.179491589716485
0.510000000000001	0.179509997654052
0.530000000000001	0.179528408422826
0.550000000000001	0.179546822023386
0.570000000000001	0.179565238456315
0.590000000000001	0.179583657722191
0.610000000000001	0.179602079821597
0.630000000000001	0.179620504755113
0.650000000000001	0.179638932523321
0.670000000000001	0.179657363126802
0.690000000000001	0.179675796566137
0.710000000000001	0.179694232841909
0.730000000000001	0.179712671954699
0.750000000000001	0.179731113905088
0.770000000000001	0.17974955869366
0.790000000000001	0.179768006320995
0.810000000000001	0.179786456787678
0.830000000000001	0.17980491009429
0.850000000000001	0.179823366241414
0.870000000000001	0.179841825229634
0.890000000000001	0.179860287059531
0.910000000000001	0.179878751731689
0.930000000000001	0.179897219246692
0.950000000000001	0.179915689605122
0.970000000000001	0.179934162807564
0.990000000000001	0.179952638854602
