# Program settings for SigmaNu
# Electroweak scheme and input parameters
# Scheme = Complex mass scheme
# alpha_GF = 0.00755898078237864
# Pole masses/widths for particles [GeV]
# mw = 80.35797361
# gw = 2.084298894
# mz = 91.15348062
# gz = 2.494266379
# s^2_thetaw (derived) = (0.222868505240788,-0.00110716741475141)
# charged leptons
# m_e = 0.0005109989461
# m_m = 0.10565837
# m_t = 1.77686
# quarks
# m_d = 0.05
# m_u = 0.05
# m_s = 0.2
# m_c = 1.51
# m_b = 4.92
# m_t = 173
# Ecms (default) = 11454.8

# channel_id = 5
# process  = nu_e nu_mu -> nu_e nu_mu
-0.99	0.00224173952498259
-0.97	0.00228748517657598
-0.95	0.00233464550042918
-0.93	0.00238327943472162
-0.91	0.00243344901926797
-0.89	0.00248521959346887
-0.87	0.00253866000915904
-0.85	0.00259384285964802
-0.83	0.00265084472637683
-0.81	0.00270974644475615
-0.79	0.00277063339090997
-0.77	0.00283359579122485
-0.75	0.00289872905680154
-0.73	0.00296613414512499
-0.71	0.00303591795151414
-0.69	0.0031081937331871
-0.67	0.00318308156908483
-0.65	0.00326070885894122
-0.63	0.00334121086547522
-0.61	0.00342473130401618
-0.59	0.00351142298436506
-0.57	0.00360144851024774
-0.55	0.003694981042343
-0.53	0.00379220513157575
-0.51	0.00389331763016892
-0.49	0.00399852868885855
-0.47	0.00410806284971257
-0.45	0.00422216024517335
-0.429999999999999	0.00434107791529046
-0.409999999999999	0.00446509125664754
-0.389999999999999	0.00459449561824877
-0.369999999999999	0.00472960806164993
-0.349999999999999	0.00487076930494039
-0.329999999999999	0.00501834587285524
-0.309999999999999	0.0051727324783808
-0.289999999999999	0.00533435466478218
-0.269999999999999	0.00550367174111324
-0.249999999999999	0.00568118004906687
-0.229999999999999	0.00586741660460722
-0.209999999999999	0.00606296316433987
-0.189999999999999	0.00626845077419369
-0.169999999999999	0.00648456486691888
-0.149999999999999	0.00671205098540312
-0.129999999999999	0.00695172122117796
-0.109999999999999	0.00720446147210752
-0.0899999999999994	0.00747123964057603
-0.0699999999999994	0.00775311491408468
-0.0499999999999994	0.00805124829471844
-0.0299999999999994	0.00836691457330785
-0.00999999999999938	0.00870151597934309
0.0100000000000006	0.00905659778011829
0.0300000000000006	0.00943386615383709
0.0500000000000006	0.00983520872356353
0.0700000000000006	0.0102627182145591
0.0900000000000006	0.0107187197900075
0.110000000000001	0.0112058027335908
0.130000000000001	0.0117268572872143
0.150000000000001	0.0122851176252833
0.170000000000001	0.0128842121622354
0.190000000000001	0.0135282226591224
0.210000000000001	0.0142217539330726
0.230000000000001	0.0149700164003978
0.250000000000001	0.015778924226337
0.270000000000001	0.0166552125471612
0.290000000000001	0.0176065781208472
0.310000000000001	0.018641848914693
0.330000000000001	0.0197711896392292
0.350000000000001	0.0210063522073606
0.370000000000001	0.0223609827019472
0.390000000000001	0.0238509999064591
0.410000000000001	0.0254950651204263
0.430000000000001	0.0273151693132695
0.450000000000001	0.0293373723440563
0.470000000000001	0.0315927409801856
0.490000000000001	0.0341185492485401
0.510000000000001	0.0369598284422859
0.530000000000001	0.0401713882217926
0.550000000000001	0.0438204798418601
0.570000000000001	0.0479903457001382
0.590000000000001	0.0527850090665302
0.610000000000001	0.0583358251004127
0.630000000000001	0.0648105741842851
0.650000000000001	0.0724262909839841
0.670000000000001	0.0814676919527058
0.690000000000001	0.0923141779396232
0.710000000000001	0.105480295042578
0.730000000000001	0.121677903299321
0.750000000000001	0.141914460346308
0.770000000000001	0.167653549531266
0.790000000000001	0.201087146055378
0.810000000000001	0.245618227035373
0.830000000000001	0.306762228596411
0.850000000000001	0.393940832375882
0.870000000000001	0.524341325521308
0.890000000000001	0.732085374715626
0.910000000000001	1.0930502600577
0.930000000000001	1.80542896688035
0.950000000000001	3.53353366565423
0.970000000000001	9.78238882389598
0.990000000000001	86.5794896059166
