# Program settings for SigmaNu
# Electroweak scheme and input parameters
# Scheme = Complex mass scheme
# alpha_GF = 0.00755898078237864
# Pole masses/widths for particles [GeV]
# mw = 80.35797361
# gw = 2.084298894
# mz = 91.15348062
# gz = 2.494266379
# s^2_thetaw (derived) = (0.222868505240788,-0.00110716741475141)
# charged leptons
# m_e = 0.0005109989461
# m_m = 0.10565837
# m_t = 1.77686
# quarks
# m_d = 0.05
# m_u = 0.05
# m_s = 0.2
# m_c = 1.51
# m_b = 4.92
# m_t = 173
# Ecms (default) = 45261.3

# channel_id = 5
# process  = nu_e nu_mu -> nu_e nu_mu
-0.99	0.00014360113099338
-0.97	0.00014653167867735
-0.95	0.000149552858315707
-0.93	0.000152668446056678
-0.91	0.000155882416781554
-0.89	0.000159198956788914
-0.87	0.000162622477433501
-0.85	0.000166157629802751
-0.83	0.000169809320522197
-0.81	0.000173582728790078
-0.79	0.000177483324751633
-0.77	0.000181516889334862
-0.75	0.00018568953568212
-0.73	0.000190007732325987
-0.71	0.000194478328273563
-0.69	0.000199108580180916
-0.67	0.000203906181819131
-0.65	0.000208879296055497
-0.63	0.000214036589598225
-0.61	0.000219387270781002
-0.59	0.000224941130695187
-0.57	0.000230708588012952
-0.55	0.000236700737884794
-0.53	0.000242929405340244
-0.51	0.000249407203672047
-0.49	0.000256147598342503
-0.47	0.000263164977017047
-0.45	0.000270474726405768
-0.429999999999999	0.000278093316679865
-0.409999999999999	0.000286038394328596
-0.389999999999999	0.000294328884435192
-0.369999999999999	0.000302985103479664
-0.349999999999999	0.000312028883925243
-0.329999999999999	0.000321483712016528
-0.309999999999999	0.000331374880415129
-0.289999999999999	0.000341729657527134
-0.269999999999999	0.000352577475641639
-0.249999999999999	0.000363950140307083
-0.229999999999999	0.000375882063730155
-0.209999999999999	0.000388410525399611
-0.189999999999999	0.000401575963625764
-0.169999999999999	0.000415422302258943
-0.149999999999999	0.000429997317523222
-0.129999999999999	0.000445353050694865
-0.109999999999999	0.000461546273292188
-0.0899999999999994	0.000478639012554417
-0.0699999999999994	0.00049669914630741
-0.0499999999999994	0.000515801077888329
-0.0299999999999994	0.000536026503684051
-0.00999999999999938	0.000557465288097294
0.0100000000000006	0.00058021646347444
0.0300000000000006	0.00060438937581558
0.0500000000000006	0.000630105001072786
0.0700000000000006	0.000657497461694161
0.0900000000000006	0.00068671577900051
0.110000000000001	0.000717925904257598
0.130000000000001	0.000751313080274629
0.150000000000001	0.000787084596461192
0.170000000000001	0.000825473014083079
0.190000000000001	0.000866739955715631
0.210000000000001	0.000911180574574402
0.230000000000001	0.000959128846786298
0.250000000000001	0.00101096386444417
0.270000000000001	0.00106711735172266
0.290000000000001	0.00112808268345493
0.310000000000001	0.00119442575948065
0.330000000000001	0.00126679818436674
0.350000000000001	0.00134595332846048
0.370000000000001	0.0014327660133197
0.390000000000001	0.00152825678729498
0.410000000000001	0.00163362205649969
0.430000000000001	0.00175027174270698
0.450000000000001	0.00187987669633601
0.470000000000001	0.00202442886315021
0.490000000000001	0.00218631828155181
0.510000000000001	0.00236843251429014
0.530000000000001	0.00257428630825614
0.550000000000001	0.00280819245971249
0.570000000000001	0.00307548955942887
0.590000000000001	0.00338284933348113
0.610000000000001	0.0037386970351068
0.630000000000001	0.00415379503562801
0.650000000000001	0.00464206624969349
0.670000000000001	0.0052217770257298
0.690000000000001	0.00591727070236658
0.710000000000001	0.00676156554257165
0.730000000000001	0.00780034712925143
0.750000000000001	0.00909828115692276
0.770000000000001	0.010749326342941
0.790000000000001	0.0128942300139987
0.810000000000001	0.0157515490180062
0.830000000000001	0.0196756127178101
0.850000000000001	0.0252719098871782
0.870000000000001	0.033645474047761
0.890000000000001	0.0469913727561861
0.910000000000001	0.0701946884276823
0.930000000000001	0.116030142036712
0.950000000000001	0.227397998866426
0.970000000000001	0.631524513055828
0.990000000000001	5.67757982262651
