# Program settings for SigmaNu
# Electroweak scheme and input parameters
# Scheme = Complex mass scheme
# alpha_GF = 0.00755898078237864
# Pole masses/widths for particles [GeV]
# mw = 80.35797361
# gw = 2.084298894
# mz = 91.15348062
# gz = 2.494266379
# s^2_thetaw (derived) = (0.222868505240788,-0.00110716741475141)
# charged leptons
# m_e = 0.0005109989461
# m_m = 0.10565837
# m_t = 1.77686
# quarks
# m_d = 0.05
# m_u = 0.05
# m_s = 0.2
# m_c = 1.51
# m_b = 4.92
# m_t = 173
# Ecms (default) = 3.00986

# channel_id = 5
# process  = nu_e nu_mu -> nu_e nu_mu
-0.99	0.038106147454904
-0.97	0.0381069768910594
-0.95	0.0381078063542892
-0.93	0.0381086358445946
-0.91	0.0381094653619767
-0.89	0.0381102949064368
-0.87	0.0381111244779759
-0.85	0.0381119540765953
-0.83	0.0381127837022962
-0.81	0.0381136133550797
-0.79	0.0381144430349471
-0.77	0.0381152727418994
-0.75	0.0381161024759379
-0.73	0.0381169322370638
-0.71	0.0381177620252782
-0.69	0.0381185918405823
-0.67	0.0381194216829773
-0.65	0.0381202515524643
-0.63	0.0381210814490447
-0.61	0.0381219113727194
-0.59	0.0381227413234897
-0.57	0.0381235713013568
-0.55	0.0381244013063219
-0.53	0.0381252313383862
-0.51	0.0381260613975507
-0.49	0.0381268914838168
-0.47	0.0381277215971855
-0.45	0.0381285517376581
-0.429999999999999	0.0381293819052358
-0.409999999999999	0.0381302120999196
-0.389999999999999	0.0381310423217109
-0.369999999999999	0.0381318725706107
-0.349999999999999	0.0381327028466203
-0.329999999999999	0.0381335331497409
-0.309999999999999	0.0381343634799736
-0.289999999999999	0.0381351938373195
-0.269999999999999	0.03813602422178
-0.249999999999999	0.0381368546333561
-0.229999999999999	0.038137685072049
-0.209999999999999	0.03813851553786
-0.189999999999999	0.0381393460307902
-0.169999999999999	0.0381401765508407
-0.149999999999999	0.0381410070980129
-0.129999999999999	0.0381418376723077
-0.109999999999999	0.0381426682737265
-0.0899999999999994	0.0381434989022704
-0.0699999999999994	0.0381443295579406
-0.0499999999999994	0.0381451602407382
-0.0299999999999994	0.0381459909506645
-0.00999999999999938	0.0381468216877206
0.0100000000000006	0.0381476524519078
0.0300000000000006	0.0381484832432271
0.0500000000000006	0.0381493140616798
0.0700000000000006	0.038150144907267
0.0900000000000006	0.03815097577999
0.110000000000001	0.0381518066798499
0.130000000000001	0.0381526376068479
0.150000000000001	0.0381534685609852
0.170000000000001	0.0381542995422629
0.190000000000001	0.0381551305506823
0.210000000000001	0.0381559615862445
0.230000000000001	0.0381567926489507
0.250000000000001	0.0381576237388022
0.270000000000001	0.0381584548557999
0.290000000000001	0.0381592859999452
0.310000000000001	0.0381601171712393
0.330000000000001	0.0381609483696833
0.350000000000001	0.0381617795952783
0.370000000000001	0.0381626108480257
0.390000000000001	0.0381634421279265
0.410000000000001	0.038164273434982
0.430000000000001	0.0381651047691932
0.450000000000001	0.0381659361305615
0.470000000000001	0.0381667675190881
0.490000000000001	0.0381675989347739
0.510000000000001	0.0381684303776203
0.530000000000001	0.0381692618476285
0.550000000000001	0.0381700933447996
0.570000000000001	0.0381709248691348
0.590000000000001	0.0381717564206353
0.610000000000001	0.0381725879993022
0.630000000000001	0.0381734196051368
0.650000000000001	0.0381742512381403
0.670000000000001	0.0381750828983137
0.690000000000001	0.0381759145856584
0.710000000000001	0.0381767463001755
0.730000000000001	0.0381775780418661
0.750000000000001	0.0381784098107315
0.770000000000001	0.0381792416067728
0.790000000000001	0.0381800734299913
0.810000000000001	0.0381809052803881
0.830000000000001	0.0381817371579643
0.850000000000001	0.0381825690627212
0.870000000000001	0.03818340099466
0.890000000000001	0.0381842329537818
0.910000000000001	0.0381850649400879
0.930000000000001	0.0381858969535793
0.950000000000001	0.0381867289942574
0.970000000000001	0.0381875610621232
0.990000000000001	0.038188393157178
