# Program settings for SigmaNu
# Electroweak scheme and input parameters
# Scheme = Complex mass scheme
# alpha_GF = 0.00755898078237864
# Pole masses/widths for particles [GeV]
# mw = 80.35797361
# gw = 2.084298894
# mz = 91.15348062
# gz = 2.494266379
# s^2_thetaw (derived) = (0.222868505240788,-0.00110716741475141)
# charged leptons
# m_e = 0.0005109989461
# m_m = 0.10565837
# m_t = 1.77686
# quarks
# m_d = 0.05
# m_u = 0.05
# m_s = 0.2
# m_c = 1.51
# m_b = 4.92
# m_t = 173
# Ecms (default) = 0.00149116

# channel_id = 5
# process  = nu_e nu_mu -> nu_e nu_mu
-0.99	9.37328918883717e-09
-0.97	9.3732891888873e-09
-0.95	9.37328918893742e-09
-0.93	9.37328918898756e-09
-0.91	9.37328918903769e-09
-0.89	9.37328918908782e-09
-0.87	9.37328918913795e-09
-0.85	9.37328918918808e-09
-0.83	9.37328918923821e-09
-0.81	9.37328918928834e-09
-0.79	9.37328918933847e-09
-0.77	9.3732891893886e-09
-0.75	9.37328918943873e-09
-0.73	9.37328918948886e-09
-0.71	9.37328918953899e-09
-0.69	9.37328918958912e-09
-0.67	9.37328918963925e-09
-0.65	9.37328918968938e-09
-0.63	9.37328918973951e-09
-0.61	9.37328918978964e-09
-0.59	9.37328918983977e-09
-0.57	9.3732891898899e-09
-0.55	9.37328918994003e-09
-0.53	9.37328918999016e-09
-0.51	9.37328919004029e-09
-0.49	9.37328919009042e-09
-0.47	9.37328919014055e-09
-0.45	9.37328919019068e-09
-0.429999999999999	9.37328919024081e-09
-0.409999999999999	9.37328919029094e-09
-0.389999999999999	9.37328919034107e-09
-0.369999999999999	9.3732891903912e-09
-0.349999999999999	9.37328919044133e-09
-0.329999999999999	9.37328919049147e-09
-0.309999999999999	9.37328919054159e-09
-0.289999999999999	9.37328919059172e-09
-0.269999999999999	9.37328919064185e-09
-0.249999999999999	9.37328919069198e-09
-0.229999999999999	9.37328919074211e-09
-0.209999999999999	9.37328919079224e-09
-0.189999999999999	9.37328919084238e-09
-0.169999999999999	9.3732891908925e-09
-0.149999999999999	9.37328919094263e-09
-0.129999999999999	9.37328919099276e-09
-0.109999999999999	9.37328919104289e-09
-0.0899999999999994	9.37328919109302e-09
-0.0699999999999994	9.37328919114316e-09
-0.0499999999999994	9.37328919119329e-09
-0.0299999999999994	9.37328919124341e-09
-0.00999999999999938	9.37328919129354e-09
0.0100000000000006	9.37328919134367e-09
0.0300000000000006	9.3732891913938e-09
0.0500000000000006	9.37328919144394e-09
0.0700000000000006	9.37328919149406e-09
0.0900000000000006	9.37328919154419e-09
0.110000000000001	9.37328919159432e-09
0.130000000000001	9.37328919164446e-09
0.150000000000001	9.37328919169459e-09
0.170000000000001	9.37328919174471e-09
0.190000000000001	9.37328919179484e-09
0.210000000000001	9.37328919184498e-09
0.230000000000001	9.37328919189511e-09
0.250000000000001	9.37328919194524e-09
0.270000000000001	9.37328919199537e-09
0.290000000000001	9.3732891920455e-09
0.310000000000001	9.37328919209563e-09
0.330000000000001	9.37328919214576e-09
0.350000000000001	9.37328919219588e-09
0.370000000000001	9.37328919224602e-09
0.390000000000001	9.37328919229615e-09
0.410000000000001	9.37328919234628e-09
0.430000000000001	9.37328919239641e-09
0.450000000000001	9.37328919244654e-09
0.470000000000001	9.37328919249667e-09
0.490000000000001	9.37328919254679e-09
0.510000000000001	9.37328919259693e-09
0.530000000000001	9.37328919264706e-09
0.550000000000001	9.37328919269719e-09
0.570000000000001	9.37328919274732e-09
0.590000000000001	9.37328919279745e-09
0.610000000000001	9.37328919284757e-09
0.630000000000001	9.3732891928977e-09
0.650000000000001	9.37328919294784e-09
0.670000000000001	9.37328919299797e-09
0.690000000000001	9.3732891930481e-09
0.710000000000001	9.37328919309823e-09
0.730000000000001	9.37328919314836e-09
0.750000000000001	9.37328919319848e-09
0.770000000000001	9.37328919324861e-09
0.790000000000001	9.37328919329875e-09
0.810000000000001	9.37328919334888e-09
0.830000000000001	9.37328919339901e-09
0.850000000000001	9.37328919344914e-09
0.870000000000001	9.37328919349927e-09
0.890000000000001	9.3732891935494e-09
0.910000000000001	9.37328919359953e-09
0.930000000000001	9.37328919364966e-09
0.950000000000001	9.37328919369979e-09
0.970000000000001	9.37328919374992e-09
0.990000000000001	9.37328919380005e-09
