# Program settings for SigmaNu
# Electroweak scheme and input parameters
# Scheme = Complex mass scheme
# alpha_GF = 0.00755898078237864
# Pole masses/widths for particles [GeV]
# mw = 80.35797361
# gw = 2.084298894
# mz = 91.15348062
# gz = 2.494266379
# s^2_thetaw (derived) = (0.222868505240788,-0.00110716741475141)
# charged leptons
# m_e = 0.0005109989461
# m_m = 0.10565837
# m_t = 1.77686
# quarks
# m_d = 0.05
# m_u = 0.05
# m_s = 0.2
# m_c = 1.51
# m_b = 4.92
# m_t = 173
# Ecms (default) = 0.00347334

# channel_id = 5
# process  = nu_e nu_mu -> nu_e nu_mu
-0.99	5.0855522447241e-08
-0.97	5.08555224487167e-08
-0.95	5.08555224501923e-08
-0.93	5.0855522451668e-08
-0.91	5.08555224531437e-08
-0.89	5.08555224546194e-08
-0.87	5.0855522456095e-08
-0.85	5.08555224575707e-08
-0.83	5.08555224590464e-08
-0.81	5.08555224605221e-08
-0.79	5.08555224619978e-08
-0.77	5.08555224634734e-08
-0.75	5.08555224649491e-08
-0.73	5.08555224664248e-08
-0.71	5.08555224679005e-08
-0.69	5.08555224693761e-08
-0.67	5.08555224708518e-08
-0.65	5.08555224723275e-08
-0.63	5.08555224738032e-08
-0.61	5.08555224752788e-08
-0.59	5.08555224767545e-08
-0.57	5.08555224782302e-08
-0.55	5.08555224797059e-08
-0.53	5.08555224811815e-08
-0.51	5.08555224826572e-08
-0.49	5.08555224841329e-08
-0.47	5.08555224856086e-08
-0.45	5.08555224870843e-08
-0.429999999999999	5.085552248856e-08
-0.409999999999999	5.08555224900356e-08
-0.389999999999999	5.08555224915113e-08
-0.369999999999999	5.0855522492987e-08
-0.349999999999999	5.08555224944627e-08
-0.329999999999999	5.08555224959383e-08
-0.309999999999999	5.0855522497414e-08
-0.289999999999999	5.08555224988897e-08
-0.269999999999999	5.08555225003653e-08
-0.249999999999999	5.0855522501841e-08
-0.229999999999999	5.08555225033167e-08
-0.209999999999999	5.08555225047924e-08
-0.189999999999999	5.0855522506268e-08
-0.169999999999999	5.08555225077437e-08
-0.149999999999999	5.08555225092194e-08
-0.129999999999999	5.08555225106951e-08
-0.109999999999999	5.08555225121707e-08
-0.0899999999999994	5.08555225136464e-08
-0.0699999999999994	5.08555225151221e-08
-0.0499999999999994	5.08555225165978e-08
-0.0299999999999994	5.08555225180734e-08
-0.00999999999999938	5.08555225195491e-08
0.0100000000000006	5.08555225210248e-08
0.0300000000000006	5.08555225225005e-08
0.0500000000000006	5.08555225239762e-08
0.0700000000000006	5.08555225254518e-08
0.0900000000000006	5.08555225269275e-08
0.110000000000001	5.08555225284032e-08
0.130000000000001	5.08555225298789e-08
0.150000000000001	5.08555225313545e-08
0.170000000000001	5.08555225328302e-08
0.190000000000001	5.08555225343059e-08
0.210000000000001	5.08555225357816e-08
0.230000000000001	5.08555225372573e-08
0.250000000000001	5.08555225387329e-08
0.270000000000001	5.08555225402086e-08
0.290000000000001	5.08555225416843e-08
0.310000000000001	5.08555225431599e-08
0.330000000000001	5.08555225446356e-08
0.350000000000001	5.08555225461113e-08
0.370000000000001	5.0855522547587e-08
0.390000000000001	5.08555225490627e-08
0.410000000000001	5.08555225505383e-08
0.430000000000001	5.0855522552014e-08
0.450000000000001	5.08555225534897e-08
0.470000000000001	5.08555225549654e-08
0.490000000000001	5.0855522556441e-08
0.510000000000001	5.08555225579167e-08
0.530000000000001	5.08555225593924e-08
0.550000000000001	5.08555225608681e-08
0.570000000000001	5.08555225623438e-08
0.590000000000001	5.08555225638194e-08
0.610000000000001	5.08555225652951e-08
0.630000000000001	5.08555225667708e-08
0.650000000000001	5.08555225682465e-08
0.670000000000001	5.08555225697221e-08
0.690000000000001	5.08555225711978e-08
0.710000000000001	5.08555225726735e-08
0.730000000000001	5.08555225741491e-08
0.750000000000001	5.08555225756249e-08
0.770000000000001	5.08555225771005e-08
0.790000000000001	5.08555225785762e-08
0.810000000000001	5.08555225800519e-08
0.830000000000001	5.08555225815275e-08
0.850000000000001	5.08555225830032e-08
0.870000000000001	5.08555225844789e-08
0.890000000000001	5.08555225859546e-08
0.910000000000001	5.08555225874302e-08
0.930000000000001	5.08555225889059e-08
0.950000000000001	5.08555225903816e-08
0.970000000000001	5.08555225918573e-08
0.990000000000001	5.08555225933329e-08
