# Program settings for SigmaNu
# Electroweak scheme and input parameters
# Scheme = Complex mass scheme
# alpha_GF = 0.00755898078237864
# Pole masses/widths for particles [GeV]
# mw = 80.35797361
# gw = 2.084298894
# mz = 91.15348062
# gz = 2.494266379
# s^2_thetaw (derived) = (0.222868505240788,-0.00110716741475141)
# charged leptons
# m_e = 0.0005109989461
# m_m = 0.10565837
# m_t = 1.77686
# quarks
# m_d = 0.05
# m_u = 0.05
# m_s = 0.2
# m_c = 1.51
# m_b = 4.92
# m_t = 173
# Ecms (default) = 11.0837

# channel_id = 5
# process  = nu_e nu_mu -> nu_e nu_mu
-0.99	0.502964756333367
-0.97	0.503111252839807
-0.95	0.503257813344207
-0.93	0.503404437883839
-0.91	0.503551126496007
-0.89	0.503697879218036
-0.87	0.503844696087282
-0.85	0.503991577141128
-0.83	0.504138522416983
-0.81	0.504285531952284
-0.79	0.504432605784495
-0.77	0.504579743951107
-0.75	0.504726946489638
-0.73	0.504874213437636
-0.71	0.505021544832672
-0.69	0.50516894071235
-0.67	0.505316401114295
-0.65	0.505463926076164
-0.63	0.505611515635639
-0.61	0.505759169830433
-0.59	0.505906888698282
-0.57	0.506054672276953
-0.55	0.506202520604238
-0.53	0.506350433717959
-0.51	0.506498411655964
-0.49	0.506646454456129
-0.47	0.506794562156357
-0.45	0.50694273479458
-0.429999999999999	0.507090972408757
-0.409999999999999	0.507239275036876
-0.389999999999999	0.50738764271695
-0.369999999999999	0.507536075487022
-0.349999999999999	0.507684573385162
-0.329999999999999	0.507833136449469
-0.309999999999999	0.507981764718068
-0.289999999999999	0.508130458229112
-0.269999999999999	0.508279217020784
-0.249999999999999	0.508428041131293
-0.229999999999999	0.508576930598877
-0.209999999999999	0.508725885461801
-0.189999999999999	0.508874905758359
-0.169999999999999	0.509023991526872
-0.149999999999999	0.50917314280569
-0.129999999999999	0.50932235963319
-0.109999999999999	0.509471642047779
-0.0899999999999994	0.50962099008789
-0.0699999999999994	0.509770403791985
-0.0499999999999994	0.509919883198555
-0.0299999999999994	0.510069428346117
-0.00999999999999938	0.51021903927322
0.0100000000000006	0.510368716018436
0.0300000000000006	0.510518458620371
0.0500000000000006	0.510668267117654
0.0700000000000006	0.510818141548947
0.0900000000000006	0.510968081952936
0.110000000000001	0.511118088368339
0.130000000000001	0.511268160833901
0.150000000000001	0.511418299388395
0.170000000000001	0.511568504070621
0.190000000000001	0.511718774919413
0.210000000000001	0.511869111973626
0.230000000000001	0.51201951527215
0.250000000000001	0.5121699848539
0.270000000000001	0.512320520757819
0.290000000000001	0.512471123022882
0.310000000000001	0.51262179168809
0.330000000000001	0.512772526792473
0.350000000000001	0.51292332837509
0.370000000000001	0.513074196475028
0.390000000000001	0.513225131131405
0.410000000000001	0.513376132383365
0.430000000000001	0.513527200270082
0.450000000000001	0.513678334830759
0.470000000000001	0.513829536104627
0.490000000000001	0.513980804130948
0.510000000000001	0.514132138949009
0.530000000000001	0.51428354059813
0.550000000000001	0.514435009117656
0.570000000000001	0.514586544546966
0.590000000000001	0.514738146925462
0.610000000000001	0.51488981629258
0.630000000000001	0.515041552687783
0.650000000000001	0.515193356150562
0.670000000000001	0.515345226720439
0.690000000000001	0.515497164436964
0.710000000000001	0.515649169339717
0.730000000000001	0.515801241468306
0.750000000000001	0.515953380862369
0.770000000000001	0.516105587561573
0.790000000000001	0.516257861605615
0.810000000000001	0.516410203034219
0.830000000000001	0.516562611887141
0.850000000000001	0.516715088204164
0.870000000000001	0.516867632025103
0.890000000000001	0.5170202433898
0.910000000000001	0.517172922338126
0.930000000000001	0.517325668909985
0.950000000000001	0.517478483145306
0.970000000000001	0.517631365084051
0.990000000000001	0.517784314766209
