# Program settings for SigmaNu
# Electroweak scheme and input parameters
# Scheme = Complex mass scheme
# alpha_GF = 0.00755898078237864
# Pole masses/widths for particles [GeV]
# mw = 80.35797361
# gw = 2.084298894
# mz = 91.15348062
# gz = 2.494266379
# s^2_thetaw (derived) = (0.222868505240788,-0.00110716741475141)
# charged leptons
# m_e = 0.0005109989461
# m_m = 0.10565837
# m_t = 1.77686
# quarks
# m_d = 0.05
# m_u = 0.05
# m_s = 0.2
# m_c = 1.51
# m_b = 4.92
# m_t = 173
# Ecms (default) = 0.229917

# channel_id = 5
# process  = nu_e nu_mu -> nu_e nu_mu
-0.99	0.000222833355344341
-0.97	0.000222833383676397
-0.95	0.000222833412008459
-0.93	0.000222833440340525
-0.91	0.000222833468672597
-0.89	0.000222833497004675
-0.87	0.000222833525336757
-0.85	0.000222833553668846
-0.83	0.000222833582000939
-0.81	0.000222833610333038
-0.79	0.000222833638665143
-0.77	0.000222833666997253
-0.75	0.000222833695329368
-0.73	0.000222833723661489
-0.71	0.000222833751993615
-0.69	0.000222833780325746
-0.67	0.000222833808657883
-0.65	0.000222833836990025
-0.63	0.000222833865322173
-0.61	0.000222833893654326
-0.59	0.000222833921986484
-0.57	0.000222833950318648
-0.55	0.000222833978650818
-0.53	0.000222834006982992
-0.51	0.000222834035315172
-0.49	0.000222834063647358
-0.47	0.000222834091979549
-0.45	0.000222834120311745
-0.429999999999999	0.000222834148643947
-0.409999999999999	0.000222834176976154
-0.389999999999999	0.000222834205308366
-0.369999999999999	0.000222834233640584
-0.349999999999999	0.000222834261972807
-0.329999999999999	0.000222834290305036
-0.309999999999999	0.00022283431863727
-0.289999999999999	0.00022283434696951
-0.269999999999999	0.000222834375301755
-0.249999999999999	0.000222834403634005
-0.229999999999999	0.000222834431966261
-0.209999999999999	0.000222834460298522
-0.189999999999999	0.000222834488630788
-0.169999999999999	0.00022283451696306
-0.149999999999999	0.000222834545295338
-0.129999999999999	0.00022283457362762
-0.109999999999999	0.000222834601959908
-0.0899999999999994	0.000222834630292202
-0.0699999999999994	0.000222834658624501
-0.0499999999999994	0.000222834686956805
-0.0299999999999994	0.000222834715289115
-0.00999999999999938	0.00022283474362143
0.0100000000000006	0.00022283477195375
0.0300000000000006	0.000222834800286076
0.0500000000000006	0.000222834828618408
0.0700000000000006	0.000222834856950744
0.0900000000000006	0.000222834885283087
0.110000000000001	0.000222834913615434
0.130000000000001	0.000222834941947787
0.150000000000001	0.000222834970280145
0.170000000000001	0.000222834998612509
0.190000000000001	0.000222835026944878
0.210000000000001	0.000222835055277253
0.230000000000001	0.000222835083609633
0.250000000000001	0.000222835111942018
0.270000000000001	0.000222835140274409
0.290000000000001	0.000222835168606805
0.310000000000001	0.000222835196939207
0.330000000000001	0.000222835225271614
0.350000000000001	0.000222835253604026
0.370000000000001	0.000222835281936444
0.390000000000001	0.000222835310268867
0.410000000000001	0.000222835338601296
0.430000000000001	0.000222835366933729
0.450000000000001	0.000222835395266169
0.470000000000001	0.000222835423598614
0.490000000000001	0.000222835451931064
0.510000000000001	0.000222835480263519
0.530000000000001	0.00022283550859598
0.550000000000001	0.000222835536928447
0.570000000000001	0.000222835565260919
0.590000000000001	0.000222835593593396
0.610000000000001	0.000222835621925878
0.630000000000001	0.000222835650258366
0.650000000000001	0.00022283567859086
0.670000000000001	0.000222835706923358
0.690000000000001	0.000222835735255863
0.710000000000001	0.000222835763588372
0.730000000000001	0.000222835791920887
0.750000000000001	0.000222835820253408
0.770000000000001	0.000222835848585934
0.790000000000001	0.000222835876918465
0.810000000000001	0.000222835905251001
0.830000000000001	0.000222835933583543
0.850000000000001	0.000222835961916091
0.870000000000001	0.000222835990248644
0.890000000000001	0.000222836018581202
0.910000000000001	0.000222836046913766
0.930000000000001	0.000222836075246335
0.950000000000001	0.000222836103578909
0.970000000000001	0.000222836131911489
0.990000000000001	0.000222836160244074
