# Program settings for SigmaNu
# Electroweak scheme and input parameters
# Scheme = Complex mass scheme
# alpha_GF = 0.00755898078237864
# Pole masses/widths for particles [GeV]
# mw = 80.35797361
# gw = 2.084298894
# mz = 91.15348062
# gz = 2.494266379
# s^2_thetaw (derived) = (0.222868505240788,-0.00110716741475141)
# charged leptons
# m_e = 0.0005109989461
# m_m = 0.10565837
# m_t = 1.77686
# quarks
# m_d = 0.05
# m_u = 0.05
# m_s = 0.2
# m_c = 1.51
# m_b = 4.92
# m_t = 173
# Ecms (default) = 0.0033531

# channel_id = 5
# process  = nu_e nu_mu -> nu_e nu_mu
-0.99	4.73954374418037e-08
-0.97	4.73954374430854e-08
-0.95	4.73954374443671e-08
-0.93	4.73954374456488e-08
-0.91	4.73954374469305e-08
-0.89	4.73954374482122e-08
-0.87	4.73954374494939e-08
-0.85	4.73954374507756e-08
-0.83	4.73954374520573e-08
-0.81	4.7395437453339e-08
-0.79	4.73954374546207e-08
-0.77	4.73954374559024e-08
-0.75	4.73954374571841e-08
-0.73	4.73954374584658e-08
-0.71	4.73954374597475e-08
-0.69	4.73954374610292e-08
-0.67	4.73954374623109e-08
-0.65	4.73954374635926e-08
-0.63	4.73954374648743e-08
-0.61	4.73954374661561e-08
-0.59	4.73954374674377e-08
-0.57	4.73954374687194e-08
-0.55	4.73954374700012e-08
-0.53	4.73954374712828e-08
-0.51	4.73954374725646e-08
-0.49	4.73954374738463e-08
-0.47	4.7395437475128e-08
-0.45	4.73954374764097e-08
-0.429999999999999	4.73954374776914e-08
-0.409999999999999	4.73954374789731e-08
-0.389999999999999	4.73954374802548e-08
-0.369999999999999	4.73954374815365e-08
-0.349999999999999	4.73954374828182e-08
-0.329999999999999	4.73954374840999e-08
-0.309999999999999	4.73954374853816e-08
-0.289999999999999	4.73954374866633e-08
-0.269999999999999	4.7395437487945e-08
-0.249999999999999	4.73954374892267e-08
-0.229999999999999	4.73954374905084e-08
-0.209999999999999	4.73954374917901e-08
-0.189999999999999	4.73954374930718e-08
-0.169999999999999	4.73954374943535e-08
-0.149999999999999	4.73954374956352e-08
-0.129999999999999	4.73954374969169e-08
-0.109999999999999	4.73954374981987e-08
-0.0899999999999994	4.73954374994803e-08
-0.0699999999999994	4.73954375007621e-08
-0.0499999999999994	4.73954375020438e-08
-0.0299999999999994	4.73954375033255e-08
-0.00999999999999938	4.73954375046072e-08
0.0100000000000006	4.73954375058889e-08
0.0300000000000006	4.73954375071706e-08
0.0500000000000006	4.73954375084523e-08
0.0700000000000006	4.7395437509734e-08
0.0900000000000006	4.73954375110157e-08
0.110000000000001	4.73954375122974e-08
0.130000000000001	4.73954375135791e-08
0.150000000000001	4.73954375148608e-08
0.170000000000001	4.73954375161425e-08
0.190000000000001	4.73954375174242e-08
0.210000000000001	4.73954375187059e-08
0.230000000000001	4.73954375199876e-08
0.250000000000001	4.73954375212693e-08
0.270000000000001	4.7395437522551e-08
0.290000000000001	4.73954375238327e-08
0.310000000000001	4.73954375251145e-08
0.330000000000001	4.73954375263961e-08
0.350000000000001	4.73954375276779e-08
0.370000000000001	4.73954375289596e-08
0.390000000000001	4.73954375302413e-08
0.410000000000001	4.7395437531523e-08
0.430000000000001	4.73954375328047e-08
0.450000000000001	4.73954375340864e-08
0.470000000000001	4.73954375353681e-08
0.490000000000001	4.73954375366498e-08
0.510000000000001	4.73954375379315e-08
0.530000000000001	4.73954375392132e-08
0.550000000000001	4.73954375404949e-08
0.570000000000001	4.73954375417766e-08
0.590000000000001	4.73954375430583e-08
0.610000000000001	4.739543754434e-08
0.630000000000001	4.73954375456217e-08
0.650000000000001	4.73954375469034e-08
0.670000000000001	4.73954375481851e-08
0.690000000000001	4.73954375494668e-08
0.710000000000001	4.73954375507486e-08
0.730000000000001	4.73954375520303e-08
0.750000000000001	4.7395437553312e-08
0.770000000000001	4.73954375545936e-08
0.790000000000001	4.73954375558754e-08
0.810000000000001	4.73954375571571e-08
0.830000000000001	4.73954375584388e-08
0.850000000000001	4.73954375597205e-08
0.870000000000001	4.73954375610022e-08
0.890000000000001	4.73954375622839e-08
0.910000000000001	4.73954375635656e-08
0.930000000000001	4.73954375648473e-08
0.950000000000001	4.7395437566129e-08
0.970000000000001	4.73954375674107e-08
0.990000000000001	4.73954375686924e-08
