# Program settings for SigmaNu
# Electroweak scheme and input parameters
# Scheme = Complex mass scheme
# alpha_GF = 0.00755898078237864
# Pole masses/widths for particles [GeV]
# mw = 80.35797361
# gw = 2.084298894
# mz = 91.15348062
# gz = 2.494266379
# s^2_thetaw (derived) = (0.222868505240788,-0.00110716741475141)
# charged leptons
# m_e = 0.0005109989461
# m_m = 0.10565837
# m_t = 1.77686
# quarks
# m_d = 0.05
# m_u = 0.05
# m_s = 0.2
# m_c = 1.51
# m_b = 4.92
# m_t = 173
# Ecms (default) = 0.00108596

# channel_id = 5
# process  = nu_e nu_mu -> nu_e nu_mu
-0.99	4.97131386666305e-09
-0.97	4.97131386667715e-09
-0.95	4.97131386669125e-09
-0.93	4.97131386670535e-09
-0.91	4.97131386671946e-09
-0.89	4.97131386673356e-09
-0.87	4.97131386674766e-09
-0.85	4.97131386676176e-09
-0.83	4.97131386677586e-09
-0.81	4.97131386678996e-09
-0.79	4.97131386680406e-09
-0.77	4.97131386681816e-09
-0.75	4.97131386683226e-09
-0.73	4.97131386684636e-09
-0.71	4.97131386686046e-09
-0.69	4.97131386687456e-09
-0.67	4.97131386688867e-09
-0.65	4.97131386690277e-09
-0.63	4.97131386691687e-09
-0.61	4.97131386693097e-09
-0.59	4.97131386694507e-09
-0.57	4.97131386695917e-09
-0.55	4.97131386697328e-09
-0.53	4.97131386698738e-09
-0.51	4.97131386700148e-09
-0.49	4.97131386701558e-09
-0.47	4.97131386702968e-09
-0.45	4.97131386704378e-09
-0.429999999999999	4.97131386705788e-09
-0.409999999999999	4.97131386707198e-09
-0.389999999999999	4.97131386708608e-09
-0.369999999999999	4.97131386710019e-09
-0.349999999999999	4.97131386711429e-09
-0.329999999999999	4.97131386712839e-09
-0.309999999999999	4.97131386714249e-09
-0.289999999999999	4.97131386715659e-09
-0.269999999999999	4.97131386717069e-09
-0.249999999999999	4.97131386718479e-09
-0.229999999999999	4.9713138671989e-09
-0.209999999999999	4.971313867213e-09
-0.189999999999999	4.9713138672271e-09
-0.169999999999999	4.9713138672412e-09
-0.149999999999999	4.9713138672553e-09
-0.129999999999999	4.9713138672694e-09
-0.109999999999999	4.9713138672835e-09
-0.0899999999999994	4.9713138672976e-09
-0.0699999999999994	4.97131386731171e-09
-0.0499999999999994	4.97131386732581e-09
-0.0299999999999994	4.97131386733991e-09
-0.00999999999999938	4.97131386735401e-09
0.0100000000000006	4.97131386736811e-09
0.0300000000000006	4.97131386738221e-09
0.0500000000000006	4.97131386739631e-09
0.0700000000000006	4.97131386741042e-09
0.0900000000000006	4.97131386742451e-09
0.110000000000001	4.97131386743862e-09
0.130000000000001	4.97131386745272e-09
0.150000000000001	4.97131386746682e-09
0.170000000000001	4.97131386748092e-09
0.190000000000001	4.97131386749502e-09
0.210000000000001	4.97131386750912e-09
0.230000000000001	4.97131386752322e-09
0.250000000000001	4.97131386753732e-09
0.270000000000001	4.97131386755143e-09
0.290000000000001	4.97131386756553e-09
0.310000000000001	4.97131386757963e-09
0.330000000000001	4.97131386759373e-09
0.350000000000001	4.97131386760783e-09
0.370000000000001	4.97131386762193e-09
0.390000000000001	4.97131386763603e-09
0.410000000000001	4.97131386765013e-09
0.430000000000001	4.97131386766423e-09
0.450000000000001	4.97131386767834e-09
0.470000000000001	4.97131386769244e-09
0.490000000000001	4.97131386770654e-09
0.510000000000001	4.97131386772064e-09
0.530000000000001	4.97131386773474e-09
0.550000000000001	4.97131386774884e-09
0.570000000000001	4.97131386776294e-09
0.590000000000001	4.97131386777705e-09
0.610000000000001	4.97131386779115e-09
0.630000000000001	4.97131386780525e-09
0.650000000000001	4.97131386781935e-09
0.670000000000001	4.97131386783345e-09
0.690000000000001	4.97131386784755e-09
0.710000000000001	4.97131386786165e-09
0.730000000000001	4.97131386787575e-09
0.750000000000001	4.97131386788985e-09
0.770000000000001	4.97131386790396e-09
0.790000000000001	4.97131386791806e-09
0.810000000000001	4.97131386793216e-09
0.830000000000001	4.97131386794626e-09
0.850000000000001	4.97131386796036e-09
0.870000000000001	4.97131386797446e-09
0.890000000000001	4.97131386798857e-09
0.910000000000001	4.97131386800267e-09
0.930000000000001	4.97131386801677e-09
0.950000000000001	4.97131386803087e-09
0.970000000000001	4.97131386804497e-09
0.990000000000001	4.97131386805907e-09
