# Program settings for SigmaNu
# Electroweak scheme and input parameters
# Scheme = Complex mass scheme
# alpha_GF = 0.00755898078237864
# Pole masses/widths for particles [GeV]
# mw = 80.35797361
# gw = 2.084298894
# mz = 91.15348062
# gz = 2.494266379
# s^2_thetaw (derived) = (0.222868505240788,-0.00110716741475141)
# charged leptons
# m_e = 0.0005109989461
# m_m = 0.10565837
# m_t = 1.77686
# quarks
# m_d = 0.05
# m_u = 0.05
# m_s = 0.2
# m_c = 1.51
# m_b = 4.92
# m_t = 173
# Ecms (default) = 553.475

# channel_id = 5
# process  = nu_e nu_mu -> nu_e nu_mu
-0.99	0.910035560717203
-0.97	0.928107080115748
-0.95	0.946722290560646
-0.93	0.965903222429761
-0.91	0.985673033349523
-0.89	1.00605607812469
-0.87	1.0270779837821
-0.85	1.04876573016036
-0.83	1.07114773651887
-0.81	1.09425395468547
-0.79	1.11811596931318
-0.77	1.14276710587277
-0.75	1.16824254707098
-0.73	1.19457945845418
-0.71	1.22181712403516
-0.69	1.24999709286761
-0.67	1.27916333759007
-0.65	1.3093624260696
-0.63	1.34064370739687
-0.61	1.37305951362063
-0.59	1.40666537876231
-0.57	1.44152027682343
-0.55	1.47768688069159
-0.53	1.51523184406888
-0.51	1.55422610879252
-0.49	1.59474524019538
-0.47	1.63686979346872
-0.45	1.68068571434647
-0.429999999999999	1.72628477783542
-0.409999999999999	1.7737650691766
-0.389999999999999	1.82323151174846
-0.369999999999999	1.87479644722171
-0.349999999999999	1.92858027396123
-0.329999999999999	1.98471215045557
-0.309999999999999	2.04333077145564
-0.289999999999999	2.10458522554017
-0.269999999999999	2.16863594401961
-0.249999999999999	2.23565575246795
-0.229999999999999	2.30583103776665
-0.209999999999999	2.37936304539349
-0.189999999999999	2.45646932383714
-0.169999999999999	2.53738533552047
-0.149999999999999	2.62236625653592
-0.129999999999999	2.7116889909149
-0.109999999999999	2.805654429163
-0.0899999999999994	2.90458998551019
-0.0699999999999994	3.00885245388876
-0.0499999999999994	3.11883122923199
-0.0299999999999994	3.23495194849142
-0.00999999999999938	3.35768061505594
0.0100000000000006	3.48752828133579
0.0300000000000006	3.62505637753902
0.0500000000000006	3.77088279059955
0.0700000000000006	3.92568881641689
0.0900000000000006	4.09022713179116
0.110000000000001	4.26533096063098
0.130000000000001	4.45192464336983
0.150000000000001	4.65103586056651
0.170000000000001	4.86380981331793
0.190000000000001	5.09152572685295
0.210000000000001	5.33561612268964
0.230000000000001	5.59768940315055
0.250000000000001	5.87955641521039
0.270000000000001	6.18326181563222
0.290000000000001	6.51112125540156
0.310000000000001	6.86576565089086
0.330000000000001	7.25019412840689
0.350000000000001	7.66783763989252
0.370000000000001	8.12263578053415
0.390000000000001	8.61913003481099
0.410000000000001	9.16257759253461
0.430000000000001	9.75909108911363
0.450000000000001	10.4158112447339
0.470000000000001	11.1411215614269
0.490000000000001	11.9449172086588
0.510000000000001	12.8389443109638
0.530000000000001	13.8372315200453
0.550000000000001	14.9566437136828
0.570000000000001	16.2175989758981
0.590000000000001	17.6450062980888
0.610000000000001	19.2695052143242
0.630000000000001	21.1291238150452
0.650000000000001	23.271524652331
0.670000000000001	25.7570894186885
0.690000000000001	28.6632204809597
0.710000000000001	32.0904404628661
0.730000000000001	36.1712030735719
0.750000000000001	41.0828853074179
0.770000000000001	47.0673927117686
0.790000000000001	54.4615241966853
0.810000000000001	63.7454145675957
0.830000000000001	75.6224886205443
0.850000000000001	91.1567307635644
0.870000000000001	112.01952808712
0.890000000000001	140.958760871973
0.910000000000001	182.75212350793
0.930000000000001	246.313160037431
0.950000000000001	349.868986272571
0.970000000000001	535.643394154266
0.990000000000001	920.831275082823
