# Program settings for SigmaNu
# Electroweak scheme and input parameters
# Scheme = Complex mass scheme
# alpha_GF = 0.00755898078237864
# Pole masses/widths for particles [GeV]
# mw = 80.35797361
# gw = 2.084298894
# mz = 91.15348062
# gz = 2.494266379
# s^2_thetaw (derived) = (0.222868505240788,-0.00110716741475141)
# charged leptons
# m_e = 0.0005109989461
# m_m = 0.10565837
# m_t = 1.77686
# quarks
# m_d = 0.05
# m_u = 0.05
# m_s = 0.2
# m_c = 1.51
# m_b = 4.92
# m_t = 173
# Ecms (default) = 0.0542286

# channel_id = 5
# process  = nu_e nu_mu -> nu_e nu_mu
-0.99	1.23965262773196e-05
-0.97	1.23965263650025e-05
-0.95	1.23965264526855e-05
-0.93	1.23965265403684e-05
-0.91	1.23965266280513e-05
-0.89	1.23965267157343e-05
-0.87	1.23965268034172e-05
-0.85	1.23965268911001e-05
-0.83	1.23965269787831e-05
-0.81	1.2396527066466e-05
-0.79	1.2396527154149e-05
-0.77	1.23965272418319e-05
-0.75	1.23965273295148e-05
-0.73	1.23965274171978e-05
-0.71	1.23965275048807e-05
-0.69	1.23965275925637e-05
-0.67	1.23965276802466e-05
-0.65	1.23965277679296e-05
-0.63	1.23965278556125e-05
-0.61	1.23965279432955e-05
-0.59	1.23965280309784e-05
-0.57	1.23965281186614e-05
-0.55	1.23965282063443e-05
-0.53	1.23965282940273e-05
-0.51	1.23965283817102e-05
-0.49	1.23965284693932e-05
-0.47	1.23965285570761e-05
-0.45	1.23965286447591e-05
-0.429999999999999	1.2396528732442e-05
-0.409999999999999	1.2396528820125e-05
-0.389999999999999	1.2396528907808e-05
-0.369999999999999	1.23965289954909e-05
-0.349999999999999	1.23965290831739e-05
-0.329999999999999	1.23965291708568e-05
-0.309999999999999	1.23965292585398e-05
-0.289999999999999	1.23965293462228e-05
-0.269999999999999	1.23965294339057e-05
-0.249999999999999	1.23965295215887e-05
-0.229999999999999	1.23965296092717e-05
-0.209999999999999	1.23965296969546e-05
-0.189999999999999	1.23965297846376e-05
-0.169999999999999	1.23965298723206e-05
-0.149999999999999	1.23965299600035e-05
-0.129999999999999	1.23965300476865e-05
-0.109999999999999	1.23965301353695e-05
-0.0899999999999994	1.23965302230525e-05
-0.0699999999999994	1.23965303107354e-05
-0.0499999999999994	1.23965303984184e-05
-0.0299999999999994	1.23965304861014e-05
-0.00999999999999938	1.23965305737844e-05
0.0100000000000006	1.23965306614673e-05
0.0300000000000006	1.23965307491503e-05
0.0500000000000006	1.23965308368333e-05
0.0700000000000006	1.23965309245163e-05
0.0900000000000006	1.23965310121993e-05
0.110000000000001	1.23965310998822e-05
0.130000000000001	1.23965311875652e-05
0.150000000000001	1.23965312752482e-05
0.170000000000001	1.23965313629312e-05
0.190000000000001	1.23965314506142e-05
0.210000000000001	1.23965315382972e-05
0.230000000000001	1.23965316259801e-05
0.250000000000001	1.23965317136631e-05
0.270000000000001	1.23965318013461e-05
0.290000000000001	1.23965318890291e-05
0.310000000000001	1.23965319767121e-05
0.330000000000001	1.23965320643951e-05
0.350000000000001	1.23965321520781e-05
0.370000000000001	1.23965322397611e-05
0.390000000000001	1.23965323274441e-05
0.410000000000001	1.23965324151271e-05
0.430000000000001	1.23965325028101e-05
0.450000000000001	1.23965325904931e-05
0.470000000000001	1.23965326781761e-05
0.490000000000001	1.23965327658591e-05
0.510000000000001	1.23965328535421e-05
0.530000000000001	1.23965329412251e-05
0.550000000000001	1.23965330289081e-05
0.570000000000001	1.23965331165911e-05
0.590000000000001	1.23965332042741e-05
0.610000000000001	1.23965332919571e-05
0.630000000000001	1.23965333796401e-05
0.650000000000001	1.23965334673231e-05
0.670000000000001	1.23965335550061e-05
0.690000000000001	1.23965336426891e-05
0.710000000000001	1.23965337303721e-05
0.730000000000001	1.23965338180552e-05
0.750000000000001	1.23965339057382e-05
0.770000000000001	1.23965339934212e-05
0.790000000000001	1.23965340811042e-05
0.810000000000001	1.23965341687872e-05
0.830000000000001	1.23965342564702e-05
0.850000000000001	1.23965343441532e-05
0.870000000000001	1.23965344318363e-05
0.890000000000001	1.23965345195193e-05
0.910000000000001	1.23965346072023e-05
0.930000000000001	1.23965346948853e-05
0.950000000000001	1.23965347825683e-05
0.970000000000001	1.23965348702514e-05
0.990000000000001	1.23965349579344e-05
