# Program settings for SigmaNu
# Electroweak scheme and input parameters
# Scheme = Complex mass scheme
# alpha_GF = 0.00755898078237864
# Pole masses/widths for particles [GeV]
# mw = 80.35797361
# gw = 2.084298894
# mz = 91.15348062
# gz = 2.494266379
# s^2_thetaw (derived) = (0.222868505240788,-0.00110716741475141)
# charged leptons
# m_e = 0.0005109989461
# m_m = 0.10565837
# m_t = 1.77686
# quarks
# m_d = 0.05
# m_u = 0.05
# m_s = 0.2
# m_c = 1.51
# m_b = 4.92
# m_t = 173
# Ecms (default) = 515.817

# channel_id = 5
# process  = nu_e nu_mu -> nu_e nu_mu
-0.99	1.0393973719945
-0.97	1.05995397563959
-0.95	1.08112649976117
-0.93	1.10293979812171
-0.91	1.12541999087877
-0.89	1.14859454281484
-0.87	1.17249234726361
-0.85	1.19714381621194
-0.83	1.22258097710226
-0.81	1.24883757691098
-0.79	1.27594919413479
-0.77	1.30395335937893
-0.75	1.33288968531098
-0.73	1.36280000682093
-0.71	1.39372853231364
-0.69	1.42572200715624
-0.67	1.45882989040908
-0.65	1.49310454608874
-0.63	1.52860145034483
-0.61	1.56537941608202
-0.59	1.60350083672661
-0.57	1.64303195102531
-0.55	1.68404313097599
-0.53	1.72660919522902
-0.51	1.77080975056707
-0.49	1.8167295643757
-0.47	1.86445897136113
-0.45	1.9140943181619
-0.429999999999999	1.96573844994359
-0.409999999999999	2.01950124356928
-0.389999999999999	2.0755001925111
-0.369999999999999	2.13386104932213
-0.349999999999999	2.19471853223431
-0.329999999999999	2.25821710330301
-0.309999999999999	2.32451182649898
-0.289999999999999	2.3937693152746
-0.269999999999999	2.46616878042792
-0.249999999999999	2.54190319058324
-0.229999999999999	2.62118055933609
-0.209999999999999	2.70422537511259
-0.189999999999999	2.79128019211801
-0.169999999999999	2.8826074034546
-0.149999999999999	2.97849122064325
-0.129999999999999	3.07923988747216
-0.109999999999999	3.18518816041807
-0.0899999999999994	3.29670009296514
-0.0699999999999994	3.4141721671304
-0.0499999999999994	3.53803682257404
-0.0299999999999994	3.66876644204786
-0.00999999999999938	3.80687786188612
0.0100000000000006	3.95293748810313
0.0300000000000006	4.10756711284008
0.0500000000000006	4.27145054291066
0.0700000000000006	4.4453411726621
0.0900000000000006	4.63007065808723
0.110000000000001	4.82655887908596
0.130000000000001	5.03582541323044
0.150000000000001	5.2590027889205
0.170000000000001	5.49735184043653
0.190000000000001	5.75227955467774
0.210000000000001	6.02535988261972
0.230000000000001	6.31835809200437
0.250000000000001	6.63325936703115
0.270000000000001	6.97230252309509
0.290000000000001	7.33801990943584
0.310000000000001	7.73328483252008
0.330000000000001	8.16136816485755
0.350000000000001	8.6260062302552
0.370000000000001	9.13148260766225
0.390000000000001	9.6827272131771
0.410000000000001	10.2854369603637
0.430000000000001	10.9462235415607
0.450000000000001	11.6727955275212
0.470000000000001	12.474184205
0.490000000000001	13.3610255835762
0.510000000000001	14.3459151238519
0.530000000000001	15.4438574356569
0.550000000000001	16.672841155993
0.570000000000001	18.0545804733248
0.590000000000001	19.6154808828619
0.610000000000001	21.3879101496744
0.630000000000001	23.4118899039284
0.650000000000001	25.7373748263063
0.670000000000001	28.427364808585
0.690000000000001	31.5622170779247
0.710000000000001	35.2457177163764
0.730000000000001	39.6137834756018
0.750000000000001	44.8471815667809
0.770000000000001	51.1905365055546
0.790000000000001	58.9814434351928
0.810000000000001	68.6963306335444
0.830000000000001	81.0250618297774
0.850000000000001	96.9968665634455
0.870000000000001	118.202313606673
0.890000000000001	147.205160801755
0.910000000000001	188.355210907497
0.930000000000001	249.519402472156
0.950000000000001	346.140550784093
0.970000000000001	512.031661956833
0.990000000000001	833.529563418526
