# Program settings for SigmaNu
# Electroweak scheme and input parameters
# Scheme = Complex mass scheme
# alpha_GF = 0.00755898078237864
# Pole masses/widths for particles [GeV]
# mw = 80.35797361
# gw = 2.084298894
# mz = 91.15348062
# gz = 2.494266379
# s^2_thetaw (derived) = (0.222868505240788,-0.00110716741475141)
# charged leptons
# m_e = 0.0005109989461
# m_m = 0.10565837
# m_t = 1.77686
# quarks
# m_d = 0.05
# m_u = 0.05
# m_s = 0.2
# m_c = 1.51
# m_b = 4.92
# m_t = 173
# Ecms (default) = 1.08347

# channel_id = 5
# process  = nu_e nu_mu -> nu_e nu_mu
-0.99	0.00494715257570875
-0.97	0.00494716654220517
-0.95	0.00494718050876072
-0.93	0.0049471944753754
-0.91	0.00494720844204922
-0.89	0.00494722240878216
-0.87	0.00494723637557423
-0.85	0.00494725034242544
-0.83	0.00494726430933577
-0.81	0.00494727827630524
-0.79	0.00494729224333384
-0.77	0.00494730621042157
-0.75	0.00494732017756844
-0.73	0.00494733414477443
-0.71	0.00494734811203956
-0.69	0.00494736207936383
-0.67	0.00494737604674723
-0.65	0.00494739001418976
-0.63	0.00494740398169143
-0.61	0.00494741794925223
-0.59	0.00494743191687217
-0.57	0.00494744588455124
-0.55	0.00494745985228945
-0.53	0.0049474738200868
-0.51	0.00494748778794328
-0.49	0.0049475017558589
-0.47	0.00494751572383366
-0.45	0.00494752969186755
-0.429999999999999	0.00494754365996058
-0.409999999999999	0.00494755762811276
-0.389999999999999	0.00494757159632407
-0.369999999999999	0.00494758556459452
-0.349999999999999	0.0049475995329241
-0.329999999999999	0.00494761350131283
-0.309999999999999	0.0049476274697607
-0.289999999999999	0.00494764143826771
-0.269999999999999	0.00494765540683386
-0.249999999999999	0.00494766937545915
-0.229999999999999	0.00494768334414358
-0.209999999999999	0.00494769731288715
-0.189999999999999	0.00494771128168987
-0.169999999999999	0.00494772525055173
-0.149999999999999	0.00494773921947272
-0.129999999999999	0.00494775318845287
-0.109999999999999	0.00494776715749216
-0.0899999999999994	0.00494778112659059
-0.0699999999999994	0.00494779509574816
-0.0499999999999994	0.00494780906496488
-0.0299999999999994	0.00494782303424074
-0.00999999999999938	0.00494783700357575
0.0100000000000006	0.00494785097296991
0.0300000000000006	0.00494786494242321
0.0500000000000006	0.00494787891193565
0.0700000000000006	0.00494789288150725
0.0900000000000006	0.00494790685113798
0.110000000000001	0.00494792082082787
0.130000000000001	0.0049479347905769
0.150000000000001	0.00494794876038508
0.170000000000001	0.00494796273025242
0.190000000000001	0.00494797670017889
0.210000000000001	0.00494799067016452
0.230000000000001	0.00494800464020929
0.250000000000001	0.00494801861031322
0.270000000000001	0.00494803258047629
0.290000000000001	0.00494804655069851
0.310000000000001	0.00494806052097989
0.330000000000001	0.00494807449132042
0.350000000000001	0.00494808846172009
0.370000000000001	0.00494810243217892
0.390000000000001	0.0049481164026969
0.410000000000001	0.00494813037327403
0.430000000000001	0.00494814434391032
0.450000000000001	0.00494815831460575
0.470000000000001	0.00494817228536034
0.490000000000001	0.00494818625617408
0.510000000000001	0.00494820022704698
0.530000000000001	0.00494821419797903
0.550000000000001	0.00494822816897024
0.570000000000001	0.0049482421400206
0.590000000000001	0.00494825611113012
0.610000000000001	0.00494827008229878
0.630000000000001	0.00494828405352661
0.650000000000001	0.00494829802481359
0.670000000000001	0.00494831199615973
0.690000000000001	0.00494832596756503
0.710000000000001	0.00494833993902948
0.730000000000001	0.00494835391055309
0.750000000000001	0.00494836788213586
0.770000000000001	0.00494838185377778
0.790000000000001	0.00494839582547887
0.810000000000001	0.00494840979723911
0.830000000000001	0.00494842376905851
0.850000000000001	0.00494843774093707
0.870000000000001	0.00494845171287479
0.890000000000001	0.00494846568487167
0.910000000000001	0.00494847965692772
0.930000000000001	0.00494849362904292
0.950000000000001	0.00494850760121728
0.970000000000001	0.00494852157345081
0.990000000000001	0.00494853554574349
