# Program settings for SigmaNu
# Electroweak scheme and input parameters
# Scheme = Complex mass scheme
# alpha_GF = 0.00755898078237864
# Pole masses/widths for particles [GeV]
# mw = 80.35797361
# gw = 2.084298894
# mz = 91.15348062
# gz = 2.494266379
# s^2_thetaw (derived) = (0.222868505240788,-0.00110716741475141)
# charged leptons
# m_e = 0.0005109989461
# m_m = 0.10565837
# m_t = 1.77686
# quarks
# m_d = 0.05
# m_u = 0.05
# m_s = 0.2
# m_c = 1.51
# m_b = 4.92
# m_t = 173
# Ecms (default) = 0.000145766

# channel_id = 5
# process  = nu_e nu_mu -> nu_e nu_mu
-0.99	8.95686438371098e-11
-0.97	8.95686438371144e-11
-0.95	8.9568643837119e-11
-0.93	8.95686438371235e-11
-0.91	8.95686438371282e-11
-0.89	8.95686438371327e-11
-0.87	8.95686438371373e-11
-0.85	8.95686438371419e-11
-0.83	8.95686438371465e-11
-0.81	8.95686438371511e-11
-0.79	8.95686438371556e-11
-0.77	8.95686438371602e-11
-0.75	8.95686438371648e-11
-0.73	8.95686438371694e-11
-0.71	8.95686438371739e-11
-0.69	8.95686438371785e-11
-0.67	8.95686438371831e-11
-0.65	8.95686438371876e-11
-0.63	8.95686438371922e-11
-0.61	8.95686438371968e-11
-0.59	8.95686438372014e-11
-0.57	8.95686438372059e-11
-0.55	8.95686438372106e-11
-0.53	8.95686438372151e-11
-0.51	8.95686438372197e-11
-0.49	8.95686438372243e-11
-0.47	8.95686438372288e-11
-0.45	8.95686438372334e-11
-0.429999999999999	8.9568643837238e-11
-0.409999999999999	8.95686438372426e-11
-0.389999999999999	8.95686438372472e-11
-0.369999999999999	8.95686438372517e-11
-0.349999999999999	8.95686438372563e-11
-0.329999999999999	8.95686438372609e-11
-0.309999999999999	8.95686438372655e-11
-0.289999999999999	8.95686438372701e-11
-0.269999999999999	8.95686438372747e-11
-0.249999999999999	8.95686438372792e-11
-0.229999999999999	8.95686438372838e-11
-0.209999999999999	8.95686438372883e-11
-0.189999999999999	8.95686438372929e-11
-0.169999999999999	8.95686438372975e-11
-0.149999999999999	8.95686438373021e-11
-0.129999999999999	8.95686438373067e-11
-0.109999999999999	8.95686438373113e-11
-0.0899999999999994	8.95686438373159e-11
-0.0699999999999994	8.95686438373204e-11
-0.0499999999999994	8.9568643837325e-11
-0.0299999999999994	8.95686438373296e-11
-0.00999999999999938	8.95686438373341e-11
0.0100000000000006	8.95686438373387e-11
0.0300000000000006	8.95686438373433e-11
0.0500000000000006	8.95686438373478e-11
0.0700000000000006	8.95686438373524e-11
0.0900000000000006	8.9568643837357e-11
0.110000000000001	8.95686438373616e-11
0.130000000000001	8.95686438373662e-11
0.150000000000001	8.95686438373708e-11
0.170000000000001	8.95686438373753e-11
0.190000000000001	8.95686438373799e-11
0.210000000000001	8.95686438373845e-11
0.230000000000001	8.9568643837389e-11
0.250000000000001	8.95686438373936e-11
0.270000000000001	8.95686438373982e-11
0.290000000000001	8.95686438374028e-11
0.310000000000001	8.95686438374074e-11
0.330000000000001	8.9568643837412e-11
0.350000000000001	8.95686438374165e-11
0.370000000000001	8.95686438374211e-11
0.390000000000001	8.95686438374257e-11
0.410000000000001	8.95686438374303e-11
0.430000000000001	8.95686438374348e-11
0.450000000000001	8.95686438374394e-11
0.470000000000001	8.9568643837444e-11
0.490000000000001	8.95686438374486e-11
0.510000000000001	8.95686438374532e-11
0.530000000000001	8.95686438374577e-11
0.550000000000001	8.95686438374623e-11
0.570000000000001	8.95686438374669e-11
0.590000000000001	8.95686438374714e-11
0.610000000000001	8.9568643837476e-11
0.630000000000001	8.95686438374806e-11
0.650000000000001	8.95686438374852e-11
0.670000000000001	8.95686438374897e-11
0.690000000000001	8.95686438374943e-11
0.710000000000001	8.95686438374989e-11
0.730000000000001	8.95686438375035e-11
0.750000000000001	8.95686438375081e-11
0.770000000000001	8.95686438375127e-11
0.790000000000001	8.95686438375172e-11
0.810000000000001	8.95686438375218e-11
0.830000000000001	8.95686438375264e-11
0.850000000000001	8.9568643837531e-11
0.870000000000001	8.95686438375356e-11
0.890000000000001	8.95686438375401e-11
0.910000000000001	8.95686438375447e-11
0.930000000000001	8.95686438375492e-11
0.950000000000001	8.95686438375538e-11
0.970000000000001	8.95686438375584e-11
0.990000000000001	8.9568643837563e-11
