# Program settings for SigmaNu
# Electroweak scheme and input parameters
# Scheme = Complex mass scheme
# alpha_GF = 0.00755898078237864
# Pole masses/widths for particles [GeV]
# mw = 80.35797361
# gw = 2.084298894
# mz = 91.15348062
# gz = 2.494266379
# s^2_thetaw (derived) = (0.222868505240788,-0.00110716741475141)
# charged leptons
# m_e = 0.0005109989461
# m_m = 0.10565837
# m_t = 1.77686
# quarks
# m_d = 0.05
# m_u = 0.05
# m_s = 0.2
# m_c = 1.51
# m_b = 4.92
# m_t = 173
# Ecms (default) = 12731.8

# channel_id = 5
# process  = nu_e nu_mu -> nu_e nu_mu
-0.99	0.00181464253927114
-0.97	0.00185167316945266
-0.95	0.00188984897638891
-0.93	0.00192921767111738
-0.91	0.00196982947551177
-0.89	0.00201173728252914
-0.87	0.00205499682851712
-0.85	0.0020996668786297
-0.83	0.00214580942650388
-0.81	0.00219348990946465
-0.79	0.00224277744065376
-0.77	0.00229374505962079
-0.75	0.00234647000307374
-0.73	0.00240103399766428
-0.71	0.00245752357688111
-0.69	0.00251603042434711
-0.67	0.0025766517460648
-0.65	0.00263949067443378
-0.63	0.00270465670717773
-0.61	0.00277226618467117
-0.59	0.00284244280955393
-0.57	0.00291531821296979
-0.55	0.00299103257227229
-0.53	0.00306973528561449
-0.51	0.00315158570948896
-0.49	0.00323675396602209
-0.47	0.00332542182766555
-0.45	0.00341778368788275
-0.429999999999999	0.00351404762751778
-0.409999999999999	0.00361443658777963
-0.389999999999999	0.00371918966220009
-0.369999999999999	0.00382856352155911
-0.349999999999999	0.00394283398765046
-0.329999999999999	0.00406229777392477
-0.309999999999999	0.0041872744135436
-0.289999999999999	0.00431810839826489
-0.269999999999999	0.00445517155492526
-0.249999999999999	0.00459886569016861
-0.229999999999999	0.00474962553859112
-0.209999999999999	0.00490792205474702
-0.189999999999999	0.00507426609562673
-0.169999999999999	0.00524921254744956
-0.149999999999999	0.00543336495911208
-0.129999999999999	0.00562738075464845
-0.109999999999999	0.00583197710889559
-0.0899999999999994	0.00604793758458266
-0.0699999999999994	0.00627611964573729
-0.0499999999999994	0.00651746318217846
-0.0299999999999994	0.00677300020363941
-0.00999999999999938	0.00704386589059029
0.0100000000000006	0.00733131122317528
0.0300000000000006	0.00763671745117608
0.0500000000000006	0.00796161271823563
0.0700000000000006	0.0083076912148321
0.0900000000000006	0.00867683530935433
0.110000000000001	0.00907114119849626
0.130000000000001	0.00949294873140602
0.150000000000001	0.00994487620218464
0.170000000000001	0.0104298610796527
0.190000000000001	0.0109512078611794
0.210000000000001	0.0115126445110748
0.230000000000001	0.0121183892897254
0.250000000000001	0.012773230218699
0.270000000000001	0.0134826199879458
0.290000000000001	0.0142527898322593
0.310000000000001	0.015090886837083
0.330000000000001	0.0160051403491275
0.350000000000001	0.0170050647620891
0.370000000000001	0.0181017080565372
0.390000000000001	0.0193079582840073
0.410000000000001	0.0206389239645257
0.430000000000001	0.0221124094941019
0.450000000000001	0.0237495136826521
0.470000000000001	0.0255753892646359
0.490000000000001	0.0276202148296604
0.510000000000001	0.0299204498852912
0.530000000000001	0.0325204713915192
0.550000000000001	0.0354747302689274
0.570000000000001	0.038850625633231
0.590000000000001	0.0427323833224824
0.610000000000001	0.047226360733484
0.630000000000001	0.0524684104947454
0.650000000000001	0.058634269500072
0.670000000000001	0.0659544819288402
0.690000000000001	0.0747362671408566
0.710000000000001	0.0853962875809022
0.730000000000001	0.0985109987646129
0.750000000000001	0.114896251443293
0.770000000000001	0.135737312449535
0.790000000000001	0.162809399344312
0.810000000000001	0.198868615511268
0.830000000000001	0.248382220011542
0.850000000000001	0.318981895513196
0.870000000000001	0.424590806698772
0.890000000000001	0.592853637489396
0.910000000000001	0.885254486917437
0.930000000000001	1.46242889422433
0.950000000000001	2.86301017812233
0.970000000000001	7.93115348127737
0.990000000000001	70.4178485088224
