# Program settings for SigmaNu
# Electroweak scheme and input parameters
# Scheme = Complex mass scheme
# alpha_GF = 0.00755898078237864
# Pole masses/widths for particles [GeV]
# mw = 80.35797361
# gw = 2.084298894
# mz = 91.15348062
# gz = 2.494266379
# s^2_thetaw (derived) = (0.222868505240788,-0.00110716741475141)
# charged leptons
# m_e = 0.0005109989461
# m_m = 0.10565837
# m_t = 1.77686
# quarks
# m_d = 0.05
# m_u = 0.05
# m_s = 0.2
# m_c = 1.51
# m_b = 4.92
# m_t = 173
# Ecms (default) = 7.52268

# channel_id = 5
# process  = nu_e nu_mu -> nu_e nu_mu
-0.99	0.235356774162807
-0.97	0.23538859748474
-0.95	0.235420427259916
-0.93	0.235452263490078
-0.91	0.235484106176972
-0.89	0.235515955322343
-0.87	0.235547810927938
-0.85	0.235579672995503
-0.83	0.235611541526786
-0.81	0.235643416523535
-0.79	0.235675297987499
-0.77	0.235707185920426
-0.75	0.235739080324067
-0.73	0.235770981200172
-0.71	0.235802888550492
-0.69	0.235834802376779
-0.67	0.235866722680784
-0.65	0.235898649464261
-0.63	0.235930582728963
-0.61	0.235962522476644
-0.59	0.235994468709058
-0.57	0.236026421427961
-0.55	0.236058380635108
-0.53	0.236090346332256
-0.51	0.236122318521162
-0.49	0.236154297203582
-0.47	0.236186282381276
-0.45	0.236218274056002
-0.429999999999999	0.236250272229519
-0.409999999999999	0.236282276903587
-0.389999999999999	0.236314288079967
-0.369999999999999	0.236346305760419
-0.349999999999999	0.236378329946706
-0.329999999999999	0.23641036064059
-0.309999999999999	0.236442397843833
-0.289999999999999	0.2364744415582
-0.269999999999999	0.236506491785453
-0.249999999999999	0.236538548527359
-0.229999999999999	0.236570611785681
-0.209999999999999	0.236602681562187
-0.189999999999999	0.236634757858642
-0.169999999999999	0.236666840676814
-0.149999999999999	0.23669893001847
-0.129999999999999	0.236731025885378
-0.109999999999999	0.236763128279307
-0.0899999999999994	0.236795237202028
-0.0699999999999994	0.236827352655309
-0.0499999999999994	0.236859474640922
-0.0299999999999994	0.236891603160637
-0.00999999999999938	0.236923738216228
0.0100000000000006	0.236955879809465
0.0300000000000006	0.236988027942122
0.0500000000000006	0.237020182615974
0.0700000000000006	0.237052343832793
0.0900000000000006	0.237084511594355
0.110000000000001	0.237116685902436
0.130000000000001	0.237148866758811
0.150000000000001	0.237181054165258
0.170000000000001	0.237213248123553
0.190000000000001	0.237245448635474
0.210000000000001	0.2372776557028
0.230000000000001	0.23730986932731
0.250000000000001	0.237342089510783
0.270000000000001	0.237374316255001
0.290000000000001	0.237406549561743
0.310000000000001	0.237438789432791
0.330000000000001	0.237471035869928
0.350000000000001	0.237503288874936
0.370000000000001	0.237535548449598
0.390000000000001	0.237567814595699
0.410000000000001	0.237600087315022
0.430000000000001	0.237632366609353
0.450000000000001	0.237664652480479
0.470000000000001	0.237696944930184
0.490000000000001	0.237729243960256
0.510000000000001	0.237761549572483
0.530000000000001	0.237793861768652
0.550000000000001	0.237826180550553
0.570000000000001	0.237858505919975
0.590000000000001	0.237890837878707
0.610000000000001	0.237923176428541
0.630000000000001	0.237955521571268
0.650000000000001	0.237987873308679
0.670000000000001	0.238020231642567
0.690000000000001	0.238052596574724
0.710000000000001	0.238084968106946
0.730000000000001	0.238117346241025
0.750000000000001	0.238149730978756
0.770000000000001	0.238182122321936
0.790000000000001	0.23821452027236
0.810000000000001	0.238246924831825
0.830000000000001	0.238279336002127
0.850000000000001	0.238311753785066
0.870000000000001	0.23834417818244
0.890000000000001	0.238376609196047
0.910000000000001	0.238409046827687
0.930000000000001	0.238441491079162
0.950000000000001	0.238473941952271
0.970000000000001	0.238506399448816
0.990000000000001	0.2385388635706
