# Program settings for SigmaNu
# Electroweak scheme and input parameters
# Scheme = Complex mass scheme
# alpha_GF = 0.00755898078237864
# Pole masses/widths for particles [GeV]
# mw = 80.35797361
# gw = 2.084298894
# mz = 91.15348062
# gz = 2.494266379
# s^2_thetaw (derived) = (0.222868505240788,-0.00110716741475141)
# charged leptons
# m_e = 0.0005109989461
# m_m = 0.10565837
# m_t = 1.77686
# quarks
# m_d = 0.05
# m_u = 0.05
# m_s = 0.2
# m_c = 1.51
# m_b = 4.92
# m_t = 173
# Ecms (default) = 0.00120703

# channel_id = 5
# process  = nu_e nu_mu -> nu_e nu_mu
-0.99	6.14157351047271e-09
-0.97	6.14157351049423e-09
-0.95	6.14157351051575e-09
-0.93	6.14157351053727e-09
-0.91	6.1415735105588e-09
-0.89	6.14157351058032e-09
-0.87	6.14157351060184e-09
-0.85	6.14157351062336e-09
-0.83	6.14157351064488e-09
-0.81	6.1415735106664e-09
-0.79	6.14157351068793e-09
-0.77	6.14157351070945e-09
-0.75	6.14157351073097e-09
-0.73	6.14157351075249e-09
-0.71	6.14157351077401e-09
-0.69	6.14157351079553e-09
-0.67	6.14157351081706e-09
-0.65	6.14157351083858e-09
-0.63	6.1415735108601e-09
-0.61	6.14157351088162e-09
-0.59	6.14157351090314e-09
-0.57	6.14157351092466e-09
-0.55	6.14157351094619e-09
-0.53	6.14157351096771e-09
-0.51	6.14157351098923e-09
-0.49	6.14157351101075e-09
-0.47	6.14157351103227e-09
-0.45	6.14157351105379e-09
-0.429999999999999	6.14157351107531e-09
-0.409999999999999	6.14157351109684e-09
-0.389999999999999	6.14157351111836e-09
-0.369999999999999	6.14157351113988e-09
-0.349999999999999	6.1415735111614e-09
-0.329999999999999	6.14157351118292e-09
-0.309999999999999	6.14157351120444e-09
-0.289999999999999	6.14157351122597e-09
-0.269999999999999	6.14157351124749e-09
-0.249999999999999	6.14157351126901e-09
-0.229999999999999	6.14157351129053e-09
-0.209999999999999	6.14157351131205e-09
-0.189999999999999	6.14157351133357e-09
-0.169999999999999	6.1415735113551e-09
-0.149999999999999	6.14157351137661e-09
-0.129999999999999	6.14157351139814e-09
-0.109999999999999	6.14157351141966e-09
-0.0899999999999994	6.14157351144118e-09
-0.0699999999999994	6.1415735114627e-09
-0.0499999999999994	6.14157351148422e-09
-0.0299999999999994	6.14157351150575e-09
-0.00999999999999938	6.14157351152727e-09
0.0100000000000006	6.14157351154879e-09
0.0300000000000006	6.14157351157031e-09
0.0500000000000006	6.14157351159183e-09
0.0700000000000006	6.14157351161335e-09
0.0900000000000006	6.14157351163487e-09
0.110000000000001	6.1415735116564e-09
0.130000000000001	6.14157351167792e-09
0.150000000000001	6.14157351169944e-09
0.170000000000001	6.14157351172096e-09
0.190000000000001	6.14157351174248e-09
0.210000000000001	6.141573511764e-09
0.230000000000001	6.14157351178553e-09
0.250000000000001	6.14157351180705e-09
0.270000000000001	6.14157351182857e-09
0.290000000000001	6.14157351185009e-09
0.310000000000001	6.14157351187161e-09
0.330000000000001	6.14157351189313e-09
0.350000000000001	6.14157351191466e-09
0.370000000000001	6.14157351193618e-09
0.390000000000001	6.1415735119577e-09
0.410000000000001	6.14157351197922e-09
0.430000000000001	6.14157351200074e-09
0.450000000000001	6.14157351202226e-09
0.470000000000001	6.14157351204379e-09
0.490000000000001	6.1415735120653e-09
0.510000000000001	6.14157351208683e-09
0.530000000000001	6.14157351210835e-09
0.550000000000001	6.14157351212987e-09
0.570000000000001	6.14157351215139e-09
0.590000000000001	6.14157351217292e-09
0.610000000000001	6.14157351219444e-09
0.630000000000001	6.14157351221596e-09
0.650000000000001	6.14157351223748e-09
0.670000000000001	6.141573512259e-09
0.690000000000001	6.14157351228052e-09
0.710000000000001	6.14157351230204e-09
0.730000000000001	6.14157351232357e-09
0.750000000000001	6.14157351234509e-09
0.770000000000001	6.14157351236661e-09
0.790000000000001	6.14157351238813e-09
0.810000000000001	6.14157351240965e-09
0.830000000000001	6.14157351243117e-09
0.850000000000001	6.1415735124527e-09
0.870000000000001	6.14157351247422e-09
0.890000000000001	6.14157351249574e-09
0.910000000000001	6.14157351251726e-09
0.930000000000001	6.14157351253878e-09
0.950000000000001	6.1415735125603e-09
0.970000000000001	6.14157351258183e-09
0.990000000000001	6.14157351260335e-09
