# Program settings for SigmaNu
# Electroweak scheme and input parameters
# Scheme = Complex mass scheme
# alpha_GF = 0.00755898078237864
# Pole masses/widths for particles [GeV]
# mw = 80.35797361
# gw = 2.084298894
# mz = 91.15348062
# gz = 2.494266379
# s^2_thetaw (derived) = (0.222868505240788,-0.00110716741475141)
# charged leptons
# m_e = 0.0005109989461
# m_m = 0.10565837
# m_t = 1.77686
# quarks
# m_d = 0.05
# m_u = 0.05
# m_s = 0.2
# m_c = 1.51
# m_b = 4.92
# m_t = 173
# Ecms (default) = 0.0505389

# channel_id = 5
# process  = nu_e nu_mu -> nu_e nu_mu
-0.99	1.07670029133908e-05
-0.97	1.0767002979537e-05
-0.95	1.07670030456832e-05
-0.93	1.07670031118293e-05
-0.91	1.07670031779755e-05
-0.89	1.07670032441217e-05
-0.87	1.07670033102679e-05
-0.85	1.0767003376414e-05
-0.83	1.07670034425602e-05
-0.81	1.07670035087064e-05
-0.79	1.07670035748525e-05
-0.77	1.07670036409987e-05
-0.75	1.07670037071449e-05
-0.73	1.07670037732911e-05
-0.71	1.07670038394372e-05
-0.69	1.07670039055834e-05
-0.67	1.07670039717296e-05
-0.65	1.07670040378758e-05
-0.63	1.0767004104022e-05
-0.61	1.07670041701681e-05
-0.59	1.07670042363143e-05
-0.57	1.07670043024605e-05
-0.55	1.07670043686067e-05
-0.53	1.07670044347529e-05
-0.51	1.0767004500899e-05
-0.49	1.07670045670452e-05
-0.47	1.07670046331914e-05
-0.45	1.07670046993376e-05
-0.429999999999999	1.07670047654838e-05
-0.409999999999999	1.076700483163e-05
-0.389999999999999	1.07670048977762e-05
-0.369999999999999	1.07670049639223e-05
-0.349999999999999	1.07670050300685e-05
-0.329999999999999	1.07670050962147e-05
-0.309999999999999	1.07670051623609e-05
-0.289999999999999	1.07670052285071e-05
-0.269999999999999	1.07670052946533e-05
-0.249999999999999	1.07670053607995e-05
-0.229999999999999	1.07670054269457e-05
-0.209999999999999	1.07670054930919e-05
-0.189999999999999	1.07670055592381e-05
-0.169999999999999	1.07670056253842e-05
-0.149999999999999	1.07670056915304e-05
-0.129999999999999	1.07670057576766e-05
-0.109999999999999	1.07670058238228e-05
-0.0899999999999994	1.0767005889969e-05
-0.0699999999999994	1.07670059561152e-05
-0.0499999999999994	1.07670060222614e-05
-0.0299999999999994	1.07670060884076e-05
-0.00999999999999938	1.07670061545538e-05
0.0100000000000006	1.07670062207e-05
0.0300000000000006	1.07670062868462e-05
0.0500000000000006	1.07670063529924e-05
0.0700000000000006	1.07670064191386e-05
0.0900000000000006	1.07670064852848e-05
0.110000000000001	1.0767006551431e-05
0.130000000000001	1.07670066175772e-05
0.150000000000001	1.07670066837234e-05
0.170000000000001	1.07670067498696e-05
0.190000000000001	1.07670068160158e-05
0.210000000000001	1.0767006882162e-05
0.230000000000001	1.07670069483082e-05
0.250000000000001	1.07670070144544e-05
0.270000000000001	1.07670070806006e-05
0.290000000000001	1.07670071467469e-05
0.310000000000001	1.07670072128931e-05
0.330000000000001	1.07670072790393e-05
0.350000000000001	1.07670073451855e-05
0.370000000000001	1.07670074113317e-05
0.390000000000001	1.07670074774779e-05
0.410000000000001	1.07670075436241e-05
0.430000000000001	1.07670076097703e-05
0.450000000000001	1.07670076759165e-05
0.470000000000001	1.07670077420627e-05
0.490000000000001	1.0767007808209e-05
0.510000000000001	1.07670078743552e-05
0.530000000000001	1.07670079405014e-05
0.550000000000001	1.07670080066476e-05
0.570000000000001	1.07670080727938e-05
0.590000000000001	1.076700813894e-05
0.610000000000001	1.07670082050863e-05
0.630000000000001	1.07670082712325e-05
0.650000000000001	1.07670083373787e-05
0.670000000000001	1.07670084035249e-05
0.690000000000001	1.07670084696711e-05
0.710000000000001	1.07670085358173e-05
0.730000000000001	1.07670086019636e-05
0.750000000000001	1.07670086681098e-05
0.770000000000001	1.0767008734256e-05
0.790000000000001	1.07670088004022e-05
0.810000000000001	1.07670088665485e-05
0.830000000000001	1.07670089326947e-05
0.850000000000001	1.07670089988409e-05
0.870000000000001	1.07670090649871e-05
0.890000000000001	1.07670091311334e-05
0.910000000000001	1.07670091972796e-05
0.930000000000001	1.07670092634258e-05
0.950000000000001	1.0767009329572e-05
0.970000000000001	1.07670093957183e-05
0.990000000000001	1.07670094618645e-05
