# Program settings for SigmaNu
# Electroweak scheme and input parameters
# Scheme = Complex mass scheme
# alpha_GF = 0.00755898078237864
# Pole masses/widths for particles [GeV]
# mw = 80.35797361
# gw = 2.084298894
# mz = 91.15348062
# gz = 2.494266379
# s^2_thetaw (derived) = (0.222868505240788,-0.00110716741475141)
# charged leptons
# m_e = 0.0005109989461
# m_m = 0.10565837
# m_t = 1.77686
# quarks
# m_d = 0.05
# m_u = 0.05
# m_s = 0.2
# m_c = 1.51
# m_b = 4.92
# m_t = 173
# Ecms (default) = 56.0443

# channel_id = 5
# process  = nu_e nu_mu -> nu_e nu_mu
-0.99	6.99423245172241
-0.97	7.03280215705267
-0.95	7.07169174058027
-0.93	7.11090474884885
-0.91	7.15044477768339
-0.89	7.19031547301409
-0.87	7.23052053171652
-0.85	7.27106370246799
-0.83	7.31194878662106
-0.81	7.35317963909403
-0.79	7.39476016927916
-0.77	7.43669434196893
-0.75	7.47898617830064
-0.73	7.52163975671988
-0.71	7.5646592139633
-0.69	7.6080487460611
-0.67	7.65181260935963
-0.65	7.69595512156469
-0.63	7.74048066280587
-0.61	7.78539367672258
-0.59	7.83069867157212
-0.57	7.87640022136035
-0.55	7.92250296699556
-0.53	7.96901161746603
-0.51	8.01593095104177
-0.49	8.06326581650114
-0.47	8.1110211343829
-0.45	8.15920189826417
-0.429999999999999	8.20781317606511
-0.409999999999999	8.25686011138087
-0.389999999999999	8.30634792484135
-0.369999999999999	8.35628191549969
-0.349999999999999	8.40666746224993
-0.329999999999999	8.45751002527474
-0.309999999999999	8.50881514752378
-0.289999999999999	8.56058845622357
-0.269999999999999	8.61283566441957
-0.249999999999999	8.6655625725513
-0.229999999999999	8.71877507006127
-0.209999999999999	8.77247913703853
-0.189999999999999	8.82668084589779
-0.169999999999999	8.88138636309491
-0.149999999999999	8.93660195087966
-0.129999999999999	8.99233396908678
-0.109999999999999	9.04858887696613
-0.0899999999999994	9.10537323505309
-0.0699999999999994	9.16269370708004
-0.0499999999999994	9.22055706193017
-0.0299999999999994	9.27897017563447
-0.00999999999999938	9.33794003341314
0.0100000000000006	9.39747373176255
0.0300000000000006	9.45757848058881
0.0500000000000006	9.51826160538925
0.0700000000000006	9.57953054948299
0.0900000000000006	9.6413928762919
0.110000000000001	9.7038562716732
0.130000000000001	9.76692854630512
0.150000000000001	9.83061763812692
0.170000000000001	9.89493161483474
0.190000000000001	9.95987867643474
0.210000000000001	10.025467157855
0.230000000000001	10.0917055316179
0.250000000000001	10.1586024105742
0.270000000000001	10.2261665507009
0.290000000000001	10.2944068539642
0.310000000000001	10.3633323712499
0.330000000000001	10.432952305362
0.350000000000001	10.5032760140925
0.370000000000001	10.5743130133637
0.390000000000001	10.6460729804447
0.410000000000001	10.718565757245
0.430000000000001	10.7918013536862
0.450000000000001	10.8657899511553
0.470000000000001	10.9405419060404
0.490000000000001	11.016067753352
0.510000000000001	11.0923782104318
0.530000000000001	11.169484180752
0.550000000000001	11.2473967578072
0.570000000000001	11.3261272291011
0.590000000000001	11.4056870802316
0.610000000000001	11.4860879990763
0.630000000000001	11.567341880082
0.650000000000001	11.6494608286596
0.670000000000001	11.7324571656901
0.690000000000001	11.8163434321413
0.710000000000001	11.901132393802
0.730000000000001	11.9868370461347
0.750000000000001	12.0734706192503
0.770000000000001	12.1610465830103
0.790000000000001	12.2495786522579
0.810000000000001	12.3390807921827
0.830000000000001	12.4295672238235
0.850000000000001	12.5210524297122
0.870000000000001	12.6135511596637
0.890000000000001	12.7070784367158
0.910000000000001	12.8016495632237
0.930000000000001	12.8972801271134
0.950000000000001	12.9939860082997
0.970000000000001	13.0917833852719
0.990000000000001	13.1906887418547
