# Program settings for SigmaNu
# Electroweak scheme and input parameters
# Scheme = Complex mass scheme
# alpha_GF = 0.00755898078237864
# Pole masses/widths for particles [GeV]
# mw = 80.35797361
# gw = 2.084298894
# mz = 91.15348062
# gz = 2.494266379
# s^2_thetaw (derived) = (0.222868505240788,-0.00110716741475141)
# charged leptons
# m_e = 0.0005109989461
# m_m = 0.10565837
# m_t = 1.77686
# quarks
# m_d = 0.05
# m_u = 0.05
# m_s = 0.2
# m_c = 1.51
# m_b = 4.92
# m_t = 173
# Ecms (default) = 8.36133

# channel_id = 5
# process  = nu_e nu_mu -> nu_e nu_mu
-0.99	0.289839854957789
-0.97	0.289888194905339
-0.95	0.289936546944247
-0.93	0.289984911078544
-0.91	0.290033287312264
-0.89	0.290081675649442
-0.87	0.290130076094116
-0.85	0.290178488650324
-0.83	0.290226913322106
-0.81	0.290275350113504
-0.79	0.290323799028563
-0.77	0.290372260071327
-0.75	0.290420733245843
-0.73	0.290469218556161
-0.71	0.29051771600633
-0.69	0.290566225600403
-0.67	0.290614747342434
-0.65	0.290663281236479
-0.63	0.290711827286593
-0.61	0.290760385496837
-0.59	0.290808955871271
-0.57	0.290857538413957
-0.55	0.290906133128959
-0.53	0.290954740020343
-0.51	0.291003359092177
-0.49	0.291051990348528
-0.47	0.291100633793469
-0.45	0.291149289431072
-0.429999999999999	0.291197957265411
-0.409999999999999	0.291246637300561
-0.389999999999999	0.2912953295406
-0.369999999999999	0.291344033989608
-0.349999999999999	0.291392750651666
-0.329999999999999	0.291441479530856
-0.309999999999999	0.291490220631263
-0.289999999999999	0.291538973956972
-0.269999999999999	0.291587739512072
-0.249999999999999	0.291636517300652
-0.229999999999999	0.291685307326804
-0.209999999999999	0.29173410959462
-0.189999999999999	0.291782924108195
-0.169999999999999	0.291831750871625
-0.149999999999999	0.291880589889009
-0.129999999999999	0.291929441164445
-0.109999999999999	0.291978304702037
-0.0899999999999994	0.292027180505887
-0.0699999999999994	0.292076068580099
-0.0499999999999994	0.292124968928781
-0.0299999999999994	0.292173881556041
-0.00999999999999938	0.292222806465989
0.0100000000000006	0.292271743662737
0.0300000000000006	0.292320693150398
0.0500000000000006	0.292369654933088
0.0700000000000006	0.292418629014924
0.0900000000000006	0.292467615400023
0.110000000000001	0.292516614092508
0.130000000000001	0.292565625096499
0.150000000000001	0.292614648416121
0.170000000000001	0.2926636840555
0.190000000000001	0.292712732018762
0.210000000000001	0.292761792310037
0.230000000000001	0.292810864933455
0.250000000000001	0.29285994989315
0.270000000000001	0.292909047193254
0.290000000000001	0.292958156837905
0.310000000000001	0.29300727883124
0.330000000000001	0.293056413177398
0.350000000000001	0.293105559880521
0.370000000000001	0.293154718944752
0.390000000000001	0.293203890374234
0.410000000000001	0.293253074173115
0.430000000000001	0.293302270345543
0.450000000000001	0.293351478895667
0.470000000000001	0.293400699827639
0.490000000000001	0.293449933145613
0.510000000000001	0.293499178853743
0.530000000000001	0.293548436956186
0.550000000000001	0.293597707457102
0.570000000000001	0.29364699036065
0.590000000000001	0.293696285670991
0.610000000000001	0.293745593392291
0.630000000000001	0.293794913528715
0.650000000000001	0.29384424608443
0.670000000000001	0.293893591063604
0.690000000000001	0.29394294847041
0.710000000000001	0.293992318309018
0.730000000000001	0.294041700583604
0.750000000000001	0.294091095298344
0.770000000000001	0.294140502457415
0.790000000000001	0.294189922064998
0.810000000000001	0.294239354125272
0.830000000000001	0.294288798642422
0.850000000000001	0.294338255620632
0.870000000000001	0.294387725064089
0.890000000000001	0.29443720697698
0.910000000000001	0.294486701363497
0.930000000000001	0.294536208227831
0.950000000000001	0.294585727574176
0.970000000000001	0.294635259406726
0.990000000000001	0.29468480372968
