# Program settings for SigmaNu
# Electroweak scheme and input parameters
# Scheme = Complex mass scheme
# alpha_GF = 0.00755898078237864
# Pole masses/widths for particles [GeV]
# mw = 80.35797361
# gw = 2.084298894
# mz = 91.15348062
# gz = 2.494266379
# s^2_thetaw (derived) = (0.222868505240788,-0.00110716741475141)
# charged leptons
# m_e = 0.0005109989461
# m_m = 0.10565837
# m_t = 1.77686
# quarks
# m_d = 0.05
# m_u = 0.05
# m_s = 0.2
# m_c = 1.51
# m_b = 4.92
# m_t = 173
# Ecms (default) = 0.000135848

# channel_id = 5
# process  = nu_e nu_mu -> nu_e nu_mu
-0.99	7.77947024063958e-11
-0.97	7.77947024063993e-11
-0.95	7.77947024064027e-11
-0.93	7.77947024064062e-11
-0.91	7.77947024064096e-11
-0.89	7.77947024064131e-11
-0.87	7.77947024064165e-11
-0.85	7.779470240642e-11
-0.83	7.77947024064235e-11
-0.81	7.77947024064269e-11
-0.79	7.77947024064304e-11
-0.77	7.77947024064338e-11
-0.75	7.77947024064373e-11
-0.73	7.77947024064407e-11
-0.71	7.77947024064442e-11
-0.69	7.77947024064476e-11
-0.67	7.77947024064511e-11
-0.65	7.77947024064545e-11
-0.63	7.7794702406458e-11
-0.61	7.77947024064614e-11
-0.59	7.77947024064649e-11
-0.57	7.77947024064684e-11
-0.55	7.77947024064718e-11
-0.53	7.77947024064753e-11
-0.51	7.77947024064787e-11
-0.49	7.77947024064822e-11
-0.47	7.77947024064856e-11
-0.45	7.77947024064891e-11
-0.429999999999999	7.77947024064925e-11
-0.409999999999999	7.7794702406496e-11
-0.389999999999999	7.77947024064994e-11
-0.369999999999999	7.77947024065029e-11
-0.349999999999999	7.77947024065063e-11
-0.329999999999999	7.77947024065098e-11
-0.309999999999999	7.77947024065133e-11
-0.289999999999999	7.77947024065167e-11
-0.269999999999999	7.77947024065201e-11
-0.249999999999999	7.77947024065236e-11
-0.229999999999999	7.7794702406527e-11
-0.209999999999999	7.77947024065305e-11
-0.189999999999999	7.77947024065339e-11
-0.169999999999999	7.77947024065374e-11
-0.149999999999999	7.77947024065409e-11
-0.129999999999999	7.77947024065443e-11
-0.109999999999999	7.77947024065478e-11
-0.0899999999999994	7.77947024065512e-11
-0.0699999999999994	7.77947024065547e-11
-0.0499999999999994	7.77947024065582e-11
-0.0299999999999994	7.77947024065616e-11
-0.00999999999999938	7.7794702406565e-11
0.0100000000000006	7.77947024065685e-11
0.0300000000000006	7.77947024065719e-11
0.0500000000000006	7.77947024065754e-11
0.0700000000000006	7.77947024065788e-11
0.0900000000000006	7.77947024065823e-11
0.110000000000001	7.77947024065857e-11
0.130000000000001	7.77947024065892e-11
0.150000000000001	7.77947024065927e-11
0.170000000000001	7.77947024065961e-11
0.190000000000001	7.77947024065995e-11
0.210000000000001	7.7794702406603e-11
0.230000000000001	7.77947024066065e-11
0.250000000000001	7.77947024066099e-11
0.270000000000001	7.77947024066134e-11
0.290000000000001	7.77947024066168e-11
0.310000000000001	7.77947024066203e-11
0.330000000000001	7.77947024066237e-11
0.350000000000001	7.77947024066272e-11
0.370000000000001	7.77947024066306e-11
0.390000000000001	7.77947024066341e-11
0.410000000000001	7.77947024066375e-11
0.430000000000001	7.7794702406641e-11
0.450000000000001	7.77947024066445e-11
0.470000000000001	7.77947024066479e-11
0.490000000000001	7.77947024066514e-11
0.510000000000001	7.77947024066548e-11
0.530000000000001	7.77947024066583e-11
0.550000000000001	7.77947024066617e-11
0.570000000000001	7.77947024066652e-11
0.590000000000001	7.77947024066687e-11
0.610000000000001	7.77947024066721e-11
0.630000000000001	7.77947024066755e-11
0.650000000000001	7.7794702406679e-11
0.670000000000001	7.77947024066824e-11
0.690000000000001	7.77947024066859e-11
0.710000000000001	7.77947024066894e-11
0.730000000000001	7.77947024066928e-11
0.750000000000001	7.77947024066962e-11
0.770000000000001	7.77947024066997e-11
0.790000000000001	7.77947024067032e-11
0.810000000000001	7.77947024067066e-11
0.830000000000001	7.77947024067101e-11
0.850000000000001	7.77947024067135e-11
0.870000000000001	7.7794702406717e-11
0.890000000000001	7.77947024067204e-11
0.910000000000001	7.77947024067239e-11
0.930000000000001	7.77947024067273e-11
0.950000000000001	7.77947024067308e-11
0.970000000000001	7.77947024067343e-11
0.990000000000001	7.77947024067377e-11
