# Program settings for SigmaNu
# Electroweak scheme and input parameters
# Scheme = Complex mass scheme
# alpha_GF = 0.00755898078237864
# Pole masses/widths for particles [GeV]
# mw = 80.35797361
# gw = 2.084298894
# mz = 91.15348062
# gz = 2.494266379
# s^2_thetaw (derived) = (0.222868505240788,-0.00110716741475141)
# charged leptons
# m_e = 0.0005109989461
# m_m = 0.10565837
# m_t = 1.77686
# quarks
# m_d = 0.05
# m_u = 0.05
# m_s = 0.2
# m_c = 1.51
# m_b = 4.92
# m_t = 173
# Ecms (default) = 23.2277

# channel_id = 5
# process  = nu_e nu_mu -> nu_e nu_mu
-0.99	2.00684767456521
-0.97	2.0092963472005
-0.95	2.01174950323476
-0.93	2.01420715361743
-0.91	2.01666930933139
-0.89	2.01913598139306
-0.87	2.02160718085258
-0.85	2.02408291879388
-0.83	2.02656320633481
-0.81	2.02904805462731
-0.79	2.03153747485747
-0.77	2.0340314782457
-0.75	2.03653007604687
-0.73	2.03903327955036
-0.71	2.04154110008029
-0.69	2.04405354899556
-0.67	2.04657063769003
-0.65	2.04909237759265
-0.63	2.05161878016754
-0.61	2.05414985691418
-0.59	2.05668561936752
-0.57	2.05922607909807
-0.55	2.06177124771212
-0.53	2.06432113685177
-0.51	2.06687575819515
-0.49	2.0694351234565
-0.47	2.07199924438633
-0.45	2.07456813277153
-0.429999999999999	2.07714180043555
-0.409999999999999	2.07972025923848
-0.389999999999999	2.08230352107722
-0.369999999999999	2.08489159788563
-0.349999999999999	2.08748450163463
-0.329999999999999	2.09008224433236
-0.309999999999999	2.09268483802431
-0.289999999999999	2.09529229479348
-0.269999999999999	2.0979046267605
-0.249999999999999	2.10052184608378
-0.229999999999999	2.10314396495963
-0.209999999999999	2.10577099562244
-0.189999999999999	2.10840295034479
-0.169999999999999	2.11103984143761
-0.149999999999999	2.11368168125033
-0.129999999999999	2.11632848217099
-0.109999999999999	2.11898025662642
-0.0899999999999994	2.12163701708238
-0.0699999999999994	2.1242987760437
-0.0499999999999994	2.12696554605443
-0.0299999999999994	2.12963733969797
-0.00999999999999938	2.13231416959724
0.0100000000000006	2.13499604841483
0.0300000000000006	2.13768298885315
0.0500000000000006	2.14037500365455
0.0700000000000006	2.14307210560151
0.0900000000000006	2.14577430751677
0.110000000000001	2.14848162226348
0.130000000000001	2.15119406274538
0.150000000000001	2.15391164190692
0.170000000000001	2.15663437273342
0.190000000000001	2.15936226825126
0.210000000000001	2.16209534152798
0.230000000000001	2.16483360567248
0.250000000000001	2.16757707383516
0.270000000000001	2.17032575920808
0.290000000000001	2.17307967502512
0.310000000000001	2.17583883456213
0.330000000000001	2.17860325113712
0.350000000000001	2.18137293811037
0.370000000000001	2.18414790888462
0.390000000000001	2.18692817690527
0.410000000000001	2.18971375566045
0.430000000000001	2.19250465868127
0.450000000000001	2.19530089954195
0.470000000000001	2.19810249185998
0.490000000000001	2.20090944929629
0.510000000000001	2.20372178555543
0.530000000000001	2.20653951438571
0.550000000000001	2.20936264957939
0.570000000000001	2.21219120497285
0.590000000000001	2.21502519444673
0.610000000000001	2.21786463192616
0.630000000000001	2.22070953138084
0.650000000000001	2.22355990682531
0.670000000000001	2.22641577231906
0.690000000000001	2.22927714196671
0.710000000000001	2.23214402991821
0.730000000000001	2.23501645036898
0.750000000000001	2.23789441756013
0.770000000000001	2.24077794577858
0.790000000000001	2.24366704935729
0.810000000000001	2.24656174267541
0.830000000000001	2.24946204015845
0.850000000000001	2.25236795627851
0.870000000000001	2.25527950555437
0.890000000000001	2.25819670255178
0.910000000000001	2.26111956188355
0.930000000000001	2.26404809820978
0.950000000000001	2.26698232623804
0.970000000000001	2.26992226072355
0.990000000000001	2.27286791646935
