# Program settings for SigmaNu
# Electroweak scheme and input parameters
# Scheme = Complex mass scheme
# alpha_GF = 0.00755898078237864
# Pole masses/widths for particles [GeV]
# mw = 80.35797361
# gw = 2.084298894
# mz = 91.15348062
# gz = 2.494266379
# s^2_thetaw (derived) = (0.222868505240788,-0.00110716741475141)
# charged leptons
# m_e = 0.0005109989461
# m_m = 0.10565837
# m_t = 1.77686
# quarks
# m_d = 0.05
# m_u = 0.05
# m_s = 0.2
# m_c = 1.51
# m_b = 4.92
# m_t = 173
# Ecms (default) = 3581.4

# channel_id = 5
# process  = nu_e nu_mu -> nu_e nu_mu
-0.99	0.0229057477826923
-0.97	0.0233728912023082
-0.95	0.0238544722112402
-0.93	0.0243510919434613
-0.91	0.0248633831483106
-0.89	0.0253920122069768
-0.87	0.0259376813006429
-0.85	0.0265011307434704
-0.83	0.0270831414949014
-0.81	0.0276845378672073
-0.79	0.0283061904458171
-0.77	0.0289490192417557
-0.75	0.029613997097516
-0.73	0.0303021533699207
-0.71	0.0310145779160201
-0.69	0.0317524254108635
-0.67	0.0325169200291006
-0.65	0.0333093605258797
-0.63	0.0341311257564413
-0.61	0.0349836806782381
-0.59	0.035868582884398
-0.57	0.0367874897229752
-0.55	0.0377421660627937
-0.53	0.0387344927738763
-0.51	0.0397664759986091
-0.49	0.0408402572990387
-0.47	0.0419581247762194
-0.45	0.0431225252695042
-0.429999999999999	0.0443360777573345
-0.409999999999999	0.0456015880966973
-0.389999999999999	0.0469220652562884
-0.369999999999999	0.0483007392189161
-0.349999999999999	0.0497410807522374
-0.329999999999999	0.0512468232740283
-0.309999999999999	0.0528219870694807
-0.289999999999999	0.0544709061541798
-0.269999999999999	0.0561982581183161
-0.249999999999999	0.0580090973363382
-0.229999999999999	0.0599088919828611
-0.209999999999999	0.0619035653616865
-0.189999999999999	0.0639995421320038
-0.169999999999999	0.0662038001063519
-0.149999999999999	0.0685239284012857
-0.129999999999999	0.0709681928470269
-0.109999999999999	0.0735456097104668
-0.0899999999999994	0.0762660289613561
-0.0699999999999994	0.0791402285200506
-0.0499999999999994	0.0821800211737447
-0.0299999999999994	0.0853983761453572
-0.00999999999999938	0.0888095576558093
0.0100000000000006	0.0924292832496651
0.0300000000000006	0.0962749051726016
0.0500000000000006	0.100365618717799
0.0700000000000006	0.104722702223376
0.0900000000000006	0.109369794337732
0.110000000000001	0.114333215316403
0.130000000000001	0.119642340527011
0.150000000000001	0.125330036087518
0.170000000000001	0.131433168737332
0.190000000000001	0.137993204757524
0.210000000000001	0.145056916168191
0.230000000000001	0.152677216738631
0.250000000000001	0.160914155815066
0.270000000000001	0.169836104955275
0.290000000000001	0.179521181334751
0.310000000000001	0.190058963497129
0.330000000000001	0.201552570138008
0.350000000000001	0.21412119243826
0.370000000000001	0.227903196667145
0.390000000000001	0.243059948688093
0.410000000000001	0.259780558913339
0.430000000000001	0.278287809866391
0.450000000000001	0.298845615603143
0.470000000000001	0.321768482709697
0.490000000000001	0.347433611065925
0.510000000000001	0.37629651094955
0.530000000000001	0.408911354648919
0.550000000000001	0.445957776920451
0.570000000000001	0.488276569941952
0.590000000000001	0.53691781353537
0.610000000000001	0.593206649818186
0.630000000000001	0.658834501333173
0.650000000000001	0.735987635543021
0.670000000000001	0.827531629964985
0.690000000000001	0.937281345233411
0.710000000000001	1.07040489777599
0.730000000000001	1.23404340556057
0.750000000000001	1.43828902295798
0.770000000000001	1.69777913164369
0.790000000000001	2.03439380463522
0.810000000000001	2.48202394558258
0.830000000000001	3.09544798201939
0.850000000000001	3.96792380858496
0.870000000000001	5.26884676824476
0.890000000000001	7.33263234804522
0.910000000000001	10.8972317055977
0.930000000000001	17.8685940343718
0.950000000000001	34.5187858418558
0.970000000000001	92.7361000810895
0.990000000000001	711.857517275894
