# Program settings for SigmaNu
# Electroweak scheme and input parameters
# Scheme = Complex mass scheme
# alpha_GF = 0.00755898078237864
# Pole masses/widths for particles [GeV]
# mw = 80.35797361
# gw = 2.084298894
# mz = 91.15348062
# gz = 2.494266379
# s^2_thetaw (derived) = (0.222868505240788,-0.00110716741475141)
# charged leptons
# m_e = 0.0005109989461
# m_m = 0.10565837
# m_t = 1.77686
# quarks
# m_d = 0.05
# m_u = 0.05
# m_s = 0.2
# m_c = 1.51
# m_b = 4.92
# m_t = 173
# Ecms (default) = 10.3296

# channel_id = 5
# process  = nu_e nu_mu -> nu_e nu_mu
-0.99	0.438521258083189
-0.97	0.438632403803043
-0.95	0.43874359177374
-0.93	0.438854822016692
-0.91	0.438966094553326
-0.89	0.439077409405081
-0.87	0.43918876659341
-0.85	0.43930016613978
-0.83	0.439411608065671
-0.81	0.439523092392577
-0.79	0.439634619142006
-0.77	0.43974618833548
-0.75	0.439857799994531
-0.73	0.43996945414071
-0.71	0.440081150795579
-0.69	0.440192889980713
-0.67	0.440304671717703
-0.65	0.44041649602815
-0.63	0.440528362933673
-0.61	0.440640272455901
-0.59	0.44075222461648
-0.57	0.440864219437067
-0.55	0.440976256939334
-0.53	0.441088337144968
-0.51	0.441200460075666
-0.49	0.441312625753144
-0.47	0.441424834199127
-0.45	0.441537085435357
-0.429999999999999	0.441649379483587
-0.409999999999999	0.441761716365587
-0.389999999999999	0.441874096103139
-0.369999999999999	0.441986518718039
-0.349999999999999	0.442098984232096
-0.329999999999999	0.442211492667135
-0.309999999999999	0.442324044044994
-0.289999999999999	0.442436638387523
-0.269999999999999	0.44254927571659
-0.249999999999999	0.442661956054071
-0.229999999999999	0.442774679421863
-0.209999999999999	0.44288744584187
-0.189999999999999	0.443000255336016
-0.169999999999999	0.443113107926234
-0.149999999999999	0.443226003634474
-0.129999999999999	0.443338942482699
-0.109999999999999	0.443451924492887
-0.0899999999999994	0.443564949687027
-0.0699999999999994	0.443678018087126
-0.0499999999999994	0.443791129715202
-0.0299999999999994	0.443904284593288
-0.00999999999999938	0.444017482743432
0.0100000000000006	0.444130724187694
0.0300000000000006	0.444244008948151
0.0500000000000006	0.44435733704689
0.0700000000000006	0.444470708506016
0.0900000000000006	0.444584123347647
0.110000000000001	0.444697581593913
0.130000000000001	0.44481108326696
0.150000000000001	0.444924628388949
0.170000000000001	0.445038216982052
0.190000000000001	0.445151849068459
0.210000000000001	0.445265524670372
0.230000000000001	0.445379243810006
0.250000000000001	0.445493006509592
0.270000000000001	0.445606812791376
0.290000000000001	0.445720662677616
0.310000000000001	0.445834556190586
0.330000000000001	0.445948493352572
0.350000000000001	0.446062474185876
0.370000000000001	0.446176498712815
0.390000000000001	0.446290566955718
0.410000000000001	0.44640467893693
0.430000000000001	0.446518834678809
0.450000000000001	0.446633034203729
0.470000000000001	0.446747277534076
0.490000000000001	0.446861564692252
0.510000000000001	0.446975895700674
0.530000000000001	0.447090270581771
0.550000000000001	0.447204689357987
0.570000000000001	0.447319152051782
0.590000000000001	0.447433658685629
0.610000000000001	0.447548209282015
0.630000000000001	0.447662803863443
0.650000000000001	0.447777442452429
0.670000000000001	0.447892125071503
0.690000000000001	0.448006851743211
0.710000000000001	0.448121622490113
0.730000000000001	0.448236437334783
0.750000000000001	0.448351296299809
0.770000000000001	0.448466199407794
0.790000000000001	0.448581146681356
0.810000000000001	0.448696138143127
0.830000000000001	0.448811173815752
0.850000000000001	0.448926253721894
0.870000000000001	0.449041377884227
0.890000000000001	0.449156546325442
0.910000000000001	0.449271759068243
0.930000000000001	0.449387016135349
0.950000000000001	0.449502317549494
0.970000000000001	0.449617663333426
0.990000000000001	0.449733053509908
