# Program settings for SigmaNu
# Electroweak scheme and input parameters
# Scheme = Complex mass scheme
# alpha_GF = 0.00755898078237864
# Pole masses/widths for particles [GeV]
# mw = 80.35797361
# gw = 2.084298894
# mz = 91.15348062
# gz = 2.494266379
# s^2_thetaw (derived) = (0.222868505240788,-0.00110716741475141)
# charged leptons
# m_e = 0.0005109989461
# m_m = 0.10565837
# m_t = 1.77686
# quarks
# m_d = 0.05
# m_u = 0.05
# m_s = 0.2
# m_c = 1.51
# m_b = 4.92
# m_t = 173
# Ecms (default) = 26681.6

# channel_id = 5
# process  = nu_e nu_mu -> nu_e nu_mu
-0.99	0.000413220179095132
-0.97	0.000421652926252609
-0.95	0.000430346467786541
-0.93	0.000439311669515914
-0.91	0.00044855996910702
-0.89	0.000458103412571568
-0.87	0.000467954693511716
-0.85	0.000478127195350874
-0.83	0.00048863503681274
-0.81	0.000499493120937267
-0.79	0.000510717187951454
-0.77	0.000522323872345365
-0.75	0.000534330764540025
-0.73	0.000546756477574284
-0.71	0.000559620719282984
-0.69	0.000572944370489348
-0.67	0.000586749569791192
-0.65	0.000601059805584201
-0.63	0.000615900016036942
-0.61	0.000631296697812691
-0.59	0.000647278024423706
-0.57	0.000663873975205776
-0.55	0.000681116476016276
-0.53	0.000699039552889631
-0.51	0.000717679500032112
-0.49	0.000737075063705926
-0.47	0.000757267643743646
-0.45	0.000778301514651593
-0.429999999999999	0.000800224068509046
-0.409999999999999	0.000823086082153808
-0.389999999999999	0.000846942011469495
-0.369999999999999	0.000871850315962414
-0.349999999999999	0.000897873817244096
-0.329999999999999	0.000925080095528488
-0.309999999999999	0.000953541928821687
-0.289999999999999	0.000983337780139763
-0.269999999999999	0.00101455233885226
-0.249999999999999	0.00104727712313397
-0.229999999999999	0.0010816111515374
-0.209999999999999	0.00111766169290022
-0.189999999999999	0.00115554510520685
-0.169999999999999	0.00119538777567103
-0.149999999999999	0.00123732717624241
-0.129999999999999	0.00128151305102233
-0.109999999999999	0.00132810875477064
-0.0899999999999994	0.00137729276488175
-0.0699999999999994	0.00142926039300664
-0.0499999999999994	0.00148422572702711
-0.0299999999999994	0.00154242383950551
-0.00999999999999938	0.00160411330523301
0.0100000000000006	0.00166957907832584
0.0300000000000006	0.00173913578877462
0.0500000000000006	0.00181313152981888
0.0700000000000006	0.00189195222147768
0.0900000000000006	0.00197602665262655
0.110000000000001	0.00206583232494564
0.130000000000001	0.00216190224786493
0.150000000000001	0.00226483286557337
0.170000000000001	0.00237529333688625
0.190000000000001	0.00249403643841904
0.210000000000001	0.00262191142389457
0.230000000000001	0.00275987925119455
0.250000000000001	0.00290903068883042
0.270000000000001	0.00307060794134997
0.290000000000001	0.00324603059753808
0.310000000000001	0.00343692691791319
0.330000000000001	0.0036451717550515
0.350000000000001	0.00387293276380331
0.370000000000001	0.00412272703916547
0.390000000000001	0.00439749096036011
0.410000000000001	0.0047006668812012
0.430000000000001	0.00503631147573273
0.450000000000001	0.0054092321494701
0.470000000000001	0.00582516014309583
0.490000000000001	0.00629097205745646
0.510000000000001	0.00681497592142548
0.530000000000001	0.00740728422395932
0.550000000000001	0.0080803054903606
0.570000000000001	0.00884939949510875
0.590000000000001	0.00973376145925153
0.610000000000001	0.0107576314745638
0.630000000000001	0.0119519734148495
0.650000000000001	0.0133568437869959
0.670000000000001	0.0150247946518234
0.690000000000001	0.0170258606121796
0.710000000000001	0.0194550322548854
0.730000000000001	0.0224437407874547
0.750000000000001	0.0261780171701633
0.770000000000001	0.0309281570465922
0.790000000000001	0.0370990449697747
0.810000000000001	0.0453193795563944
0.830000000000001	0.0566083846132292
0.850000000000001	0.0727076631921835
0.870000000000001	0.0967955091431171
0.890000000000001	0.135184902252391
0.910000000000001	0.201923837955232
0.930000000000001	0.333743014357856
0.950000000000001	0.65396189410009
0.970000000000001	1.81543110864376
0.990000000000001	16.2881850575154
