# Program settings for SigmaNu
# Electroweak scheme and input parameters
# Scheme = Complex mass scheme
# alpha_GF = 0.00755898078237864
# Pole masses/widths for particles [GeV]
# mw = 80.35797361
# gw = 2.084298894
# mz = 91.15348062
# gz = 2.494266379
# s^2_thetaw (derived) = (0.222868505240788,-0.00110716741475141)
# charged leptons
# m_e = 0.0005109989461
# m_m = 0.10565837
# m_t = 1.77686
# quarks
# m_d = 0.05
# m_u = 0.05
# m_s = 0.2
# m_c = 1.51
# m_b = 4.92
# m_t = 173
# Ecms (default) = 53979.9

# channel_id = 5
# process  = nu_e nu_mu -> nu_e nu_mu
-0.99	0.000100959875821104
-0.97	0.000103020222364389
-0.95	0.0001051442885553
-0.93	0.000107334729253679
-0.91	0.000109594339040871
-0.89	0.000111926061137521
-0.87	0.000114332996992546
-0.85	0.000116818416601655
-0.83	0.000119385769619527
-0.81	0.000122038697336204
-0.79	0.000124781045595369
-0.77	0.000127616878740122
-0.75	0.000130550494680733
-0.73	0.00013358644118873
-0.71	0.000136729533532731
-0.69	0.000139984873583786
-0.67	0.000143357870531862
-0.65	0.000146854263370632
-0.63	0.000150480145325198
-0.61	0.000154241990417023
-0.59	0.000158146682382456
-0.57	0.000162201546186243
-0.55	0.000166414382399575
-0.53	0.000170793504744174
-0.51	0.000175347781140086
-0.49	0.000180086678635906
-0.47	0.000185020312646847
-0.45	0.000190159500979244
-0.429999999999999	0.000195515823180713
-0.409999999999999	0.000201101685824545
-0.389999999999999	0.000206930394416239
-0.369999999999999	0.000213016232701124
-0.349999999999999	0.000219374550256661
-0.329999999999999	0.000226021859373438
-0.309999999999999	0.00023297594236789
-0.289999999999999	0.000240255970630498
-0.269999999999999	0.000247882636899383
-0.249999999999999	0.000255878302465505
-0.229999999999999	0.000264267161267315
-0.209999999999999	0.000273075423126343
-0.189999999999999	0.000282331518718559
-0.169999999999999	0.000292066329278913
-0.149999999999999	0.000302313444509605
-0.129999999999999	0.000313109452720274
-0.109999999999999	0.000324494267887263
-0.0899999999999994	0.000336511499100135
-0.0699999999999994	0.000349208868791869
-0.0499999999999994	0.000362638687255951
-0.0299999999999994	0.000376858392277275
-0.00999999999999938	0.000391931164292084
0.0100000000000006	0.000407926629404604
0.0300000000000006	0.000424921664898653
0.0500000000000006	0.000443001324684618
0.0700000000000006	0.00046225990553316
0.0900000000000006	0.000482802179115752
0.110000000000001	0.000504744819987798
0.130000000000001	0.000528218065954999
0.150000000000001	0.000553367655068916
0.170000000000001	0.000580357093205831
0.190000000000001	0.000609370318316843
0.210000000000001	0.000640614842680638
0.230000000000001	0.000674325473742929
0.250000000000001	0.000710768738579461
0.270000000000001	0.000750248168260548
0.290000000000001	0.000793110638556226
0.310000000000001	0.000839754015386088
0.330000000000001	0.000890636421118071
0.350000000000001	0.000946287526660371
0.370000000000001	0.0010073223917647
0.390000000000001	0.00107445853255646
0.410000000000001	0.0011485371058528
0.430000000000001	0.00123054938549427
0.450000000000001	0.00132167009726767
0.470000000000001	0.0014232997206967
0.490000000000001	0.00153711862408597
0.510000000000001	0.00166515697276923
0.530000000000001	0.00180988589017167
0.550000000000001	0.00197433758970162
0.570000000000001	0.00216226549798345
0.590000000000001	0.00237836034060988
0.610000000000001	0.00262854571254793
0.630000000000001	0.00292038839181519
0.650000000000001	0.00326367727811585
0.670000000000001	0.00367125506827363
0.690000000000001	0.00416023710109607
0.710000000000001	0.00475383794210538
0.730000000000001	0.00548417841094086
0.750000000000001	0.00639672408042774
0.770000000000001	0.00755753627458105
0.790000000000001	0.0090655732589953
0.810000000000001	0.0110745012470744
0.830000000000001	0.0138334488419316
0.850000000000001	0.0177681375625412
0.870000000000001	0.023655527717867
0.890000000000001	0.0330390116703793
0.910000000000001	0.0493534357951096
0.930000000000001	0.0815812970874871
0.950000000000001	0.159888921651212
0.970000000000001	0.44406836328911
0.990000000000001	3.99357848893383
