# Program settings for SigmaNu
# Electroweak scheme and input parameters
# Scheme = Complex mass scheme
# alpha_GF = 0.00755898078237864
# Pole masses/widths for particles [GeV]
# mw = 80.35797361
# gw = 2.084298894
# mz = 91.15348062
# gz = 2.494266379
# s^2_thetaw (derived) = (0.222868505240788,-0.00110716741475141)
# charged leptons
# m_e = 0.0005109989461
# m_m = 0.10565837
# m_t = 1.77686
# quarks
# m_d = 0.05
# m_u = 0.05
# m_s = 0.2
# m_c = 1.51
# m_b = 4.92
# m_t = 173
# Ecms (default) = 2346.61

# channel_id = 5
# process  = nu_e nu_mu -> nu_e nu_mu
-0.99	0.0532619912035034
-0.97	0.0543472716751586
-0.95	0.0554660642239512
-0.93	0.0566197629335708
-0.91	0.0578098351402346
-0.89	0.0590378261005892
-0.87	0.060305364010365
-0.85	0.0616141654042304
-0.83	0.0629660409702997
-0.81	0.0643629018160884
-0.79	0.0658067662264221
-0.77	0.0672997669579417
-0.75	0.0688441591194581
-0.73	0.0704423286925511
-0.71	0.0720968017525605
-0.69	0.0738102544565454
-0.67	0.0755855238719949
-0.65	0.0774256197281561
-0.63	0.0793337371809216
-0.61	0.0813132706924319
-0.59	0.0833678291380454
-0.57	0.0855012522663035
-0.55	0.0877176286521697
-0.53	0.0900213153003981
-0.51	0.09241695907467
-0.49	0.094909520149452
-0.47	0.0975042977057564
-0.45	0.100206958119571
-0.429999999999999	0.103023565923191
-0.409999999999999	0.105960617855617
-0.389999999999999	0.109025080359358
-0.369999999999999	0.112224430928119
-0.349999999999999	0.115566703764082
-0.329999999999999	0.119060540265888
-0.309999999999999	0.122715244940379
-0.289999999999999	0.126540847414364
-0.269999999999999	0.130548171319035
-0.249999999999999	0.1347489109315
-0.229999999999999	0.139155716588063
-0.209999999999999	0.143782290035663
-0.189999999999999	0.148643491065301
-0.169999999999999	0.153755456979239
-0.149999999999999	0.159135736688051
-0.129999999999999	0.164803441521442
-0.109999999999999	0.170779415176697
-0.0899999999999994	0.177086425631412
-0.0699999999999994	0.183749382325625
-0.0499999999999994	0.19079558248871
-0.0299999999999994	0.198254991168069
-0.00999999999999938	0.206160560334188
0.0100000000000006	0.214548593420461
0.0300000000000006	0.223459162844264
0.0500000000000006	0.232936589495696
0.0700000000000006	0.243029994932251
0.0900000000000006	0.253793939157373
0.110000000000001	0.265289159484934
0.130000000000001	0.277583429223634
0.150000000000001	0.290752558913689
0.170000000000001	0.304881567817683
0.190000000000001	0.320066059574084
0.210000000000001	0.336413843712973
0.230000000000001	0.354046854565643
0.250000000000001	0.373103431576818
0.270000000000001	0.393741040954536
0.290000000000001	0.416139539047
0.310000000000001	0.440505104275168
0.330000000000001	0.467074998858994
0.350000000000001	0.496123366678577
0.370000000000001	0.527968333181922
0.390000000000001	0.562980752561765
0.410000000000001	0.601595053916456
0.430000000000001	0.644322782394288
0.450000000000001	0.691769628690645
0.470000000000001	0.744657013025406
0.490000000000001	0.803849670802946
0.510000000000001	0.870391225814348
0.530000000000001	0.945550507841567
0.550000000000001	1.03088249005639
0.570000000000001	1.12830936809163
0.590000000000001	1.24022976473392
0.610000000000001	1.36966778930553
0.630000000000001	1.52047948469824
0.650000000000001	1.6976433746836
0.670000000000001	1.9076766720371
0.690000000000001	2.15924332613871
0.710000000000001	2.46406204400439
0.730000000000001	2.83829615248792
0.750000000000001	3.30474131319404
0.770000000000001	3.89638091931398
0.790000000000001	4.66238134095968
0.810000000000001	5.67864648262057
0.830000000000001	7.06737197379618
0.850000000000001	9.03557024953737
0.870000000000001	11.9569355066901
0.890000000000001	16.5632520829497
0.910000000000001	24.4515854192504
0.930000000000001	39.6808873514037
0.950000000000001	75.2653053658979
0.970000000000001	194.061781521031
0.990000000000001	1248.37523616844
