# Program settings for SigmaNu
# Electroweak scheme and input parameters
# Scheme = Complex mass scheme
# alpha_GF = 0.00755898078237864
# Pole masses/widths for particles [GeV]
# mw = 80.35797361
# gw = 2.084298894
# mz = 91.15348062
# gz = 2.494266379
# s^2_thetaw (derived) = (0.222868505240788,-0.00110716741475141)
# charged leptons
# m_e = 0.0005109989461
# m_m = 0.10565837
# m_t = 1.77686
# quarks
# m_d = 0.05
# m_u = 0.05
# m_s = 0.2
# m_c = 1.51
# m_b = 4.92
# m_t = 173
# Ecms (default) = 3709.83

# channel_id = 5
# process  = nu_e nu_mu -> nu_e nu_mu
-0.99	0.0213491489438383
-0.97	0.0217845664112457
-0.95	0.0222334415530224
-0.93	0.0226963347283976
-0.91	0.0231738357688715
-0.89	0.0236665658580971
-0.87	0.0241751795531549
-0.85	0.0247003669595087
-0.83	0.0252428560731418
-0.81	0.0258034153047219
-0.79	0.0263828562021466
-0.77	0.0269820363894873
-0.75	0.0276018627422169
-0.73	0.0282432948206821
-0.71	0.0289073485861065
-0.69	0.0295951004260106
-0.67	0.0303076915188461
-0.65	0.0310463325709126
-0.63	0.0318123089622914
-0.61	0.0326069863426653
-0.59	0.0334318167225405
-0.57	0.0342883451106371
-0.55	0.0351782167541409
-0.53	0.0361031850452181
-0.51	0.0370651201647939
-0.49	0.038066018543225
-0.47	0.0391080132273022
-0.45	0.0401933852541872
-0.429999999999999	0.0413245761456313
-0.409999999999999	0.0425042016503765
-0.389999999999999	0.0437350668793096
-0.369999999999999	0.0450201829970514
-0.349999999999999	0.0463627856556284
-0.329999999999999	0.0477663553811595
-0.309999999999999	0.0492346401536675
-0.289999999999999	0.05077168045385
-0.269999999999999	0.0523818370897177
-0.249999999999999	0.0540698221613799
-0.229999999999999	0.0558407335750517
-0.209999999999999	0.0577000935789455
-0.189999999999999	0.059653891865718
-0.169999999999999	0.0617086338705589
-0.149999999999999	0.0638713949932037
-0.129999999999999	0.0661498815890465
-0.109999999999999	0.0685524997126426
-0.0899999999999994	0.0710884327605449
-0.0699999999999994	0.073767729354911
-0.0499999999999994	0.0766014030411502
-0.0299999999999994	0.0796015456501077
-0.00999999999999938	0.0827814565078719
0.0100000000000006	0.0861557900766388
0.0300000000000006	0.0897407250937
0.0500000000000006	0.0935541588619709
0.0700000000000006	0.0976159310590858
0.0900000000000006	0.101948082303991
0.110000000000001	0.106575153789687
0.130000000000001	0.111524535608791
0.150000000000001	0.11682687302984
0.170000000000001	0.122516542010586
0.190000000000001	0.128632207768931
0.210000000000001	0.135217483415028
0.230000000000001	0.142321709666776
0.250000000000001	0.15000088177335
0.270000000000001	0.158318756287893
0.290000000000001	0.167348178704457
0.310000000000001	0.177172683805046
0.330000000000001	0.187888434667094
0.350000000000001	0.199606584782095
0.370000000000001	0.212456172187867
0.390000000000001	0.226587687095851
0.410000000000001	0.242177498274015
0.430000000000001	0.259433382811493
0.450000000000001	0.278601485171448
0.470000000000001	0.299975143872814
0.490000000000001	0.323906181386082
0.510000000000001	0.350819475340778
0.530000000000001	0.381231948008362
0.550000000000001	0.41577757420932
0.570000000000001	0.45524069053998
0.590000000000001	0.500600911281533
0.610000000000001	0.553094514174397
0.630000000000001	0.614299577707057
0.650000000000001	0.686255984136369
0.670000000000001	0.771637614829544
0.690000000000001	0.874004389188691
0.710000000000001	0.99817944070242
0.730000000000001	1.15082782085132
0.750000000000001	1.34136988639153
0.770000000000001	1.58347034269828
0.790000000000001	1.89755823954049
0.810000000000001	2.31528234205297
0.830000000000001	2.88780762607392
0.850000000000001	3.70226238387897
0.870000000000001	4.91695889744718
0.890000000000001	6.84456409353085
0.910000000000001	10.1754334085139
0.930000000000001	16.6940859555312
0.950000000000001	32.2810115152972
0.970000000000001	86.9153696086434
0.990000000000001	673.901359179609
