# Program settings for SigmaNu
# Electroweak scheme and input parameters
# Scheme = Complex mass scheme
# alpha_GF = 0.00755898078237864
# Pole masses/widths for particles [GeV]
# mw = 80.35797361
# gw = 2.084298894
# mz = 91.15348062
# gz = 2.494266379
# s^2_thetaw (derived) = (0.222868505240788,-0.00110716741475141)
# charged leptons
# m_e = 0.0005109989461
# m_m = 0.10565837
# m_t = 1.77686
# quarks
# m_d = 0.05
# m_u = 0.05
# m_s = 0.2
# m_c = 1.51
# m_b = 4.92
# m_t = 173
# Ecms (default) = 85338.6

# channel_id = 5
# process  = nu_e nu_mu -> nu_e nu_mu
-0.99	4.03946104780525e-05
-0.97	4.12189680820802e-05
-0.95	4.20688203626448e-05
-0.93	4.29452295496243e-05
-0.91	4.38493137766474e-05
-0.89	4.47822506491847e-05
-0.87	4.57452810811867e-05
-0.85	4.67397134236169e-05
-0.83	4.77669279105394e-05
-0.81	4.88283814509854e-05
-0.79	4.99256127976773e-05
-0.77	5.10602481268665e-05
-0.75	5.22340070670851e-05
-0.73	5.34487092185669e-05
-0.71	5.47062812095134e-05
-0.69	5.6008764340328e-05
-0.67	5.73583228724837e-05
-0.65	5.8757253024909e-05
-0.63	6.02079927477621e-05
-0.61	6.17131323513242e-05
-0.59	6.32754260765948e-05
-0.57	6.48978047041651e-05
-0.55	6.65833893092251e-05
-0.53	6.83355062833401e-05
-0.51	7.01577037580967e-05
-0.49	7.20537695821549e-05
-0.47	7.40277510219184e-05
-0.45	7.60839763773096e-05
-0.429999999999999	7.82270787284054e-05
-0.409999999999999	8.0462022056425e-05
-0.389999999999999	8.27941300143148e-05
-0.369999999999999	8.52291176586003e-05
-0.349999999999999	8.77731264960328e-05
-0.329999999999999	9.04327632467564e-05
-0.309999999999999	9.32151427813387e-05
-0.289999999999999	9.61279357533051e-05
-0.269999999999999	9.91794215233246e-05
-0.249999999999999	0.000102378547057714
-0.229999999999999	0.000105734992584632
-0.209999999999999	0.000109259244908797
-0.189999999999999	0.000112962679422988
-0.169999999999999	0.000116857652015595
-0.149999999999999	0.000120957602262872
-0.129999999999999	0.000125277169517602
-0.109999999999999	0.000129832323769594
-0.0899999999999994	0.000134640513465899
-0.0699999999999994	0.000139720832850053
-0.0499999999999994	0.000145094211822504
-0.0299999999999994	0.000150783631854001
-0.00999999999999938	0.000156814372119245
0.0100000000000006	0.000163214290783289
0.0300000000000006	0.000170014147297708
0.0500000000000006	0.000177247972684706
0.0700000000000006	0.000184953496152158
0.0900000000000006	0.000193172638050529
0.110000000000001	0.000201952081229517
0.130000000000001	0.00021134393537495
0.150000000000001	0.000221406512029527
0.170000000000001	0.000232205231885402
0.190000000000001	0.000243813690791617
0.210000000000001	0.000256314917018573
0.230000000000001	0.00026980286002514
0.250000000000001	0.000284384160758041
0.270000000000001	0.000300180266013425
0.290000000000001	0.000317329965459837
0.310000000000001	0.000335992450714143
0.330000000000001	0.000356351022950347
0.350000000000001	0.000378617611068128
0.370000000000001	0.000403038309452068
0.390000000000001	0.000429900207010922
0.410000000000001	0.000459539863430729
0.430000000000001	0.00049235390287723
0.450000000000001	0.000528812351973295
0.470000000000001	0.000569475565625201
0.490000000000001	0.000615015887612025
0.510000000000001	0.000666245622416487
0.530000000000001	0.000724153510838148
0.550000000000001	0.000789952797583978
0.570000000000001	0.000865145300463518
0.590000000000001	0.000951607871738527
0.610000000000001	0.00105171066356915
0.630000000000001	0.00116848130567704
0.650000000000001	0.00130583655511836
0.670000000000001	0.00146891507429632
0.690000000000001	0.00166456512870767
0.710000000000001	0.00190207546327199
0.730000000000001	0.00219429849099392
0.750000000000001	0.00255942629906101
0.770000000000001	0.0030238920561808
0.790000000000001	0.00362729223328377
0.810000000000001	0.00443111417080446
0.830000000000001	0.00553504392895366
0.850000000000001	0.00710943097741135
0.870000000000001	0.00946517445388259
0.890000000000001	0.0132198700244391
0.910000000000001	0.0197480188359803
0.930000000000001	0.0326442112630154
0.950000000000001	0.0639809856107402
0.970000000000001	0.17771414661112
0.990000000000001	1.59894084882913
