# Program settings for SigmaNu
# Electroweak scheme and input parameters
# Scheme = Complex mass scheme
# alpha_GF = 0.00755898078237864
# Pole masses/widths for particles [GeV]
# mw = 80.35797361
# gw = 2.084298894
# mz = 91.15348062
# gz = 2.494266379
# s^2_thetaw (derived) = (0.222868505240788,-0.00110716741475141)
# charged leptons
# m_e = 0.0005109989461
# m_m = 0.10565837
# m_t = 1.77686
# quarks
# m_d = 0.05
# m_u = 0.05
# m_s = 0.2
# m_c = 1.51
# m_b = 4.92
# m_t = 173
# Ecms (default) = 683.761

# channel_id = 5
# process  = nu_e nu_mu -> nu_e nu_mu
-0.99	0.607336568020017
-0.97	0.619510116422684
-0.95	0.632053379721202
-0.93	0.644981482052145
-0.91	0.658310328900431
-0.89	0.672056656044139
-0.87	0.686238082114014
-0.85	0.700873165075975
-0.83	0.715981462974889
-0.81	0.731583599311011
-0.79	0.747701333457338
-0.77	0.764357636567007
-0.75	0.781576773465435
-0.73	0.799384391072589
-0.71	0.817807613957346
-0.69	0.836875147689053
-0.67	0.856617390721981
-0.65	0.877066555627431
-0.63	0.898256800576777
-0.61	0.920224372078169
-0.59	0.943007760081306
-0.57	0.966647866690394
-0.55	0.991188189867082
-0.53	1.01667502366502
-0.51	1.04315767671838
-0.49	1.07068871091124
-0.47	1.09932420238655
-0.45	1.12912402731683
-0.429999999999999	1.160152175158
-0.409999999999999	1.19247709244924
-0.389999999999999	1.22617206061095
-0.369999999999999	1.26131561163809
-0.349999999999999	1.29799198609625
-0.329999999999999	1.33629163841276
-0.309999999999999	1.37631179512784
-0.289999999999999	1.41815707254612
-0.269999999999999	1.46194016112297
-0.249999999999999	1.5077825849554
-0.229999999999999	1.55581554594647
-0.209999999999999	1.6061808636065
-0.189999999999999	1.65903202307692
-0.169999999999999	1.71453534585737
-0.149999999999999	1.77287129993361
-0.129999999999999	1.83423596860375
-0.109999999999999	1.89884270035883
-0.0899999999999994	1.96692396578015
-0.0699999999999994	2.03873345168006
-0.0499999999999994	2.11454842777057
-0.0299999999999994	2.19467242715917
-0.00999999999999938	2.27943828914792
0.0100000000000006	2.36921162140171
0.0300000000000006	2.46439474886577
0.0500000000000006	2.56543122924134
0.0700000000000006	2.67281102985703
0.0900000000000006	2.78707647901394
0.110000000000001	2.90882912710626
0.130000000000001	3.03873768000334
0.150000000000001	3.17754720057119
0.170000000000001	3.3260898154052
0.190000000000001	3.48529721489557
0.210000000000001	3.65621529831002
0.230000000000001	3.84002139511189
0.250000000000001	4.03804459376567
0.270000000000001	4.25178983577972
0.290000000000001	4.482966593609
0.310000000000001	4.73352315685038
0.330000000000001	5.00568781611226
0.350000000000001	5.3020185772745
0.370000000000001	5.62546348685777
0.390000000000001	5.9794342380951
0.410000000000001	6.36789650734546
0.430000000000001	6.7954815122614
0.450000000000001	7.26762468656226
0.470000000000001	7.79073927443664
0.490000000000001	8.37243526760078
0.510000000000001	9.02179774325414
0.530000000000001	9.74974376169685
0.550000000000001	10.5694842251094
0.570000000000001	11.4971275168645
0.590000000000001	12.5524769348043
0.610000000000001	13.7600964260929
0.630000000000001	15.1507529775581
0.650000000000001	16.7633958492284
0.670000000000001	18.6479137626965
0.690000000000001	20.869040190761
0.710000000000001	23.5119874814941
0.730000000000001	26.6907431869756
0.750000000000001	30.5605696315113
0.770000000000001	35.3373290334021
0.790000000000001	41.3282515042491
0.810000000000001	48.9825991082264
0.830000000000001	58.9784125487821
0.850000000000001	72.3780018841285
0.870000000000001	90.9222973174264
0.890000000000001	117.626231182294
0.910000000000001	158.086243442207
0.930000000000001	223.670095664908
0.950000000000001	340.468087288704
0.970000000000001	579.895526570396
0.990000000000001	1200.74327947809
