# Program settings for SigmaNu
# Electroweak scheme and input parameters
# Scheme = Complex mass scheme
# alpha_GF = 0.00755898078237864
# Pole masses/widths for particles [GeV]
# mw = 80.35797361
# gw = 2.084298894
# mz = 91.15348062
# gz = 2.494266379
# s^2_thetaw (derived) = (0.222868505240788,-0.00110716741475141)
# charged leptons
# m_e = 0.0005109989461
# m_m = 0.10565837
# m_t = 1.77686
# quarks
# m_d = 0.05
# m_u = 0.05
# m_s = 0.2
# m_c = 1.51
# m_b = 4.92
# m_t = 173
# Ecms (default) = 1.16257

# channel_id = 5
# process  = nu_e nu_mu -> nu_e nu_mu
-0.99	0.0056956236446894
-0.97	0.0056956421573488
-0.95	0.00569566067009844
-0.93	0.00569567918293831
-0.91	0.00569569769586842
-0.89	0.00569571620888877
-0.87	0.00569573472199936
-0.85	0.00569575323520018
-0.83	0.00569577174849125
-0.81	0.00569579026187255
-0.79	0.0056958087753441
-0.77	0.00569582728890589
-0.75	0.00569584580255792
-0.73	0.00569586431630019
-0.71	0.0056958828301327
-0.69	0.00569590134405546
-0.67	0.00569591985806846
-0.65	0.00569593837217171
-0.63	0.00569595688636521
-0.61	0.00569597540064894
-0.59	0.00569599391502293
-0.57	0.00569601242948716
-0.55	0.00569603094404164
-0.53	0.00569604945868637
-0.51	0.00569606797342135
-0.49	0.00569608648824658
-0.47	0.00569610500316205
-0.45	0.00569612351816778
-0.429999999999999	0.00569614203326376
-0.409999999999999	0.00569616054844999
-0.389999999999999	0.00569617906372648
-0.369999999999999	0.00569619757909321
-0.349999999999999	0.0056962160945502
-0.329999999999999	0.00569623461009745
-0.309999999999999	0.00569625312573495
-0.289999999999999	0.0056962716414627
-0.269999999999999	0.00569629015728071
-0.249999999999999	0.00569630867318898
-0.229999999999999	0.0056963271891875
-0.209999999999999	0.00569634570527629
-0.189999999999999	0.00569636422145533
-0.169999999999999	0.00569638273772463
-0.149999999999999	0.00569640125408419
-0.129999999999999	0.005696419770534
-0.109999999999999	0.00569643828707408
-0.0899999999999994	0.00569645680370442
-0.0699999999999994	0.00569647532042503
-0.0499999999999994	0.00569649383723589
-0.0299999999999994	0.00569651235413702
-0.00999999999999938	0.00569653087112841
0.0100000000000006	0.00569654938821006
0.0300000000000006	0.00569656790538198
0.0500000000000006	0.00569658642264417
0.0700000000000006	0.00569660493999662
0.0900000000000006	0.00569662345743934
0.110000000000001	0.00569664197497233
0.130000000000001	0.00569666049259558
0.150000000000001	0.0056966790103091
0.170000000000001	0.00569669752811289
0.190000000000001	0.00569671604600695
0.210000000000001	0.00569673456399128
0.230000000000001	0.00569675308206588
0.250000000000001	0.00569677160023075
0.270000000000001	0.00569679011848589
0.290000000000001	0.00569680863683131
0.310000000000001	0.005696827155267
0.330000000000001	0.00569684567379296
0.350000000000001	0.0056968641924092
0.370000000000001	0.00569688271111571
0.390000000000001	0.00569690122991249
0.410000000000001	0.00569691974879955
0.430000000000001	0.00569693826777689
0.450000000000001	0.00569695678684451
0.470000000000001	0.0056969753060024
0.490000000000001	0.00569699382525057
0.510000000000001	0.00569701234458902
0.530000000000001	0.00569703086401775
0.550000000000001	0.00569704938353676
0.570000000000001	0.00569706790314605
0.590000000000001	0.00569708642284562
0.610000000000001	0.00569710494263548
0.630000000000001	0.00569712346251561
0.650000000000001	0.00569714198248603
0.670000000000001	0.00569716050254673
0.690000000000001	0.00569717902269772
0.710000000000001	0.00569719754293899
0.730000000000001	0.00569721606327055
0.750000000000001	0.00569723458369239
0.770000000000001	0.00569725310420452
0.790000000000001	0.00569727162480693
0.810000000000001	0.00569729014549964
0.830000000000001	0.00569730866628263
0.850000000000001	0.00569732718715591
0.870000000000001	0.00569734570811948
0.890000000000001	0.00569736422917334
0.910000000000001	0.00569738275031749
0.930000000000001	0.00569740127155193
0.950000000000001	0.00569741979287666
0.970000000000001	0.00569743831429169
0.990000000000001	0.00569745683579701
