# Program settings for SigmaNu
# Electroweak scheme and input parameters
# Scheme = Complex mass scheme
# alpha_GF = 0.00755898078237864
# Pole masses/widths for particles [GeV]
# mw = 80.35797361
# gw = 2.084298894
# mz = 91.15348062
# gz = 2.494266379
# s^2_thetaw (derived) = (0.222868505240788,-0.00110716741475141)
# charged leptons
# m_e = 0.0005109989461
# m_m = 0.10565837
# m_t = 1.77686
# quarks
# m_d = 0.05
# m_u = 0.05
# m_s = 0.2
# m_c = 1.51
# m_b = 4.92
# m_t = 173
# Ecms (default) = 22372.1

# channel_id = 5
# process  = nu_e nu_mu -> nu_e nu_mu
-0.99	0.000587742982979429
-0.97	0.000599737225493614
-0.95	0.000612102404672187
-0.93	0.000624853975257729
-0.91	0.000638008205342203
-0.89	0.000651582228278631
-0.87	0.000665594098499743
-0.85	0.000680062851583303
-0.83	0.000695008568937394
-0.81	0.000710452447516293
-0.79	0.000726416875019078
-0.77	0.000742925511069318
-0.75	0.0007600033749258
-0.73	0.000777676940331738
-0.71	0.000795974238174245
-0.69	0.000814924967697823
-0.67	0.000834560617096243
-0.65	0.000854914594397663
-0.63	0.000876022369659473
-0.61	0.000897921629603693
-0.59	0.000920652445952544
-0.57	0.000944257458869162
-0.55	0.000968782077072573
-0.53	0.000994274696381888
-0.51	0.00102078693865518
-0.49	0.00104837391332757
-0.47	0.00107709450402472
-0.45	0.00110701168303749
-0.429999999999999	0.00113819285679646
-0.409999999999999	0.0011707102458887
-0.389999999999999	0.00120464130362077
-0.369999999999999	0.00124006917766225
-0.349999999999999	0.00127708321991258
-0.329999999999999	0.00131577955043551
-0.309999999999999	0.00135626168211434
-0.289999999999999	0.00139864121361642
-0.269999999999999	0.00144303859933947
-0.249999999999999	0.00148958400627075
-0.229999999999999	0.0015384182691549
-0.209999999999999	0.00158969395707555
-0.189999999999999	0.00164357656655391
-0.169999999999999	0.00170024585861116
-0.149999999999999	0.00175989735999474
-0.129999999999999	0.00182274405201498
-0.109999999999999	0.00188901827427338
-0.0899999999999994	0.00195897387510999
-0.0699999999999994	0.00203288864599985
-0.0499999999999994	0.00211106708357059
-0.0299999999999994	0.00219384353061701
-0.00999999999999938	0.00228158575673352
0.0100000000000006	0.00237469905031546
0.0300000000000006	0.00247363090712899
0.0500000000000006	0.00257887641695754
0.0700000000000006	0.00269098446968571
0.0900000000000006	0.00281056492644312
0.110000000000001	0.0029382969312048
0.130000000000001	0.00307493857493907
0.150000000000001	0.00322133816982054
0.170000000000001	0.0033784474475268
0.190000000000001	0.00354733706625523
0.210000000000001	0.00372921489981132
0.230000000000001	0.00392544769416645
0.250000000000001	0.00413758681919338
0.270000000000001	0.00436739902510204
0.290000000000001	0.00461690334682329
0.310000000000001	0.0048884156020043
0.330000000000001	0.00518460232226552
0.350000000000001	0.00550854647437321
0.370000000000001	0.00586382801161532
0.390000000000001	0.00625462320696732
0.410000000000001	0.00668582794486325
0.430000000000001	0.00716321181073526
0.450000000000001	0.00769361209482313
0.470000000000001	0.00828517997893525
0.490000000000001	0.00894769558626087
0.510000000000001	0.00969297482127949
0.530000000000001	0.0105353998857357
0.550000000000001	0.0114926183811703
0.570000000000001	0.0125864751241932
0.590000000000001	0.0138442696056629
0.610000000000001	0.0153004759583619
0.630000000000001	0.016999130581807
0.650000000000001	0.0189972009205441
0.670000000000001	0.0213694247633468
0.690000000000001	0.0242154021732851
0.710000000000001	0.0276702232471897
0.730000000000001	0.0319207998608244
0.750000000000001	0.0372316885030309
0.770000000000001	0.043987273975134
0.790000000000001	0.0527633292906397
0.810000000000001	0.0644538888083124
0.830000000000001	0.0805082953427273
0.850000000000001	0.10340304828774
0.870000000000001	0.137657406817907
0.890000000000001	0.192247453383898
0.910000000000001	0.287145957348058
0.930000000000001	0.474569837404833
0.950000000000001	0.92980420046683
0.970000000000001	2.58050571650017
0.990000000000001	23.1221912973852
