# Program settings for SigmaNu
# Electroweak scheme and input parameters
# Scheme = Complex mass scheme
# alpha_GF = 0.00755898078237864
# Pole masses/widths for particles [GeV]
# mw = 80.35797361
# gw = 2.084298894
# mz = 91.15348062
# gz = 2.494266379
# s^2_thetaw (derived) = (0.222868505240788,-0.00110716741475141)
# charged leptons
# m_e = 0.0005109989461
# m_m = 0.10565837
# m_t = 1.77686
# quarks
# m_d = 0.05
# m_u = 0.05
# m_s = 0.2
# m_c = 1.51
# m_b = 4.92
# m_t = 173
# Ecms (default) = 39311.8

# channel_id = 5
# process  = nu_e nu_mu -> nu_e nu_mu
-0.99	0.000190355265972145
-0.97	0.000194239945906805
-0.95	0.000198244765724292
-0.93	0.000202374731003315
-0.91	0.000206635110758382
-0.89	0.000211031454253676
-0.87	0.000215569609082398
-0.85	0.000220255740621586
-0.83	0.000225096352983354
-0.81	0.00023009831159551
-0.79	0.000235268867558044
-0.77	0.000240615683936876
-0.75	0.00024614686417301
-0.73	0.00025187098280384
-0.71	0.000257797118714214
-0.69	0.000263934891158139
-0.67	0.000270294498818171
-0.65	0.000276886762198798
-0.63	0.000283723169683063
-0.61	0.000290815927618727
-0.59	0.000298178014841944
-0.57	0.000305823242093552
-0.55	0.000313766316836224
-0.53	0.000322022914040909
-0.51	0.000330609753579229
-0.49	0.000339544684935857
-0.47	0.00034884678004298
-0.45	0.000358536435139159
-0.429999999999999	0.000368635482669264
-0.409999999999999	0.000379167314372871
-0.389999999999999	0.000390157016858125
-0.369999999999999	0.000401631521129711
-0.349999999999999	0.000413619767736817
-0.329999999999999	0.000426152889434104
-0.309999999999999	0.000439264413510744
-0.289999999999999	0.000452990486245598
-0.269999999999999	0.000467370122297669
-0.249999999999999	0.000482445482248683
-0.229999999999999	0.000498262181989126
-0.209999999999999	0.000514869638192685
-0.189999999999999	0.000532321454771391
-0.169999999999999	0.000550675855962743
-0.149999999999999	0.000569996172592186
-0.129999999999999	0.000590351389105642
-0.109999999999999	0.000611816760209246
-0.0899999999999994	0.000634474507425897
-0.0699999999999994	0.000658414607628414
-0.0499999999999994	0.000683735687695746
-0.0299999999999994	0.000710546041934373
-0.00999999999999938	0.000738964791901635
0.0100000000000006	0.000769123211873324
0.0300000000000006	0.000801166247554292
0.0500000000000006	0.000835254260913826
0.0700000000000006	0.000871565040458538
0.0900000000000006	0.000910296124115027
0.110000000000001	0.000951667491539543
0.130000000000001	0.000995924694558858
0.150000000000001	0.0010433425091624
0.170000000000001	0.001094229210769
0.190000000000001	0.00114893159736819
0.210000000000001	0.00120784091387561
0.230000000000001	0.00127139986733952
0.250000000000001	0.00134011096873805
0.270000000000001	0.00141454649600689
0.290000000000001	0.00149536044865455
0.310000000000001	0.0015833029622941
0.330000000000001	0.00167923777905786
0.350000000000001	0.00178416353735452
0.370000000000001	0.00189923986590501
0.390000000000001	0.002025819562231
0.410000000000001	0.00216548853271504
0.430000000000001	0.00232011570992007
0.450000000000001	0.00249191590067681
0.470000000000001	0.00268352953971559
0.490000000000001	0.00289812475288373
0.510000000000001	0.00313952915797755
0.530000000000001	0.00341240173392025
0.550000000000001	0.00372245930904495
0.570000000000001	0.00407677844535625
0.590000000000001	0.00448420282897511
0.610000000000001	0.00495590051247811
0.630000000000001	0.00550613748104001
0.650000000000001	0.00615336912323476
0.670000000000001	0.00692180817806591
0.690000000000001	0.00784372259532943
0.710000000000001	0.00896287913349511
0.730000000000001	0.0103398353170137
0.750000000000001	0.0120603070664596
0.770000000000001	0.014248838439677
0.790000000000001	0.0170919918685873
0.810000000000001	0.020879465828431
0.830000000000001	0.0260809231773367
0.850000000000001	0.0334989318715432
0.870000000000001	0.0445981859925956
0.890000000000001	0.0622881549830769
0.910000000000001	0.0930436956126977
0.930000000000001	0.153796426304606
0.950000000000001	0.301403960054497
0.970000000000001	0.83699325114954
0.990000000000001	7.52215446742924
