# Program settings for SigmaNu
# Electroweak scheme and input parameters
# Scheme = Complex mass scheme
# alpha_GF = 0.00755898078237864
# Pole masses/widths for particles [GeV]
# mw = 80.35797361
# gw = 2.084298894
# mz = 91.15348062
# gz = 2.494266379
# s^2_thetaw (derived) = (0.222868505240788,-0.00110716741475141)
# charged leptons
# m_e = 0.0005109989461
# m_m = 0.10565837
# m_t = 1.77686
# quarks
# m_d = 0.05
# m_u = 0.05
# m_s = 0.2
# m_c = 1.51
# m_b = 4.92
# m_t = 173
# Ecms (default) = 8641.29

# channel_id = 5
# process  = nu_e nu_mu -> nu_e nu_mu
-0.99	0.003938774859731
-0.97	0.00401914682361522
-0.95	0.00410200414653359
-0.93	0.00418745036852578
-0.91	0.00427559447817494
-0.89	0.00436655126032361
-0.87	0.00446044166995682
-0.85	0.00455739323452715
-0.83	0.00465754048722173
-0.81	0.0047610254339209
-0.79	0.00486799805687642
-0.77	0.00497861685844665
-0.75	0.00509304944857115
-0.73	0.00521147318005275
-0.71	0.00533407583614537
-0.69	0.00546105637542816
-0.67	0.005592625739486
-0.65	0.0057290077295225
-0.63	0.00587043995871184
-0.61	0.0060171748878615
-0.59	0.00616948095282028
-0.57	0.00632764379303895
-0.55	0.00649196759178999
-0.53	0.00666277653979705
-0.51	0.00684041643543398
-0.49	0.00702525643625379
-0.47	0.00721769097842672
-0.45	0.00741814188273863
-0.429999999999999	0.0076270606681644
-0.409999999999999	0.00784493109673184
-0.389999999999999	0.00807227197648419
-0.369999999999999	0.00830964025289617
-0.349999999999999	0.00855763442317446
-0.329999999999999	0.00881689831256739
-0.309999999999999	0.00908812525722358
-0.289999999999999	0.00937206274440069
-0.269999999999999	0.0096695175680797
-0.249999999999999	0.00998136156646477
-0.229999999999999	0.0103085380176531
-0.209999999999999	0.0106520687811971
-0.189999999999999	0.0110130622866583
-0.169999999999999	0.0113927224859306
-0.149999999999999	0.0117923589045463
-0.129999999999999	0.0122133979488927
-0.109999999999999	0.0126573956519407
-0.0899999999999994	0.013126052070502
-0.0699999999999994	0.0136212275831884
-0.0499999999999994	0.0141449613813509
-0.0299999999999994	0.0146994924968281
-0.00999999999999938	0.0152872837721913
0.0100000000000006	0.0159110492536446
0.0300000000000006	0.0165737855767197
0.0500000000000006	0.0172788080240166
0.0700000000000006	0.0180297920670577
0.0900000000000006	0.018830821366636
0.110000000000001	0.0196864434052152
0.130000000000001	0.0206017341704042
0.150000000000001	0.021582373612392
0.170000000000001	0.0226347339761559
0.190000000000001	0.0237659835815811
0.210000000000001	0.0249842092179742
0.230000000000001	0.0262985610687968
0.250000000000001	0.0277194250341459
0.270000000000001	0.0292586285343111
0.290000000000001	0.0309296874405858
0.310000000000001	0.0327481038015413
0.330000000000001	0.0347317266670923
0.350000000000001	0.0369011917690319
0.370000000000001	0.0392804603867041
0.390000000000001	0.0418974838178947
0.410000000000001	0.0447850280641633
0.430000000000001	0.0479817044495955
0.450000000000001	0.0515332671103583
0.470000000000001	0.0554942593548896
0.490000000000001	0.0599301203678817
0.510000000000001	0.0649199054631606
0.530000000000001	0.0705598329320778
0.550000000000001	0.0769679575202693
0.570000000000001	0.0842903988819529
0.590000000000001	0.0927097456813019
0.610000000000001	0.102456549287755
0.630000000000001	0.113825276756857
0.650000000000001	0.127196815779601
0.670000000000001	0.143070797584902
0.690000000000001	0.162112956285696
0.710000000000001	0.185226084337993
0.730000000000001	0.213659042690511
0.750000000000001	0.249179071874212
0.770000000000001	0.294353183018425
0.790000000000001	0.353025322371159
0.810000000000001	0.431161983429015
0.830000000000001	0.538431274219872
0.850000000000001	0.691344010900523
0.870000000000001	0.920009002850555
0.890000000000001	1.28417308796334
0.910000000000001	1.91661235882982
0.930000000000001	3.16381658078059
0.950000000000001	6.18538857536425
0.970000000000001	17.0805690389107
0.990000000000001	149.29530796506
