# Program settings for SigmaNu
# Electroweak scheme and input parameters
# Scheme = Complex mass scheme
# alpha_GF = 0.00755898078237864
# Pole masses/widths for particles [GeV]
# mw = 80.35797361
# gw = 2.084298894
# mz = 91.15348062
# gz = 2.494266379
# s^2_thetaw (derived) = (0.222868505240788,-0.00110716741475141)
# charged leptons
# m_e = 0.0005109989461
# m_m = 0.10565837
# m_t = 1.77686
# quarks
# m_d = 0.05
# m_u = 0.05
# m_s = 0.2
# m_c = 1.51
# m_b = 4.92
# m_t = 173
# Ecms (default) = 0.199695

# channel_id = 5
# process  = nu_e nu_mu -> nu_e nu_mu
-0.99	0.000168102341674751
-0.97	0.000168102357798444
-0.95	0.00016810237392214
-0.93	0.000168102390045838
-0.91	0.000168102406169538
-0.89	0.000168102422293241
-0.87	0.000168102438416946
-0.85	0.000168102454540653
-0.83	0.000168102470664363
-0.81	0.000168102486788075
-0.79	0.000168102502911789
-0.77	0.000168102519035505
-0.75	0.000168102535159224
-0.73	0.000168102551282946
-0.71	0.000168102567406669
-0.69	0.000168102583530395
-0.67	0.000168102599654123
-0.65	0.000168102615777854
-0.63	0.000168102631901586
-0.61	0.000168102648025321
-0.59	0.000168102664149059
-0.57	0.000168102680272799
-0.55	0.000168102696396541
-0.53	0.000168102712520285
-0.51	0.000168102728644032
-0.49	0.000168102744767781
-0.47	0.000168102760891532
-0.45	0.000168102777015286
-0.429999999999999	0.000168102793139042
-0.409999999999999	0.0001681028092628
-0.389999999999999	0.000168102825386561
-0.369999999999999	0.000168102841510324
-0.349999999999999	0.000168102857634089
-0.329999999999999	0.000168102873757857
-0.309999999999999	0.000168102889881626
-0.289999999999999	0.000168102906005399
-0.269999999999999	0.000168102922129173
-0.249999999999999	0.00016810293825295
-0.229999999999999	0.000168102954376729
-0.209999999999999	0.000168102970500511
-0.189999999999999	0.000168102986624295
-0.169999999999999	0.000168103002748081
-0.149999999999999	0.000168103018871869
-0.129999999999999	0.00016810303499566
-0.109999999999999	0.000168103051119453
-0.0899999999999994	0.000168103067243248
-0.0699999999999994	0.000168103083367046
-0.0499999999999994	0.000168103099490846
-0.0299999999999994	0.000168103115614649
-0.00999999999999938	0.000168103131738453
0.0100000000000006	0.00016810314786226
0.0300000000000006	0.00016810316398607
0.0500000000000006	0.000168103180109881
0.0700000000000006	0.000168103196233695
0.0900000000000006	0.000168103212357511
0.110000000000001	0.00016810322848133
0.130000000000001	0.000168103244605151
0.150000000000001	0.000168103260728974
0.170000000000001	0.0001681032768528
0.190000000000001	0.000168103292976628
0.210000000000001	0.000168103309100458
0.230000000000001	0.00016810332522429
0.250000000000001	0.000168103341348125
0.270000000000001	0.000168103357471962
0.290000000000001	0.000168103373595802
0.310000000000001	0.000168103389719644
0.330000000000001	0.000168103405843488
0.350000000000001	0.000168103421967334
0.370000000000001	0.000168103438091183
0.390000000000001	0.000168103454215034
0.410000000000001	0.000168103470338888
0.430000000000001	0.000168103486462743
0.450000000000001	0.000168103502586601
0.470000000000001	0.000168103518710462
0.490000000000001	0.000168103534834324
0.510000000000001	0.000168103550958189
0.530000000000001	0.000168103567082057
0.550000000000001	0.000168103583205926
0.570000000000001	0.000168103599329798
0.590000000000001	0.000168103615453672
0.610000000000001	0.000168103631577549
0.630000000000001	0.000168103647701428
0.650000000000001	0.000168103663825309
0.670000000000001	0.000168103679949193
0.690000000000001	0.000168103696073079
0.710000000000001	0.000168103712196967
0.730000000000001	0.000168103728320857
0.750000000000001	0.00016810374444475
0.770000000000001	0.000168103760568645
0.790000000000001	0.000168103776692543
0.810000000000001	0.000168103792816442
0.830000000000001	0.000168103808940345
0.850000000000001	0.000168103825064249
0.870000000000001	0.000168103841188156
0.890000000000001	0.000168103857312065
0.910000000000001	0.000168103873435976
0.930000000000001	0.00016810388955989
0.950000000000001	0.000168103905683806
0.970000000000001	0.000168103921807724
0.990000000000001	0.000168103937931645
