# Program settings for SigmaNu
# Electroweak scheme and input parameters
# Scheme = Complex mass scheme
# alpha_GF = 0.00755898078237864
# Pole masses/widths for particles [GeV]
# mw = 80.35797361
# gw = 2.084298894
# mz = 91.15348062
# gz = 2.494266379
# s^2_thetaw (derived) = (0.222868505240788,-0.00110716741475141)
# charged leptons
# m_e = 0.0005109989461
# m_m = 0.10565837
# m_t = 1.77686
# quarks
# m_d = 0.05
# m_u = 0.05
# m_s = 0.2
# m_c = 1.51
# m_b = 4.92
# m_t = 173
# Ecms (default) = 48.6774

# channel_id = 5
# process  = nu_e nu_mu -> nu_e nu_mu
-0.99	6.06271508199539
-0.97	6.08972832869194
-0.95	6.11692249247448
-0.93	6.14429919226055
-0.91	6.17186006511382
-0.89	6.19960676648876
-0.87	6.22754097047902
-0.85	6.25566437006984
-0.83	6.28397867739436
-0.81	6.31248562399414
-0.79	6.3411869610836
-0.77	6.37008445981891
-0.75	6.39917991157101
-0.73	6.42847512820311
-0.71	6.45797194235253
-0.69	6.48767220771718
-0.67	6.51757779934661
-0.65	6.54769061393776
-0.63	6.57801257013548
-0.61	6.60854560883801
-0.59	6.63929169350735
-0.57	6.67025281048468
-0.55	6.70143096931103
-0.53	6.73282820305312
-0.51	6.76444656863456
-0.49	6.79628814717256
-0.47	6.82835504432011
-0.45	6.86064939061391
-0.429999999999999	6.89317334182799
-0.409999999999999	6.92592907933324
-0.389999999999999	6.95891881046295
-0.369999999999999	6.99214476888441
-0.349999999999999	7.02560921497675
-0.329999999999999	7.05931443621514
-0.309999999999999	7.09326274756141
-0.289999999999999	7.12745649186126
-0.269999999999999	7.16189804024825
-0.249999999999999	7.19658979255451
-0.229999999999999	7.23153417772856
-0.209999999999999	7.26673365426011
-0.189999999999999	7.30219071061224
-0.169999999999999	7.33790786566084
-0.149999999999999	7.3738876691417
-0.129999999999999	7.41013270210521
-0.109999999999999	7.44664557737891
-0.0899999999999994	7.48342894003806
-0.0699999999999994	7.52048546788433
-0.0499999999999994	7.5578178719328
-0.0299999999999994	7.59542889690742
-0.00999999999999938	7.63332132174516
0.0100000000000006	7.67149796010897
0.0300000000000006	7.70996166090964
0.0500000000000006	7.74871530883697
0.0700000000000006	7.78776182490019
0.0900000000000006	7.82710416697801
0.110000000000001	7.86674533037835
0.130000000000001	7.90668834840799
0.150000000000001	7.94693629295246
0.170000000000001	7.98749227506617
0.190000000000001	8.02835944557317
0.210000000000001	8.06954099567863
0.230000000000001	8.11104015759134
0.250000000000001	8.15286020515745
0.270000000000001	8.19500445450566
0.290000000000001	8.23747626470404
0.310000000000001	8.28027903842887
0.330000000000001	8.32341622264562
0.350000000000001	8.36689130930236
0.370000000000001	8.41070783603588
0.390000000000001	8.45486938689077
0.410000000000001	8.49937959305173
0.430000000000001	8.54424213358942
0.450000000000001	8.58946073622006
0.470000000000001	8.63503917807918
0.490000000000001	8.6809812865097
0.510000000000001	8.7272909398648
0.530000000000001	8.77397206832568
0.550000000000001	8.82102865473478
0.570000000000001	8.86846473544457
0.590000000000001	8.9162844011824
0.610000000000001	8.96449179793165
0.630000000000001	9.01309112782964
0.650000000000001	9.06208665008253
0.670000000000001	9.11148268189774
0.690000000000001	9.16128359943411
0.710000000000001	9.21149383877029
0.730000000000001	9.2621178968918
0.750000000000001	9.31316033269697
0.770000000000001	9.36462576802247
0.790000000000001	9.41651888868855
0.810000000000001	9.46884444556476
0.830000000000001	9.52160725565627
0.850000000000001	9.57481220321147
0.870000000000001	9.6284642408513
0.890000000000001	9.68256839072076
0.910000000000001	9.73712974566301
0.930000000000001	9.79215347041679
0.950000000000001	9.84764480283747
0.970000000000001	9.90360905514243
0.990000000000001	9.96005161518117
