# Program settings for SigmaNu
# Electroweak scheme and input parameters
# Scheme = Complex mass scheme
# alpha_GF = 0.00755898078237864
# Pole masses/widths for particles [GeV]
# mw = 80.35797361
# gw = 2.084298894
# mz = 91.15348062
# gz = 2.494266379
# s^2_thetaw (derived) = (0.222868505240788,-0.00110716741475141)
# charged leptons
# m_e = 0.0005109989461
# m_m = 0.10565837
# m_t = 1.77686
# quarks
# m_d = 0.05
# m_u = 0.05
# m_s = 0.2
# m_c = 1.51
# m_b = 4.92
# m_t = 173
# Ecms (default) = 4.92901

# channel_id = 5
# process  = nu_e nu_mu -> nu_e nu_mu
-0.99	0.101821958555387
-0.97	0.101827891611369
-0.95	0.101833825185805
-0.93	0.101839759278758
-0.91	0.101845693890287
-0.89	0.101851629020453
-0.87	0.101857564669316
-0.85	0.101863500836937
-0.83	0.101869437523376
-0.81	0.101875374728693
-0.79	0.10188131245295
-0.77	0.101887250696205
-0.75	0.101893189458521
-0.73	0.101899128739957
-0.71	0.101905068540574
-0.69	0.101911008860433
-0.67	0.101916949699593
-0.65	0.101922891058116
-0.63	0.101928832936061
-0.61	0.101934775333491
-0.59	0.101940718250464
-0.57	0.101946661687041
-0.55	0.101952605643284
-0.53	0.101958550119253
-0.51	0.101964495115008
-0.49	0.101970440630609
-0.47	0.101976386666119
-0.45	0.101982333221596
-0.429999999999999	0.101988280297102
-0.409999999999999	0.101994227892697
-0.389999999999999	0.102000176008442
-0.369999999999999	0.102006124644398
-0.349999999999999	0.102012073800625
-0.329999999999999	0.102018023477183
-0.309999999999999	0.102023973674135
-0.289999999999999	0.102029924391539
-0.269999999999999	0.102035875629458
-0.249999999999999	0.102041827387951
-0.229999999999999	0.102047779667079
-0.209999999999999	0.102053732466904
-0.189999999999999	0.102059685787485
-0.169999999999999	0.102065639628883
-0.149999999999999	0.10207159399116
-0.129999999999999	0.102077548874376
-0.109999999999999	0.102083504278591
-0.0899999999999994	0.102089460203867
-0.0699999999999994	0.102095416650264
-0.0499999999999994	0.102101373617843
-0.0299999999999994	0.102107331106665
-0.00999999999999938	0.102113289116791
0.0100000000000006	0.10211924764828
0.0300000000000006	0.102125206701196
0.0500000000000006	0.102131166275597
0.0700000000000006	0.102137126371545
0.0900000000000006	0.102143086989101
0.110000000000001	0.102149048128325
0.130000000000001	0.102155009789279
0.150000000000001	0.102160971972023
0.170000000000001	0.102166934676618
0.190000000000001	0.102172897903126
0.210000000000001	0.102178861651606
0.230000000000001	0.102184825922121
0.250000000000001	0.10219079071473
0.270000000000001	0.102196756029494
0.290000000000001	0.102202721866476
0.310000000000001	0.102208688225735
0.330000000000001	0.102214655107333
0.350000000000001	0.10222062251133
0.370000000000001	0.102226590437787
0.390000000000001	0.102232558886766
0.410000000000001	0.102238527858328
0.430000000000001	0.102244497352533
0.450000000000001	0.102250467369442
0.470000000000001	0.102256437909117
0.490000000000001	0.102262408971618
0.510000000000001	0.102268380557007
0.530000000000001	0.102274352665344
0.550000000000001	0.102280325296691
0.570000000000001	0.102286298451109
0.590000000000001	0.102292272128658
0.610000000000001	0.1022982463294
0.630000000000001	0.102304221053396
0.650000000000001	0.102310196300707
0.670000000000001	0.102316172071394
0.690000000000001	0.102322148365518
0.710000000000001	0.10232812518314
0.730000000000001	0.102334102524322
0.750000000000001	0.102340080389124
0.770000000000001	0.102346058777608
0.790000000000001	0.102352037689835
0.810000000000001	0.102358017125866
0.830000000000001	0.102363997085762
0.850000000000001	0.102369977569585
0.870000000000001	0.102375958577395
0.890000000000001	0.102381940109254
0.910000000000001	0.102387922165222
0.930000000000001	0.102393904745363
0.950000000000001	0.102399887849735
0.970000000000001	0.102405871478401
0.990000000000001	0.102411855631422
