# Program settings for SigmaNu
# Electroweak scheme and input parameters
# Scheme = Complex mass scheme
# alpha_GF = 0.00755898078237864
# Pole masses/widths for particles [GeV]
# mw = 80.35797361
# gw = 2.084298894
# mz = 91.15348062
# gz = 2.494266379
# s^2_thetaw (derived) = (0.222868505240788,-0.00110716741475141)
# charged leptons
# m_e = 0.0005109989461
# m_m = 0.10565837
# m_t = 1.77686
# quarks
# m_d = 0.05
# m_u = 0.05
# m_s = 0.2
# m_c = 1.51
# m_b = 4.92
# m_t = 173
# Ecms (default) = 185.68

# channel_id = 5
# process  = nu_e nu_mu -> nu_e nu_mu
-0.99	5.52945536480107
-0.97	5.62002383968399
-0.95	5.71283582250408
-0.93	5.80796602880219
-0.91	5.90549231049624
-0.89	6.0054958152052
-0.87	6.10806115509596
-0.85	6.21327658590909
-0.83	6.32123419687097
-0.81	6.43203011225525
-0.79	6.5457647054178
-0.77	6.66254282619497
-0.75	6.78247404262732
-0.73	6.90567289804954
-0.71	7.0322591846732
-0.69	7.16235823488263
-0.67	7.29610123156676
-0.65	7.43362553892216
-0.63	7.57507505528496
-0.61	7.72060058968454
-0.59	7.87036026395913
-0.57	8.0245199424359
-0.55	8.18325369135625
-0.53	8.3467442704231
-0.51	8.51518365906285
-0.49	8.68877362023214
-0.47	8.86772630486232
-0.45	9.05226490032373
-0.429999999999999	9.24262432661199
-0.409999999999999	9.43905198431266
-0.389999999999999	9.64180855879239
-0.369999999999999	9.85116888549943
-0.349999999999999	10.0674228817386
-0.329999999999999	10.2908765508217
-0.309999999999999	10.5218530650895
-0.289999999999999	10.760693934967
-0.269999999999999	11.0077602719494
-0.249999999999999	11.2634341542471
-0.229999999999999	11.5281201047352
-0.209999999999999	11.8022466918894
-0.189999999999999	12.0862682655429
-0.169999999999999	12.3806668405999
-0.149999999999999	12.6859541432948
-0.129999999999999	13.0026738362261
-0.109999999999999	13.3314039402426
-0.0899999999999994	13.6727594733365
-0.0699999999999994	14.0273953290549
-0.0499999999999994	14.3960094196004
-0.0299999999999994	14.7793461118064
-0.00999999999999938	15.1781999875953
0.0100000000000006	15.5934199644179
0.0300000000000006	16.0259138156025
0.0500000000000006	16.4766531355915
0.0700000000000006	16.9466788008179
0.0900000000000006	17.437106983582
0.110000000000001	17.9491357838622
0.130000000000001	18.4840525527029
0.150000000000001	19.0432419908433
0.170000000000001	19.6281951178099
0.190000000000001	20.240519220061
0.210000000000001	20.8819489022504
0.230000000000001	21.5543583836462
0.250000000000001	22.2597752026542
0.270000000000001	23.0003955167799
0.290000000000001	23.7786012138743
0.310000000000001	24.5969790839258
0.330000000000001	25.458342339918
0.350000000000001	26.3657548225359
0.370000000000001	27.3225582781398
0.390000000000001	28.3324031641717
0.410000000000001	29.39928351307
0.430000000000001	30.5275764774448
0.450000000000001	31.722087288856
0.470000000000001	32.9881004939865
0.490000000000001	34.3314384901983
0.510000000000001	35.7585285735102
0.530000000000001	37.2764799436089
0.550000000000001	38.8931723922583
0.570000000000001	40.6173587456249
0.590000000000001	42.4587835531444
0.610000000000001	44.4283210354741
0.630000000000001	46.5381359473372
0.650000000000001	48.8018718106325
0.670000000000001	51.2348719718598
0.690000000000001	53.8544401916389
0.710000000000001	56.6801490563791
0.730000000000001	59.7342065102419
0.750000000000001	63.0418933689346
0.770000000000001	66.6320879692758
0.790000000000001	70.53789836456
0.810000000000001	74.7974280151013
0.830000000000001	79.4547081846791
0.850000000000001	84.5608398445529
0.870000000000001	90.175400656407
0.890000000000001	96.3681897523282
0.910000000000001	103.221406262149
0.930000000000001	110.832389318608
0.950000000000001	119.317091189298
0.970000000000001	128.814516541764
0.990000000000001	139.492447573237
