# Program settings for SigmaNu
# Electroweak scheme and input parameters
# Scheme = Complex mass scheme
# alpha_GF = 0.00755898078237864
# Pole masses/widths for particles [GeV]
# mw = 80.35797361
# gw = 2.084298894
# mz = 91.15348062
# gz = 2.494266379
# s^2_thetaw (derived) = (0.222868505240788,-0.00110716741475141)
# charged leptons
# m_e = 0.0005109989461
# m_m = 0.10565837
# m_t = 1.77686
# quarks
# m_d = 0.05
# m_u = 0.05
# m_s = 0.2
# m_c = 1.51
# m_b = 4.92
# m_t = 173
# Ecms (default) = 0.0111092

# channel_id = 5
# process  = nu_e nu_mu -> nu_e nu_mu
-0.99	5.202464004072e-07
-0.97	5.20246400561631e-07
-0.95	5.20246400716061e-07
-0.93	5.20246400870492e-07
-0.91	5.20246401024922e-07
-0.89	5.20246401179353e-07
-0.87	5.20246401333783e-07
-0.85	5.20246401488214e-07
-0.83	5.20246401642644e-07
-0.81	5.20246401797075e-07
-0.79	5.20246401951505e-07
-0.77	5.20246402105936e-07
-0.75	5.20246402260366e-07
-0.73	5.20246402414797e-07
-0.71	5.20246402569227e-07
-0.69	5.20246402723658e-07
-0.67	5.20246402878088e-07
-0.65	5.20246403032519e-07
-0.63	5.20246403186949e-07
-0.61	5.2024640334138e-07
-0.59	5.2024640349581e-07
-0.57	5.20246403650241e-07
-0.55	5.20246403804671e-07
-0.53	5.20246403959102e-07
-0.51	5.20246404113532e-07
-0.49	5.20246404267963e-07
-0.47	5.20246404422393e-07
-0.45	5.20246404576824e-07
-0.429999999999999	5.20246404731254e-07
-0.409999999999999	5.20246404885685e-07
-0.389999999999999	5.20246405040115e-07
-0.369999999999999	5.20246405194546e-07
-0.349999999999999	5.20246405348976e-07
-0.329999999999999	5.20246405503407e-07
-0.309999999999999	5.20246405657837e-07
-0.289999999999999	5.20246405812268e-07
-0.269999999999999	5.20246405966698e-07
-0.249999999999999	5.20246406121129e-07
-0.229999999999999	5.20246406275559e-07
-0.209999999999999	5.2024640642999e-07
-0.189999999999999	5.2024640658442e-07
-0.169999999999999	5.20246406738851e-07
-0.149999999999999	5.20246406893281e-07
-0.129999999999999	5.20246407047712e-07
-0.109999999999999	5.20246407202142e-07
-0.0899999999999994	5.20246407356573e-07
-0.0699999999999994	5.20246407511003e-07
-0.0499999999999994	5.20246407665434e-07
-0.0299999999999994	5.20246407819864e-07
-0.00999999999999938	5.20246407974295e-07
0.0100000000000006	5.20246408128725e-07
0.0300000000000006	5.20246408283156e-07
0.0500000000000006	5.20246408437586e-07
0.0700000000000006	5.20246408592017e-07
0.0900000000000006	5.20246408746447e-07
0.110000000000001	5.20246408900878e-07
0.130000000000001	5.20246409055308e-07
0.150000000000001	5.20246409209739e-07
0.170000000000001	5.20246409364169e-07
0.190000000000001	5.202464095186e-07
0.210000000000001	5.2024640967303e-07
0.230000000000001	5.2024640982746e-07
0.250000000000001	5.20246409981891e-07
0.270000000000001	5.20246410136322e-07
0.290000000000001	5.20246410290752e-07
0.310000000000001	5.20246410445183e-07
0.330000000000001	5.20246410599613e-07
0.350000000000001	5.20246410754044e-07
0.370000000000001	5.20246410908474e-07
0.390000000000001	5.20246411062905e-07
0.410000000000001	5.20246411217335e-07
0.430000000000001	5.20246411371766e-07
0.450000000000001	5.20246411526196e-07
0.470000000000001	5.20246411680627e-07
0.490000000000001	5.20246411835057e-07
0.510000000000001	5.20246411989488e-07
0.530000000000001	5.20246412143918e-07
0.550000000000001	5.20246412298349e-07
0.570000000000001	5.20246412452779e-07
0.590000000000001	5.2024641260721e-07
0.610000000000001	5.2024641276164e-07
0.630000000000001	5.20246412916071e-07
0.650000000000001	5.20246413070501e-07
0.670000000000001	5.20246413224932e-07
0.690000000000001	5.20246413379362e-07
0.710000000000001	5.20246413533793e-07
0.730000000000001	5.20246413688223e-07
0.750000000000001	5.20246413842654e-07
0.770000000000001	5.20246413997084e-07
0.790000000000001	5.20246414151515e-07
0.810000000000001	5.20246414305945e-07
0.830000000000001	5.20246414460376e-07
0.850000000000001	5.20246414614806e-07
0.870000000000001	5.20246414769237e-07
0.890000000000001	5.20246414923667e-07
0.910000000000001	5.20246415078098e-07
0.930000000000001	5.20246415232528e-07
0.950000000000001	5.20246415386959e-07
0.970000000000001	5.20246415541389e-07
0.990000000000001	5.2024641569582e-07
