# Program settings for SigmaNu
# Electroweak scheme and input parameters
# Scheme = Complex mass scheme
# alpha_GF = 0.00755898078237864
# Pole masses/widths for particles [GeV]
# mw = 80.35797361
# gw = 2.084298894
# mz = 91.15348062
# gz = 2.494266379
# s^2_thetaw (derived) = (0.222868505240788,-0.00110716741475141)
# charged leptons
# m_e = 0.0005109989461
# m_m = 0.10565837
# m_t = 1.77686
# quarks
# m_d = 0.05
# m_u = 0.05
# m_s = 0.2
# m_c = 1.51
# m_b = 4.92
# m_t = 173
# Ecms (default) = 42.2788

# channel_id = 5
# process  = nu_e nu_mu -> nu_e nu_mu
-0.99	5.11349498991221
-0.97	5.13165612844144
-0.95	5.14991417441886
-0.93	5.16826981841575
-0.91	5.18672375716463
-0.89	5.20527669362538
-0.87	5.22392933705208
-0.85	5.24268240306079
-0.83	5.26153661369812
-0.81	5.28049269751069
-0.79	5.29955138961549
-0.77	5.31871343177103
-0.75	5.33797957244954
-0.73	5.35735056690997
-0.71	5.37682717727195
-0.69	5.39641017259072
-0.67	5.41610032893299
-0.65	5.43589842945377
-0.63	5.45580526447418
-0.61	5.47582163156028
-0.59	5.4959483356029
-0.57	5.51618618889847
-0.55	5.53653601123098
-0.53	5.55699862995486
-0.51	5.57757488007909
-0.49	5.59826560435228
-0.47	5.61907165334889
-0.45	5.63999388555662
-0.429999999999999	5.66103316746487
-0.409999999999999	5.68219037365441
-0.389999999999999	5.70346638688818
-0.369999999999999	5.72486209820334
-0.349999999999999	5.74637840700442
-0.329999999999999	5.76801622115788
-0.309999999999999	5.78977645708769
-0.289999999999999	5.81166003987236
-0.269999999999999	5.83366790334319
-0.249999999999999	5.85580099018376
-0.229999999999999	5.87806025203086
-0.209999999999999	5.90044664957668
-0.189999999999999	5.92296115267238
-0.169999999999999	5.94560474043306
-0.149999999999999	5.96837840134414
-0.129999999999999	5.99128313336914
-0.109999999999999	6.01431994405892
-0.0899999999999994	6.03748985066242
-0.0699999999999994	6.06079388023885
-0.0499999999999994	6.08423306977143
-0.0299999999999994	6.10780846628264
-0.00999999999999938	6.13152112695108
0.0100000000000006	6.15537211922987
0.0300000000000006	6.17936252096669
0.0500000000000006	6.20349342052549
0.0700000000000006	6.22776591690976
0.0900000000000006	6.25218111988763
0.110000000000001	6.27674015011857
0.130000000000001	6.3014441392819
0.150000000000001	6.32629423020707
0.170000000000001	6.35129157700569
0.190000000000001	6.37643734520545
0.210000000000001	6.40173271188584
0.230000000000001	6.42717886581581
0.250000000000001	6.4527770075933
0.270000000000001	6.47852834978676
0.290000000000001	6.50443411707863
0.310000000000001	6.53049554641077
0.330000000000001	6.55671388713207
0.350000000000001	6.583090401148
0.370000000000001	6.60962636307234
0.390000000000001	6.63632306038102
0.410000000000001	6.66318179356818
0.430000000000001	6.69020387630437
0.450000000000001	6.71739063559708
0.470000000000001	6.74474341195352
0.490000000000001	6.77226355954566
0.510000000000001	6.79995244637778
0.530000000000001	6.82781145445624
0.550000000000001	6.85584197996182
0.570000000000001	6.88404543342449
0.590000000000001	6.91242323990068
0.610000000000001	6.94097683915317
0.630000000000001	6.9697076858335
0.650000000000001	6.9986172496671
0.670000000000001	7.02770701564107
0.690000000000001	7.05697848419471
0.710000000000001	7.08643317141281
0.730000000000001	7.11607260922179
0.750000000000001	7.14589834558871
0.770000000000001	7.17591194472318
0.790000000000001	7.20611498728228
0.810000000000001	7.23650907057845
0.830000000000001	7.26709580879052
0.850000000000001	7.29787683317777
0.870000000000001	7.32885379229728
0.890000000000001	7.36002835222443
0.910000000000001	7.39140219677667
0.930000000000001	7.42297702774075
0.950000000000001	7.4547545651032
0.970000000000001	7.48673654728438
0.990000000000001	7.51892473137598
