# Program settings for SigmaNu
# Electroweak scheme and input parameters
# Scheme = Complex mass scheme
# alpha_GF = 0.00755898078237864
# Pole masses/widths for particles [GeV]
# mw = 80.35797361
# gw = 2.084298894
# mz = 91.15348062
# gz = 2.494266379
# s^2_thetaw (derived) = (0.222868505240788,-0.00110716741475141)
# charged leptons
# m_e = 0.0005109989461
# m_m = 0.10565837
# m_t = 1.77686
# quarks
# m_d = 0.05
# m_u = 0.05
# m_s = 0.2
# m_c = 1.51
# m_b = 4.92
# m_t = 173
# Ecms (default) = 20849.9

# channel_id = 5
# process  = nu_e nu_mu -> nu_e nu_mu
-0.99	0.000676691639234695
-0.97	0.000690501047524363
-0.95	0.000704737527600789
-0.93	0.000719418872979388
-0.91	0.000734563813606992
-0.89	0.000750192075629027
-0.87	0.000766324445654866
-0.85	0.000782982839912471
-0.83	0.000800190378722098
-0.81	0.000817971466761809
-0.79	0.000836351879645371
-0.77	0.000855358857386301
-0.75	0.000875021205381208
-0.73	0.000895369403611817
-0.71	0.000916435724839099
-0.69	0.000938254362645794
-0.67	0.000960861570276453
-0.65	0.000984295811328268
-0.63	0.001008597923463
-0.61	0.00103381129644191
-0.59	0.00105998206593397
-0.57	0.00108715932471486
-0.55	0.00111539535306329
-0.53	0.00114474587037522
-0.51	0.00117527031025879
-0.49	0.00120703212164803
-0.47	0.00124009909878631
-0.45	0.00127454374328671
-0.429999999999999	0.00131044366188304
-0.409999999999999	0.00134788200394966
-0.389999999999999	0.00138694794340034
-0.369999999999999	0.00142773721018604
-0.349999999999999	0.00147035267731292
-0.329999999999999	0.00151490501010902
-0.309999999999999	0.00156151338539941
-0.289999999999999	0.00161030628932659
-0.269999999999999	0.00166142240380088
-0.249999999999999	0.00171501159301431
-0.229999999999999	0.00177123600313838
-0.209999999999999	0.00183027129029325
-0.189999999999999	0.00189230799417717
-0.169999999999999	0.00195755307744229
-0.149999999999999	0.00202623165407375
-0.129999999999999	0.0020985889337655
-0.109999999999999	0.00217489241370221
-0.0899999999999994	0.00225543435439003
-0.0699999999999994	0.00234053458239917
-0.0499999999999994	0.00243054367029769
-0.0299999999999994	0.00252584655292567
-0.00999999999999938	0.00262686664980221
0.0100000000000006	0.00273407057627189
0.0300000000000006	0.00284797354148079
0.0500000000000006	0.00296914555004759
0.0700000000000006	0.00309821854715155
0.0900000000000006	0.00323589467469154
0.110000000000001	0.00338295584044867
0.130000000000001	0.00354027484443028
0.150000000000001	0.0037088283588728
0.170000000000001	0.00388971212342874
0.190000000000001	0.00408415879836441
0.210000000000001	0.00429355902073041
0.230000000000001	0.00451948633746364
0.250000000000001	0.00476372685321781
0.270000000000001	0.00502831464003764
0.290000000000001	0.00531557422507258
0.310000000000001	0.00562817182068877
0.330000000000001	0.00596917741492126
0.350000000000001	0.00634214043541754
0.370000000000001	0.00675118248706587
0.390000000000001	0.0072011117126446
0.410000000000001	0.00769756473638317
0.430000000000001	0.00824718406411304
0.450000000000001	0.0088578414354784
0.470000000000001	0.00953892125262254
0.490000000000001	0.0103016832883947
0.510000000000001	0.0111597310688737
0.530000000000001	0.0121296226388658
0.550000000000001	0.0132316754133186
0.570000000000001	0.0144910389392837
0.590000000000001	0.015939142554098
0.610000000000001	0.0176156755025028
0.630000000000001	0.0195713356850274
0.650000000000001	0.0218717079407672
0.670000000000001	0.0246028352307335
0.690000000000001	0.0278793830913916
0.710000000000001	0.0318568745738241
0.730000000000001	0.0367504916259333
0.750000000000001	0.0428648025500949
0.770000000000001	0.0506423237956835
0.790000000000001	0.0607458987341072
0.810000000000001	0.0742047505108895
0.830000000000001	0.09268736021086
0.850000000000001	0.119044628034171
0.870000000000001	0.158478944627326
0.890000000000001	0.221322965779445
0.910000000000001	0.330567216528338
0.930000000000001	0.546315299652631
0.950000000000001	1.07031059578368
0.970000000000001	2.97005890168087
0.990000000000001	26.5949777664711
