# Program settings for SigmaNu
# Electroweak scheme and input parameters
# Scheme = Complex mass scheme
# alpha_GF = 0.00755898078237864
# Pole masses/widths for particles [GeV]
# mw = 80.35797361
# gw = 2.084298894
# mz = 91.15348062
# gz = 2.494266379
# s^2_thetaw (derived) = (0.222868505240788,-0.00110716741475141)
# charged leptons
# m_e = 0.0005109989461
# m_m = 0.10565837
# m_t = 1.77686
# quarks
# m_d = 0.05
# m_u = 0.05
# m_s = 0.2
# m_c = 1.51
# m_b = 4.92
# m_t = 173
# Ecms (default) = 314.979

# channel_id = 5
# process  = nu_e nu_mu -> nu_e nu_mu
-0.99	2.52263876975615
-0.97	2.57006669258087
-0.95	2.61884482856428
-0.93	2.66902492006679
-0.91	2.72066121196461
-0.89	2.77381059830779
-0.87	2.82853277910434
-0.85	2.88489042803731
-0.83	2.94294937199506
-0.81	3.00277878337518
-0.79	3.06445138621142
-0.77	3.12804367727102
-0.75	3.19363616337792
-0.73	3.26131361633729
-0.71	3.3311653469691
-0.69	3.40328549990562
-0.67	3.47777337097038
-0.65	3.55473374913754
-0.63	3.63427728527139
-0.61	3.71652089007009
-0.59	3.80158816388721
-0.57	3.88960986138324
-0.55	3.98072439427047
-0.53	4.07507837576241
-0.51	4.17282721072919
-0.49	4.27413573599691
-0.47	4.37917891572013
-0.45	4.48814259730839
-0.429999999999999	4.60122433400888
-0.409999999999999	4.71863428094827
-0.389999999999999	4.84059617222763
-0.369999999999999	4.9673483875593
-0.349999999999999	5.09914511794778
-0.329999999999999	5.23625764106655
-0.309999999999999	5.37897571828888
-0.289999999999999	5.52760912681764
-0.269999999999999	5.68248934205372
-0.249999999999999	5.84397138727911
-0.229999999999999	6.01243586994475
-0.209999999999999	6.18829122639269
-0.189999999999999	6.37197619975659
-0.169999999999999	6.56396257913988
-0.149999999999999	6.76475823203769
-0.129999999999999	6.97491046643714
-0.109999999999999	7.19500976420333
-0.0899999999999994	7.42569393336042
-0.0699999999999994	7.66765273385676
-0.0499999999999994	7.92163303953879
-0.0299999999999994	8.18844460856302
-0.00999999999999938	8.46896654560902
0.0100000000000006	8.7641545523287
0.0300000000000006	9.07504907785827
0.0500000000000006	9.40278449938866
0.0700000000000006	9.74859948429986
0.0900000000000006	10.1138487109032
0.110000000000001	10.5000161552475
0.130000000000001	10.908730187776
0.150000000000001	11.341780767158
0.170000000000001	11.8011390709761
0.190000000000001	12.2889799661157
0.210000000000001	12.8077077982088
0.230000000000001	13.3599860724663
0.250000000000001	13.9487717117085
0.270000000000001	14.5773547164274
0.290000000000001	15.2494042227828
0.310000000000001	15.9690221658439
0.330000000000001	16.7408060178641
0.350000000000001	17.5699223988298
0.370000000000001	18.4621937670768
0.390000000000001	19.4242009152414
0.410000000000001	20.4634046526431
0.430000000000001	21.5882908911825
0.450000000000001	22.8085444239746
0.470000000000001	24.1352580696981
0.490000000000001	25.5811856536631
0.510000000000001	27.1610496494771
0.530000000000001	28.8919174072613
0.550000000000001	30.7936640166375
0.570000000000001	32.8895453767541
0.590000000000001	35.2069125141831
0.610000000000001	37.778108382888
0.630000000000001	40.6416024334172
0.650000000000001	43.843437821527
0.670000000000001	47.4390937310453
0.690000000000001	51.4959046799808
0.710000000000001	56.0962356473277
0.730000000000001	61.3416954255458
0.750000000000001	67.3587950972874
0.770000000000001	74.3066471310741
0.790000000000001	82.3875915565647
0.810000000000001	91.8620936256761
0.830000000000001	103.069994076543
0.850000000000001	116.461407271501
0.870000000000001	132.642617852674
0.890000000000001	152.445911614195
0.910000000000001	177.038743153652
0.930000000000001	208.099760359849
0.950000000000001	248.112919764522
0.970000000000001	300.879722117686
0.990000000000001	372.456061916874
