# Program settings for SigmaNu
# Electroweak scheme and input parameters
# Scheme = Complex mass scheme
# alpha_GF = 0.00755898078237864
# Pole masses/widths for particles [GeV]
# mw = 80.35797361
# gw = 2.084298894
# mz = 91.15348062
# gz = 2.494266379
# s^2_thetaw (derived) = (0.222868505240788,-0.00110716741475141)
# charged leptons
# m_e = 0.0005109989461
# m_m = 0.10565837
# m_t = 1.77686
# quarks
# m_d = 0.05
# m_u = 0.05
# m_s = 0.2
# m_c = 1.51
# m_b = 4.92
# m_t = 173
# Ecms (default) = 43.7949

# channel_id = 5
# process  = nu_e nu_mu -> nu_e nu_mu
-0.99	5.34830630615336
-0.97	5.36843256488595
-0.95	5.38867262473256
-0.93	5.40902734513254
-0.91	5.42949759365244
-0.89	5.45008424607842
-0.87	5.47078818650984
-0.85	5.49161030745412
-0.83	5.51255150992287
-0.81	5.5336127035293
-0.79	5.55479480658692
-0.77	5.57609874620959
-0.75	5.59752545841287
-0.73	5.61907588821678
-0.71	5.64075098974995
-0.69	5.66255172635513
-0.67	5.68447907069616
-0.65	5.7065340048664
-0.63	5.72871752049859
-0.61	5.75103061887629
-0.59	5.77347431104673
-0.57	5.79604961793531
-0.55	5.8187575704616
-0.53	5.84159920965694
-0.51	5.86457558678368
-0.49	5.88768776345607
-0.47	5.91093681176277
-0.45	5.93432381439112
-0.429999999999999	5.95784986475309
-0.409999999999999	5.98151606711295
-0.389999999999999	6.00532353671682
-0.369999999999999	6.02927339992393
-0.349999999999999	6.05336679433975
-0.329999999999999	6.07760486895097
-0.309999999999999	6.10198878426241
-0.289999999999999	6.12651971243582
-0.269999999999999	6.15119883743061
-0.249999999999999	6.17602735514667
-0.229999999999999	6.20100647356908
-0.209999999999999	6.22613741291496
-0.189999999999999	6.25142140578235
-0.169999999999999	6.27685969730129
-0.149999999999999	6.30245354528693
-0.129999999999999	6.32820422039494
-0.109999999999999	6.3541130062791
-0.0899999999999994	6.38018119975113
-0.0699999999999994	6.40641011094284
-0.0499999999999994	6.43280106347065
-0.0299999999999994	6.45935539460241
-0.00999999999999938	6.48607445542668
0.0100000000000006	6.51295961102447
0.0300000000000006	6.54001224064345
0.0500000000000006	6.5672337378747
0.0700000000000006	6.59462551083205
0.0900000000000006	6.62218898233406
0.110000000000001	6.64992559008855
0.130000000000001	6.67783678688005
0.150000000000001	6.70592404075977
0.170000000000001	6.73418883523858
0.190000000000001	6.76263266948264
0.210000000000001	6.79125705851214
0.230000000000001	6.82006353340278
0.250000000000001	6.84905364149038
0.270000000000001	6.87822894657852
0.290000000000001	6.90759102914921
0.310000000000001	6.93714148657678
0.330000000000001	6.96688193334495
0.350000000000001	6.99681400126717
0.370000000000001	7.02693933971025
0.390000000000001	7.05725961582143
0.410000000000001	7.08777651475876
0.430000000000001	7.11849173992513
0.450000000000001	7.14940701320572
0.470000000000001	7.18052407520911
0.490000000000001	7.21184468551212
0.510000000000001	7.24337062290829
0.530000000000001	7.27510368566023
0.550000000000001	7.30704569175586
0.570000000000001	7.33919847916854
0.590000000000001	7.37156390612124
0.610000000000001	7.40414385135476
0.630000000000001	7.43694021440019
0.650000000000001	7.46995491585548
0.670000000000001	7.50318989766641
0.690000000000001	7.53664712341186
0.710000000000001	7.57032857859362
0.730000000000001	7.60423627093065
0.750000000000001	7.63837223065805
0.770000000000001	7.67273851083065
0.790000000000001	7.70733718763143
0.810000000000001	7.7421703606848
0.830000000000001	7.77724015337488
0.850000000000001	7.81254871316872
0.870000000000001	7.84809821194482
0.890000000000001	7.88389084632675
0.910000000000001	7.91992883802217
0.930000000000001	7.95621443416728
0.950000000000001	7.99274990767675
0.970000000000001	8.02953755759939
0.990000000000001	8.06657970947937
