# NeutrinoElectronPhotonInteraction cumulative differential rate
# photon field: cosmic infrared and optical background radiation (best) model of Saldana-Lopez et al. 2021 (arXiv:2012.03035)
# Produced with crpropa-data version: 5f2ff62c81024ccf5e2ff2c72275b077885ea3ba
# log10(E/eV), d(1/lambda)/ds_kin [1/Mpc/eV^2] for log10(s_kin/eV^2) as given in first row
0.00	2.18105e+01	2.19368e+01	2.20632e+01	2.21895e+01	2.23158e+01	2.24421e+01	2.25684e+01	2.26947e+01	2.28211e+01	2.29474e+01	2.30737e+01	2.32000e+01	2.33263e+01	2.34526e+01	2.35789e+01	2.37053e+01	2.38316e+01	2.39579e+01	2.40842e+01	2.42105e+01	2.43368e+01	2.44632e+01	2.45895e+01	2.47158e+01	2.48421e+01	2.49684e+01	2.50947e+01	2.52211e+01	2.53474e+01	2.54737e+01	2.56000e+01	2.57263e+01	2.58526e+01	2.59789e+01	2.61053e+01	2.62316e+01	2.63579e+01	2.64842e+01	2.66105e+01	2.67368e+01	2.68632e+01	2.69895e+01	2.71158e+01	2.72421e+01	2.73684e+01	2.74947e+01	2.76211e+01	2.77474e+01	2.78737e+01	2.80000e+01
20.14	5.75140e-20	5.61411e-18	5.61411e-18	5.61411e-18	5.61411e-18	5.61411e-18	5.61411e-18	5.61411e-18	5.61411e-18	5.61411e-18	5.61411e-18	5.61411e-18	5.61411e-18	5.61411e-18	5.61411e-18	5.61411e-18	5.61411e-18	5.61411e-18	5.61411e-18	5.61411e-18	5.61411e-18	5.61411e-18	5.61411e-18	5.61411e-18	5.61411e-18	5.61411e-18	5.61411e-18	5.61411e-18	5.61411e-18	5.61411e-18	5.61411e-18	5.61412e-18	5.61412e-18	5.61413e-18	5.61415e-18	5.61419e-18	5.61425e-18	5.61436e-18	5.61456e-18	5.61491e-18	5.61554e-18	5.61666e-18	5.61868e-18	5.62228e-18	5.62873e-18	5.64027e-18	5.66090e-18	5.69783e-18	5.76389e-18	5.88208e-18
20.20	6.38365e-19	1.84019e-16	1.84019e-16	1.84019e-16	1.84019e-16	1.84019e-16	1.84019e-16	1.84019e-16	1.84019e-16	1.84019e-16	1.84019e-16	1.84019e-16	1.84019e-16	1.84019e-16	1.84019e-16	1.84019e-16	1.84019e-16	1.84019e-16	1.84019e-16	1.84019e-16	1.84019e-16	1.84019e-16	1.84019e-16	1.84019e-16	1.84019e-16	1.84019e-16	1.84019e-16	1.84019e-16	1.84019e-16	1.84019e-16	1.84019e-16	1.84019e-16	1.84019e-16	1.84019e-16	1.84019e-16	1.84019e-16	1.84019e-16	1.84019e-16	1.84019e-16	1.84020e-16	1.84020e-16	1.84021e-16	1.84023e-16	1.84025e-16	1.84030e-16	1.84039e-16	1.84055e-16	1.84082e-16	1.84132e-16	1.84222e-16
20.26	2.07801e-18	9.43638e-16	9.46052e-16	9.46052e-16	9.46052e-16	9.46052e-16	9.46052e-16	9.46052e-16	9.46052e-16	9.46052e-16	9.46052e-16	9.46052e-16	9.46052e-16	9.46052e-16	9.46052e-16	9.46052e-16	9.46052e-16	9.46052e-16	9.46052e-16	9.46052e-16	9.46052e-16	9.46052e-16	9.46052e-16	9.46052e-16	9.46052e-16	9.46052e-16	9.46052e-16	9.46052e-16	9.46052e-16	9.46052e-16	9.46052e-16	9.46052e-16	9.46052e-16	9.46052e-16	9.46052e-16	9.46052e-16	9.46052e-16	9.46052e-16	9.46052e-16	9.46053e-16	9.46053e-16	9.46054e-16	9.46055e-16	9.46057e-16	9.46061e-16	9.46067e-16	9.46079e-16	9.46100e-16	9.46138e-16	9.46205e-16
20.32	4.97611e-18	2.80997e-15	2.91527e-15	2.91527e-15	2.91527e-15	2.91527e-15	2.91527e-15	2.91527e-15	2.91527e-15	2.91527e-15	2.91527e-15	2.91527e-15	2.91527e-15	2.91527e-15	2.91527e-15	2.91527e-15	2.91527e-15	2.91527e-15	2.91527e-15	2.91527e-15	2.91527e-15	2.91527e-15	2.91527e-15	2.91527e-15	2.91527e-15	2.91527e-15	2.91527e-15	2.91527e-15	2.91527e-15	2.91527e-15	2.91527e-15	2.91527e-15	2.91527e-15	2.91527e-15	2.91527e-15	2.91527e-15	2.91527e-15	2.91527e-15	2.91527e-15	2.91527e-15	2.91527e-15	2.91527e-15	2.91527e-15	2.91528e-15	2.91528e-15	2.91528e-15	2.91529e-15	2.91531e-15	2.91534e-15	2.91539e-15
20.38	9.47203e-18	6.28498e-15	6.85482e-15	6.85570e-15	6.85570e-15	6.85570e-15	6.85570e-15	6.85570e-15	6.85570e-15	6.85570e-15	6.85570e-15	6.85570e-15	6.85570e-15	6.85570e-15	6.85570e-15	6.85570e-15	6.85570e-15	6.85570e-15	6.85570e-15	6.85570e-15	6.85570e-15	6.85570e-15	6.85570e-15	6.85570e-15	6.85570e-15	6.85570e-15	6.85570e-15	6.85570e-15	6.85570e-15	6.85570e-15	6.85570e-15	6.85570e-15	6.85570e-15	6.85570e-15	6.85570e-15	6.85570e-15	6.85570e-15	6.85570e-15	6.85570e-15	6.85570e-15	6.85570e-15	6.85570e-15	6.85570e-15	6.85570e-15	6.85570e-15	6.85570e-15	6.85571e-15	6.85572e-15	6.85574e-15	6.85578e-15
20.44	1.58488e-17	1.16949e-14	1.34372e-14	1.35008e-14	1.35008e-14	1.35008e-14	1.35008e-14	1.35008e-14	1.35008e-14	1.35008e-14	1.35008e-14	1.35008e-14	1.35008e-14	1.35008e-14	1.35008e-14	1.35008e-14	1.35008e-14	1.35008e-14	1.35008e-14	1.35008e-14	1.35008e-14	1.35008e-14	1.35008e-14	1.35008e-14	1.35008e-14	1.35008e-14	1.35008e-14	1.35008e-14	1.35008e-14	1.35008e-14	1.35008e-14	1.35008e-14	1.35008e-14	1.35008e-14	1.35008e-14	1.35008e-14	1.35008e-14	1.35008e-14	1.35008e-14	1.35008e-14	1.35008e-14	1.35008e-14	1.35008e-14	1.35008e-14	1.35008e-14	1.35009e-14	1.35009e-14	1.35009e-14	1.35009e-14	1.35009e-14
20.50	2.48223e-17	1.94242e-14	2.33850e-14	2.37644e-14	2.37647e-14	2.37647e-14	2.37647e-14	2.37647e-14	2.37647e-14	2.37647e-14	2.37647e-14	2.37647e-14	2.37647e-14	2.37647e-14	2.37647e-14	2.37647e-14	2.37647e-14	2.37647e-14	2.37647e-14	2.37647e-14	2.37647e-14	2.37647e-14	2.37647e-14	2.37647e-14	2.37647e-14	2.37647e-14	2.37647e-14	2.37647e-14	2.37647e-14	2.37647e-14	2.37647e-14	2.37647e-14	2.37647e-14	2.37647e-14	2.37647e-14	2.37647e-14	2.37647e-14	2.37647e-14	2.37647e-14	2.37647e-14	2.37647e-14	2.37647e-14	2.37647e-14	2.37647e-14	2.37647e-14	2.37647e-14	2.37647e-14	2.37647e-14	2.37647e-14	2.37648e-14
20.56	3.69511e-17	3.02152e-14	3.76697e-14	3.88794e-14	3.89238e-14	3.89238e-14	3.89238e-14	3.89238e-14	3.89238e-14	3.89238e-14	3.89238e-14	3.89238e-14	3.89238e-14	3.89238e-14	3.89238e-14	3.89238e-14	3.89238e-14	3.89238e-14	3.89238e-14	3.89238e-14	3.89238e-14	3.89238e-14	3.89238e-14	3.89238e-14	3.89238e-14	3.89238e-14	3.89238e-14	3.89238e-14	3.89238e-14	3.89238e-14	3.89238e-14	3.89238e-14	3.89238e-14	3.89238e-14	3.89238e-14	3.89238e-14	3.89238e-14	3.89238e-14	3.89238e-14	3.89238e-14	3.89238e-14	3.89238e-14	3.89238e-14	3.89238e-14	3.89238e-14	3.89238e-14	3.89238e-14	3.89238e-14	3.89238e-14	3.89238e-14
20.62	5.20720e-17	4.45675e-14	5.70314e-14	5.98527e-14	6.01431e-14	6.01432e-14	6.01432e-14	6.01432e-14	6.01432e-14	6.01432e-14	6.01432e-14	6.01432e-14	6.01432e-14	6.01432e-14	6.01432e-14	6.01432e-14	6.01432e-14	6.01432e-14	6.01432e-14	6.01432e-14	6.01432e-14	6.01432e-14	6.01432e-14	6.01432e-14	6.01432e-14	6.01432e-14	6.01432e-14	6.01432e-14	6.01432e-14	6.01432e-14	6.01432e-14	6.01432e-14	6.01432e-14	6.01432e-14	6.01432e-14	6.01432e-14	6.01432e-14	6.01432e-14	6.01432e-14	6.01432e-14	6.01432e-14	6.01432e-14	6.01432e-14	6.01432e-14	6.01432e-14	6.01432e-14	6.01432e-14	6.01432e-14	6.01432e-14	6.01432e-14
20.69	7.06761e-17	6.25892e-14	8.20599e-14	8.74621e-14	8.84245e-14	8.84568e-14	8.84568e-14	8.84568e-14	8.84568e-14	8.84568e-14	8.84568e-14	8.84568e-14	8.84568e-14	8.84568e-14	8.84568e-14	8.84568e-14	8.84568e-14	8.84568e-14	8.84568e-14	8.84568e-14	8.84568e-14	8.84568e-14	8.84568e-14	8.84568e-14	8.84568e-14	8.84568e-14	8.84568e-14	8.84568e-14	8.84568e-14	8.84568e-14	8.84568e-14	8.84568e-14	8.84568e-14	8.84568e-14	8.84568e-14	8.84568e-14	8.84568e-14	8.84568e-14	8.84568e-14	8.84568e-14	8.84568e-14	8.84568e-14	8.84568e-14	8.84568e-14	8.84568e-14	8.84568e-14	8.84568e-14	8.84569e-14	8.84569e-14	8.84569e-14
20.75	9.49923e-17	8.51103e-14	1.13943e-13	1.23066e-13	1.25362e-13	1.25596e-13	1.25596e-13	1.25596e-13	1.25596e-13	1.25596e-13	1.25596e-13	1.25596e-13	1.25596e-13	1.25596e-13	1.25596e-13	1.25596e-13	1.25596e-13	1.25596e-13	1.25596e-13	1.25596e-13	1.25596e-13	1.25596e-13	1.25596e-13	1.25596e-13	1.25596e-13	1.25596e-13	1.25596e-13	1.25596e-13	1.25596e-13	1.25596e-13	1.25596e-13	1.25596e-13	1.25596e-13	1.25596e-13	1.25596e-13	1.25596e-13	1.25596e-13	1.25596e-13	1.25596e-13	1.25596e-13	1.25596e-13	1.25596e-13	1.25596e-13	1.25596e-13	1.25596e-13	1.25596e-13	1.25596e-13	1.25596e-13	1.25596e-13	1.25596e-13
20.81	1.28994e-16	1.14843e-13	1.55475e-13	1.69814e-13	1.74278e-13	1.75081e-13	1.75104e-13	1.75104e-13	1.75104e-13	1.75104e-13	1.75104e-13	1.75104e-13	1.75104e-13	1.75104e-13	1.75104e-13	1.75104e-13	1.75104e-13	1.75104e-13	1.75104e-13	1.75104e-13	1.75104e-13	1.75104e-13	1.75104e-13	1.75104e-13	1.75104e-13	1.75104e-13	1.75104e-13	1.75104e-13	1.75104e-13	1.75104e-13	1.75104e-13	1.75104e-13	1.75104e-13	1.75104e-13	1.75104e-13	1.75104e-13	1.75104e-13	1.75104e-13	1.75104e-13	1.75104e-13	1.75104e-13	1.75104e-13	1.75104e-13	1.75104e-13	1.75104e-13	1.75104e-13	1.75104e-13	1.75104e-13	1.75104e-13	1.75104e-13
20.87	1.76676e-16	1.56095e-13	2.11447e-13	2.32802e-13	2.40409e-13	2.42365e-13	2.42553e-13	2.42553e-13	2.42553e-13	2.42553e-13	2.42553e-13	2.42553e-13	2.42553e-13	2.42553e-13	2.42553e-13	2.42553e-13	2.42553e-13	2.42553e-13	2.42553e-13	2.42553e-13	2.42553e-13	2.42553e-13	2.42553e-13	2.42553e-13	2.42553e-13	2.42553e-13	2.42553e-13	2.42553e-13	2.42553e-13	2.42553e-13	2.42553e-13	2.42553e-13	2.42553e-13	2.42553e-13	2.42553e-13	2.42553e-13	2.42553e-13	2.42553e-13	2.42553e-13	2.42553e-13	2.42553e-13	2.42553e-13	2.42553e-13	2.42553e-13	2.42553e-13	2.42553e-13	2.42553e-13	2.42553e-13	2.42553e-13	2.42553e-13
20.93	2.41439e-16	2.13474e-13	2.88162e-13	3.18407e-13	3.30428e-13	3.34284e-13	3.34955e-13	3.34971e-13	3.34971e-13	3.34971e-13	3.34971e-13	3.34971e-13	3.34971e-13	3.34971e-13	3.34971e-13	3.34971e-13	3.34971e-13	3.34971e-13	3.34971e-13	3.34971e-13	3.34971e-13	3.34971e-13	3.34971e-13	3.34971e-13	3.34971e-13	3.34971e-13	3.34971e-13	3.34971e-13	3.34971e-13	3.34971e-13	3.34971e-13	3.34971e-13	3.34971e-13	3.34971e-13	3.34971e-13	3.34971e-13	3.34971e-13	3.34971e-13	3.34971e-13	3.34971e-13	3.34971e-13	3.34971e-13	3.34971e-13	3.34971e-13	3.34971e-13	3.34971e-13	3.34971e-13	3.34971e-13	3.34971e-13	3.34971e-13
20.99	3.24658e-16	2.90687e-13	3.92130e-13	4.33441e-13	4.51432e-13	4.58056e-13	4.59727e-13	4.59877e-13	4.59877e-13	4.59877e-13	4.59877e-13	4.59877e-13	4.59877e-13	4.59877e-13	4.59877e-13	4.59877e-13	4.59877e-13	4.59877e-13	4.59877e-13	4.59877e-13	4.59877e-13	4.59877e-13	4.59877e-13	4.59877e-13	4.59877e-13	4.59877e-13	4.59877e-13	4.59877e-13	4.59877e-13	4.59877e-13	4.59877e-13	4.59877e-13	4.59877e-13	4.59877e-13	4.59877e-13	4.59877e-13	4.59877e-13	4.59877e-13	4.59877e-13	4.59877e-13	4.59877e-13	4.59877e-13	4.59877e-13	4.59877e-13	4.59877e-13	4.59877e-13	4.59877e-13	4.59877e-13	4.59877e-13	4.59877e-13
21.05	4.24723e-16	3.89027e-13	5.27725e-13	5.83467e-13	6.09058e-13	6.19579e-13	6.22919e-13	6.23476e-13	6.23487e-13	6.23487e-13	6.23487e-13	6.23487e-13	6.23487e-13	6.23487e-13	6.23487e-13	6.23487e-13	6.23487e-13	6.23487e-13	6.23487e-13	6.23487e-13	6.23487e-13	6.23487e-13	6.23487e-13	6.23487e-13	6.23487e-13	6.23487e-13	6.23487e-13	6.23487e-13	6.23487e-13	6.23487e-13	6.23487e-13	6.23487e-13	6.23487e-13	6.23487e-13	6.23487e-13	6.23487e-13	6.23487e-13	6.23487e-13	6.23487e-13	6.23487e-13	6.23487e-13	6.23487e-13	6.23487e-13	6.23487e-13	6.23487e-13	6.23487e-13	6.23487e-13	6.23487e-13	6.23487e-13	6.23487e-13
21.11	5.39920e-16	5.07210e-13	6.96208e-13	7.71839e-13	8.06879e-13	8.22694e-13	8.28480e-13	8.29897e-13	8.30015e-13	8.30015e-13	8.30015e-13	8.30015e-13	8.30015e-13	8.30015e-13	8.30015e-13	8.30015e-13	8.30015e-13	8.30015e-13	8.30015e-13	8.30015e-13	8.30015e-13	8.30015e-13	8.30015e-13	8.30015e-13	8.30015e-13	8.30015e-13	8.30015e-13	8.30015e-13	8.30015e-13	8.30015e-13	8.30015e-13	8.30015e-13	8.30015e-13	8.30015e-13	8.30015e-13	8.30015e-13	8.30015e-13	8.30015e-13	8.30015e-13	8.30015e-13	8.30015e-13	8.30015e-13	8.30015e-13	8.30015e-13	8.30015e-13	8.30015e-13	8.30015e-13	8.30015e-13	8.30015e-13	8.30015e-13
21.17	6.70339e-16	6.43657e-13	8.97014e-13	1.00038e-12	1.04767e-12	1.07025e-12	1.07949e-12	1.08236e-12	1.08282e-12	1.08283e-12	1.08283e-12	1.08283e-12	1.08283e-12	1.08283e-12	1.08283e-12	1.08283e-12	1.08283e-12	1.08283e-12	1.08283e-12	1.08283e-12	1.08283e-12	1.08283e-12	1.08283e-12	1.08283e-12	1.08283e-12	1.08283e-12	1.08283e-12	1.08283e-12	1.08283e-12	1.08283e-12	1.08283e-12	1.08283e-12	1.08283e-12	1.08283e-12	1.08283e-12	1.08283e-12	1.08283e-12	1.08283e-12	1.08283e-12	1.08283e-12	1.08283e-12	1.08283e-12	1.08283e-12	1.08283e-12	1.08283e-12	1.08283e-12	1.08283e-12	1.08283e-12	1.08283e-12	1.08283e-12
21.23	8.16126e-16	7.98113e-13	1.12915e-12	1.27014e-12	1.33425e-12	1.36524e-12	1.37918e-12	1.38420e-12	1.38540e-12	1.38549e-12	1.38549e-12	1.38549e-12	1.38549e-12	1.38549e-12	1.38549e-12	1.38549e-12	1.38549e-12	1.38549e-12	1.38549e-12	1.38549e-12	1.38549e-12	1.38549e-12	1.38549e-12	1.38549e-12	1.38549e-12	1.38549e-12	1.38549e-12	1.38549e-12	1.38549e-12	1.38549e-12	1.38549e-12	1.38549e-12	1.38549e-12	1.38549e-12	1.38549e-12	1.38549e-12	1.38549e-12	1.38549e-12	1.38549e-12	1.38549e-12	1.38549e-12	1.38549e-12	1.38549e-12	1.38549e-12	1.38549e-12	1.38549e-12	1.38549e-12	1.38549e-12	1.38549e-12	1.38549e-12
21.29	9.74665e-16	9.70144e-13	1.39108e-12	1.58053e-12	1.66811e-12	1.70995e-12	1.72994e-12	1.73800e-12	1.74045e-12	1.74083e-12	1.74084e-12	1.74084e-12	1.74084e-12	1.74084e-12	1.74084e-12	1.74084e-12	1.74084e-12	1.74084e-12	1.74084e-12	1.74084e-12	1.74084e-12	1.74084e-12	1.74084e-12	1.74084e-12	1.74084e-12	1.74084e-12	1.74084e-12	1.74084e-12	1.74084e-12	1.74084e-12	1.74084e-12	1.74084e-12	1.74084e-12	1.74084e-12	1.74084e-12	1.74084e-12	1.74084e-12	1.74084e-12	1.74084e-12	1.74084e-12	1.74084e-12	1.74084e-12	1.74084e-12	1.74084e-12	1.74084e-12	1.74084e-12	1.74084e-12	1.74084e-12	1.74084e-12	1.74084e-12
21.35	1.14182e-15	1.15685e-12	1.67967e-12	1.92796e-12	2.04751e-12	2.10419e-12	2.13168e-12	2.14390e-12	2.14823e-12	2.14924e-12	2.14931e-12	2.14931e-12	2.14931e-12	2.14931e-12	2.14931e-12	2.14931e-12	2.14931e-12	2.14931e-12	2.14931e-12	2.14931e-12	2.14931e-12	2.14931e-12	2.14931e-12	2.14931e-12	2.14931e-12	2.14931e-12	2.14931e-12	2.14931e-12	2.14931e-12	2.14931e-12	2.14931e-12	2.14931e-12	2.14931e-12	2.14931e-12	2.14931e-12	2.14931e-12	2.14931e-12	2.14931e-12	2.14931e-12	2.14931e-12	2.14931e-12	2.14931e-12	2.14931e-12	2.14931e-12	2.14931e-12	2.14931e-12	2.14931e-12	2.14931e-12	2.14931e-12	2.14931e-12
21.41	1.31259e-15	1.35331e-12	1.98979e-12	2.30642e-12	2.46736e-12	2.54476e-12	2.58190e-12	2.59947e-12	2.60647e-12	2.60857e-12	2.60888e-12	2.60888e-12	2.60888e-12	2.60888e-12	2.60888e-12	2.60888e-12	2.60888e-12	2.60888e-12	2.60888e-12	2.60888e-12	2.60888e-12	2.60888e-12	2.60888e-12	2.60888e-12	2.60888e-12	2.60888e-12	2.60888e-12	2.60888e-12	2.60888e-12	2.60888e-12	2.60888e-12	2.60888e-12	2.60888e-12	2.60888e-12	2.60888e-12	2.60888e-12	2.60888e-12	2.60888e-12	2.60888e-12	2.60888e-12	2.60888e-12	2.60888e-12	2.60888e-12	2.60888e-12	2.60888e-12	2.60888e-12	2.60888e-12	2.60888e-12	2.60888e-12	2.60888e-12
21.48	1.48097e-15	1.55394e-12	2.31406e-12	2.70826e-12	2.91973e-12	3.02544e-12	3.07571e-12	3.09994e-12	3.11059e-12	3.11434e-12	3.11518e-12	3.11524e-12	3.11524e-12	3.11524e-12	3.11524e-12	3.11524e-12	3.11524e-12	3.11524e-12	3.11524e-12	3.11524e-12	3.11524e-12	3.11524e-12	3.11524e-12	3.11524e-12	3.11524e-12	3.11524e-12	3.11524e-12	3.11524e-12	3.11524e-12	3.11524e-12	3.11524e-12	3.11524e-12	3.11524e-12	3.11524e-12	3.11524e-12	3.11524e-12	3.11524e-12	3.11524e-12	3.11524e-12	3.11524e-12	3.11524e-12	3.11524e-12	3.11524e-12	3.11524e-12	3.11524e-12	3.11524e-12	3.11524e-12	3.11524e-12	3.11524e-12	3.11524e-12
21.54	1.62999e-15	1.74908e-12	2.63962e-12	3.12053e-12	3.39085e-12	3.53340e-12	3.60202e-12	3.63477e-12	3.65015e-12	3.65623e-12	3.65803e-12	3.65829e-12	3.65829e-12	3.65829e-12	3.65829e-12	3.65829e-12	3.65829e-12	3.65829e-12	3.65829e-12	3.65829e-12	3.65829e-12	3.65829e-12	3.65829e-12	3.65829e-12	3.65829e-12	3.65829e-12	3.65829e-12	3.65829e-12	3.65829e-12	3.65829e-12	3.65829e-12	3.65829e-12	3.65829e-12	3.65829e-12	3.65829e-12	3.65829e-12	3.65829e-12	3.65829e-12	3.65829e-12	3.65829e-12	3.65829e-12	3.65829e-12	3.65829e-12	3.65829e-12	3.65829e-12	3.65829e-12	3.65829e-12	3.65829e-12	3.65829e-12	3.65829e-12
21.60	1.74435e-15	1.92131e-12	2.94538e-12	3.52093e-12	3.85817e-12	4.04588e-12	4.13964e-12	4.18395e-12	4.20522e-12	4.21451e-12	4.21775e-12	4.21848e-12	4.21852e-12	4.21852e-12	4.21852e-12	4.21852e-12	4.21852e-12	4.21852e-12	4.21852e-12	4.21852e-12	4.21852e-12	4.21852e-12	4.21852e-12	4.21852e-12	4.21852e-12	4.21852e-12	4.21852e-12	4.21852e-12	4.21852e-12	4.21852e-12	4.21852e-12	4.21852e-12	4.21852e-12	4.21852e-12	4.21852e-12	4.21852e-12	4.21852e-12	4.21852e-12	4.21852e-12	4.21852e-12	4.21852e-12	4.21852e-12	4.21852e-12	4.21852e-12	4.21852e-12	4.21852e-12	4.21852e-12	4.21852e-12	4.21852e-12	4.21852e-12
21.66	1.81126e-15	2.05273e-12	3.20735e-12	3.88306e-12	4.29522e-12	4.53572e-12	4.66233e-12	4.72279e-12	4.75156e-12	4.76503e-12	4.77032e-12	4.77188e-12	4.77210e-12	4.77210e-12	4.77210e-12	4.77210e-12	4.77210e-12	4.77210e-12	4.77210e-12	4.77210e-12	4.77210e-12	4.77210e-12	4.77210e-12	4.77210e-12	4.77210e-12	4.77210e-12	4.77210e-12	4.77210e-12	4.77210e-12	4.77210e-12	4.77210e-12	4.77210e-12	4.77210e-12	4.77210e-12	4.77210e-12	4.77210e-12	4.77210e-12	4.77210e-12	4.77210e-12	4.77210e-12	4.77210e-12	4.77210e-12	4.77210e-12	4.77210e-12	4.77210e-12	4.77210e-12	4.77210e-12	4.77210e-12	4.77210e-12	4.77210e-12
21.72	1.82601e-15	2.12949e-12	3.40043e-12	4.17904e-12	4.67319e-12	4.97378e-12	5.14087e-12	5.22350e-12	5.26240e-12	5.28108e-12	5.28921e-12	5.29205e-12	5.29267e-12	5.29270e-12	5.29270e-12	5.29270e-12	5.29270e-12	5.29270e-12	5.29270e-12	5.29270e-12	5.29270e-12	5.29270e-12	5.29270e-12	5.29270e-12	5.29270e-12	5.29270e-12	5.29270e-12	5.29270e-12	5.29270e-12	5.29270e-12	5.29270e-12	5.29270e-12	5.29270e-12	5.29270e-12	5.29270e-12	5.29270e-12	5.29270e-12	5.29270e-12	5.29270e-12	5.29270e-12	5.29270e-12	5.29270e-12	5.29270e-12	5.29270e-12	5.29270e-12	5.29270e-12	5.29270e-12	5.29270e-12	5.29270e-12	5.29270e-12
21.78	1.79969e-15	2.14823e-12	3.50922e-12	4.38914e-12	4.97032e-12	5.33829e-12	5.55282e-12	5.66456e-12	5.71760e-12	5.74288e-12	5.75473e-12	5.75939e-12	5.76075e-12	5.76093e-12	5.76093e-12	5.76093e-12	5.76093e-12	5.76093e-12	5.76093e-12	5.76093e-12	5.76093e-12	5.76093e-12	5.76093e-12	5.76093e-12	5.76093e-12	5.76093e-12	5.76093e-12	5.76093e-12	5.76093e-12	5.76093e-12	5.76093e-12	5.76093e-12	5.76093e-12	5.76093e-12	5.76093e-12	5.76093e-12	5.76093e-12	5.76093e-12	5.76093e-12	5.76093e-12	5.76093e-12	5.76093e-12	5.76093e-12	5.76093e-12	5.76093e-12	5.76093e-12	5.76093e-12	5.76093e-12	5.76093e-12	5.76093e-12
21.84	1.74563e-15	2.11905e-12	3.53430e-12	4.50564e-12	5.17648e-12	5.61834e-12	5.88696e-12	6.03473e-12	6.10725e-12	6.14142e-12	6.15790e-12	6.16509e-12	6.16759e-12	6.16813e-12	6.16816e-12	6.16816e-12	6.16816e-12	6.16816e-12	6.16816e-12	6.16816e-12	6.16816e-12	6.16816e-12	6.16816e-12	6.16816e-12	6.16816e-12	6.16816e-12	6.16816e-12	6.16816e-12	6.16816e-12	6.16816e-12	6.16816e-12	6.16816e-12	6.16816e-12	6.16816e-12	6.16816e-12	6.16816e-12	6.16816e-12	6.16816e-12	6.16816e-12	6.16816e-12	6.16816e-12	6.16816e-12	6.16816e-12	6.16816e-12	6.16816e-12	6.16816e-12	6.16816e-12	6.16816e-12	6.16816e-12	6.16816e-12
21.90	1.68316e-15	2.05866e-12	3.48943e-12	4.53288e-12	5.29248e-12	5.81298e-12	6.14232e-12	6.33246e-12	6.43066e-12	6.47722e-12	6.49956e-12	6.51007e-12	6.51421e-12	6.51541e-12	6.51556e-12	6.51556e-12	6.51556e-12	6.51556e-12	6.51556e-12	6.51556e-12	6.51556e-12	6.51556e-12	6.51556e-12	6.51556e-12	6.51556e-12	6.51556e-12	6.51556e-12	6.51556e-12	6.51556e-12	6.51556e-12	6.51556e-12	6.51556e-12	6.51556e-12	6.51556e-12	6.51556e-12	6.51556e-12	6.51556e-12	6.51556e-12	6.51556e-12	6.51556e-12	6.51556e-12	6.51556e-12	6.51556e-12	6.51556e-12	6.51556e-12	6.51556e-12	6.51556e-12	6.51556e-12	6.51556e-12	6.51556e-12
21.96	1.63837e-15	1.99042e-12	3.40404e-12	4.49265e-12	5.33316e-12	5.93488e-12	6.33095e-12	6.56948e-12	6.69961e-12	6.76328e-12	6.79345e-12	6.80813e-12	6.81454e-12	6.81677e-12	6.81724e-12	6.81726e-12	6.81726e-12	6.81726e-12	6.81726e-12	6.81726e-12	6.81726e-12	6.81726e-12	6.81726e-12	6.81726e-12	6.81726e-12	6.81726e-12	6.81726e-12	6.81726e-12	6.81726e-12	6.81726e-12	6.81726e-12	6.81726e-12	6.81726e-12	6.81726e-12	6.81726e-12	6.81726e-12	6.81726e-12	6.81726e-12	6.81726e-12	6.81726e-12	6.81726e-12	6.81726e-12	6.81726e-12	6.81726e-12	6.81726e-12	6.81726e-12	6.81726e-12	6.81726e-12	6.81726e-12	6.81726e-12
22.02	1.64564e-15	1.94478e-12	3.31946e-12	4.42323e-12	5.32852e-12	6.01101e-12	6.47829e-12	6.77119e-12	6.93900e-12	7.02534e-12	7.06643e-12	7.08633e-12	7.09575e-12	7.09947e-12	7.10054e-12	7.10067e-12	7.10067e-12	7.10067e-12	7.10067e-12	7.10067e-12	7.10067e-12	7.10067e-12	7.10067e-12	7.10067e-12	7.10067e-12	7.10067e-12	7.10067e-12	7.10067e-12	7.10067e-12	7.10067e-12	7.10067e-12	7.10067e-12	7.10067e-12	7.10067e-12	7.10067e-12	7.10067e-12	7.10067e-12	7.10067e-12	7.10067e-12	7.10067e-12	7.10067e-12	7.10067e-12	7.10067e-12	7.10067e-12	7.10067e-12	7.10067e-12	7.10067e-12	7.10067e-12	7.10067e-12	7.10067e-12
22.08	1.75523e-15	1.96661e-12	3.29571e-12	4.38865e-12	5.33574e-12	6.09250e-12	6.63349e-12	6.98628e-12	7.19718e-12	7.31183e-12	7.36802e-12	7.39490e-12	7.40809e-12	7.41387e-12	7.41589e-12	7.41630e-12	7.41632e-12	7.41632e-12	7.41632e-12	7.41632e-12	7.41632e-12	7.41632e-12	7.41632e-12	7.41632e-12	7.41632e-12	7.41632e-12	7.41632e-12	7.41632e-12	7.41632e-12	7.41632e-12	7.41632e-12	7.41632e-12	7.41632e-12	7.41632e-12	7.41632e-12	7.41632e-12	7.41632e-12	7.41632e-12	7.41632e-12	7.41632e-12	7.41632e-12	7.41632e-12	7.41632e-12	7.41632e-12	7.41632e-12	7.41632e-12	7.41632e-12	7.41632e-12	7.41632e-12	7.41632e-12
22.14	1.97398e-15	2.09993e-12	3.39665e-12	4.46093e-12	5.42361e-12	6.24061e-12	6.85521e-12	7.27206e-12	7.53145e-12	7.67962e-12	7.75591e-12	7.79248e-12	7.81040e-12	7.81894e-12	7.82231e-12	7.82327e-12	7.82339e-12	7.82339e-12	7.82339e-12	7.82339e-12	7.82339e-12	7.82339e-12	7.82339e-12	7.82339e-12	7.82339e-12	7.82339e-12	7.82339e-12	7.82339e-12	7.82339e-12	7.82339e-12	7.82339e-12	7.82339e-12	7.82339e-12	7.82339e-12	7.82339e-12	7.82339e-12	7.82339e-12	7.82339e-12	7.82339e-12	7.82339e-12	7.82339e-12	7.82339e-12	7.82339e-12	7.82339e-12	7.82339e-12	7.82339e-12	7.82339e-12	7.82339e-12	7.82339e-12	7.82339e-12
22.20	2.29136e-15	2.35747e-12	3.66409e-12	4.69310e-12	5.64817e-12	6.50498e-12	7.18780e-12	7.67113e-12	7.98404e-12	8.17062e-12	8.27213e-12	8.32214e-12	8.34633e-12	8.35833e-12	8.36361e-12	8.36544e-12	8.36581e-12	8.36583e-12	8.36583e-12	8.36583e-12	8.36583e-12	8.36583e-12	8.36583e-12	8.36583e-12	8.36583e-12	8.36583e-12	8.36583e-12	8.36583e-12	8.36583e-12	8.36583e-12	8.36583e-12	8.36583e-12	8.36583e-12	8.36583e-12	8.36583e-12	8.36583e-12	8.36583e-12	8.36583e-12	8.36583e-12	8.36583e-12	8.36583e-12	8.36583e-12	8.36583e-12	8.36583e-12	8.36583e-12	8.36583e-12	8.36583e-12	8.36583e-12	8.36583e-12	8.36583e-12
22.26	2.71258e-15	2.73699e-12	4.12575e-12	5.12776e-12	6.05891e-12	6.93181e-12	7.67064e-12	8.22058e-12	8.59089e-12	8.82074e-12	8.95223e-12	9.02020e-12	9.05310e-12	9.06942e-12	9.07725e-12	9.08034e-12	9.08121e-12	9.08131e-12	9.08131e-12	9.08131e-12	9.08131e-12	9.08131e-12	9.08131e-12	9.08131e-12	9.08131e-12	9.08131e-12	9.08131e-12	9.08131e-12	9.08131e-12	9.08131e-12	9.08131e-12	9.08131e-12	9.08131e-12	9.08131e-12	9.08131e-12	9.08131e-12	9.08131e-12	9.08131e-12	9.08131e-12	9.08131e-12	9.08131e-12	9.08131e-12	9.08131e-12	9.08131e-12	9.08131e-12	9.08131e-12	9.08131e-12	9.08131e-12	9.08131e-12	9.08131e-12
22.32	3.19507e-15	3.22767e-12	4.78129e-12	5.78608e-12	6.68650e-12	7.55402e-12	8.33068e-12	8.94286e-12	9.37285e-12	9.65055e-12	9.81645e-12	9.90709e-12	9.95208e-12	9.97411e-12	9.98514e-12	9.99000e-12	9.99169e-12	9.99202e-12	9.99203e-12	9.99203e-12	9.99203e-12	9.99203e-12	9.99203e-12	9.99203e-12	9.99203e-12	9.99203e-12	9.99203e-12	9.99203e-12	9.99203e-12	9.99203e-12	9.99203e-12	9.99203e-12	9.99203e-12	9.99203e-12	9.99203e-12	9.99203e-12	9.99203e-12	9.99203e-12	9.99203e-12	9.99203e-12	9.99203e-12	9.99203e-12	9.99203e-12	9.99203e-12	9.99203e-12	9.99203e-12	9.99203e-12	9.99203e-12	9.99203e-12	9.99203e-12
22.39	3.72325e-15	3.79464e-12	5.59455e-12	6.65573e-12	7.53126e-12	8.37803e-12	9.17100e-12	9.83487e-12	1.03249e-11	1.06541e-11	1.08588e-11	1.09764e-11	1.10376e-11	1.10676e-11	1.10826e-11	1.10899e-11	1.10927e-11	1.10935e-11	1.10936e-11	1.10936e-11	1.10936e-11	1.10936e-11	1.10936e-11	1.10936e-11	1.10936e-11	1.10936e-11	1.10936e-11	1.10936e-11	1.10936e-11	1.10936e-11	1.10936e-11	1.10936e-11	1.10936e-11	1.10936e-11	1.10936e-11	1.10936e-11	1.10936e-11	1.10936e-11	1.10936e-11	1.10936e-11	1.10936e-11	1.10936e-11	1.10936e-11	1.10936e-11	1.10936e-11	1.10936e-11	1.10936e-11	1.10936e-11	1.10936e-11	1.10936e-11
22.45	4.32928e-15	4.42800e-12	6.54917e-12	7.73058e-12	8.60517e-12	9.42416e-12	1.02136e-11	1.09131e-11	1.14597e-11	1.18425e-11	1.20902e-11	1.22389e-11	1.23207e-11	1.23617e-11	1.23819e-11	1.23922e-11	1.23967e-11	1.23983e-11	1.23986e-11	1.23986e-11	1.23986e-11	1.23986e-11	1.23986e-11	1.23986e-11	1.23986e-11	1.23986e-11	1.23986e-11	1.23986e-11	1.23986e-11	1.23986e-11	1.23986e-11	1.23986e-11	1.23986e-11	1.23986e-11	1.23986e-11	1.23986e-11	1.23986e-11	1.23986e-11	1.23986e-11	1.23986e-11	1.23986e-11	1.23986e-11	1.23986e-11	1.23986e-11	1.23986e-11	1.23986e-11	1.23986e-11	1.23986e-11	1.23986e-11	1.23986e-11
22.51	4.99251e-15	5.13880e-12	7.63407e-12	8.99863e-12	9.91737e-12	1.07128e-11	1.14843e-11	1.22001e-11	1.27941e-11	1.32310e-11	1.35251e-11	1.37090e-11	1.38154e-11	1.38711e-11	1.38987e-11	1.39127e-11	1.39194e-11	1.39221e-11	1.39228e-11	1.39229e-11	1.39229e-11	1.39229e-11	1.39229e-11	1.39229e-11	1.39229e-11	1.39229e-11	1.39229e-11	1.39229e-11	1.39229e-11	1.39229e-11	1.39229e-11	1.39229e-11	1.39229e-11	1.39229e-11	1.39229e-11	1.39229e-11	1.39229e-11	1.39229e-11	1.39229e-11	1.39229e-11	1.39229e-11	1.39229e-11	1.39229e-11	1.39229e-11	1.39229e-11	1.39229e-11	1.39229e-11	1.39229e-11	1.39229e-11	1.39229e-11
22.57	5.82400e-15	5.94676e-12	8.86006e-12	1.04666e-11	1.14851e-11	1.22772e-11	1.30236e-11	1.37374e-11	1.43648e-11	1.48530e-11	1.51956e-11	1.54184e-11	1.55532e-11	1.56278e-11	1.56655e-11	1.56844e-11	1.56940e-11	1.56982e-11	1.56997e-11	1.56999e-11	1.56999e-11	1.56999e-11	1.56999e-11	1.56999e-11	1.56999e-11	1.56999e-11	1.56999e-11	1.56999e-11	1.56999e-11	1.56999e-11	1.56999e-11	1.56999e-11	1.56999e-11	1.56999e-11	1.56999e-11	1.56999e-11	1.56999e-11	1.56999e-11	1.56999e-11	1.56999e-11	1.56999e-11	1.56999e-11	1.56999e-11	1.56999e-11	1.56999e-11	1.56999e-11	1.56999e-11	1.56999e-11	1.56999e-11	1.56999e-11
22.63	7.04467e-15	6.98206e-12	1.03644e-11	1.22559e-11	1.34291e-11	1.42573e-11	1.49815e-11	1.56800e-11	1.63234e-11	1.68552e-11	1.72468e-11	1.75118e-11	1.76787e-11	1.77760e-11	1.78273e-11	1.78530e-11	1.78661e-11	1.78725e-11	1.78750e-11	1.78756e-11	1.78757e-11	1.78757e-11	1.78757e-11	1.78757e-11	1.78757e-11	1.78757e-11	1.78757e-11	1.78757e-11	1.78757e-11	1.78757e-11	1.78757e-11	1.78757e-11	1.78757e-11	1.78757e-11	1.78757e-11	1.78757e-11	1.78757e-11	1.78757e-11	1.78757e-11	1.78757e-11	1.78757e-11	1.78757e-11	1.78757e-11	1.78757e-11	1.78757e-11	1.78757e-11	1.78757e-11	1.78757e-11	1.78757e-11	1.78757e-11
22.69	8.85129e-15	8.47407e-12	1.23879e-11	1.45979e-11	1.59779e-11	1.68923e-11	1.76113e-11	1.82873e-11	1.89302e-11	1.94933e-11	1.99317e-11	2.02408e-11	2.04434e-11	2.05669e-11	2.06358e-11	2.06708e-11	2.06885e-11	2.06976e-11	2.07016e-11	2.07029e-11	2.07032e-11	2.07032e-11	2.07032e-11	2.07032e-11	2.07032e-11	2.07032e-11	2.07032e-11	2.07032e-11	2.07032e-11	2.07032e-11	2.07032e-11	2.07032e-11	2.07032e-11	2.07032e-11	2.07032e-11	2.07032e-11	2.07032e-11	2.07032e-11	2.07032e-11	2.07032e-11	2.07032e-11	2.07032e-11	2.07032e-11	2.07032e-11	2.07032e-11	2.07032e-11	2.07032e-11	2.07032e-11	2.07032e-11	2.07032e-11
22.75	1.15363e-14	1.06843e-11	1.52713e-11	1.78386e-11	1.94644e-11	2.05150e-11	2.12634e-11	2.19189e-11	2.25487e-11	2.31275e-11	2.36061e-11	2.39600e-11	2.42013e-11	2.43545e-11	2.44445e-11	2.44923e-11	2.45163e-11	2.45287e-11	2.45348e-11	2.45371e-11	2.45377e-11	2.45378e-11	2.45378e-11	2.45378e-11	2.45378e-11	2.45378e-11	2.45378e-11	2.45378e-11	2.45378e-11	2.45378e-11	2.45378e-11	2.45378e-11	2.45378e-11	2.45378e-11	2.45378e-11	2.45378e-11	2.45378e-11	2.45378e-11	2.45378e-11	2.45378e-11	2.45378e-11	2.45378e-11	2.45378e-11	2.45378e-11	2.45378e-11	2.45378e-11	2.45378e-11	2.45378e-11	2.45378e-11	2.45378e-11
22.81	1.54987e-14	1.39624e-11	1.95134e-11	2.24840e-11	2.43847e-11	2.56192e-11	2.64425e-11	2.70913e-11	2.77012e-11	2.82806e-11	2.87885e-11	2.91855e-11	2.94674e-11	2.96537e-11	2.97682e-11	2.98324e-11	2.98652e-11	2.98820e-11	2.98906e-11	2.98944e-11	2.98957e-11	2.98959e-11	2.98959e-11	2.98959e-11	2.98959e-11	2.98959e-11	2.98959e-11	2.98959e-11	2.98959e-11	2.98959e-11	2.98959e-11	2.98959e-11	2.98959e-11	2.98959e-11	2.98959e-11	2.98959e-11	2.98959e-11	2.98959e-11	2.98959e-11	2.98959e-11	2.98959e-11	2.98959e-11	2.98959e-11	2.98959e-11	2.98959e-11	2.98959e-11	2.98959e-11	2.98959e-11	2.98959e-11	2.98959e-11
22.87	2.11890e-14	1.87685e-11	2.57466e-11	2.92194e-11	3.14285e-11	3.28837e-11	3.38271e-11	3.44996e-11	3.50904e-11	3.56588e-11	3.61822e-11	3.66165e-11	3.69398e-11	3.71620e-11	3.73043e-11	3.73883e-11	3.74332e-11	3.74559e-11	3.74678e-11	3.74735e-11	3.74757e-11	3.74763e-11	3.74763e-11	3.74763e-11	3.74763e-11	3.74763e-11	3.74763e-11	3.74763e-11	3.74763e-11	3.74763e-11	3.74763e-11	3.74763e-11	3.74763e-11	3.74763e-11	3.74763e-11	3.74763e-11	3.74763e-11	3.74763e-11	3.74763e-11	3.74763e-11	3.74763e-11	3.74763e-11	3.74763e-11	3.74763e-11	3.74763e-11	3.74763e-11	3.74763e-11	3.74763e-11	3.74763e-11	3.74763e-11
22.93	2.91641e-14	2.56505e-11	3.47457e-11	3.89313e-11	4.14876e-11	4.31898e-11	4.42972e-11	4.50339e-11	4.56173e-11	4.61680e-11	4.66929e-11	4.71550e-11	4.75183e-11	4.77783e-11	4.79515e-11	4.80587e-11	4.81190e-11	4.81501e-11	4.81661e-11	4.81743e-11	4.81779e-11	4.81791e-11	4.81793e-11	4.81793e-11	4.81793e-11	4.81793e-11	4.81793e-11	4.81793e-11	4.81793e-11	4.81793e-11	4.81793e-11	4.81793e-11	4.81793e-11	4.81793e-11	4.81793e-11	4.81793e-11	4.81793e-11	4.81793e-11	4.81793e-11	4.81793e-11	4.81793e-11	4.81793e-11	4.81793e-11	4.81793e-11	4.81793e-11	4.81793e-11	4.81793e-11	4.81793e-11	4.81793e-11	4.81793e-11
22.99	4.00570e-14	3.52613e-11	4.74644e-11	5.27043e-11	5.56871e-11	5.76665e-11	5.89722e-11	5.98143e-11	6.04162e-11	6.09494e-11	6.14651e-11	6.19424e-11	6.23407e-11	6.26394e-11	6.28463e-11	6.29797e-11	6.30589e-11	6.31013e-11	6.31230e-11	6.31344e-11	6.31398e-11	6.31419e-11	6.31425e-11	6.31425e-11	6.31425e-11	6.31425e-11	6.31425e-11	6.31425e-11	6.31425e-11	6.31425e-11	6.31425e-11	6.31425e-11	6.31425e-11	6.31425e-11	6.31425e-11	6.31425e-11	6.31425e-11	6.31425e-11	6.31425e-11	6.31425e-11	6.31425e-11	6.31425e-11	6.31425e-11	6.31425e-11	6.31425e-11	6.31425e-11	6.31425e-11	6.31425e-11	6.31425e-11	6.31425e-11
23.05	5.44027e-14	4.83088e-11	6.49710e-11	7.17750e-11	7.53578e-11	7.76486e-11	7.91770e-11	8.01641e-11	8.08208e-11	8.13460e-11	8.18460e-11	8.23256e-11	8.27504e-11	8.30867e-11	8.33292e-11	8.34919e-11	8.35931e-11	8.36503e-11	8.36798e-11	8.36952e-11	8.37031e-11	8.37065e-11	8.37076e-11	8.37078e-11	8.37078e-11	8.37078e-11	8.37078e-11	8.37078e-11	8.37078e-11	8.37078e-11	8.37078e-11	8.37078e-11	8.37078e-11	8.37078e-11	8.37078e-11	8.37078e-11	8.37078e-11	8.37078e-11	8.37078e-11	8.37078e-11	8.37078e-11	8.37078e-11	8.37078e-11	8.37078e-11	8.37078e-11	8.37078e-11	8.37078e-11	8.37078e-11	8.37078e-11	8.37078e-11
23.11	7.25597e-14	6.54134e-11	8.83146e-11	9.74193e-11	1.01889e-10	1.04558e-10	1.06336e-10	1.07500e-10	1.08248e-10	1.08788e-10	1.09272e-10	1.09744e-10	1.10184e-10	1.10553e-10	1.10832e-10	1.11027e-10	1.11153e-10	1.11228e-10	1.11268e-10	1.11289e-10	1.11300e-10	1.11305e-10	1.11307e-10	1.11308e-10	1.11308e-10	1.11308e-10	1.11308e-10	1.11308e-10	1.11308e-10	1.11308e-10	1.11308e-10	1.11308e-10	1.11308e-10	1.11308e-10	1.11308e-10	1.11308e-10	1.11308e-10	1.11308e-10	1.11308e-10	1.11308e-10	1.11308e-10	1.11308e-10	1.11308e-10	1.11308e-10	1.11308e-10	1.11308e-10	1.11308e-10	1.11308e-10	1.11308e-10	1.11308e-10
23.18	9.45468e-14	8.69565e-11	1.18348e-10	1.30762e-10	1.36547e-10	1.39744e-10	1.41802e-10	1.43165e-10	1.44042e-10	1.44628e-10	1.45103e-10	1.45561e-10	1.46004e-10	1.46399e-10	1.46714e-10	1.46942e-10	1.47096e-10	1.47193e-10	1.47247e-10	1.47276e-10	1.47290e-10	1.47298e-10	1.47301e-10	1.47302e-10	1.47302e-10	1.47302e-10	1.47302e-10	1.47302e-10	1.47302e-10	1.47302e-10	1.47302e-10	1.47302e-10	1.47302e-10	1.47302e-10	1.47302e-10	1.47302e-10	1.47302e-10	1.47302e-10	1.47302e-10	1.47302e-10	1.47302e-10	1.47302e-10	1.47302e-10	1.47302e-10	1.47302e-10	1.47302e-10	1.47302e-10	1.47302e-10	1.47302e-10	1.47302e-10
23.24	1.19827e-13	1.12895e-10	1.55448e-10	1.72507e-10	1.80230e-10	1.84205e-10	1.86599e-10	1.88186e-10	1.89220e-10	1.89886e-10	1.90373e-10	1.90815e-10	1.91252e-10	1.91662e-10	1.92008e-10	1.92272e-10	1.92456e-10	1.92577e-10	1.92649e-10	1.92687e-10	1.92707e-10	1.92718e-10	1.92723e-10	1.92725e-10	1.92725e-10	1.92725e-10	1.92725e-10	1.92725e-10	1.92725e-10	1.92725e-10	1.92725e-10	1.92725e-10	1.92725e-10	1.92725e-10	1.92725e-10	1.92725e-10	1.92725e-10	1.92725e-10	1.92725e-10	1.92725e-10	1.92725e-10	1.92725e-10	1.92725e-10	1.92725e-10	1.92725e-10	1.92725e-10	1.92725e-10	1.92725e-10	1.92725e-10	1.92725e-10
23.30	1.47305e-13	1.42595e-10	1.99252e-10	2.22651e-10	2.33168e-10	2.38298e-10	2.41158e-10	2.42995e-10	2.44207e-10	2.44986e-10	2.45512e-10	2.45946e-10	2.46370e-10	2.46784e-10	2.47155e-10	2.47452e-10	2.47669e-10	2.47817e-10	2.47909e-10	2.47961e-10	2.47989e-10	2.48003e-10	2.48010e-10	2.48013e-10	2.48014e-10	2.48014e-10	2.48014e-10	2.48014e-10	2.48014e-10	2.48014e-10	2.48014e-10	2.48014e-10	2.48014e-10	2.48014e-10	2.48014e-10	2.48014e-10	2.48014e-10	2.48014e-10	2.48014e-10	2.48014e-10	2.48014e-10	2.48014e-10	2.48014e-10	2.48014e-10	2.48014e-10	2.48014e-10	2.48014e-10	2.48014e-10	2.48014e-10	2.48014e-10
23.36	1.75309e-13	1.74747e-10	2.48449e-10	2.80218e-10	2.94665e-10	3.01498e-10	3.05043e-10	3.07179e-10	3.08590e-10	3.09508e-10	3.10104e-10	3.10547e-10	3.10957e-10	3.11365e-10	3.11751e-10	3.12079e-10	3.12330e-10	3.12507e-10	3.12622e-10	3.12691e-10	3.12729e-10	3.12748e-10	3.12758e-10	3.12763e-10	3.12765e-10	3.12765e-10	3.12765e-10	3.12765e-10	3.12765e-10	3.12765e-10	3.12765e-10	3.12765e-10	3.12765e-10	3.12765e-10	3.12765e-10	3.12765e-10	3.12765e-10	3.12765e-10	3.12765e-10	3.12765e-10	3.12765e-10	3.12765e-10	3.12765e-10	3.12765e-10	3.12765e-10	3.12765e-10	3.12765e-10	3.12765e-10	3.12765e-10	3.12765e-10
23.42	2.01586e-13	2.07345e-10	3.00644e-10	3.43039e-10	3.62866e-10	3.72160e-10	3.76723e-10	3.79266e-10	3.80900e-10	3.81978e-10	3.82674e-10	3.83150e-10	3.83551e-10	3.83948e-10	3.84338e-10	3.84691e-10	3.84974e-10	3.85183e-10	3.85324e-10	3.85413e-10	3.85463e-10	3.85490e-10	3.85504e-10	3.85511e-10	3.85514e-10	3.85515e-10	3.85515e-10	3.85515e-10	3.85515e-10	3.85515e-10	3.85515e-10	3.85515e-10	3.85515e-10	3.85515e-10	3.85515e-10	3.85515e-10	3.85515e-10	3.85515e-10	3.85515e-10	3.85515e-10	3.85515e-10	3.85515e-10	3.85515e-10	3.85515e-10	3.85515e-10	3.85515e-10	3.85515e-10	3.85515e-10	3.85515e-10	3.85515e-10
23.48	2.23652e-13	2.37806e-10	3.52420e-10	4.07721e-10	4.34674e-10	4.47437e-10	4.53502e-10	4.56646e-10	4.58543e-10	4.59798e-10	4.60618e-10	4.61156e-10	4.61563e-10	4.61947e-10	4.62333e-10	4.62701e-10	4.63014e-10	4.63255e-10	4.63425e-10	4.63537e-10	4.63603e-10	4.63639e-10	4.63658e-10	4.63668e-10	4.63672e-10	4.63674e-10	4.63675e-10	4.63675e-10	4.63675e-10	4.63675e-10	4.63675e-10	4.63675e-10	4.63675e-10	4.63675e-10	4.63675e-10	4.63675e-10	4.63675e-10	4.63675e-10	4.63675e-10	4.63675e-10	4.63675e-10	4.63675e-10	4.63675e-10	4.63675e-10	4.63675e-10	4.63675e-10	4.63675e-10	4.63675e-10	4.63675e-10	4.63675e-10
23.54	2.39283e-13	2.63289e-10	3.99636e-10	4.69862e-10	5.05897e-10	5.23420e-10	5.31659e-10	5.35694e-10	5.37947e-10	5.39401e-10	5.40365e-10	5.40991e-10	5.41427e-10	5.41802e-10	5.42178e-10	5.42550e-10	5.42888e-10	5.43161e-10	5.43362e-10	5.43498e-10	5.43584e-10	5.43633e-10	5.43658e-10	5.43672e-10	5.43678e-10	5.43681e-10	5.43682e-10	5.43682e-10	5.43682e-10	5.43682e-10	5.43682e-10	5.43682e-10	5.43682e-10	5.43682e-10	5.43682e-10	5.43682e-10	5.43682e-10	5.43682e-10	5.43682e-10	5.43682e-10	5.43682e-10	5.43682e-10	5.43682e-10	5.43682e-10	5.43682e-10	5.43682e-10	5.43682e-10	5.43682e-10	5.43682e-10	5.43682e-10
23.60	2.46989e-13	2.81270e-10	4.38077e-10	5.24640e-10	5.71753e-10	5.95601e-10	6.06911e-10	6.12261e-10	6.15038e-10	6.16725e-10	6.17847e-10	6.18586e-10	6.19077e-10	6.19456e-10	6.19819e-10	6.20188e-10	6.20541e-10	6.20843e-10	6.21076e-10	6.21240e-10	6.21348e-10	6.21413e-10	6.21447e-10	6.21466e-10	6.21475e-10	6.21480e-10	6.21481e-10	6.21482e-10	6.21482e-10	6.21482e-10	6.21482e-10	6.21482e-10	6.21482e-10	6.21482e-10	6.21482e-10	6.21482e-10	6.21482e-10	6.21482e-10	6.21482e-10	6.21482e-10	6.21482e-10	6.21482e-10	6.21482e-10	6.21482e-10	6.21482e-10	6.21482e-10	6.21482e-10	6.21482e-10	6.21482e-10	6.21482e-10
23.66	2.46330e-13	2.90095e-10	4.64197e-10	5.67550e-10	6.27536e-10	6.59470e-10	6.75004e-10	6.82263e-10	6.85816e-10	6.87815e-10	6.89115e-10	6.89984e-10	6.90554e-10	6.90958e-10	6.91313e-10	6.91672e-10	6.92031e-10	6.92357e-10	6.92620e-10	6.92815e-10	6.92948e-10	6.93031e-10	6.93078e-10	6.93103e-10	6.93116e-10	6.93122e-10	6.93125e-10	6.93126e-10	6.93126e-10	6.93126e-10	6.93126e-10	6.93126e-10	6.93126e-10	6.93126e-10	6.93126e-10	6.93126e-10	6.93126e-10	6.93126e-10	6.93126e-10	6.93126e-10	6.93126e-10	6.93126e-10	6.93126e-10	6.93126e-10	6.93126e-10	6.93126e-10	6.93126e-10	6.93126e-10	6.93126e-10	6.93126e-10
23.72	2.37752e-13	2.89221e-10	4.75746e-10	5.95059e-10	6.69214e-10	7.11050e-10	7.32211e-10	7.42171e-10	7.46872e-10	7.49327e-10	7.50834e-10	7.51847e-10	7.52520e-10	7.52973e-10	7.53330e-10	7.53677e-10	7.54033e-10	7.54375e-10	7.54668e-10	7.54893e-10	7.55053e-10	7.55158e-10	7.55221e-10	7.55254e-10	7.55272e-10	7.55281e-10	7.55285e-10	7.55287e-10	7.55287e-10	7.55287e-10	7.55287e-10	7.55287e-10	7.55287e-10	7.55287e-10	7.55287e-10	7.55287e-10	7.55287e-10	7.55287e-10	7.55287e-10	7.55287e-10	7.55287e-10	7.55287e-10	7.55287e-10	7.55287e-10	7.55287e-10	7.55287e-10	7.55287e-10	7.55287e-10	7.55287e-10	7.55287e-10
23.78	2.22470e-13	2.79168e-10	4.72085e-10	6.05079e-10	6.93887e-10	7.47278e-10	7.75657e-10	7.89340e-10	7.95710e-10	7.98842e-10	8.00624e-10	8.01798e-10	8.02589e-10	8.03115e-10	8.03493e-10	8.03831e-10	8.04178e-10	8.04526e-10	8.04843e-10	8.05099e-10	8.05289e-10	8.05418e-10	8.05499e-10	8.05545e-10	8.05569e-10	8.05581e-10	8.05588e-10	8.05590e-10	8.05591e-10	8.05591e-10	8.05591e-10	8.05591e-10	8.05591e-10	8.05591e-10	8.05591e-10	8.05591e-10	8.05591e-10	8.05591e-10	8.05591e-10	8.05591e-10	8.05591e-10	8.05591e-10	8.05591e-10	8.05591e-10	8.05591e-10	8.05591e-10	8.05591e-10	8.05591e-10	8.05591e-10	8.05591e-10
23.84	2.02307e-13	2.61361e-10	4.54218e-10	5.97264e-10	7.00114e-10	7.66283e-10	8.03534e-10	8.22192e-10	8.30927e-10	8.35061e-10	8.37243e-10	8.38602e-10	8.39525e-10	8.40145e-10	8.40568e-10	8.40908e-10	8.41243e-10	8.41589e-10	8.41922e-10	8.42207e-10	8.42427e-10	8.42583e-10	8.42685e-10	8.42746e-10	8.42778e-10	8.42796e-10	8.42805e-10	8.42809e-10	8.42810e-10	8.42811e-10	8.42811e-10	8.42811e-10	8.42811e-10	8.42811e-10	8.42811e-10	8.42811e-10	8.42811e-10	8.42811e-10	8.42811e-10	8.42811e-10	8.42811e-10	8.42811e-10	8.42811e-10	8.42811e-10	8.42811e-10	8.42811e-10	8.42811e-10	8.42811e-10	8.42811e-10	8.42811e-10
23.90	1.79274e-13	2.37869e-10	4.24504e-10	5.73021e-10	6.88044e-10	7.67503e-10	8.15147e-10	8.40207e-10	8.52210e-10	8.57802e-10	8.60578e-10	8.62181e-10	8.63251e-10	8.63981e-10	8.64471e-10	8.64829e-10	8.65155e-10	8.65493e-10	8.65832e-10	8.66142e-10	8.66392e-10	8.66577e-10	8.66703e-10	8.66782e-10	8.66826e-10	8.66849e-10	8.66862e-10	8.66868e-10	8.66870e-10	8.66871e-10	8.66871e-10	8.66871e-10	8.66871e-10	8.66871e-10	8.66871e-10	8.66871e-10	8.66871e-10	8.66871e-10	8.66871e-10	8.66871e-10	8.66871e-10	8.66871e-10	8.66871e-10	8.66871e-10	8.66871e-10	8.66871e-10	8.66871e-10	8.66871e-10	8.66871e-10	8.66871e-10
23.96	1.55243e-13	2.11006e-10	3.86163e-10	5.35181e-10	6.59309e-10	7.51593e-10	8.10783e-10	8.43739e-10	8.60121e-10	8.67786e-10	8.71440e-10	8.73397e-10	8.74636e-10	8.75487e-10	8.76065e-10	8.76464e-10	8.76790e-10	8.77116e-10	8.77454e-10	8.77780e-10	8.78059e-10	8.78274e-10	8.78427e-10	8.78526e-10	8.78586e-10	8.78617e-10	8.78634e-10	8.78643e-10	8.78647e-10	8.78648e-10	8.78648e-10	8.78648e-10	8.78648e-10	8.78648e-10	8.78648e-10	8.78648e-10	8.78648e-10	8.78648e-10	8.78648e-10	8.78648e-10	8.78648e-10	8.78648e-10	8.78648e-10	8.78648e-10	8.78648e-10	8.78648e-10	8.78648e-10	8.78648e-10	8.78648e-10	8.78648e-10
24.02	1.31728e-13	1.82931e-10	3.42703e-10	4.87420e-10	6.16714e-10	7.20224e-10	7.91484e-10	8.33729e-10	8.55763e-10	8.66298e-10	8.71234e-10	8.73715e-10	8.75174e-10	8.76161e-10	8.76840e-10	8.77302e-10	8.77645e-10	8.77962e-10	8.78292e-10	8.78625e-10	8.78928e-10	8.79174e-10	8.79355e-10	8.79478e-10	8.79555e-10	8.79598e-10	8.79620e-10	8.79632e-10	8.79638e-10	8.79641e-10	8.79642e-10	8.79642e-10	8.79642e-10	8.79642e-10	8.79642e-10	8.79642e-10	8.79642e-10	8.79642e-10	8.79642e-10	8.79642e-10	8.79642e-10	8.79642e-10	8.79642e-10	8.79642e-10	8.79642e-10	8.79642e-10	8.79642e-10	8.79642e-10	8.79642e-10	8.79642e-10
24.09	1.09747e-13	1.55399e-10	2.97416e-10	4.33681e-10	5.63817e-10	6.75850e-10	7.58838e-10	8.11446e-10	8.40478e-10	8.54868e-10	8.61628e-10	8.64887e-10	8.66662e-10	8.67805e-10	8.68598e-10	8.69141e-10	8.69522e-10	8.69838e-10	8.70157e-10	8.70489e-10	8.70809e-10	8.71083e-10	8.71294e-10	8.71443e-10	8.71541e-10	8.71598e-10	8.71629e-10	8.71645e-10	8.71654e-10	8.71658e-10	8.71659e-10	8.71659e-10	8.71659e-10	8.71659e-10	8.71659e-10	8.71659e-10	8.71659e-10	8.71659e-10	8.71659e-10	8.71659e-10	8.71659e-10	8.71659e-10	8.71659e-10	8.71659e-10	8.71659e-10	8.71659e-10	8.71659e-10	8.71659e-10	8.71659e-10	8.71659e-10
24.15	8.58964e-14	1.28788e-10	2.52133e-10	3.76804e-10	5.03559e-10	6.20595e-10	7.13940e-10	7.77439e-10	8.14734e-10	8.34117e-10	8.43410e-10	8.47805e-10	8.50048e-10	8.51390e-10	8.52311e-10	8.52950e-10	8.53389e-10	8.53720e-10	8.54030e-10	8.54354e-10	8.54683e-10	8.54981e-10	8.55222e-10	8.55399e-10	8.55520e-10	8.55595e-10	8.55637e-10	8.55659e-10	8.55671e-10	8.55676e-10	8.55679e-10	8.55679e-10	8.55679e-10	8.55679e-10	8.55679e-10	8.55679e-10	8.55679e-10	8.55679e-10	8.55679e-10	8.55679e-10	8.55679e-10	8.55679e-10	8.55679e-10	8.55679e-10	8.55679e-10	8.55679e-10	8.55679e-10	8.55679e-10	8.55679e-10	8.55679e-10
24.21	6.45350e-14	1.01752e-10	2.06703e-10	3.17822e-10	4.37506e-10	5.55631e-10	6.56951e-10	7.31101e-10	7.77658e-10	8.03243e-10	8.15948e-10	8.21963e-10	8.24901e-10	8.26528e-10	8.27594e-10	8.28341e-10	8.28857e-10	8.29223e-10	8.29531e-10	8.29845e-10	8.30173e-10	8.30489e-10	8.30758e-10	8.30965e-10	8.31112e-10	8.31207e-10	8.31263e-10	8.31293e-10	8.31309e-10	8.31317e-10	8.31321e-10	8.31322e-10	8.31322e-10	8.31322e-10	8.31322e-10	8.31322e-10	8.31322e-10	8.31322e-10	8.31322e-10	8.31322e-10	8.31322e-10	8.31322e-10	8.31322e-10	8.31322e-10	8.31322e-10	8.31322e-10	8.31322e-10	8.31322e-10	8.31322e-10	8.31322e-10
24.27	4.91559e-14	7.74111e-11	1.64628e-10	2.61371e-10	3.71154e-10	4.86517e-10	5.92656e-10	6.76294e-10	7.32634e-10	7.65575e-10	7.82711e-10	7.90980e-10	7.94934e-10	7.96985e-10	7.98234e-10	7.99102e-10	7.99710e-10	8.00130e-10	8.00451e-10	8.00756e-10	8.01077e-10	8.01402e-10	8.01696e-10	8.01932e-10	8.02107e-10	8.02225e-10	8.02298e-10	8.02339e-10	8.02361e-10	8.02372e-10	8.02378e-10	8.02380e-10	8.02381e-10	8.02381e-10	8.02381e-10	8.02381e-10	8.02381e-10	8.02381e-10	8.02381e-10	8.02381e-10	8.02381e-10	8.02381e-10	8.02381e-10	8.02381e-10	8.02381e-10	8.02381e-10	8.02381e-10	8.02381e-10	8.02381e-10	8.02381e-10
24.33	3.71641e-14	5.84179e-11	1.27630e-10	2.10123e-10	3.08199e-10	4.17398e-10	5.24814e-10	6.15856e-10	6.81824e-10	7.23045e-10	7.45708e-10	7.57020e-10	7.62428e-10	7.65107e-10	7.66617e-10	7.67622e-10	7.68333e-10	7.68826e-10	7.69180e-10	7.69482e-10	7.69793e-10	7.70117e-10	7.70429e-10	7.70695e-10	7.70898e-10	7.71042e-10	7.71135e-10	7.71190e-10	7.71219e-10	7.71235e-10	7.71243e-10	7.71246e-10	7.71248e-10	7.71248e-10	7.71248e-10	7.71248e-10	7.71248e-10	7.71248e-10	7.71248e-10	7.71248e-10	7.71248e-10	7.71248e-10	7.71248e-10	7.71248e-10	7.71248e-10	7.71248e-10	7.71248e-10	7.71248e-10	7.71248e-10	7.71248e-10
24.39	2.80989e-14	4.41950e-11	9.69558e-11	1.65756e-10	2.51320e-10	3.51716e-10	4.56888e-10	5.52527e-10	6.27148e-10	6.77160e-10	7.06401e-10	7.21680e-10	7.29115e-10	7.32715e-10	7.34612e-10	7.35787e-10	7.36613e-10	7.37195e-10	7.37600e-10	7.37913e-10	7.38215e-10	7.38533e-10	7.38854e-10	7.39144e-10	7.39378e-10	7.39549e-10	7.39665e-10	7.39737e-10	7.39777e-10	7.39797e-10	7.39809e-10	7.39814e-10	7.39816e-10	7.39817e-10	7.39817e-10	7.39817e-10	7.39817e-10	7.39817e-10	7.39817e-10	7.39817e-10	7.39817e-10	7.39817e-10	7.39817e-10	7.39817e-10	7.39817e-10	7.39817e-10	7.39817e-10	7.39817e-10	7.39817e-10	7.39817e-10
24.45	2.12501e-14	3.35467e-11	7.33427e-11	1.28270e-10	2.01363e-10	2.91240e-10	3.91034e-10	4.88085e-10	5.69544e-10	6.28264e-10	6.64944e-10	6.85187e-10	6.95366e-10	7.00285e-10	7.02757e-10	7.04173e-10	7.05128e-10	7.05809e-10	7.06285e-10	7.06629e-10	7.06926e-10	7.07234e-10	7.07556e-10	7.07865e-10	7.08127e-10	7.08328e-10	7.08469e-10	7.08560e-10	7.08614e-10	7.08642e-10	7.08657e-10	7.08665e-10	7.08669e-10	7.08670e-10	7.08670e-10	7.08670e-10	7.08670e-10	7.08670e-10	7.08670e-10	7.08670e-10	7.08670e-10	7.08670e-10	7.08670e-10	7.08670e-10	7.08670e-10	7.08670e-10	7.08670e-10	7.08670e-10	7.08670e-10	7.08670e-10
24.51	1.60636e-14	2.53224e-11	5.54472e-11	9.74135e-11	1.58549e-10	2.37106e-10	3.29061e-10	4.24328e-10	5.10143e-10	5.76753e-10	6.21373e-10	6.47549e-10	6.61316e-10	6.68077e-10	6.71392e-10	6.73166e-10	6.74281e-10	6.75073e-10	6.75634e-10	6.76027e-10	6.76334e-10	6.76633e-10	6.76949e-10	6.77267e-10	6.77555e-10	6.77785e-10	6.77953e-10	6.78067e-10	6.78137e-10	6.78176e-10	6.78196e-10	6.78207e-10	6.78212e-10	6.78215e-10	6.78215e-10	6.78215e-10	6.78215e-10	6.78215e-10	6.78215e-10	6.78215e-10	6.78215e-10	6.78215e-10	6.78215e-10	6.78215e-10	6.78215e-10	6.78215e-10	6.78215e-10	6.78215e-10	6.78215e-10	6.78215e-10
24.57	1.24173e-14	1.91320e-11	4.19908e-11	7.36590e-11	1.22689e-10	1.89906e-10	2.72393e-10	3.63008e-10	4.50327e-10	5.23254e-10	5.75786e-10	6.08701e-10	6.26973e-10	6.36236e-10	6.40761e-10	6.43065e-10	6.44406e-10	6.45322e-10	6.45979e-10	6.46439e-10	6.46775e-10	6.47069e-10	6.47376e-10	6.47696e-10	6.48002e-10	6.48261e-10	6.48458e-10	6.48597e-10	6.48687e-10	6.48739e-10	6.48767e-10	6.48781e-10	6.48789e-10	6.48792e-10	6.48793e-10	6.48793e-10	6.48793e-10	6.48793e-10	6.48793e-10	6.48793e-10	6.48793e-10	6.48793e-10	6.48793e-10	6.48793e-10	6.48793e-10	6.48793e-10	6.48793e-10	6.48793e-10	6.48793e-10	6.48793e-10
24.63	8.49773e-15	1.43300e-11	3.15916e-11	5.55527e-11	9.31226e-11	1.49474e-10	2.21701e-10	3.05386e-10	3.91324e-10	4.68370e-10	5.28132e-10	5.68277e-10	5.91955e-10	6.04500e-10	6.10718e-10	6.13802e-10	6.15476e-10	6.16544e-10	6.17307e-10	6.17851e-10	6.18234e-10	6.18536e-10	6.18833e-10	6.19148e-10	6.19464e-10	6.19749e-10	6.19976e-10	6.20142e-10	6.20253e-10	6.20322e-10	6.20360e-10	6.20380e-10	6.20390e-10	6.20395e-10	6.20397e-10	6.20398e-10	6.20398e-10	6.20398e-10	6.20398e-10	6.20398e-10	6.20398e-10	6.20398e-10	6.20398e-10	6.20398e-10	6.20398e-10	6.20398e-10	6.20398e-10	6.20398e-10	6.20398e-10	6.20398e-10
24.69	6.57854e-15	1.07145e-11	2.37483e-11	4.19134e-11	7.02857e-11	1.15659e-10	1.77560e-10	2.52780e-10	3.34724e-10	4.13337e-10	4.78957e-10	5.26351e-10	5.56197e-10	5.72876e-10	5.81401e-10	5.85607e-10	5.87775e-10	5.89055e-10	5.89939e-10	5.90575e-10	5.91023e-10	5.91352e-10	5.91644e-10	5.91949e-10	5.92268e-10	5.92572e-10	5.92828e-10	5.93022e-10	5.93159e-10	5.93247e-10	5.93298e-10	5.93325e-10	5.93339e-10	5.93346e-10	5.93350e-10	5.93351e-10	5.93351e-10	5.93351e-10	5.93351e-10	5.93351e-10	5.93351e-10	5.93351e-10	5.93351e-10	5.93351e-10	5.93351e-10	5.93351e-10	5.93351e-10	5.93351e-10	5.93351e-10	5.93351e-10
24.75	5.24887e-15	8.10319e-12	1.78906e-11	3.16342e-11	5.30725e-11	8.79482e-11	1.39948e-10	2.05933e-10	2.81782e-10	3.59357e-10	4.28885e-10	4.82957e-10	5.19452e-10	5.41113e-10	5.52671e-10	5.58450e-10	5.61346e-10	5.62939e-10	5.63968e-10	5.64709e-10	5.65237e-10	5.65611e-10	5.65910e-10	5.66206e-10	5.66520e-10	5.66835e-10	5.67116e-10	5.67340e-10	5.67504e-10	5.67613e-10	5.67681e-10	5.67718e-10	5.67737e-10	5.67747e-10	5.67752e-10	5.67754e-10	5.67754e-10	5.67754e-10	5.67754e-10	5.67754e-10	5.67754e-10	5.67754e-10	5.67754e-10	5.67754e-10	5.67754e-10	5.67754e-10	5.67754e-10	5.67754e-10	5.67754e-10	5.67754e-10
24.81	3.96916e-15	6.18808e-12	1.35060e-11	2.38757e-11	4.01180e-11	6.64734e-11	1.08503e-10	1.65145e-10	2.33464e-10	3.07618e-10	3.78760e-10	4.38306e-10	4.81511e-10	5.08879e-10	5.24273e-10	5.32200e-10	5.36145e-10	5.38202e-10	5.39432e-10	5.40290e-10	5.40909e-10	5.41347e-10	5.41670e-10	5.41960e-10	5.42265e-10	5.42582e-10	5.42884e-10	5.43137e-10	5.43329e-10	5.43463e-10	5.43549e-10	5.43599e-10	5.43625e-10	5.43639e-10	5.43647e-10	5.43650e-10	5.43651e-10	5.43651e-10	5.43651e-10	5.43651e-10	5.43651e-10	5.43651e-10	5.43651e-10	5.43651e-10	5.43651e-10	5.43651e-10	5.43651e-10	5.43651e-10	5.43651e-10	5.43651e-10
24.88	3.00101e-15	4.72079e-12	1.02265e-11	1.80374e-11	3.03415e-11	5.02538e-11	8.26539e-11	1.30323e-10	1.90365e-10	2.59163e-10	3.29554e-10	3.92830e-10	4.42265e-10	4.75817e-10	4.95851e-10	5.06611e-10	5.12031e-10	5.14773e-10	5.16299e-10	5.17296e-10	5.18017e-10	5.18533e-10	5.18900e-10	5.19195e-10	5.19490e-10	5.19803e-10	5.20117e-10	5.20396e-10	5.20618e-10	5.20779e-10	5.20886e-10	5.20952e-10	5.20988e-10	5.21007e-10	5.21017e-10	5.21022e-10	5.21023e-10	5.21024e-10	5.21024e-10	5.21024e-10	5.21024e-10	5.21024e-10	5.21024e-10	5.21024e-10	5.21024e-10	5.21024e-10	5.21024e-10	5.21024e-10	5.21024e-10	5.21024e-10
24.94	2.26902e-15	3.57418e-12	7.78069e-12	1.36168e-11	2.29002e-11	3.79617e-11	6.24706e-11	1.01148e-10	1.52773e-10	2.14873e-10	2.82329e-10	3.47258e-10	4.01858e-10	4.41686e-10	4.67060e-10	4.81416e-10	4.88853e-10	4.92584e-10	4.94549e-10	4.95737e-10	4.96573e-10	4.97178e-10	4.97606e-10	4.97924e-10	4.98213e-10	4.98518e-10	4.98834e-10	4.99134e-10	4.99384e-10	4.99574e-10	4.99706e-10	4.99790e-10	4.99839e-10	4.99865e-10	4.99878e-10	4.99885e-10	4.99888e-10	4.99889e-10	4.99889e-10	4.99889e-10	4.99889e-10	4.99889e-10	4.99889e-10	4.99889e-10	4.99889e-10	4.99889e-10	4.99889e-10	4.99889e-10	4.99889e-10	4.99889e-10
25.00	1.71559e-15	2.70239e-12	5.91999e-12	1.02824e-11	1.72936e-11	2.87156e-11	4.72326e-11	7.71422e-11	1.20662e-10	1.75341e-10	2.38074e-10	3.02490e-10	3.60681e-10	4.06383e-10	4.37570e-10	4.56291e-10	4.66399e-10	4.71522e-10	4.74136e-10	4.75605e-10	4.76575e-10	4.77280e-10	4.77785e-10	4.78145e-10	4.78439e-10	4.78733e-10	4.79046e-10	4.79358e-10	4.79635e-10	4.79854e-10	4.80012e-10	4.80118e-10	4.80183e-10	4.80218e-10	4.80236e-10	4.80246e-10	4.80250e-10	4.80252e-10	4.80252e-10	4.80252e-10	4.80252e-10	4.80252e-10	4.80252e-10	4.80252e-10	4.80252e-10	4.80252e-10	4.80252e-10	4.80252e-10	4.80252e-10	4.80252e-10
25.06	1.29715e-15	2.04324e-12	4.47933e-12	7.82204e-12	1.30511e-11	2.16686e-11	3.56432e-11	5.83013e-11	9.37491e-11	1.40842e-10	1.97588e-10	2.59478e-10	3.19357e-10	3.69984e-10	4.07107e-10	4.30872e-10	4.44380e-10	4.51414e-10	4.54966e-10	4.56853e-10	4.58006e-10	4.58822e-10	4.59415e-10	4.59835e-10	4.60149e-10	4.60437e-10	4.60741e-10	4.61058e-10	4.61355e-10	4.61603e-10	4.61790e-10	4.61920e-10	4.62003e-10	4.62050e-10	4.62075e-10	4.62089e-10	4.62095e-10	4.62098e-10	4.62099e-10	4.62099e-10	4.62099e-10	4.62099e-10	4.62099e-10	4.62099e-10	4.62099e-10	4.62099e-10	4.62099e-10	4.62099e-10	4.62099e-10	4.62099e-10
25.12	9.80746e-16	1.54486e-12	3.38676e-12	5.94635e-12	9.84059e-12	1.63611e-11	2.69817e-11	4.40773e-11	7.15896e-11	1.11354e-10	1.61415e-10	2.19109e-10	2.78678e-10	3.32792e-10	3.75511e-10	4.04796e-10	4.22448e-10	4.32017e-10	4.36893e-10	4.39397e-10	4.40818e-10	4.41766e-10	4.42456e-10	4.42952e-10	4.43306e-10	4.43597e-10	4.43891e-10	4.44204e-10	4.44515e-10	4.44790e-10	4.45006e-10	4.45162e-10	4.45266e-10	4.45329e-10	4.45363e-10	4.45381e-10	4.45391e-10	4.45395e-10	4.45397e-10	4.45397e-10	4.45397e-10	4.45397e-10	4.45397e-10	4.45397e-10	4.45397e-10	4.45397e-10	4.45397e-10	4.45397e-10	4.45397e-10	4.45397e-10
25.18	7.41598e-16	1.16804e-12	2.56067e-12	4.49865e-12	7.48433e-12	1.23466e-11	2.03552e-11	3.32503e-11	5.41091e-11	8.66208e-11	1.29811e-10	1.82112e-10	2.39493e-10	2.95337e-10	3.42797e-10	3.77751e-10	4.00211e-10	4.13020e-10	4.19715e-10	4.23114e-10	4.24934e-10	4.26058e-10	4.26858e-10	4.27439e-10	4.27852e-10	4.28163e-10	4.28450e-10	4.28754e-10	4.29070e-10	4.29366e-10	4.29611e-10	4.29796e-10	4.29923e-10	4.30005e-10	4.30051e-10	4.30075e-10	4.30088e-10	4.30095e-10	4.30098e-10	4.30099e-10	4.30099e-10	4.30099e-10	4.30099e-10	4.30099e-10	4.30099e-10	4.30099e-10	4.30099e-10	4.30099e-10	4.30099e-10	4.30099e-10
25.24	5.60660e-16	8.82753e-13	1.93570e-12	3.40098e-12	5.69243e-12	9.30909e-12	1.53686e-11	2.51770e-11	4.09066e-11	6.62351e-11	1.02762e-10	1.48993e-10	2.02612e-10	2.58319e-10	3.09198e-10	3.49534e-10	3.77282e-10	3.94053e-10	4.03172e-10	4.07835e-10	4.10245e-10	4.11626e-10	4.12554e-10	4.13231e-10	4.13718e-10	4.14067e-10	4.14356e-10	4.14651e-10	4.14964e-10	4.15273e-10	4.15546e-10	4.15759e-10	4.15913e-10	4.16015e-10	4.16077e-10	4.16110e-10	4.16128e-10	4.16137e-10	4.16141e-10	4.16143e-10	4.16143e-10	4.16143e-10	4.16143e-10	4.16143e-10	4.16143e-10	4.16143e-10	4.16143e-10	4.16143e-10	4.16143e-10	4.16143e-10
25.30	4.23909e-16	6.67427e-13	1.46354e-12	2.57142e-12	4.30637e-12	7.07491e-12	1.15983e-11	1.89947e-11	3.08846e-11	5.00720e-11	8.00469e-11	1.20001e-10	1.68716e-10	2.22516e-10	2.75171e-10	3.20116e-10	3.53323e-10	3.74713e-10	3.86937e-10	3.93343e-10	3.96610e-10	3.98372e-10	3.99470e-10	4.00255e-10	4.00827e-10	4.01232e-10	4.01540e-10	4.01827e-10	4.02132e-10	4.02447e-10	4.02741e-10	4.02984e-10	4.03166e-10	4.03292e-10	4.03371e-10	4.03417e-10	4.03440e-10	4.03453e-10	4.03459e-10	4.03462e-10	4.03463e-10	4.03463e-10	4.03463e-10	4.03463e-10	4.03463e-10	4.03463e-10	4.03463e-10	4.03463e-10	4.03463e-10	4.03463e-10
25.36	3.20509e-16	5.04866e-13	1.10655e-12	1.94419e-12	3.25597e-12	5.38301e-12	8.74594e-12	1.43414e-11	2.33663e-11	3.78543e-11	6.12968e-11	9.51415e-11	1.38288e-10	1.88682e-10	2.41352e-10	2.89677e-10	3.28106e-10	3.54597e-10	3.70634e-10	3.79367e-10	3.83847e-10	3.86175e-10	3.87519e-10	3.88430e-10	3.89096e-10	3.89574e-10	3.89919e-10	3.90207e-10	3.90502e-10	3.90814e-10	3.91123e-10	3.91393e-10	3.91604e-10	3.91756e-10	3.91857e-10	3.91917e-10	3.91949e-10	3.91966e-10	3.91975e-10	3.91979e-10	3.91981e-10	3.91981e-10	3.91981e-10	3.91981e-10	3.91981e-10	3.91981e-10	3.91981e-10	3.91981e-10	3.91981e-10	3.91981e-10
25.42	2.42331e-16	3.81721e-13	8.36626e-13	1.46996e-12	2.46177e-12	4.07223e-12	6.64605e-12	1.08245e-11	1.76298e-11	2.85851e-11	4.63534e-11	7.42248e-11	1.11579e-10	1.57466e-10	2.08466e-10	2.58620e-10	3.01565e-10	3.33353e-10	3.53853e-10	3.65578e-10	3.71734e-10	3.74884e-10	3.76596e-10	3.77670e-10	3.78443e-10	3.79005e-10	3.79404e-10	3.79709e-10	3.79996e-10	3.80301e-10	3.80616e-10	3.80908e-10	3.81149e-10	3.81328e-10	3.81452e-10	3.81530e-10	3.81574e-10	3.81597e-10	3.81609e-10	3.81616e-10	3.81618e-10	3.81619e-10	3.81619e-10	3.81619e-10	3.81619e-10	3.81619e-10	3.81619e-10	3.81619e-10	3.81619e-10	3.81619e-10
25.48	1.83225e-16	2.88614e-13	6.32721e-13	1.11139e-12	1.86128e-12	3.07893e-12	5.05573e-12	8.16329e-12	1.33111e-11	2.16238e-11	3.50422e-11	5.69259e-11	8.86183e-11	1.29341e-10	1.77230e-10	2.27536e-10	2.73845e-10	3.10735e-10	3.36187e-10	3.51600e-10	3.60000e-10	3.64318e-10	3.66572e-10	3.67885e-10	3.68780e-10	3.69435e-10	3.69906e-10	3.70246e-10	3.70533e-10	3.70828e-10	3.71141e-10	3.71449e-10	3.71717e-10	3.71925e-10	3.72075e-10	3.72173e-10	3.72232e-10	3.72264e-10	3.72281e-10	3.72289e-10	3.72293e-10	3.72295e-10	3.72295e-10	3.72295e-10	3.72295e-10	3.72295e-10	3.72295e-10	3.72295e-10	3.72295e-10	3.72295e-10
25.54	1.38533e-16	2.18217e-13	4.78391e-13	8.40275e-13	1.40726e-12	2.32791e-12	3.82452e-12	6.20239e-12	1.00477e-11	1.63160e-11	2.64652e-11	4.30667e-11	6.92531e-11	1.04572e-10	1.48275e-10	1.97113e-10	2.45313e-10	2.86658e-10	3.17280e-10	3.37027e-10	3.48321e-10	3.54255e-10	3.57302e-10	3.58967e-10	3.60020e-10	3.60781e-10	3.61335e-10	3.61728e-10	3.62030e-10	3.62317e-10	3.62623e-10	3.62937e-10	3.63228e-10	3.63466e-10	3.63643e-10	3.63765e-10	3.63841e-10	3.63885e-10	3.63907e-10	3.63919e-10	3.63925e-10	3.63928e-10	3.63928e-10	3.63928e-10	3.63928e-10	3.63928e-10	3.63928e-10	3.63928e-10	3.63928e-10	3.63928e-10
25.60	1.04743e-16	1.64991e-13	3.61705e-13	6.35452e-13	1.06398e-12	1.76006e-12	2.89167e-12	4.71736e-12	7.57813e-12	1.23195e-11	2.00187e-11	3.25579e-11	5.31995e-11	8.32132e-11	1.22076e-10	1.68047e-10	2.16526e-10	2.61240e-10	2.96876e-10	3.21453e-10	3.36328e-10	3.44432e-10	3.48605e-10	3.50794e-10	3.52077e-10	3.52958e-10	3.53604e-10	3.54067e-10	3.54403e-10	3.54689e-10	3.54985e-10	3.55298e-10	3.55604e-10	3.55870e-10	3.56076e-10	3.56224e-10	3.56321e-10	3.56378e-10	3.56409e-10	3.56425e-10	3.56434e-10	3.56438e-10	3.56439e-10	3.56439e-10	3.56439e-10	3.56439e-10	3.56439e-10	3.56439e-10	3.56439e-10	3.56439e-10
25.66	7.91920e-17	1.24748e-13	2.73481e-13	4.80456e-13	8.04426e-13	1.33073e-12	2.18632e-12	3.56854e-12	5.75702e-12	9.29969e-12	1.51117e-11	2.45896e-11	4.02702e-11	6.51477e-11	9.89137e-11	1.40961e-10	1.88148e-10	2.34822e-10	2.74876e-10	3.04524e-10	3.23623e-10	3.34536e-10	3.40272e-10	3.43224e-10	3.44847e-10	3.45882e-10	3.46632e-10	3.47177e-10	3.47565e-10	3.47865e-10	3.48152e-10	3.48458e-10	3.48772e-10	3.49061e-10	3.49297e-10	3.49472e-10	3.49592e-10	3.49667e-10	3.49709e-10	3.49731e-10	3.49742e-10	3.49748e-10	3.49751e-10	3.49751e-10	3.49751e-10	3.49751e-10	3.49751e-10	3.49751e-10	3.49751e-10	3.49751e-10
25.73	5.98783e-17	9.43200e-14	2.06775e-13	3.63266e-13	6.08335e-13	1.00611e-12	1.65301e-12	2.69811e-12	4.37793e-12	7.01399e-12	1.14050e-11	1.86001e-11	3.04417e-11	5.01317e-11	7.88715e-11	1.16338e-10	1.60864e-10	2.07937e-10	2.51382e-10	2.85980e-10	3.09809e-10	3.24209e-10	3.32048e-10	3.36090e-10	3.38217e-10	3.39473e-10	3.40341e-10	3.40978e-10	3.41434e-10	3.41767e-10	3.42052e-10	3.42348e-10	3.42662e-10	3.42967e-10	3.43231e-10	3.43435e-10	3.43580e-10	3.43675e-10	3.43731e-10	3.43761e-10	3.43777e-10	3.43785e-10	3.43789e-10	3.43791e-10	3.43791e-10	3.43791e-10	3.43791e-10	3.43791e-10	3.43791e-10	3.43791e-10
25.79	4.52728e-17	7.13140e-14	1.56340e-13	2.74661e-13	4.59953e-13	7.60679e-13	1.24979e-12	2.03997e-12	3.31106e-12	5.32807e-12	8.61019e-12	1.40422e-11	2.29935e-11	3.79741e-11	6.18666e-11	9.44784e-11	1.35297e-10	1.81235e-10	2.26713e-10	2.65713e-10	2.94533e-10	3.13063e-10	3.23635e-10	3.29190e-10	3.32055e-10	3.33640e-10	3.34657e-10	3.35397e-10	3.35934e-10	3.36316e-10	3.36614e-10	3.36902e-10	3.37208e-10	3.37522e-10	3.37809e-10	3.38043e-10	3.38215e-10	3.38333e-10	3.38406e-10	3.38447e-10	3.38469e-10	3.38480e-10	3.38486e-10	3.38488e-10	3.38489e-10	3.38489e-10	3.38489e-10	3.38489e-10	3.38489e-10	3.38489e-10
25.85	3.42306e-17	5.39196e-14	1.18206e-13	2.07667e-13	3.47764e-13	5.75249e-13	9.44923e-13	1.54236e-12	2.50392e-12	4.05117e-12	6.49344e-12	1.05973e-11	1.73930e-11	2.87024e-11	4.76915e-11	7.54935e-11	1.11939e-10	1.55394e-10	2.01387e-10	2.43811e-10	2.77536e-10	3.00711e-10	3.14686e-10	3.22284e-10	3.26204e-10	3.28275e-10	3.29507e-10	3.30363e-10	3.30991e-10	3.31440e-10	3.31769e-10	3.32054e-10	3.32351e-10	3.32665e-10	3.32969e-10	3.33230e-10	3.33432e-10	3.33575e-10	3.33668e-10	3.33723e-10	3.33752e-10	3.33768e-10	3.33776e-10	3.33780e-10	3.33781e-10	3.33781e-10	3.33781e-10	3.33781e-10	3.33781e-10	3.33781e-10
25.91	2.58811e-17	4.07679e-14	8.93742e-14	1.57014e-13	2.62940e-13	4.34937e-13	7.14417e-13	1.16613e-12	1.89316e-12	3.06269e-12	4.93269e-12	8.00043e-12	1.31310e-11	2.16832e-11	3.61562e-11	5.93327e-11	9.11135e-11	1.31040e-10	1.76043e-10	2.20580e-10	2.58704e-10	2.86806e-10	3.04828e-10	3.15088e-10	3.20476e-10	3.23261e-10	3.24810e-10	3.25811e-10	3.26541e-10	3.27070e-10	3.27448e-10	3.27744e-10	3.28032e-10	3.28339e-10	3.28652e-10	3.28938e-10	3.29169e-10	3.29339e-10	3.29455e-10	3.29527e-10	3.29567e-10	3.29588e-10	3.29599e-10	3.29604e-10	3.29607e-10	3.29607e-10	3.29607e-10	3.29607e-10	3.29607e-10	3.29607e-10
25.97	1.95683e-17	3.08240e-14	6.75746e-14	1.18717e-13	1.98805e-13	3.28850e-13	5.40260e-13	8.81672e-13	1.43136e-12	2.31704e-12	3.74733e-12	6.03343e-12	9.90972e-12	1.64019e-11	2.73245e-11	4.58214e-11	7.29586e-11	1.08682e-10	1.51357e-10	1.96522e-10	2.38114e-10	2.71089e-10	2.93683e-10	3.07270e-10	3.14645e-10	3.18452e-10	3.20471e-10	3.21679e-10	3.22523e-10	3.23143e-10	3.23586e-10	3.23912e-10	3.24196e-10	3.24494e-10	3.24808e-10	3.25111e-10	3.25370e-10	3.25569e-10	3.25710e-10	3.25802e-10	3.25855e-10	3.25884e-10	3.25899e-10	3.25907e-10	3.25910e-10	3.25912e-10	3.25912e-10	3.25912e-10	3.25912e-10	3.25912e-10
26.03	1.47955e-17	2.33056e-14	5.10923e-14	8.97599e-14	1.50314e-13	2.48639e-13	4.08483e-13	6.66596e-13	1.08221e-12	1.75186e-12	2.83516e-12	4.58302e-12	7.48137e-12	1.23830e-11	2.06459e-11	3.47717e-11	5.74531e-11	8.86607e-11	1.27961e-10	1.72270e-10	2.16058e-10	2.53441e-10	2.80909e-10	2.98469e-10	3.08440e-10	3.13672e-10	3.16382e-10	3.17897e-10	3.18883e-10	3.19603e-10	3.20125e-10	3.20498e-10	3.20792e-10	3.21081e-10	3.21389e-10	3.21701e-10	3.21985e-10	3.22214e-10	3.22382e-10	3.22496e-10	3.22566e-10	3.22605e-10	3.22626e-10	3.22636e-10	3.22642e-10	3.22644e-10	3.22644e-10	3.22644e-10	3.22644e-10	3.22644e-10
26.09	1.11866e-17	1.76211e-14	3.86302e-14	6.78663e-14	1.13650e-13	1.87993e-13	3.08848e-13	5.04094e-13	8.18221e-13	1.32453e-12	2.14487e-12	3.47825e-12	5.64197e-12	9.34523e-12	1.56171e-11	2.62766e-11	4.44512e-11	7.11424e-11	1.06377e-10	1.48499e-10	1.93028e-10	2.33929e-10	2.66248e-10	2.88315e-10	3.01543e-10	3.08710e-10	3.12410e-10	3.14380e-10	3.15566e-10	3.16400e-10	3.17011e-10	3.17448e-10	3.17770e-10	3.18055e-10	3.18353e-10	3.18667e-10	3.18969e-10	3.19226e-10	3.19423e-10	3.19561e-10	3.19651e-10	3.19704e-10	3.19732e-10	3.19746e-10	3.19754e-10	3.19758e-10	3.19759e-10	3.19759e-10	3.19759e-10	3.19759e-10
26.15	8.45804e-18	1.33231e-14	2.92077e-14	5.13128e-14	8.59296e-14	1.42139e-13	2.33516e-13	3.81138e-13	6.18624e-13	1.00144e-12	1.62168e-12	2.63397e-12	4.28254e-12	7.05513e-12	1.17907e-11	1.98563e-11	3.37701e-11	5.61316e-11	8.69697e-11	1.25849e-10	1.69649e-10	2.12834e-10	2.49576e-10	2.76472e-10	2.93605e-10	3.03307e-10	3.08392e-10	3.11030e-10	3.12513e-10	3.13485e-10	3.14196e-10	3.14711e-10	3.15079e-10	3.15372e-10	3.15661e-10	3.15970e-10	3.16282e-10	3.16564e-10	3.16790e-10	3.16956e-10	3.17068e-10	3.17137e-10	3.17175e-10	3.17195e-10	3.17205e-10	3.17211e-10	3.17213e-10	3.17213e-10	3.17213e-10	3.17213e-10
26.21	6.39500e-18	1.00734e-14	2.20836e-14	3.87969e-14	6.49702e-14	1.07469e-13	1.76558e-13	2.88174e-13	4.67790e-13	7.57153e-13	1.22611e-12	1.99267e-12	3.24904e-12	5.32241e-12	8.89817e-12	1.50151e-11	2.55203e-11	4.35084e-11	6.99266e-11	1.04857e-10	1.46598e-10	1.90634e-10	2.30952e-10	2.62683e-10	2.84265e-10	2.97158e-10	3.04128e-10	3.07727e-10	3.09650e-10	3.10816e-10	3.11639e-10	3.12242e-10	3.12673e-10	3.12992e-10	3.13276e-10	3.13576e-10	3.13890e-10	3.14190e-10	3.14445e-10	3.14639e-10	3.14776e-10	3.14864e-10	3.14916e-10	3.14943e-10	3.14957e-10	3.14965e-10	3.14968e-10	3.14969e-10	3.14969e-10	3.14969e-10
26.27	4.83518e-18	7.61634e-15	1.66971e-14	2.93338e-14	4.91231e-14	8.12559e-14	1.33493e-13	2.17884e-13	3.53708e-13	5.72453e-13	9.27025e-13	1.50661e-12	2.46276e-12	4.03238e-12	6.71756e-12	1.13433e-11	1.92832e-11	3.30969e-11	5.52770e-11	8.59052e-11	1.24522e-10	1.67952e-10	2.10642e-10	2.46820e-10	2.73191e-10	2.89924e-10	2.99371e-10	3.04317e-10	3.06887e-10	3.08340e-10	3.09298e-10	3.10000e-10	3.10509e-10	3.10872e-10	3.11164e-10	3.11453e-10	3.11762e-10	3.12074e-10	3.12354e-10	3.12578e-10	3.12741e-10	3.12851e-10	3.12919e-10	3.12956e-10	3.12976e-10	3.12986e-10	3.12991e-10	3.12993e-10	3.12993e-10	3.12993e-10
26.33	3.65580e-18	5.75862e-15	1.26244e-14	2.21789e-14	3.71413e-14	6.14365e-14	1.00933e-13	1.64739e-13	2.67434e-13	4.32840e-13	7.00892e-13	1.13911e-12	1.86314e-12	3.06049e-12	5.06793e-12	8.55812e-12	1.45759e-11	2.50117e-11	4.29237e-11	6.92052e-11	1.03972e-10	1.45464e-10	1.89117e-10	2.28929e-10	2.60126e-10	2.81253e-10	2.93829e-10	3.00611e-10	3.04114e-10	3.05993e-10	3.07139e-10	3.07952e-10	3.08548e-10	3.08973e-10	3.09289e-10	3.09573e-10	3.09873e-10	3.10187e-10	3.10487e-10	3.10739e-10	3.10931e-10	3.11066e-10	3.11152e-10	3.11203e-10	3.11229e-10	3.11243e-10	3.11250e-10	3.11254e-10	3.11255e-10	3.11255e-10
26.39	2.76410e-18	4.35401e-15	9.54517e-15	1.67692e-14	2.80820e-14	4.64513e-14	7.63137e-14	1.24557e-13	2.02203e-13	3.27308e-13	5.29917e-13	8.61244e-13	1.40868e-12	2.32218e-12	3.83334e-12	6.46078e-12	1.10180e-11	1.89034e-11	3.26995e-11	5.48076e-11	8.53499e-11	1.23825e-10	1.66991e-10	2.09267e-10	2.44935e-10	2.70817e-10	2.87172e-10	2.96375e-10	3.01188e-10	3.03694e-10	3.05118e-10	3.06063e-10	3.06756e-10	3.07258e-10	3.07617e-10	3.07907e-10	3.08197e-10	3.08507e-10	3.08818e-10	3.09096e-10	3.09318e-10	3.09479e-10	3.09587e-10	3.09653e-10	3.09690e-10	3.09709e-10	3.09719e-10	3.09724e-10	3.09725e-10	3.09726e-10
26.45	2.08990e-18	3.29201e-15	7.21698e-15	1.26789e-14	2.12324e-14	3.51212e-14	5.76998e-14	9.41760e-14	1.52883e-13	2.47473e-13	4.00648e-13	6.51158e-13	1.06506e-12	1.75679e-12	2.91064e-12	4.87406e-12	8.31228e-12	1.42808e-11	2.47116e-11	4.26351e-11	6.88864e-11	1.03599e-10	1.44942e-10	1.88291e-10	2.27655e-10	2.58356e-10	2.79054e-10	2.91326e-10	2.97929e-10	3.01340e-10	3.03176e-10	3.04304e-10	3.05107e-10	3.05695e-10	3.06114e-10	3.06428e-10	3.06712e-10	3.07013e-10	3.07327e-10	3.07625e-10	3.07875e-10	3.08065e-10	3.08198e-10	3.08283e-10	3.08332e-10	3.08357e-10	3.08371e-10	3.08378e-10	3.08381e-10	3.08382e-10
26.51	1.58014e-18	2.48904e-15	5.45666e-15	9.58636e-15	1.60536e-14	2.65547e-14	4.36260e-14	7.12052e-14	1.15593e-13	1.87111e-13	3.02986e-13	4.92315e-13	8.05262e-13	1.32827e-12	2.21085e-12	3.68070e-12	6.27497e-12	1.07986e-11	1.86814e-11	3.25313e-11	5.46525e-11	8.52048e-11	1.23631e-10	1.66610e-10	2.08531e-10	2.43730e-10	2.69150e-10	2.85143e-10	2.94113e-10	2.98798e-10	3.01242e-10	3.02639e-10	3.03571e-10	3.04256e-10	3.04751e-10	3.05106e-10	3.05395e-10	3.05686e-10	3.05996e-10	3.06306e-10	3.06583e-10	3.06802e-10	3.06961e-10	3.07067e-10	3.07132e-10	3.07167e-10	3.07186e-10	3.07196e-10	3.07200e-10	3.07202e-10
26.57	1.19471e-18	1.88193e-15	4.12570e-15	7.24812e-15	1.21379e-14	2.00776e-14	3.29850e-14	5.38373e-14	8.73981e-14	1.41472e-13	2.29083e-13	3.72218e-13	6.08832e-13	1.00427e-12	1.67256e-12	2.79710e-12	4.73382e-12	8.14686e-12	1.41000e-11	2.45848e-11	4.25888e-11	6.88925e-11	1.03635e-10	1.44903e-10	1.88007e-10	2.26966e-10	2.57198e-10	2.77486e-10	2.89466e-10	2.95897e-10	2.99220e-10	3.01015e-10	3.02125e-10	3.02918e-10	3.03499e-10	3.03913e-10	3.04223e-10	3.04508e-10	3.04809e-10	3.05124e-10	3.05420e-10	3.05668e-10	3.05856e-10	3.05986e-10	3.06070e-10	3.06117e-10	3.06143e-10	3.06156e-10	3.06163e-10	3.06166e-10
26.64	9.03319e-19	1.42290e-15	3.11939e-15	5.48021e-15	9.17728e-15	1.51804e-14	2.49395e-14	4.07056e-14	6.60805e-14	1.06965e-13	1.73207e-13	2.81486e-13	4.60314e-13	7.59297e-13	1.26458e-12	2.12611e-12	3.56875e-12	6.15010e-12	1.06718e-11	1.85877e-11	3.25499e-11	5.47518e-11	8.53881e-11	1.23835e-10	1.66685e-10	2.08293e-10	2.43052e-10	2.68031e-10	2.83675e-10	2.92421e-10	2.96983e-10	2.99368e-10	3.00738e-10	3.01658e-10	3.02334e-10	3.02823e-10	3.03173e-10	3.03462e-10	3.03753e-10	3.04064e-10	3.04374e-10	3.04648e-10	3.04865e-10	3.05021e-10	3.05126e-10	3.05189e-10	3.05224e-10	3.05242e-10	3.05252e-10	3.05256e-10
26.70	6.82984e-19	1.07584e-15	2.35853e-15	4.14351e-15	6.93881e-15	1.14777e-14	1.88564e-14	3.07770e-14	4.99626e-14	8.08748e-14	1.30959e-13	2.12828e-13	3.48022e-13	5.74079e-13	9.56118e-13	1.60845e-12	2.71479e-12	4.63962e-12	8.04941e-12	1.40178e-11	2.46008e-11	4.27391e-11	6.91597e-11	1.03995e-10	1.45243e-10	1.88145e-10	2.26728e-10	2.56514e-10	2.76405e-10	2.88105e-10	2.94369e-10	2.97607e-10	2.99363e-10	3.00455e-10	3.01239e-10	3.01812e-10	3.02221e-10	3.02529e-10	3.02814e-10	3.03116e-10	3.03430e-10	3.03726e-10	3.03971e-10	3.04156e-10	3.04285e-10	3.04366e-10	3.04413e-10	3.04438e-10	3.04451e-10	3.04458e-10
26.76	5.16395e-19	8.13426e-16	1.78325e-15	3.13285e-15	5.24635e-15	8.67814e-15	1.42571e-14	2.32700e-14	3.77760e-14	6.11484e-14	9.90167e-14	1.60916e-13	2.63189e-13	4.34038e-13	7.22891e-13	1.21611e-12	2.06476e-12	3.49653e-12	6.07646e-12	1.06178e-11	1.85999e-11	3.27198e-11	5.50560e-11	8.58331e-11	1.24352e-10	1.67116e-10	2.08440e-10	2.42782e-10	2.67333e-10	2.82641e-10	2.91170e-10	2.95613e-10	2.97940e-10	2.99284e-10	3.00193e-10	3.00861e-10	3.01343e-10	3.01690e-10	3.01977e-10	3.02269e-10	3.02581e-10	3.02890e-10	3.03162e-10	3.03376e-10	3.03531e-10	3.03634e-10	3.03696e-10	3.03729e-10	3.03747e-10	3.03756e-10
26.82	3.90441e-19	6.15021e-16	1.34829e-15	2.36871e-15	3.96669e-15	6.56142e-15	1.07796e-14	1.75942e-14	2.85620e-14	4.62334e-14	7.48652e-14	1.21666e-13	1.98993e-13	3.28157e-13	5.46554e-13	9.19470e-13	1.56203e-12	2.65869e-12	4.58417e-12	8.00844e-12	1.40351e-11	2.47340e-11	4.30486e-11	6.96357e-11	1.04611e-10	1.45880e-10	1.88610e-10	2.26838e-10	2.56193e-10	2.75700e-10	2.87127e-10	2.93230e-10	2.96386e-10	2.98104e-10	2.99180e-10	2.99954e-10	3.00520e-10	3.00923e-10	3.01229e-10	3.01514e-10	3.01817e-10	3.02131e-10	3.02425e-10	3.02669e-10	3.02851e-10	3.02978e-10	3.03058e-10	3.03104e-10	3.03128e-10	3.03140e-10
26.88	2.95206e-19	4.65009e-16	1.01943e-15	1.79095e-15	2.99916e-15	4.96100e-15	8.15031e-15	1.33027e-14	2.15953e-14	3.49565e-14	5.66045e-14	9.19904e-14	1.50456e-13	2.48165e-13	4.13227e-13	6.95183e-13	1.18102e-12	2.02345e-12	3.45463e-12	6.04537e-12	1.06249e-11	1.87006e-11	3.30125e-11	5.55251e-11	8.64862e-11	1.25116e-10	1.67822e-10	2.08885e-10	2.42823e-10	2.66960e-10	2.81940e-10	2.90257e-10	2.94586e-10	2.96858e-10	2.98177e-10	2.99075e-10	2.99735e-10	3.00210e-10	3.00553e-10	3.00840e-10	3.01133e-10	3.01444e-10	3.01753e-10	3.02023e-10	3.02235e-10	3.02387e-10	3.02488e-10	3.02549e-10	3.02582e-10	3.02599e-10
26.94	2.23202e-19	3.51587e-16	7.70773e-16	1.35411e-15	2.26762e-15	3.75095e-15	6.16233e-15	1.00580e-14	1.63279e-14	2.64301e-14	4.27979e-14	6.95527e-14	1.13758e-13	1.87634e-13	3.12423e-13	5.25604e-13	8.92935e-13	1.53078e-12	2.62614e-12	4.56096e-12	8.01403e-12	1.41191e-11	2.49630e-11	4.34864e-11	7.02786e-11	1.05431e-10	1.46749e-10	1.89327e-10	2.27215e-10	2.56150e-10	2.75283e-10	2.86443e-10	2.92391e-10	2.95467e-10	2.97149e-10	2.98209e-10	2.98974e-10	2.99533e-10	2.99930e-10	3.00234e-10	3.00520e-10	3.00823e-10	3.01137e-10	3.01430e-10	3.01671e-10	3.01851e-10	3.01976e-10	3.02054e-10	3.02099e-10	3.02122e-10
27.00	1.68760e-19	2.65830e-16	5.82771e-16	1.02382e-15	1.71452e-15	2.83604e-15	4.65926e-15	7.60472e-15	1.23453e-14	1.99834e-14	3.23589e-14	5.25878e-14	8.60108e-14	1.41868e-13	2.36266e-13	3.97388e-13	6.75120e-13	1.15739e-12	1.99903e-12	3.43726e-12	6.04928e-12	1.06825e-11	1.88727e-11	3.34047e-11	5.61264e-11	8.73046e-11	1.26073e-10	1.68741e-10	2.09556e-10	2.43102e-10	2.66833e-10	2.81493e-10	2.89606e-10	2.93823e-10	2.96041e-10	2.97337e-10	2.98224e-10	2.98875e-10	2.99344e-10	2.99684e-10	2.99970e-10	3.00263e-10	3.00575e-10	3.00883e-10	3.01151e-10	3.01361e-10	3.01511e-10	3.01610e-10	3.01670e-10	3.01702e-10
