# Program settings for SigmaNu
# Electroweak scheme and input parameters
# Scheme = Complex mass scheme
# alpha_GF = 0.00755898078237864
# Pole masses/widths for particles [GeV]
# mw = 80.35797361
# gw = 2.084298894
# mz = 91.15348062
# gz = 2.494266379
# s^2_thetaw (derived) = (0.222868505240788,-0.00110716741475141)
# charged leptons
# m_e = 0.0005109989461
# m_m = 0.10565837
# m_t = 1.77686
# quarks
# m_d = 0.05
# m_u = 0.05
# m_s = 0.2
# m_c = 1.51
# m_b = 4.92
# m_t = 173
# Ecms (default) = 2412180

# channel_id = 6
# process  = nu_e nu_mu~ -> nu_e nu_mu~
-0.99	1.26396786080269e-12
-0.97	1.16078621270248e-11
-0.95	3.29088699886265e-11
-0.93	6.58451279580096e-11
-0.91	1.11137460355255e-10
-0.89	1.69552401696862e-10
-0.87	2.41905462571032e-10
-0.85	3.29064661214741e-10
-0.83	4.31954345285079e-10
-0.81	5.51559330854707e-10
-0.79	6.88929388491668e-10
-0.77	8.45184109444642e-10
-0.75	1.02151818848866e-09
-0.73	1.21920716394222e-09
-0.71	1.43961365980012e-09
-0.69	1.68419417990156e-09
-0.67	1.95450650964253e-09
-0.65	2.25221778703039e-09
-0.63	2.57911331196289e-09
-0.61	2.93710617060542e-09
-0.59	3.32824776076841e-09
-0.57	3.75473931439926e-09
-0.55	4.21894452487403e-09
-0.53	4.72340339990205e-09
-0.51	5.27084747577542e-09
-0.49	5.86421654567543e-09
-0.47	6.50667707410585e-09
-0.45	7.20164249162808e-09
-0.429999999999999	7.95279558935891e-09
-0.409999999999999	8.76411326166619e-09
-0.389999999999999	9.63989387875891e-09
-0.369999999999999	1.05847876091216e-08
-0.349999999999999	1.16038300558212e-08
-0.329999999999999	1.27024796216041e-08
-0.309999999999999	1.38866590765732e-08
-0.289999999999999	1.51628018704834e-08
-0.269999999999999	1.65379038109795e-08
-0.249999999999999	1.80195808214137e-08
-0.229999999999999	1.96161335996033e-08
-0.209999999999999	2.1336620124888e-08
-0.189999999999999	2.31909371085799e-08
-0.169999999999999	2.51899116565475e-08
-0.149999999999999	2.73454046173034e-08
-0.129999999999999	2.96704273307522e-08
-0.109999999999999	3.21792737792194e-08
-0.0899999999999994	3.48876704827585e-08
-0.0699999999999994	3.78129468863369e-08
-0.0499999999999994	4.097422947133e-08
-0.0299999999999994	4.43926634050752e-08
-0.00999999999999938	4.80916662415736e-08
0.0100000000000006	5.20972190305532e-08
0.0300000000000006	5.64382012146214e-08
0.0500000000000006	6.11467769373363e-08
0.0700000000000006	6.62588419020772e-08
0.0900000000000006	7.18145417802785e-08
0.110000000000001	7.78588754542299e-08
0.130000000000001	8.44423992048664e-08
0.150000000000001	9.16220514612603e-08
0.170000000000001	9.94621221004305e-08
0.190000000000001	1.08035395763955e-07
0.210000000000001	1.17424505556597e-07
0.230000000000001	1.27723542226811e-07
0.250000000000001	1.39039975050301e-07
0.270000000000001	1.51496954881331e-07
0.290000000000001	1.65236088191816e-07
0.310000000000001	1.80420794726504e-07
0.330000000000001	1.97240392495912e-07
0.350000000000001	2.15915094730452e-07
0.370000000000001	2.36702157635681e-07
0.390000000000001	2.59903490236616e-07
0.410000000000001	2.85875135241516e-07
0.430000000000001	3.15039162655458e-07
0.450000000000001	3.47898700245018e-07
0.470000000000001	3.85057077996051e-07
0.490000000000001	4.27242418689076e-07
0.510000000000001	4.75339510617153e-07
0.530000000000001	5.30431522873056e-07
0.550000000000001	5.9385517931076e-07
0.570000000000001	6.67274568530336e-07
0.590000000000001	7.52781113228296e-07
0.610000000000001	8.53030808980323e-07
0.630000000000001	9.71435430648595e-07
0.650000000000001	1.11243329274027e-06
0.670000000000001	1.28187961209626e-06
0.690000000000001	1.48762065183611e-06
0.710000000000001	1.74035722958261e-06
0.730000000000001	2.05497647256203e-06
0.750000000000001	2.45266512252842e-06
0.770000000000001	2.96437427070831e-06
0.790000000000001	3.63671816599235e-06
0.810000000000001	4.54247054663377e-06
0.830000000000001	5.80024725691807e-06
0.850000000000001	7.61382880180749e-06
0.870000000000001	1.03571120469546e-05
0.890000000000001	1.47768001845442e-05
0.910000000000001	2.25436313178603e-05
0.930000000000001	3.80505280222968e-05
0.950000000000001	7.61327206209916e-05
0.970000000000001	0.000215840056217093
0.990000000000001	0.00198220282157345
