# Program settings for SigmaNu
# Electroweak scheme and input parameters
# Scheme = Complex mass scheme
# alpha_GF = 0.00755898078237864
# Pole masses/widths for particles [GeV]
# mw = 80.35797361
# gw = 2.084298894
# mz = 91.15348062
# gz = 2.494266379
# s^2_thetaw (derived) = (0.222868505240788,-0.00110716741475141)
# charged leptons
# m_e = 0.0005109989461
# m_m = 0.10565837
# m_t = 1.77686
# quarks
# m_d = 0.05
# m_u = 0.05
# m_s = 0.2
# m_c = 1.51
# m_b = 4.92
# m_t = 173
# Ecms (default) = 228625

# channel_id = 6
# process  = nu_e nu_mu~ -> nu_e nu_mu~
-0.99	1.40704465675002e-10
-0.97	1.29218319833247e-09
-0.95	3.66340401622257e-09
-0.93	7.32985682843741e-09
-0.91	1.23717835344567e-08
-0.89	1.8874514475247e-08
-0.87	2.69288319891814e-08
-0.85	3.66313635457695e-08
-0.83	4.80850071836905e-08
-0.81	6.13993922620792e-08
-0.79	7.66913788490958e-08
-0.77	9.40855994236685e-08
-0.75	1.137150469597e-07
-0.73	1.35721713902396e-07
-0.71	1.60257287039899e-07
-0.69	1.87483903827247e-07
-0.67	2.17574976341889e-07
-0.65	2.50716089750092e-07
-0.63	2.87105982952154e-07
-0.61	3.26957619963997e-07
-0.59	3.70499361597689e-07
-0.57	4.17976248140314e-07
-0.55	4.6965140501865e-07
-0.53	5.25807584898521e-07
-0.51	5.86748861328444e-07
-0.49	6.52802490927402e-07
-0.47	7.24320963271478e-07
-0.45	8.01684260094827e-07
-0.429999999999999	8.85302348235242e-07
-0.409999999999999	9.7561793398002e-07
-0.389999999999999	1.07310951017042e-06
-0.369999999999999	1.17829473168142e-06
-0.349999999999999	1.29173415980015e-06
-0.329999999999999	1.41403542169149e-06
-0.309999999999999	1.54585783769282e-06
-0.289999999999999	1.68791757677741e-06
-0.269999999999999	1.8409934093519e-06
-0.249999999999999	2.00593313682961e-06
-0.229999999999999	2.18366078941303e-06
-0.209999999999999	2.37518469754517e-06
-0.189999999999999	2.58160655893491e-06
-0.169999999999999	2.80413164239186e-06
-0.149999999999999	3.04408029248562e-06
-0.129999999999999	3.30290092595958e-06
-0.109999999999999	3.58218474271877e-06
-0.0899999999999994	3.88368241210136e-06
-0.0699999999999994	4.20932304029544e-06
-0.0499999999999994	4.56123577873308e-06
-0.0299999999999994	4.94177449800663e-06
-0.00999999999999938	5.35354602970128e-06
0.0100000000000006	5.79944257250615e-06
0.0300000000000006	6.28267897279127e-06
0.0500000000000006	6.80683572821947e-06
0.0700000000000006	7.37590873183928e-06
0.0900000000000006	7.99436698101218e-06
0.110000000000001	8.66721973007522e-06
0.130000000000001	9.40009488014118e-06
0.150000000000001	1.01993307897567e-05
0.170000000000001	1.10720841768158e-05
0.190000000000001	1.20264573919191e-05
0.210000000000001	1.30716491113307e-05
0.230000000000001	1.42181334700206e-05
0.250000000000001	1.5477873893295e-05
0.270000000000001	1.68645794710989e-05
0.290000000000001	1.83940137623747e-05
0.310000000000001	2.00843685671825e-05
0.330000000000001	2.19567186655762e-05
0.350000000000001	2.40355780753831e-05
0.370000000000001	2.63495844163741e-05
0.390000000000001	2.89323460331661e-05
0.410000000000001	3.18234973986796e-05
0.430000000000001	3.50700231031491e-05
0.450000000000001	3.87279310350755e-05
0.470000000000001	4.28643835287744e-05
0.490000000000001	4.7560434769522e-05
0.510000000000001	5.29145788410323e-05
0.530000000000001	5.90473934397577e-05
0.550000000000001	6.61076817976e-05
0.570000000000001	7.42806891507917e-05
0.590000000000001	8.37992312462882e-05
0.610000000000001	9.49589716475158e-05
0.630000000000001	0.00010813970666545
0.650000000000001	0.000123835506158274
0.670000000000001	0.000142698168341939
0.690000000000001	0.000165601132937537
0.710000000000001	0.000193735606033957
0.730000000000001	0.000228758809656895
0.750000000000001	0.000273029232524677
0.770000000000001	0.00032999232027935
0.790000000000001	0.000404837123476023
0.810000000000001	0.000505664735286249
0.830000000000001	0.000645679332261804
0.850000000000001	0.000847565500102435
0.870000000000001	0.00115294491204901
0.890000000000001	0.00164493939015282
0.910000000000001	0.00250953247534285
0.930000000000001	0.00423573484717857
0.950000000000001	0.00847496403669653
0.970000000000001	0.0240267434328179
0.990000000000001	0.220644299300536
