# Program settings for SigmaNu
# Electroweak scheme and input parameters
# Scheme = Complex mass scheme
# alpha_GF = 0.00755898078237864
# Pole masses/widths for particles [GeV]
# mw = 80.35797361
# gw = 2.084298894
# mz = 91.15348062
# gz = 2.494266379
# s^2_thetaw (derived) = (0.222868505240788,-0.00110716741475141)
# charged leptons
# m_e = 0.0005109989461
# m_m = 0.10565837
# m_t = 1.77686
# quarks
# m_d = 0.05
# m_u = 0.05
# m_s = 0.2
# m_c = 1.51
# m_b = 4.92
# m_t = 173
# Ecms (default) = 622415

# channel_id = 6
# process  = nu_e nu_mu~ -> nu_e nu_mu~
-0.99	1.89843327476634e-11
-0.97	1.74345823064252e-10
-0.95	4.94279132462438e-10
-0.93	9.8896962190926e-10
-0.91	1.66924380752712e-09
-0.89	2.54661475575896e-09
-0.87	3.63333113561153e-09
-0.85	4.94243026164156e-09
-0.83	6.48779549555269e-09
-0.81	8.28421841238174e-09
-0.79	1.03474661797639e-08
-0.77	1.26943546462413e-08
-0.75	1.53428276876582e-08
-0.73	1.83120434201017e-08
-0.71	2.16224679544357e-08
-0.69	2.52959774421998e-08
-0.67	2.93559692466002e-08
-0.65	3.3827483166773e-08
-0.63	3.87373337499057e-08
-0.61	4.41142548458337e-08
-0.59	4.99890576943253e-08
-0.57	5.63948039886604e-08
-0.55	6.33669955328922e-08
-0.53	7.09437823073626e-08
-0.51	7.91661909811154e-08
-0.49	8.8078376164885e-08
-0.47	9.77278969890868e-08
-0.45	1.08166021923248e-07
-0.429999999999999	1.19448065133095e-07
-0.409999999999999	1.3163375810671e-07
-0.389999999999999	1.44787660780722e-07
-0.369999999999999	1.58979616972076e-07
-0.349999999999999	1.74285259582937e-07
-0.329999999999999	1.90786571810645e-07
-0.309999999999999	2.08572511478872e-07
-0.289999999999999	2.27739706631178e-07
-0.269999999999999	2.48393231719058e-07
-0.249999999999999	2.70647475103007e-07
-0.229999999999999	2.94627110203166e-07
-0.209999999999999	3.20468184528509e-07
-0.189999999999999	3.48319343032494e-07
-0.169999999999999	3.78343204851171e-07
-0.149999999999999	4.10717915553239e-07
-0.129999999999999	4.45638900663045e-07
-0.109999999999999	4.83320850520152e-07
-0.0899999999999994	5.23999971651372e-07
-0.0699999999999994	5.67936545923246e-07
-0.0499999999999994	6.15417846024813e-07
-0.0299999999999994	6.66761464561857e-07
-0.00999999999999938	7.22319124547477e-07
0.0100000000000006	7.82481051752398e-07
0.0300000000000006	8.47681004736118e-07
0.0500000000000006	9.18402077050972e-07
0.0700000000000006	9.95183408896749e-07
0.0900000000000006	1.07862797342014e-06
0.110000000000001	1.16941163719791e-06
0.130000000000001	1.26829373687624e-06
0.150000000000001	1.37612946660213e-06
0.170000000000001	1.49388443654671e-06
0.190000000000001	1.6226518450963e-06
0.210000000000001	1.76367281090302e-06
0.230000000000001	1.91836054217814e-06
0.250000000000001	2.08832918764927e-06
0.270000000000001	2.27542842753475e-06
0.290000000000001	2.48178513857908e-06
0.310000000000001	2.70985382478445e-06
0.330000000000001	2.96247797248402e-06
0.350000000000001	3.242965102732e-06
0.370000000000001	3.55517910829691e-06
0.390000000000001	3.90365455068638e-06
0.410000000000001	4.29373905918506e-06
0.430000000000001	4.73177196849178e-06
0.450000000000001	5.22531007068637e-06
0.470000000000001	5.78341515783173e-06
0.490000000000001	6.41702336322093e-06
0.510000000000001	7.13942387767229e-06
0.530000000000001	7.96688549751952e-06
0.550000000000001	8.91948531683111e-06
0.570000000000001	1.00222173256892e-05
0.590000000000001	1.13064939122835e-05
0.610000000000001	1.28122071378227e-05
0.630000000000001	1.4590600584785e-05
0.650000000000001	1.67083360754249e-05
0.670000000000001	1.92533567719672e-05
0.690000000000001	2.23435106015125e-05
0.710000000000001	2.61395198223696e-05
0.730000000000001	3.08649834799591e-05
0.750000000000001	3.68381184423653e-05
0.770000000000001	4.45237983967329e-05
0.790000000000001	5.46221516895386e-05
0.810000000000001	6.82262121943104e-05
0.830000000000001	8.71175446147834e-05
0.850000000000001	0.000114356853990902
0.870000000000001	0.000155559927031807
0.890000000000001	0.000221941955498643
0.910000000000001	0.000338596769720513
0.930000000000001	0.000571504316119759
0.950000000000001	0.00114348369875756
0.970000000000001	0.00324182979780386
0.990000000000001	0.0297717206853695
