# Program settings for SigmaNu
# Electroweak scheme and input parameters
# Scheme = Complex mass scheme
# alpha_GF = 0.00755898078237864
# Pole masses/widths for particles [GeV]
# mw = 80.35797361
# gw = 2.084298894
# mz = 91.15348062
# gz = 2.494266379
# s^2_thetaw (derived) = (0.222868505240788,-0.00110716741475141)
# charged leptons
# m_e = 0.0005109989461
# m_m = 0.10565837
# m_t = 1.77686
# quarks
# m_d = 0.05
# m_u = 0.05
# m_s = 0.2
# m_c = 1.51
# m_b = 4.92
# m_t = 173
# Ecms (default) = 40721.5

# channel_id = 6
# process  = nu_e nu_mu~ -> nu_e nu_mu~
-0.99	4.43510135004312e-09
-0.97	4.07304974474571e-08
-0.95	1.15472986375468e-07
-0.93	2.31042049046517e-07
-0.91	3.89966950801106e-07
-0.89	5.94937346411533e-07
-0.87	8.48814739430341e-07
-0.85	1.15464487383182e-06
-0.83	1.51567114388516e-06
-0.81	1.93534911710089e-06
-0.79	2.41736227502338e-06
-0.77	2.96563908773275e-06
-0.75	3.58437155031936e-06
-0.73	4.2780353234741e-06
-0.71	5.05141163589385e-06
-0.69	5.90961112365732e-06
-0.67	6.85809980133976e-06
-0.65	7.90272738169997e-06
-0.63	9.04975818563051e-06
-0.61	1.03059049121028e-05
-0.59	1.16783655695146e-05
-0.57	1.31748639056823e-05
-0.55	1.48036937143167e-05
-0.53	1.65737674418859e-05
-0.51	1.84946695711127e-05
-0.49	2.0576715316934e-05
-0.47	2.28310152386688e-05
-0.45	2.52695464497041e-05
-0.429999999999999	2.79052311947273e-05
-0.409999999999999	3.07520236661954e-05
-0.389999999999999	3.38250060484373e-05
-0.369999999999999	3.71404949120051e-05
-0.349999999999999	4.07161592355436e-05
-0.329999999999999	4.45711515110084e-05
-0.309999999999999	4.87262535946245e-05
-0.289999999999999	5.32040392054363e-05
-0.269999999999999	5.80290552514959e-05
-0.249999999999999	6.32280244876257e-05
-0.229999999999999	6.88300723866612e-05
-0.209999999999999	7.48669815481678e-05
-0.189999999999999	8.13734774869742e-05
-0.169999999999999	8.83875502531306e-05
-0.149999999999999	9.59508170528838e-05
-0.129999999999999	0.000104108931888588
-0.109999999999999	0.000112912049240595
-0.0899999999999994	0.000122415350008391
-0.0699999999999994	0.000132679639351413
-0.0499999999999994	0.000143772027770997
-0.0299999999999994	0.000155766708814611
-0.00999999999999938	0.000168745849237196
0.0100000000000006	0.000182800610416145
0.0300000000000006	0.000198032323404067
0.0500000000000006	0.00021455384436502
0.0700000000000006	0.00023249112246259
0.0900000000000006	0.000251985018789578
0.110000000000001	0.000273193422951861
0.130000000000001	0.000296293723831514
0.150000000000001	0.000321485703356284
0.170000000000001	0.000348994937441548
0.190000000000001	0.000379076807490278
0.210000000000001	0.00041202125004089
0.230000000000001	0.000448158402798667
0.250000000000001	0.000487865344305654
0.270000000000001	0.000531574174477442
0.290000000000001	0.000579781747634767
0.310000000000001	0.000633061453188782
0.330000000000001	0.000692077548228841
0.350000000000001	0.000757602689763812
0.370000000000001	0.000830539504583194
0.390000000000001	0.000911947288882998
0.410000000000001	0.00100307527237122
0.430000000000001	0.00110540434748226
0.450000000000001	0.00122069980415604
0.470000000000001	0.00135107849839484
0.490000000000001	0.00149909512820985
0.510000000000001	0.0016678540584116
0.530000000000001	0.00186115567711351
0.550000000000001	0.0020836899704207
0.570000000000001	0.00234129547899861
0.590000000000001	0.0026413100304589
0.610000000000001	0.00299305222438037
0.630000000000001	0.00340849225074495
0.650000000000001	0.00390320180310678
0.670000000000001	0.00449772358165246
0.690000000000001	0.00521958553174563
0.710000000000001	0.00610633020779485
0.730000000000001	0.00721018678055661
0.750000000000001	0.00860548473157298
0.770000000000001	0.0104008082920293
0.790000000000001	0.0127596892928675
0.810000000000001	0.0159374271108313
0.830000000000001	0.0203501310793863
0.850000000000001	0.0267126507651215
0.870000000000001	0.0363365448560099
0.890000000000001	0.051840977935037
0.910000000000001	0.0790859034226037
0.930000000000001	0.13347756417939
0.950000000000001	0.267035633131099
0.970000000000001	0.7568571486651
0.990000000000001	6.94145024509971
