# Program settings for SigmaNu
# Electroweak scheme and input parameters
# Scheme = Complex mass scheme
# alpha_GF = 0.00755898078237864
# Pole masses/widths for particles [GeV]
# mw = 80.35797361
# gw = 2.084298894
# mz = 91.15348062
# gz = 2.494266379
# s^2_thetaw (derived) = (0.222868505240788,-0.00110716741475141)
# charged leptons
# m_e = 0.0005109989461
# m_m = 0.10565837
# m_t = 1.77686
# quarks
# m_d = 0.05
# m_u = 0.05
# m_s = 0.2
# m_c = 1.51
# m_b = 4.92
# m_t = 173
# Ecms (default) = 125888

# channel_id = 6
# process  = nu_e nu_mu~ -> nu_e nu_mu~
-0.99	4.64073031887884e-10
-0.97	4.26189294886481e-09
-0.95	1.20826796439887e-08
-0.93	2.41754146728973e-08
-0.91	4.0804752646339e-08
-0.89	6.225213091562e-08
-0.87	8.88169686553292e-08
-0.85	1.20817963499771e-07
-0.83	1.58594494725632e-07
-0.81	2.02508142905024e-07
-0.79	2.52944336992215e-07
-0.77	3.10314140967905e-07
-0.75	3.75056193462386e-07
-0.73	4.47638815231349e-07
-0.71	5.28562300985885e-07
-0.69	6.18361413904809e-07
-0.67	7.17608103209761e-07
-0.65	8.26914467492402e-07
-0.63	9.46935989084168e-07
-0.61	1.07837506769313e-06
-0.59	1.22198488484716e-06
-0.57	1.37857363443241e-06
-0.55	1.54900915886386e-06
-0.53	1.73422403524544e-06
-0.51	1.93522116135394e-06
-0.49	2.15307989751575e-06
-0.47	2.38896282755263e-06
-0.45	2.64412321008863e-06
-0.429999999999999	2.91991320079413e-06
-0.409999999999999	3.21779293678103e-06
-0.389999999999999	3.53934058657512e-06
-0.369999999999999	3.8862634831365e-06
-0.349999999999999	4.26041047358257e-06
-0.329999999999999	4.66378563795214e-06
-0.309999999999999	5.09856355096463e-06
-0.289999999999999	5.56710628578567e-06
-0.269999999999999	6.07198238792095e-06
-0.249999999999999	6.61598808125266e-06
-0.229999999999999	7.20217100778432e-06
-0.209999999999999	7.8338568489205e-06
-0.189999999999999	8.51467923034922e-06
-0.169999999999999	9.24861337634949e-06
-0.149999999999999	1.00400140544777e-05
-0.129999999999999	1.08936584403583e-05
-0.109999999999999	1.18147946374809e-05
-0.0899999999999994	1.28091967118763e-05
-0.0699999999999994	1.38832272504631e-05
-0.0499999999999994	1.50439086298606e-05
-0.0299999999999994	1.62990043959013e-05
-0.00999999999999938	1.76571124108373e-05
0.0100000000000006	1.91277717351582e-05
0.0300000000000006	2.07215855863583e-05
0.0500000000000006	2.24503631733984e-05
0.0700000000000006	2.43272837625956e-05
0.0900000000000006	2.63670870130981e-05
0.110000000000001	2.85862944596428e-05
0.130000000000001	3.10034680575848e-05
0.150000000000001	3.36395129925255e-05
0.170000000000001	3.65180335620233e-05
0.190000000000001	3.96657529480814e-05
0.210000000000001	4.31130102319871e-05
0.230000000000001	4.68943512100255e-05
0.250000000000001	5.10492336517946e-05
0.270000000000001	5.56228728723871e-05
0.290000000000001	6.06672602288895e-05
0.310000000000001	6.62423958929002e-05
0.330000000000001	7.24177886667221e-05
0.350000000000001	7.92742906280335e-05
0.370000000000001	8.69063542934718e-05
0.390000000000001	9.54248265909189e-05
0.410000000000001	0.000104960429779775
0.430000000000001	0.000115668128216061
0.450000000000001	0.000127732646816763
0.470000000000001	0.000141375499981744
0.490000000000001	0.000156864020063343
0.510000000000001	0.000174523059480627
0.530000000000001	0.000194750306539007
0.550000000000001	0.000218036542607272
0.570000000000001	0.000244992741513043
0.590000000000001	0.000276386773345496
0.610000000000001	0.000313193791713719
0.630000000000001	0.000356666435176937
0.650000000000001	0.00040843423681808
0.670000000000001	0.000470646945630296
0.690000000000001	0.000546185322829595
0.710000000000001	0.000638978177549455
0.730000000000001	0.000754491317959906
0.750000000000001	0.000900503445545455
0.770000000000001	0.00108837822098798
0.790000000000001	0.00133522998731491
0.810000000000001	0.00166777744521305
0.830000000000001	0.00212957000491006
0.850000000000001	0.002795424767861
0.870000000000001	0.00380261576501319
0.890000000000001	0.00542528928139754
0.910000000000001	0.00827683957720913
0.930000000000001	0.0139700663480319
0.950000000000001	0.0279514241393619
0.970000000000001	0.0792414703677184
0.990000000000001	0.72762568275508
