# Program settings for SigmaNu
# Electroweak scheme and input parameters
# Scheme = Complex mass scheme
# alpha_GF = 0.00755898078237864
# Pole masses/widths for particles [GeV]
# mw = 80.35797361
# gw = 2.084298894
# mz = 91.15348062
# gz = 2.494266379
# s^2_thetaw (derived) = (0.222868505240788,-0.00110716741475141)
# charged leptons
# m_e = 0.0005109989461
# m_m = 0.10565837
# m_t = 1.77686
# quarks
# m_d = 0.05
# m_u = 0.05
# m_s = 0.2
# m_c = 1.51
# m_b = 4.92
# m_t = 173
# Ecms (default) = 351468

# channel_id = 6
# process  = nu_e nu_mu~ -> nu_e nu_mu~
-0.99	5.95365710329387e-11
-0.97	5.46764145331059e-10
-0.95	1.55010371001751e-09
-0.93	3.10149746942775e-09
-0.91	5.23489834779863e-09
-0.89	7.98641235255872e-09
-0.87	1.13944524065417e-08
-0.85	1.54999046955248e-08
-0.83	2.03463086847591e-08
-0.81	2.59800520776764e-08
-0.79	3.24505821232756e-08
-0.77	3.98106348275781e-08
-0.75	4.81164837909992e-08
-0.73	5.74282105798181e-08
-0.71	6.78099987487551e-08
-0.69	7.93304538660085e-08
-0.67	9.20629521553894e-08
-0.65	1.06086020666416e-07
-0.63	1.21483752216912e-07
-0.61	1.38346258729106e-07
-0.59	1.56770167005431e-07
-0.57	1.76859161471325e-07
-0.55	1.98724578957286e-07
-0.53	2.22486061210853e-07
-0.51	2.48272271531874e-07
-0.49	2.76221682724236e-07
-0.47	3.06483444469047e-07
-0.45	3.39218339265491e-07
-0.429999999999999	3.74599837276566e-07
-0.409999999999999	4.12815261781747e-07
-0.389999999999999	4.54067078505278e-07
-0.369999999999999	4.98574323890671e-07
-0.349999999999999	5.46574189468175e-07
-0.329999999999999	5.9832378185905e-07
-0.309999999999999	6.54102080733509e-07
-0.289999999999999	7.142121202539e-07
-0.269999999999999	7.78983423269281e-07
-0.249999999999999	8.48774721875778e-07
-0.229999999999999	9.23977003031132e-07
-0.209999999999999	1.00501692384685e-06
-0.189999999999999	1.09236064813995e-06
-0.169999999999999	1.18651816400576e-06
-0.149999999999999	1.28804815181156e-06
-0.129999999999999	1.39756348340011e-06
-0.109999999999999	1.51573744678495e-06
-0.0899999999999994	1.64331080665242e-06
-0.0699999999999994	1.78109983009026e-06
-0.0499999999999994	1.93000542979951e-06
-0.0299999999999994	2.09102360442835e-06
-0.00999999999999938	2.26525738860735e-06
0.0100000000000006	2.45393056502632e-06
0.0300000000000006	2.65840343905615e-06
0.0500000000000006	2.88019103497295e-06
0.0700000000000006	3.12098414429901e-06
0.0900000000000006	3.38267374432453e-06
0.110000000000001	3.6673794125813e-06
0.130000000000001	3.97748249611556e-06
0.150000000000001	4.31566495956326e-06
0.170000000000001	4.68495504196031e-06
0.190000000000001	5.08878111024369e-06
0.210000000000001	5.53103542234892e-06
0.230000000000001	6.01614992423659e-06
0.250000000000001	6.54918672902584e-06
0.270000000000001	7.13594659732362e-06
0.290000000000001	7.78309960242635e-06
0.310000000000001	8.49834328550947e-06
0.330000000000001	9.29059507050403e-06
0.350000000000001	1.01702276349512e-05
0.370000000000001	1.11493584868746e-05
0.390000000000001	1.22422084102191e-05
0.410000000000001	1.3465548040639e-05
0.430000000000001	1.48392580886732e-05
0.450000000000001	1.63870373175321e-05
0.470000000000001	1.81373043016544e-05
0.490000000000001	2.01243557128657e-05
0.510000000000001	2.23898676161037e-05
0.530000000000001	2.49848603780379e-05
0.550000000000001	2.79722975173245e-05
0.570000000000001	3.14305623642098e-05
0.590000000000001	3.54581669000282e-05
0.610000000000001	4.01802160919058e-05
0.630000000000001	4.57574142542538e-05
0.650000000000001	5.23988186244765e-05
0.670000000000001	6.03802265431068e-05
0.690000000000001	7.00712192440347e-05
0.710000000000001	8.19758355076217e-05
0.730000000000001	9.67953010405628e-05
0.750000000000001	0.000115527571012467
0.770000000000001	0.000139630528665516
0.790000000000001	0.000171299835439447
0.810000000000001	0.000213963336969922
0.830000000000001	0.000273208167942601
0.850000000000001	0.000358632950664708
0.870000000000001	0.000487849247366235
0.890000000000001	0.00069602879265626
0.910000000000001	0.00106186778901486
0.930000000000001	0.00179228429147425
0.950000000000001	0.00358605467512336
0.970000000000001	0.0101666079796819
0.990000000000001	0.0933650851947693
