# Program settings for SigmaNu
# Electroweak scheme and input parameters
# Scheme = Complex mass scheme
# alpha_GF = 0.00755898078237864
# Pole masses/widths for particles [GeV]
# mw = 80.35797361
# gw = 2.084298894
# mz = 91.15348062
# gz = 2.494266379
# s^2_thetaw (derived) = (0.222868505240788,-0.00110716741475141)
# charged leptons
# m_e = 0.0005109989461
# m_m = 0.10565837
# m_t = 1.77686
# quarks
# m_d = 0.05
# m_u = 0.05
# m_s = 0.2
# m_c = 1.51
# m_b = 4.92
# m_t = 173
# Ecms (default) = 429693

# channel_id = 6
# process  = nu_e nu_mu~ -> nu_e nu_mu~
-0.99	3.98326188079237e-11
-0.97	3.65809575708627e-10
-0.95	1.0370884513384e-09
-0.93	2.0750400041843e-09
-0.91	3.50238025400437e-09
-0.89	5.34326572921897e-09
-0.87	7.62339638752348e-09
-0.85	1.03701269098119e-08
-0.83	1.36125871392661e-08
-0.81	1.73818125174273e-08
-0.79	2.17108854582652e-08
-0.77	2.66350887008665e-08
-0.75	3.2192071792739e-08
-0.73	3.84220319803865e-08
-0.71	4.53679109235329e-08
-0.69	5.30756088061493e-08
-0.67	6.15942175935997e-08
-0.65	7.0976275383397e-08
-0.63	8.12780440203189e-08
-0.61	9.25598123984844e-08
-0.59	1.04886228157493e-07
-0.57	1.18326660801576e-07
-0.55	1.32955599635337e-07
-0.53	1.48853090323393e-07
-0.51	1.66105214351346e-07
-0.49	1.84804616200667e-07
-0.47	2.05051083660071e-07
-0.45	2.26952187392617e-07
-0.429999999999999	2.50623986674597e-07
-0.409999999999999	2.76191809135398e-07
-0.389999999999999	3.03791113375685e-07
-0.369999999999999	3.33568444546815e-07
-0.349999999999999	3.65682494363409e-07
-0.329999999999999	4.00305278624797e-07
-0.309999999999999	4.37623447176312e-07
-0.289999999999999	4.7783974339219e-07
-0.269999999999999	5.21174632760447e-07
-0.249999999999999	5.67868123059261e-07
-0.229999999999999	6.18181802009128e-07
-0.209999999999999	6.72401122255851e-07
-0.189999999999999	7.30837968195056e-07
-0.169999999999999	7.93833544621213e-07
-0.149999999999999	8.61761633632917e-07
-0.129999999999999	9.35032273845681e-07
-0.109999999999999	1.01409592499126e-06
-0.0899999999999994	1.09944819170893e-06
-0.0699999999999994	1.19163519311666e-06
-0.0499999999999994	1.29125968002835e-06
-0.0299999999999994	1.39898802000389e-06
-0.00999999999999938	1.51555819245687e-06
0.0100000000000006	1.64178896264687e-06
0.0300000000000006	1.77859043560677e-06
0.0500000000000006	1.92697623023015e-06
0.0700000000000006	2.0880775615526e-06
0.0900000000000006	2.26315957783469e-06
0.110000000000001	2.45364037111565e-06
0.130000000000001	2.66111316894047e-06
0.150000000000001	2.88737232546006e-06
0.170000000000001	3.1344438678799e-06
0.190000000000001	3.40462152686189e-06
0.210000000000001	3.70050939688994e-06
0.230000000000001	4.02507264787304e-06
0.250000000000001	4.38169805973565e-06
0.270000000000001	4.77426660061446e-06
0.290000000000001	5.20724084772906e-06
0.310000000000001	5.68577080028642e-06
0.330000000000001	6.21582261365194e-06
0.350000000000001	6.80433607299566e-06
0.370000000000001	7.45941833319555e-06
0.390000000000001	8.19058373490072e-06
0.410000000000001	9.0090525837532e-06
0.430000000000001	9.92812596481154e-06
0.450000000000001	1.09636594114437e-05
0.470000000000001	1.21346662222559e-05
0.490000000000001	1.34640924065123e-05
0.510000000000001	1.49798211183666e-05
0.530000000000001	1.67159872689623e-05
0.550000000000001	1.87147162739963e-05
0.570000000000001	2.10284500952293e-05
0.590000000000001	2.37230976658097e-05
0.610000000000001	2.68823598209492e-05
0.630000000000001	3.06137549590667e-05
0.650000000000001	3.5057151758199e-05
0.670000000000001	4.03970710279593e-05
0.690000000000001	4.68807792245286e-05
0.710000000000001	5.48455009598843e-05
0.730000000000001	6.47603877899296e-05
0.750000000000001	7.72931166715513e-05
0.770000000000001	9.34190772188204e-05
0.790000000000001	0.00011460726602891
0.810000000000001	0.000143151066737046
0.830000000000001	0.000182788525326223
0.850000000000001	0.000239941555397955
0.870000000000001	0.000326393092676316
0.890000000000001	0.000465674631549516
0.910000000000001	0.000710437535878074
0.930000000000001	0.00119911952197502
0.950000000000001	0.00239923452783137
0.970000000000001	0.00680193361924882
0.990000000000001	0.0624659555061848
