# Program settings for SigmaNu
# Electroweak scheme and input parameters
# Scheme = Complex mass scheme
# alpha_GF = 0.00755898078237864
# Pole masses/widths for particles [GeV]
# mw = 80.35797361
# gw = 2.084298894
# mz = 91.15348062
# gz = 2.494266379
# s^2_thetaw (derived) = (0.222868505240788,-0.00110716741475141)
# charged leptons
# m_e = 0.0005109989461
# m_m = 0.10565837
# m_t = 1.77686
# quarks
# m_d = 0.05
# m_u = 0.05
# m_s = 0.2
# m_c = 1.51
# m_b = 4.92
# m_t = 173
# Ecms (default) = 2841000

# channel_id = 6
# process  = nu_e nu_mu~ -> nu_e nu_mu~
-0.99	9.11198484329191e-13
-0.97	8.36814503322581e-12
-0.95	2.37241099121556e-11
-0.93	4.74679639078728e-11
-0.91	8.01193515846118e-11
-0.89	1.22230870133824e-10
-0.87	1.74390423754148e-10
-0.85	2.37223769576647e-10
-0.83	3.11397272792031e-10
-0.81	3.97620890465757e-10
-0.79	4.96651405567359e-10
-0.77	6.09295935019005e-10
-0.75	7.36415738115924e-10
-0.73	8.7893035452315e-10
-0.71	1.03782210424913e-09
-0.69	1.21414098558327e-09
-0.67	1.40901001101418e-09
-0.65	1.62363102567877e-09
-0.63	1.85929105799981e-09
-0.61	2.11736925793032e-09
-0.59	2.39934448473193e-09
-0.57	2.70680361357628e-09
-0.55	3.04145063860009e-09
-0.53	3.40511665950858e-09
-0.51	3.7997708495767e-09
-0.49	4.22753251513896e-09
-0.47	4.69068437061338e-09
-0.45	5.19168716904127e-09
-0.429999999999999	5.73319584635247e-09
-0.409999999999999	6.31807735845404e-09
-0.389999999999999	6.94943041421832e-09
-0.369999999999999	7.63060733502315e-09
-0.349999999999999	8.36523830327341e-09
-0.329999999999999	9.1572582990194e-09
-0.309999999999999	1.00109370662286e-08
-0.289999999999999	1.09309124994682e-08
-0.269999999999999	1.19222278989123e-08
-0.249999999999999	1.29903736081383e-08
-0.229999999999999	1.41413336268326e-08
-0.209999999999999	1.53816378813609e-08
-0.189999999999999	1.67184209426592e-08
-0.169999999999999	1.81594881060842e-08
-0.149999999999999	1.9713389895382e-08
-0.129999999999999	2.13895062272347e-08
-0.109999999999999	2.3198141679362e-08
-0.0899999999999994	2.51506335505277e-08
-0.0699999999999994	2.72594746932107e-08
-0.0499999999999994	2.95384534492023e-08
-0.0299999999999994	3.20028134374828e-08
-0.00999999999999938	3.46694364478699e-08
0.0100000000000006	3.75570523024785e-08
0.0300000000000006	4.06864802841514e-08
0.0500000000000006	4.40809076271887e-08
0.0700000000000006	4.77662116593419e-08
0.0900000000000006	5.17713335239735e-08
0.110000000000001	5.61287130597285e-08
0.130000000000001	6.08747964517725e-08
0.150000000000001	6.60506307963488e-08
0.170000000000001	7.17025628721218e-08
0.190000000000001	7.78830633607948e-08
0.210000000000001	8.46517027327945e-08
0.230000000000001	9.20763113106657e-08
0.250000000000001	1.00234364040196e-07
0.270000000000001	1.092146407675e-07
0.290000000000001	1.19119226052709e-07
0.310000000000001	1.30065929714372e-07
0.330000000000001	1.42191231713986e-07
0.350000000000001	1.55653884476269e-07
0.370000000000001	1.70639344825669e-07
0.390000000000001	1.8736525994757e-07
0.410000000000001	2.06088302173453e-07
0.430000000000001	2.27112743125119e-07
0.450000000000001	2.50801289224975e-07
0.470000000000001	2.77588882997148e-07
0.490000000000001	3.08000430492298e-07
0.510000000000001	3.42673778432348e-07
0.530000000000001	3.82389786895067e-07
0.550000000000001	4.28112104400238e-07
0.570000000000001	4.81040377765007e-07
0.590000000000001	5.42682320329923e-07
0.610000000000001	6.1495264783864e-07
0.630000000000001	7.00310919751786e-07
0.650000000000001	8.01956731260158e-07
0.670000000000001	9.24111127002708e-07
0.690000000000001	1.07243050328349e-06
0.710000000000001	1.25462911392944e-06
0.730000000000001	1.48143913682856e-06
0.750000000000001	1.7681341622536e-06
0.770000000000001	2.13702693144183e-06
0.790000000000001	2.62172180642451e-06
0.810000000000001	3.27468160937835e-06
0.830000000000001	4.18141688445328e-06
0.850000000000001	5.48883365429798e-06
0.870000000000001	7.4664753749277e-06
0.890000000000001	1.0652642787288e-05
0.910000000000001	1.62517763881042e-05
0.930000000000001	2.74307482799972e-05
0.950000000000001	5.48843241551474e-05
0.970000000000001	0.000155599796858184
0.990000000000001	0.00142897659755165
