# Program settings for SigmaNu
# Electroweak scheme and input parameters
# Scheme = Complex mass scheme
# alpha_GF = 0.00755898078237864
# Pole masses/widths for particles [GeV]
# mw = 80.35797361
# gw = 2.084298894
# mz = 91.15348062
# gz = 2.494266379
# s^2_thetaw (derived) = (0.222868505240788,-0.00110716741475141)
# charged leptons
# m_e = 0.0005109989461
# m_m = 0.10565837
# m_t = 1.77686
# quarks
# m_d = 0.05
# m_u = 0.05
# m_s = 0.2
# m_c = 1.51
# m_b = 4.92
# m_t = 173
# Ecms (default) = 1253600

# channel_id = 6
# process  = nu_e nu_mu~ -> nu_e nu_mu~
-0.99	4.67990983087544e-12
-0.97	4.29787415994362e-11
-0.95	1.21846883084876e-10
-0.93	2.43795171639832e-10
-0.91	4.11492498548015e-10
-0.89	6.27776999582955e-10
-0.87	8.9566814708891e-10
-0.85	1.21837982583713e-09
-0.83	1.59933448334213e-09
-0.81	2.04217845471756e-09
-0.79	2.55079857263076e-09
-0.77	3.12934018461833e-09
-0.75	3.78222671310982e-09
-0.73	4.51418090815331e-09
-0.71	5.3302479592518e-09
-0.69	6.23582065114012e-09
-0.67	7.23666676902766e-09
-0.65	8.33895898211699e-09
-0.63	9.54930746043845e-09
-0.61	1.08747955096306e-08
-0.59	1.23230185417222e-08
-0.57	1.39021267377853e-08
-0.55	1.56208718011698e-08
-0.53	1.74886582486355e-08
-0.51	1.95155997419387e-08
-0.49	2.17125810252962e-08
-0.47	2.40913261058259e-08
-0.45	2.66644733959071e-08
-0.429999999999999	2.94456586300264e-08
-0.409999999999999	3.24496064759534e-08
-0.389999999999999	3.56922318832438e-08
-0.369999999999999	3.91907523537015e-08
-0.349999999999999	4.2963812481633e-08
-0.329999999999999	4.70316223001508e-08
-0.309999999999999	5.14161111877575e-08
-0.289999999999999	5.61410993421367e-08
-0.269999999999999	6.12324891216383e-08
-0.249999999999999	6.67184788967374e-08
-0.229999999999999	7.26298024525985e-08
-0.209999999999999	7.89999974503955e-08
-0.189999999999999	8.58657070020308e-08
-0.169999999999999	9.32670190558318e-08
-0.149999999999999	1.01247849048463e-07
-0.129999999999999	1.09856372173509e-07
-0.109999999999999	1.19145512677839e-07
-0.0899999999999994	1.29173498857123e-07
-0.0699999999999994	1.40004493923652e-07
-0.0499999999999994	1.51709314714679e-07
-0.0299999999999994	1.64366252361942e-07
-0.00999999999999938	1.7806201163229e-07
0.0100000000000006	1.928927887748e-07
0.0300000000000006	2.08965511495671e-07
0.0500000000000006	2.26399269284843e-07
0.0700000000000006	2.45326967935223e-07
0.0900000000000006	2.65897248977325e-07
0.110000000000001	2.8827672321849e-07
0.130000000000001	3.12652578036403e-07
0.150000000000001	3.39235631058865e-07
0.170000000000001	3.68263919048944e-07
0.190000000000001	4.00006931096788e-07
0.210000000000001	4.34770620762247e-07
0.230000000000001	4.72903364153017e-07
0.250000000000001	5.14803072100238e-07
0.270000000000001	5.60925717330902e-07
0.290000000000001	6.11795605498059e-07
0.310000000000001	6.68017807081244e-07
0.330000000000001	7.30293282294325e-07
0.350000000000001	7.99437382579103e-07
0.370000000000001	8.76402613002395e-07
0.390000000000001	9.6230680811708e-07
0.410000000000001	1.05846823537405e-06
0.430000000000001	1.16644963187091e-06
0.450000000000001	1.28811385546163e-06
0.470000000000001	1.4256947681484e-06
0.490000000000001	1.58188828401849e-06
0.510000000000001	1.75997037970753e-06
0.530000000000001	1.96395154750796e-06
0.550000000000001	2.19878107994646e-06
0.570000000000001	2.47062035524522e-06
0.590000000000001	2.78721297924673e-06
0.610000000000001	3.15839291942431e-06
0.630000000000001	3.59679245693534e-06
0.650000000000001	4.11884469146991e-06
0.670000000000001	4.74622888017568e-06
0.690000000000001	5.50799623658529e-06
0.710000000000001	6.44376711637018e-06
0.730000000000001	7.6086619123435e-06
0.750000000000001	9.08112567969851e-06
0.770000000000001	1.09757565034694e-05
0.790000000000001	1.3465146152747e-05
0.810000000000001	1.68187433119383e-05
0.830000000000001	2.14757295233788e-05
0.850000000000001	2.81906130484681e-05
0.870000000000001	3.83477670686875e-05
0.890000000000001	5.47119000638647e-05
0.910000000000001	8.34690088429837e-05
0.930000000000001	0.000140884121974238
0.950000000000001	0.000281885458876425
0.970000000000001	0.000799159156161774
0.990000000000001	0.00733920261028275
