# Program settings for SigmaNu
# Electroweak scheme and input parameters
# Scheme = Complex mass scheme
# alpha_GF = 0.00755898078237864
# Pole masses/widths for particles [GeV]
# mw = 80.35797361
# gw = 2.084298894
# mz = 91.15348062
# gz = 2.494266379
# s^2_thetaw (derived) = (0.222868505240788,-0.00110716741475141)
# charged leptons
# m_e = 0.0005109989461
# m_m = 0.10565837
# m_t = 1.77686
# quarks
# m_d = 0.05
# m_u = 0.05
# m_s = 0.2
# m_c = 1.51
# m_b = 4.92
# m_t = 173
# Ecms (default) = 148267

# channel_id = 6
# process  = nu_e nu_mu~ -> nu_e nu_mu~
-0.99	3.34553922837932e-10
-0.97	3.07243237818677e-09
-0.95	8.71049946866035e-09
-0.93	1.74282479981732e-08
-0.91	2.94164696037299e-08
-0.89	4.48780547368271e-08
-0.87	6.40288570921007e-08
-0.85	8.70986283632599e-08
-0.83	1.14332029809094e-07
-0.81	1.45989727783952e-07
-0.79	1.82349581136238e-07
-0.77	2.23707929215124e-07
-0.75	2.70380990161014e-07
-0.73	3.22706380202415e-07
-0.71	3.81044765855298e-07
-0.69	4.45781662237857e-07
-0.67	5.17329392193117e-07
-0.65	5.96129222576326e-07
-0.63	6.82653695939203e-07
-0.61	7.77409177958418e-07
-0.59	8.80938643345159e-07
-0.57	9.93824725675869e-07
-0.55	1.11669305964675e-06
-0.53	1.25021594772945e-06
-0.51	1.3951163871541e-06
-0.49	1.55217249764023e-06
-0.47	1.72222239541993e-06
-0.45	1.90616956494825e-06
-0.429999999999999	2.10498878638884e-06
-0.409999999999999	2.31973268463187e-06
-0.389999999999999	2.55153897440484e-06
-0.369999999999999	2.80163848616221e-06
-0.349999999999999	3.0713640691064e-06
-0.329999999999999	3.36216048116259e-06
-0.309999999999999	3.67559539131207e-06
-0.289999999999999	4.01337163775335e-06
-0.269999999999999	4.37734090634589e-06
-0.249999999999999	4.76951901822521e-06
-0.229999999999999	5.19210304399059e-06
-0.209999999999999	5.64749049521684e-06
-0.189999999999999	6.13830088314424e-06
-0.169999999999999	6.66739998036243e-06
-0.149999999999999	7.23792717546665e-06
-0.129999999999999	7.85332637466091e-06
-0.109999999999999	8.51738098010627e-06
-0.0899999999999994	9.23425356490351e-06
-0.0699999999999994	1.00085309719577e-05
-0.0499999999999994	1.08452756922968e-05
-0.0299999999999994	1.17500845322853e-05
-0.00999999999999938	1.27291557642748e-05
0.0100000000000006	1.37893661786618e-05
0.0300000000000006	1.49383597259656e-05
0.0500000000000006	1.61846497665668e-05
0.0700000000000006	1.7537737347289e-05
0.0900000000000006	1.90082484159651e-05
0.110000000000001	2.06080934903714e-05
0.130000000000001	2.23506540456979e-05
0.150000000000001	2.42510008127838e-05
0.170000000000001	2.63261503365154e-05
0.190000000000001	2.85953675936914e-05
0.210000000000001	3.10805242956317e-05
0.230000000000001	3.38065248127341e-05
0.250000000000001	3.68018146018006e-05
0.270000000000001	4.00989897869856e-05
0.290000000000001	4.37355314035644e-05
0.310000000000001	4.77546941153773e-05
0.330000000000001	5.22065874466857e-05
0.350000000000001	5.71494983951936e-05
0.370000000000001	6.26515186431663e-05
0.390000000000001	6.87925587593347e-05
0.410000000000001	7.56668576285601e-05
0.430000000000001	8.33861304960775e-05
0.450000000000001	9.20835472835848e-05
0.470000000000001	0.000101918799809889
0.490000000000001	0.000113084610506465
0.510000000000001	0.000125815168591804
0.530000000000001	0.000140397171404704
0.550000000000001	0.00015718442801575
0.570000000000001	0.000176617395469243
0.590000000000001	0.000199249638949318
0.610000000000001	0.000225784156503913
0.630000000000001	0.000257123988032773
0.650000000000001	0.000294443880767188
0.670000000000001	0.000339293611298245
0.690000000000001	0.00039374995109871
0.710000000000001	0.000460645221334421
0.730000000000001	0.000543919783692423
0.750000000000001	0.000649181392283032
0.770000000000001	0.00078462224233592
0.790000000000001	0.000962580268871326
0.810000000000001	0.00120231731452612
0.830000000000001	0.00153522871093375
0.850000000000001	0.00201525111787615
0.870000000000001	0.00274134734717652
0.890000000000001	0.00391115365660074
0.910000000000001	0.0059668762301545
0.930000000000001	0.0100712126813356
0.950000000000001	0.0201506329133562
0.970000000000001	0.0571269010748141
0.990000000000001	0.524581661762634
