# Program settings for SigmaNu
# Electroweak scheme and input parameters
# Scheme = Complex mass scheme
# alpha_GF = 0.00755898078237864
# Pole masses/widths for particles [GeV]
# mw = 80.35797361
# gw = 2.084298894
# mz = 91.15348062
# gz = 2.494266379
# s^2_thetaw (derived) = (0.222868505240788,-0.00110716741475141)
# charged leptons
# m_e = 0.0005109989461
# m_m = 0.10565837
# m_t = 1.77686
# quarks
# m_d = 0.05
# m_u = 0.05
# m_s = 0.2
# m_c = 1.51
# m_b = 4.92
# m_t = 173
# Ecms (default) = 69.2369

# channel_id = 6
# process  = nu_e nu_mu~ -> nu_e nu_mu~
-0.99	0.000203992422107472
-0.97	0.00184946051651691
-0.95	0.00517538696737049
-0.93	0.0102190610769077
-0.91	0.0170186045992992
-0.89	0.0256129924768554
-0.87	0.0360420741595943
-0.85	0.0483465955266229
-0.83	0.0625682214284296
-0.81	0.0787495588698683
-0.79	0.0969341808543102
-0.77	0.117166650910177
-0.75	0.139492548321826
-0.73	0.163958494087533
-0.71	0.190612177628177
-0.69	0.219502384271034
-0.67	0.250679023534009
-0.65	0.284193158236554
-0.63	0.320097034464468
-0.61	0.358444112416787
-0.59	0.399289098164001
-0.57	0.44268797634792
-0.55	0.488698043854653
-0.53	0.537377944493316
-0.51	0.588787704714301
-0.49	0.64298877040226
-0.47	0.7000440447802
-0.45	0.760017927462553
-0.429999999999999	0.822976354696455
-0.409999999999999	0.888986840832012
-0.389999999999999	0.958118521063855
-0.369999999999999	1.03044219548796
-0.349999999999999	1.10603037451935
-0.329999999999999	1.18495732571814
-0.309999999999999	1.26729912207316
-0.289999999999999	1.35313369179431
-0.269999999999999	1.44254086966696
-0.249999999999999	1.5356024500236
-0.229999999999999	1.63240224139022
-0.209999999999999	1.73302612286727
-0.189999999999999	1.8375621023073
-0.169999999999999	1.94610037635391
-0.149999999999999	2.05873339240933
-0.129999999999999	2.17555591260054
-0.109999999999999	2.29666507981674
-0.0899999999999994	2.42216048589397
-0.0699999999999994	2.5521442420257
-0.0499999999999994	2.68672105148163
-0.0299999999999994	2.82599828471998
-0.00999999999999938	2.97008605698256
0.0100000000000006	3.11909730846527
0.0300000000000006	3.27314788716054
0.0500000000000006	3.43235663447267
0.0700000000000006	3.59684547371077
0.0900000000000006	3.7667395015688
0.110000000000001	3.94216708270667
0.130000000000001	4.12325994755149
0.150000000000001	4.31015329344269
0.170000000000001	4.5029858892507
0.190000000000001	4.70190018360383
0.210000000000001	4.9070424168646
0.230000000000001	5.11856273700203
0.250000000000001	5.33661531951381
0.270000000000001	5.5613584915582
0.290000000000001	5.79295486046333
0.310000000000001	6.0315714467883
0.330000000000001	6.27737982211906
0.350000000000001	6.53055625178957
0.370000000000001	6.79128184272786
0.390000000000001	7.05974269663532
0.410000000000001	7.33613006871728
0.430000000000001	7.62064053219286
0.450000000000001	7.91347614882242
0.470000000000001	8.21484464570221
0.490000000000001	8.52495959858724
0.510000000000001	8.84404062201572
0.530000000000001	9.17231356652092
0.550000000000001	9.5100107232305
0.570000000000001	9.85737103616654
0.590000000000001	10.2146403225756
0.610000000000001	10.5820715016325
0.630000000000001	10.9599248318804
0.650000000000001	11.348468157783
0.670000000000001	11.7479771657895
0.690000000000001	12.1587356503248
0.710000000000001	12.5810357901447
0.730000000000001	13.015178435513
0.750000000000001	13.4614734066812
0.770000000000001	13.9202398041777
0.790000000000001	14.3918063314346
0.810000000000001	14.8765116303115
0.830000000000001	15.3747046300995
0.850000000000001	15.8867449106227
0.870000000000001	16.4130030800828
0.890000000000001	16.9538611683271
0.910000000000001	17.5097130362547
0.930000000000001	18.0809648021153
0.950000000000001	18.6680352854901
0.970000000000001	19.2713564697908
0.990000000000001	19.8913739841521
