# Program settings for SigmaNu
# Electroweak scheme and input parameters
# Scheme = Complex mass scheme
# alpha_GF = 0.00755898078237864
# Pole masses/widths for particles [GeV]
# mw = 80.35797361
# gw = 2.084298894
# mz = 91.15348062
# gz = 2.494266379
# s^2_thetaw (derived) = (0.222868505240788,-0.00110716741475141)
# charged leptons
# m_e = 0.0005109989461
# m_m = 0.10565837
# m_t = 1.77686
# quarks
# m_d = 0.05
# m_u = 0.05
# m_s = 0.2
# m_c = 1.51
# m_b = 4.92
# m_t = 173
# Ecms (default) = 0.789054

# channel_id = 6
# process  = nu_e nu_mu~ -> nu_e nu_mu~
-0.99	6.56042956783517e-08
-0.97	5.90439545232499e-07
-0.95	1.64011230378284e-06
-0.93	3.21462492901817e-06
-0.91	5.31397977863786e-06
-0.89	7.93817921035189e-06
-0.87	1.10872255818808e-05
-0.85	1.47611212509557e-05
-0.83	1.89598685753184e-05
-0.81	2.36834699127212e-05
-0.79	2.89319276209269e-05
-0.77	3.47052440577092e-05
-0.75	4.1003421580852e-05
-0.73	4.78264625481501e-05
-0.71	5.51743693174087e-05
-0.69	6.30471442464437e-05
-0.67	7.14447896930815e-05
-0.65	8.03673080151592e-05
-0.63	8.98147015705244e-05
-0.61	9.97869727170352e-05
-0.59	0.000110284123812561
-0.57	0.00012130615721498
-0.55	0.000132853075282183
-0.53	0.00014492488037207
-0.51	0.000157521574842554
-0.49	0.000170643161051554
-0.47	0.000184289641357004
-0.45	0.000198461018116847
-0.429999999999999	0.000213157293689036
-0.409999999999999	0.000228378470431535
-0.389999999999999	0.00024412455070232
-0.369999999999999	0.000260395536859374
-0.349999999999999	0.000277191431260695
-0.329999999999999	0.000294512236264288
-0.309999999999999	0.000312357954228171
-0.289999999999999	0.000330728587510371
-0.269999999999999	0.000349624138468927
-0.249999999999999	0.000369044609461887
-0.229999999999999	0.000388990002847311
-0.209999999999999	0.000409460320983269
-0.189999999999999	0.000430455566227841
-0.169999999999999	0.000451975740939119
-0.149999999999999	0.000474020847475204
-0.129999999999999	0.000496590888194209
-0.109999999999999	0.000519685865454257
-0.0899999999999994	0.000543305781613481
-0.0699999999999994	0.000567450639030025
-0.0499999999999994	0.000592120440062045
-0.0299999999999994	0.000617315187067705
-0.00999999999999938	0.000643034882405182
0.0100000000000006	0.000669279528432662
0.0300000000000006	0.000696049127508342
0.0500000000000006	0.000723343681990429
0.0700000000000006	0.000751163194237142
0.0900000000000006	0.000779507666606711
0.110000000000001	0.000808377101457374
0.130000000000001	0.000837771501147381
0.150000000000001	0.000867690868034993
0.170000000000001	0.000898135204478482
0.190000000000001	0.000929104512836129
0.210000000000001	0.000960598795466226
0.230000000000001	0.000992618054727077
0.250000000000001	0.001025162292977
0.270000000000001	0.00105823151257431
0.290000000000001	0.00109182571587734
0.310000000000001	0.00112594490524445
0.330000000000001	0.00116058908303398
0.350000000000001	0.00119575825160431
0.370000000000001	0.00123145241331381
0.390000000000001	0.00126767157052087
0.410000000000001	0.00130441572558389
0.430000000000001	0.00134168488086127
0.450000000000001	0.00137947903871144
0.470000000000001	0.00141779820149283
0.490000000000001	0.00145664237156387
0.510000000000001	0.00149601155128302
0.530000000000001	0.00153590574300874
0.550000000000001	0.0015763249490995
0.570000000000001	0.00161726917191379
0.590000000000001	0.0016587384138101
0.610000000000001	0.00170073267714693
0.630000000000001	0.0017432519642828
0.650000000000001	0.00178629627757623
0.670000000000001	0.00182986561938576
0.690000000000001	0.00187395999206994
0.710000000000001	0.00191857939798732
0.730000000000001	0.00196372383949648
0.750000000000001	0.00200939331895598
0.770000000000001	0.00205558783872442
0.790000000000001	0.00210230740116041
0.810000000000001	0.00214955200862253
0.830000000000001	0.00219732166346943
0.850000000000001	0.00224561636805974
0.870000000000001	0.00229443612475208
0.890000000000001	0.00234378093590512
0.910000000000001	0.00239365080387751
0.930000000000001	0.00244404573102794
0.950000000000001	0.00249496571971509
0.970000000000001	0.00254641077229765
0.990000000000001	0.00259838089113432
