# Program settings for SigmaNu
# Electroweak scheme and input parameters
# Scheme = Complex mass scheme
# alpha_GF = 0.00755898078237864
# Pole masses/widths for particles [GeV]
# mw = 80.35797361
# gw = 2.084298894
# mz = 91.15348062
# gz = 2.494266379
# s^2_thetaw (derived) = (0.222868505240788,-0.00110716741475141)
# charged leptons
# m_e = 0.0005109989461
# m_m = 0.10565837
# m_t = 1.77686
# quarks
# m_d = 0.05
# m_u = 0.05
# m_s = 0.2
# m_c = 1.51
# m_b = 4.92
# m_t = 173
# Ecms (default) = 218738

# channel_id = 6
# process  = nu_e nu_mu~ -> nu_e nu_mu~
-0.99	1.53711666696892e-10
-0.97	1.41163702289749e-09
-0.95	4.00206158400921e-09
-0.93	8.0074538026142e-09
-0.91	1.35154734117269e-08
-0.89	2.06193389785641e-08
-0.87	2.94182250687946e-08
-0.85	4.00176917228723e-08
-0.83	5.25301492229889e-08
-0.81	6.70753614377555e-08
-0.79	8.37809913759263e-08
-0.77	1.02783192964867e-07
-0.75	1.24227253499237e-07
-0.73	1.48268291686429e-07
-0.71	1.75072016754466e-07
-0.69	2.04815554693072e-07
-0.67	2.37688348378403e-07
-0.65	2.73893139096682e-07
-0.63	3.13647037843538e-07
-0.61	3.57182695747693e-07
-0.59	4.04749584065543e-07
-0.57	4.56615395435141e-07
-0.55	5.1306757948521e-07
-0.53	5.74415027491296e-07
-0.51	6.40989922585479e-07
-0.49	7.13149774090982e-07
-0.47	7.91279656907149e-07
-0.45	8.75794679558462e-07
-0.429999999999999	9.67142707596292e-07
-0.409999999999999	1.06580737256563e-06
-0.389999999999999	1.17231140079402e-06
-0.369999999999999	1.28722030091181e-06
-0.349999999999999	1.41114645437342e-06
-0.329999999999999	1.54475365943761e-06
-0.309999999999999	1.68876218622479e-06
-0.289999999999999	1.84395440876841e-06
-0.269999999999999	2.01118108962006e-06
-0.249999999999999	2.1913684037938e-06
-0.229999999999999	2.3855258019354e-06
-0.209999999999999	2.59475482792523e-06
-0.189999999999999	2.82025902408934e-06
-0.169999999999999	3.06335507831032e-06
-0.149999999999999	3.32548539221518e-06
-0.129999999999999	3.60823227902023e-06
-0.109999999999999	3.91333403445094e-06
-0.0899999999999994	4.24270316554706e-06
-0.0699999999999994	4.5984471114895e-06
-0.0499999999999994	4.98289184954501e-06
-0.0299999999999994	5.39860884991985e-06
-0.00999999999999938	5.84844592835947e-06
0.0100000000000006	6.33556264798616e-06
0.0300000000000006	6.86347104621375e-06
0.0500000000000006	7.43608261375319e-06
0.0700000000000006	8.05776263721075e-06
0.0900000000000006	8.73339324281544e-06
0.110000000000001	9.46844675689099e-06
0.130000000000001	1.02690713422623e-05
0.150000000000001	1.11421912961867e-05
0.170000000000001	1.20956249270676e-05
0.190000000000001	1.3138223593372e-05
0.210000000000001	1.42800363271271e-05
0.230000000000001	1.55325055265942e-05
0.250000000000001	1.69087005551779e-05
0.270000000000001	1.84235978157853e-05
0.290000000000001	2.00944181020404e-05
0.310000000000001	2.19410349230847e-05
0.330000000000001	2.39864712799509e-05
0.350000000000001	2.62575073455653e-05
0.370000000000001	2.87854280936923e-05
0.390000000000001	3.16069487325302e-05
0.410000000000001	3.47653676729586e-05
0.430000000000001	3.83120129112096e-05
0.450000000000001	4.23080698838497e-05
0.470000000000001	4.68269096251798e-05
0.490000000000001	5.19570792265165e-05
0.510000000000001	5.78061778760172e-05
0.530000000000001	6.45059298520404e-05
0.550000000000001	7.22188942237474e-05
0.570000000000001	8.11474408750315e-05
0.590000000000001	9.15459077632163e-05
0.610000000000001	0.000103737290504143
0.630000000000001	0.00011813649494472
0.650000000000001	0.000135283264265687
0.670000000000001	0.000155889650879826
0.690000000000001	0.000180909837892308
0.710000000000001	0.000211645150015147
0.730000000000001	0.000249906007735671
0.750000000000001	0.000298268925290173
0.770000000000001	0.000360497855124232
0.790000000000001	0.000442261538123085
0.810000000000001	0.000552409954632891
0.830000000000001	0.000705367910337455
0.850000000000001	0.000925917012125881
0.870000000000001	0.00125952654234058
0.890000000000001	0.00179700229426379
0.910000000000001	0.00274152051267402
0.930000000000001	0.0046272968837712
0.950000000000001	0.00925840802594863
0.970000000000001	0.0262478069443726
0.990000000000001	0.241040001683447
