# Program settings for SigmaNu
# Electroweak scheme and input parameters
# Scheme = Complex mass scheme
# alpha_GF = 0.00755898078237864
# Pole masses/widths for particles [GeV]
# mw = 80.35797361
# gw = 2.084298894
# mz = 91.15348062
# gz = 2.494266379
# s^2_thetaw (derived) = (0.222868505240788,-0.00110716741475141)
# charged leptons
# m_e = 0.0005109989461
# m_m = 0.10565837
# m_t = 1.77686
# quarks
# m_d = 0.05
# m_u = 0.05
# m_s = 0.2
# m_c = 1.51
# m_b = 4.92
# m_t = 173
# Ecms (default) = 243156

# channel_id = 6
# process  = nu_e nu_mu~ -> nu_e nu_mu~
-0.99	1.24389967224078e-10
-0.97	1.14235624987057e-09
-0.95	3.2386371226152e-09
-0.93	6.47996953986263e-09
-0.91	1.09372914595129e-08
-0.89	1.66860392830144e-08
-0.87	2.380646925747e-08
-0.85	3.23840050260486e-08
-0.83	4.25096137370589e-08
-0.81	5.42802133717546e-08
-0.79	6.77991142294832e-08
-0.77	8.31764978198546e-08
-0.75	1.0052993675939e-07
-0.73	1.19984959659425e-07
-0.71	1.41675665428331e-07
-0.69	1.65745391900751e-07
-0.67	1.92347444256615e-07
-0.65	2.21645889311601e-07
-0.63	2.53816422457892e-07
-0.61	2.89047314820559e-07
-0.59	3.27540449083347e-07
-0.57	3.69512453442706e-07
-0.55	4.1519594428761e-07
-0.53	4.64840889494626e-07
-0.51	5.18716105695945e-07
-0.49	5.77110904549075e-07
-0.47	6.40336904941986e-07
-0.45	7.08730030242888e-07
-0.429999999999999	7.82652712192254e-07
-0.409999999999999	8.62496325886141e-07
-0.389999999999999	9.48683883573179e-07
-0.369999999999999	1.04167301875219e-06
-0.349999999999999	1.14195929639522e-06
-0.329999999999999	1.25007989012899e-06
-0.309999999999999	1.36661767300137e-06
-0.289999999999999	1.49220577517607e-06
-0.269999999999999	1.62753266970145e-06
-0.249999999999999	1.77334785658391e-06
-0.229999999999999	1.93046822599783e-06
-0.209999999999999	2.09978519386363e-06
-0.189999999999999	2.28227271756447e-06
-0.169999999999999	2.47899631666117e-06
-0.149999999999999	2.69112324360274e-06
-0.129999999999999	2.91993397322471e-06
-0.109999999999999	3.16683520801922e-06
-0.0899999999999994	3.43337462965746e-06
-0.0699999999999994	3.72125766716205e-06
-0.0499999999999994	4.03236659983927e-06
-0.0299999999999994	4.3687823702907e-06
-0.00999999999999938	4.7328095516467e-06
0.0100000000000006	5.12700499623643e-06
0.0300000000000006	5.55421079353683e-06
0.0500000000000006	6.0175922875792e-06
0.0700000000000006	6.52068205328821e-06
0.0900000000000006	7.06743091414479e-06
0.110000000000001	7.66226730859767e-06
0.130000000000001	8.31016659068357e-06
0.150000000000001	9.01673219537736e-06
0.170000000000001	9.78829102944146e-06
0.190000000000001	1.06320059876319e-05
0.210000000000001	1.15560091730357e-05
0.230000000000001	1.2569560259911e-05
0.250000000000001	1.36832355318675e-05
0.270000000000001	1.49091545299643e-05
0.290000000000001	1.62612530516812e-05
0.310000000000001	1.77556135847447e-05
0.330000000000001	1.94108673197426e-05
0.350000000000001	2.12486859106914e-05
0.370000000000001	2.32943864882656e-05
0.390000000000001	2.55776805601511e-05
0.410000000000001	2.81336070421679e-05
0.430000000000001	3.10037027328967e-05
0.450000000000001	3.42374814920286e-05
0.470000000000001	3.78943182848592e-05
0.490000000000001	4.20458691898462e-05
0.510000000000001	4.67792080559203e-05
0.530000000000001	5.2200931785961e-05
0.550000000000001	5.84425901140592e-05
0.570000000000001	6.56679493890252e-05
0.590000000000001	7.4082830749922e-05
0.610000000000001	8.39486160552753e-05
0.630000000000001	9.56010648646387e-05
0.650000000000001	0.000109476960467526
0.670000000000001	0.000126152526189319
0.690000000000001	0.000146399927929997
0.710000000000001	0.000171272253534335
0.730000000000001	0.000202234573115758
0.750000000000001	0.000241371912962628
0.770000000000001	0.000291730225788818
0.790000000000001	0.000357896901797296
0.810000000000001	0.000447033728629625
0.830000000000001	0.000570813886029513
0.850000000000001	0.000749291731328881
0.870000000000001	0.00101926300031846
0.890000000000001	0.00145421174377948
0.910000000000001	0.00221855720790312
0.930000000000001	0.00374461074631961
0.950000000000001	0.00749231383014792
0.970000000000001	0.0212409254237213
0.990000000000001	0.195062312729765
