# Program settings for SigmaNu
# Electroweak scheme and input parameters
# Scheme = Complex mass scheme
# alpha_GF = 0.00755898078237864
# Pole masses/widths for particles [GeV]
# mw = 80.35797361
# gw = 2.084298894
# mz = 91.15348062
# gz = 2.494266379
# s^2_thetaw (derived) = (0.222868505240788,-0.00110716741475141)
# charged leptons
# m_e = 0.0005109989461
# m_m = 0.10565837
# m_t = 1.77686
# quarks
# m_d = 0.05
# m_u = 0.05
# m_s = 0.2
# m_c = 1.51
# m_b = 4.92
# m_t = 173
# Ecms (default) = 407981

# channel_id = 6
# process  = nu_e nu_mu~ -> nu_e nu_mu~
-0.99	4.41850689663728e-11
-0.97	4.05781036079101e-10
-0.95	1.1504095414437e-09
-0.93	2.30177649395361e-09
-0.91	3.88508005842675e-09
-0.89	5.927116310534e-09
-0.87	8.45639340339001e-09
-0.85	1.15032550223939e-08
-0.83	1.51000139845137e-08
-0.81	1.92810969269084e-08
-0.79	2.40832011287249e-08
-0.77	2.9545464620401e-08
-0.75	3.57096508583447e-08
-0.73	4.26203493811463e-08
-0.71	5.03251940184638e-08
-0.69	5.8875100397635e-08
-0.67	6.83245246884734e-08
-0.65	7.87317457465422e-08
-0.63	9.01591730628477e-08
-0.61	1.0267368320727e-07
-0.59	1.16346987768628e-07
-0.57	1.31256036151306e-07
-0.55	1.47483456992821e-07
-0.53	1.65118042425662e-07
-0.51	1.84255279928232e-07
-0.49	2.04997937103314e-07
-0.47	2.27456705399183e-07
-0.45	2.51750909561214e-07
-0.429999999999999	2.7800929048578e-07
-0.409999999999999	3.06370870161079e-07
-0.389999999999999	3.3698590854229e-07
-0.369999999999999	3.7001696354566e-07
-0.349999999999999	4.05640066887027e-07
-0.329999999999999	4.44046030269215e-07
-0.309999999999999	4.8544189848077e-07
-0.289999999999999	5.30052568354311e-07
-0.269999999999999	5.78122595304351e-07
-0.249999999999999	6.29918212391541e-07
-0.229999999999999	6.85729590625924e-07
-0.209999999999999	7.45873373626479e-07
-0.189999999999999	8.10695524918569e-07
-0.169999999999999	8.80574532221169e-07
-0.149999999999999	9.55925020229129e-07
-0.129999999999999	1.03720183184784e-06
-0.109999999999999	1.12490464785183e-06
-0.0899999999999994	1.21958322683746e-06
-0.0699999999999994	1.32184336151862e-06
-0.0499999999999994	1.43235366436295e-06
-0.0299999999999994	1.5518533158873e-06
-0.00999999999999938	1.68116093337844e-06
0.0100000000000006	1.82118474731316e-06
0.0300000000000006	1.9729343084967e-06
0.0500000000000006	2.13753399239367e-06
0.0700000000000006	2.31623862015815e-06
0.0900000000000006	2.51045158084414e-06
0.110000000000001	2.72174591921256e-06
0.130000000000001	2.95188895231355e-06
0.150000000000001	3.20287110059321e-06
0.170000000000001	3.47693977210463e-06
0.190000000000001	3.77663932989491e-06
0.210000000000001	4.10485841380149e-06
0.230000000000001	4.46488619323196e-06
0.250000000000001	4.86047951627321e-06
0.270000000000001	5.29594341839264e-06
0.290000000000001	5.77622809564845e-06
0.310000000000001	6.30704627960181e-06
0.330000000000001	6.89501603806545e-06
0.350000000000001	7.54783545564364e-06
0.370000000000001	8.27449754328457e-06
0.390000000000001	9.08555625866e-06
0.410000000000001	9.99345793251216e-06
0.430000000000001	1.10129570384453e-05
0.450000000000001	1.2161641618853e-05
0.470000000000001	1.34606025253103e-05
0.490000000000001	1.49352930410192e-05
0.510000000000001	1.6616643067932e-05
0.530000000000001	1.85425173843648e-05
0.550000000000001	2.07596443826517e-05
0.570000000000001	2.33261962733777e-05
0.590000000000001	2.63152837524616e-05
0.610000000000001	2.98197535098137e-05
0.630000000000001	3.39588723043992e-05
0.650000000000001	3.88877920362283e-05
0.670000000000001	4.48111958008711e-05
0.690000000000001	5.20033684520216e-05
0.710000000000001	6.08383825749192e-05
0.730000000000001	7.18366531313361e-05
0.750000000000001	8.57388130136915e-05
0.770000000000001	0.000103626830999903
0.790000000000001	0.000127130218419866
0.810000000000001	0.000158792952946813
0.830000000000001	0.000202761530245241
0.850000000000001	0.000266159574866968
0.870000000000001	0.000362057522256372
0.890000000000001	0.000516558108677831
0.910000000000001	0.000788065809089849
0.930000000000001	0.00133014514232616
0.950000000000001	0.00266139424412966
0.970000000000001	0.00754516577089478
0.990000000000001	0.0692913806128927
