# Program settings for SigmaNu
# Electroweak scheme and input parameters
# Scheme = Complex mass scheme
# alpha_GF = 0.00755898078237864
# Pole masses/widths for particles [GeV]
# mw = 80.35797361
# gw = 2.084298894
# mz = 91.15348062
# gz = 2.494266379
# s^2_thetaw (derived) = (0.222868505240788,-0.00110716741475141)
# charged leptons
# m_e = 0.0005109989461
# m_m = 0.10565837
# m_t = 1.77686
# quarks
# m_d = 0.05
# m_u = 0.05
# m_s = 0.2
# m_c = 1.51
# m_b = 4.92
# m_t = 173
# Ecms (default) = 45.3654

# channel_id = 6
# process  = nu_e nu_mu~ -> nu_e nu_mu~
-0.99	0.000139636900137118
-0.97	0.00126173921303036
-0.95	0.00351882306645312
-0.93	0.00692448189668608
-0.91	0.0114924724601233
-0.89	0.0172367170182666
-0.87	0.0241713055556708
-0.85	0.0323104980313983
-0.83	0.04166872666455
-0.81	0.0522605982544529
-0.79	0.0641008965360924
-0.77	0.077204584571392
-0.75	0.0915868071769514
-0.73	0.107262893388868
-0.71	0.124248358965278
-0.69	0.142558908927262
-0.67	0.16221044013878
-0.65	0.18321904392631
-0.63	0.205601008738866
-0.61	0.229372822849109
-0.59	0.25455117709625
-0.57	0.281152967671488
-0.55	0.3091952989467
-0.53	0.338695486347169
-0.51	0.369671059269081
-0.49	0.402139764042621
-0.47	0.436119566941422
-0.45	0.471628657239219
-0.429999999999999	0.508685450314521
-0.409999999999999	0.547308590804147
-0.389999999999999	0.587516955806508
-0.369999999999999	0.629329658135491
-0.349999999999999	0.672766049625875
-0.329999999999999	0.717845724491159
-0.309999999999999	0.764588522734776
-0.289999999999999	0.813014533615613
-0.269999999999999	0.863144099168831
-0.249999999999999	0.91499781778297
-0.229999999999999	0.968596547834347
-0.209999999999999	1.02396141137979
-0.189999999999999	1.08111379790873
-0.169999999999999	1.1400753681558
-0.149999999999999	1.20086805797491
-0.129999999999999	1.26351408227609
-0.109999999999999	1.32803593902601
-0.0899999999999994	1.39445641331361
-0.0699999999999994	1.46279858148182
-0.0499999999999994	1.53308581532661
-0.0299999999999994	1.60534178636475
-0.00999999999999938	1.67959047017138
0.0100000000000006	1.75585615078871
0.0300000000000006	1.83416342520725
0.0500000000000006	1.91453720792079
0.0700000000000006	1.99700273555663
0.0900000000000006	2.08158557158231
0.110000000000001	2.16831161109042
0.130000000000001	2.25720708566276
0.150000000000001	2.34829856831555
0.170000000000001	2.44161297852706
0.190000000000001	2.53717758734919
0.210000000000001	2.63502002260474
0.230000000000001	2.7351682741718
0.250000000000001	2.837650699357
0.270000000000001	2.94249602835936
0.290000000000001	3.04973336982627
0.310000000000001	3.15939221650358
0.330000000000001	3.27150245098144
0.350000000000001	3.38609435153775
0.370000000000001	3.50319859808114
0.390000000000001	3.62284627819531
0.410000000000001	3.7450688932868
0.430000000000001	3.86989836483796
0.450000000000001	3.99736704076745
0.470000000000001	4.12750770190011
0.490000000000001	4.26035356854844
0.510000000000001	4.39593830720777
0.530000000000001	4.53429603736749
0.550000000000001	4.67546133844039
0.570000000000001	4.81946925681267
0.590000000000001	4.96635531301672
0.610000000000001	5.11615550902932
0.630000000000001	5.26890633569757
0.650000000000001	5.42464478029515
0.670000000000001	5.58340833421149
0.690000000000001	5.74523500077644
0.710000000000001	5.91016330322311
0.730000000000001	6.07823229279182
0.750000000000001	6.24948155697768
0.770000000000001	6.42395122792494
0.790000000000001	6.6016819909709
0.810000000000001	6.78271509334245
0.830000000000001	6.96709235300829
0.850000000000001	7.15485616768999
0.870000000000001	7.34604952403514
0.890000000000001	7.54071600695571
0.910000000000001	7.73889980913529
0.930000000000001	7.94064574070834
0.950000000000001	8.14599923911514
0.970000000000001	8.35500637913598
0.990000000000001	8.56771388310835
