# Program settings for SigmaNu
# Electroweak scheme and input parameters
# Scheme = Complex mass scheme
# alpha_GF = 0.00755898078237864
# Pole masses/widths for particles [GeV]
# mw = 80.35797361
# gw = 2.084298894
# mz = 91.15348062
# gz = 2.494266379
# s^2_thetaw (derived) = (0.222868505240788,-0.00110716741475141)
# charged leptons
# m_e = 0.0005109989461
# m_m = 0.10565837
# m_t = 1.77686
# quarks
# m_d = 0.05
# m_u = 0.05
# m_s = 0.2
# m_c = 1.51
# m_b = 4.92
# m_t = 173
# Ecms (default) = 260003

# channel_id = 6
# process  = nu_e nu_mu~ -> nu_e nu_mu~
-0.99	1.08792418563211e-10
-0.97	9.99113530635718e-10
-0.95	2.83253684792116e-09
-0.93	5.66743102330696e-09
-0.91	9.56583893967085e-09
-0.89	1.45937378532452e-08
-0.87	2.08213204943789e-08
-0.85	2.83232990378077e-08
-0.83	3.71792340505538e-08
-0.81	4.74738907439671e-08
-0.79	5.92976251000448e-08
-0.77	7.27468027142187e-08
-0.75	8.79242535009806e-08
-0.73	1.04939765749202e-07
-0.71	1.23910623395608e-07
-0.69	1.44962190813067e-07
-0.67	1.68228549891495e-07
-0.65	1.93853194730428e-07
-0.63	2.21989789872117e-07
-0.61	2.52802998691819e-07
-0.59	2.86469389339039e-07
-0.57	3.23178426502509e-07
-0.55	3.63133558267558e-07
-0.53	4.06553408464544e-07
-0.51	4.53673086191056e-07
-0.49	5.04745625652139e-07
-0.47	5.60043571128949e-07
-0.45	6.19860723788879e-07
-0.429999999999999	6.84514069226606e-07
-0.409999999999999	7.54345907119372e-07
-0.389999999999999	8.29726207242719e-07
-0.369999999999999	9.11055219385405e-07
-0.349999999999999	9.98766368496166e-07
-0.329999999999999	1.09332947077512e-06
-0.309999999999999	1.19525431148988e-06
-0.289999999999999	1.30509463117076e-06
-0.269999999999999	1.42345257366363e-06
-0.249999999999999	1.55098365746472e-06
-0.229999999999999	1.68840234103341e-06
-0.209999999999999	1.83648826362437e-06
-0.189999999999999	1.99609325589569e-06
-0.169999999999999	2.16814922949633e-06
-0.149999999999999	2.35367707244873e-06
-0.129999999999999	2.55379669795354e-06
-0.109999999999999	2.76973841890012e-06
-0.0899999999999994	3.00285584966305e-06
-0.0699999999999994	3.25464057167647e-06
-0.0499999999999994	3.52673884100752e-06
-0.0299999999999994	3.82097066618671e-06
-0.00999999999999938	4.13935164474511e-06
0.0100000000000006	4.48411801956508e-06
0.0300000000000006	4.85775550416e-06
0.0500000000000006	5.2630325329954e-06
0.0700000000000006	5.70303872353913e-06
0.0900000000000006	6.18122949670887e-06
0.110000000000001	6.70147799920068e-06
0.130000000000001	7.26813571435475e-06
0.150000000000001	7.88610345000739e-06
0.170000000000001	8.56091476807675e-06
0.190000000000001	9.29883439212059e-06
0.210000000000001	1.01069747228909e-05
0.230000000000001	1.09934343437196e-05
0.250000000000001	1.19674633548005e-05
0.270000000000001	1.30396616014014e-05
0.290000000000001	1.42222174409189e-05
0.310000000000001	1.5529196742912e-05
0.330000000000001	1.69768944925128e-05
0.350000000000001	1.8584264888111e-05
0.370000000000001	2.03734504907178e-05
0.390000000000001	2.23704372181563e-05
0.410000000000001	2.46058703814931e-05
0.430000000000001	2.71160783914574e-05
0.450000000000001	2.99443664596094e-05
0.470000000000001	3.31426643986872e-05
0.490000000000001	3.67736431805593e-05
0.510000000000001	4.09134582818234e-05
0.530000000000001	4.56553401976692e-05
0.550000000000001	5.11143433687263e-05
0.570000000000001	5.7433699144649e-05
0.590000000000001	6.47934203319099e-05
0.610000000000001	7.34221135888791e-05
0.630000000000001	8.36134369107607e-05
0.650000000000001	9.57494044636584e-05
0.670000000000001	0.000110333985799933
0.690000000000001	0.000128042523442547
0.710000000000001	0.000149796056543164
0.730000000000001	0.000176875947327787
0.750000000000001	0.000211105776808922
0.770000000000001	0.000255149560227555
0.790000000000001	0.000313019466936432
0.810000000000001	0.000390979255979889
0.830000000000001	0.000499238388314614
0.850000000000001	0.000655336574953198
0.870000000000001	0.000891455682701865
0.890000000000001	0.00127186550501475
0.910000000000001	0.00194036858628451
0.930000000000001	0.00327506843637213
0.950000000000001	0.00655284409679465
0.970000000000001	0.0185775191402228
0.990000000000001	0.170604189976126
