# Program settings for SigmaNu
# Electroweak scheme and input parameters
# Scheme = Complex mass scheme
# alpha_GF = 0.00755898078237864
# Pole masses/widths for particles [GeV]
# mw = 80.35797361
# gw = 2.084298894
# mz = 91.15348062
# gz = 2.494266379
# s^2_thetaw (derived) = (0.222868505240788,-0.00110716741475141)
# charged leptons
# m_e = 0.0005109989461
# m_m = 0.10565837
# m_t = 1.77686
# quarks
# m_d = 0.05
# m_u = 0.05
# m_s = 0.2
# m_c = 1.51
# m_b = 4.92
# m_t = 173
# Ecms (default) = 553158

# channel_id = 6
# process  = nu_e nu_mu~ -> nu_e nu_mu~
-0.99	2.40357145620526e-11
-0.97	2.20736040263847e-10
-0.95	6.25797719464917e-10
-0.93	1.25211625029072e-09
-0.91	2.1133988856078e-09
-0.89	3.22422210700653e-09
-0.87	4.60009372894301e-09
-0.85	6.25752005548715e-09
-0.83	8.21407855542741e-09
-0.81	1.04884965697344e-08
-0.79	1.31007366192075e-08
-0.77	1.60720889402366e-08
-0.75	1.94252719438113e-08
-0.73	2.31845413681373e-08
-0.71	2.73758089795248e-08
-0.69	3.20267717708222e-08
-0.67	3.71670527129585e-08
-0.65	4.28283542347512e-08
-0.63	4.9044625740845e-08
-0.61	5.58522466296234e-08
-0.59	6.32902264446086e-08
-0.57	7.14004239870684e-08
-0.55	8.02277874375817e-08
-0.53	8.98206177839538e-08
-0.51	1.00230858136571e-07
-0.49	1.11514411835181e-07
-0.47	1.23731492619188e-07
-0.45	1.36947010553917e-07
-0.429999999999999	1.51230997886125e-07
-0.409999999999999	1.66659079553021e-07
-0.389999999999999	1.83312993701568e-07
-0.369999999999999	2.01281168302245e-07
-0.349999999999999	2.20659360779663e-07
-0.329999999999999	2.41551368550145e-07
-0.309999999999999	2.64069819475886e-07
-0.289999999999999	2.88337052543144e-07
-0.269999999999999	3.14486100579596e-07
-0.249999999999999	3.42661788581453e-07
-0.229999999999999	3.73021963269375e-07
-0.209999999999999	4.05738871888244e-07
-0.189999999999999	4.4100071107519e-07
-0.169999999999999	4.79013369922311e-07
-0.149999999999999	5.20002395251841e-07
-0.129999999999999	5.64215211719264e-07
-0.109999999999999	6.11923634807399e-07
-0.0899999999999994	6.63426721246979e-07
-0.0699999999999994	7.19054009112393e-07
-0.0499999999999994	7.7916920906061e-07
-0.0299999999999994	8.44174419235959e-07
-0.00999999999999938	9.14514949661909e-07
0.0100000000000006	9.90684857993083e-07
0.0300000000000006	1.07323331794482e-06
0.0500000000000006	1.16277196535662e-06
0.0700000000000006	1.2599833956941e-06
0.0900000000000006	1.36563102213895e-06
0.110000000000001	1.48057054689927e-06
0.130000000000001	1.60576335209735e-06
0.150000000000001	1.7422921832676e-06
0.170000000000001	1.89137958163396e-06
0.190000000000001	2.05440962550364e-06
0.210000000000001	2.23295367230058e-06
0.230000000000001	2.42880095886092e-06
0.250000000000001	2.6439951290965e-06
0.270000000000001	2.88087802898781e-06
0.290000000000001	3.14214245791468e-06
0.310000000000001	3.43089601807254e-06
0.330000000000001	3.75073879499529e-06
0.350000000000001	4.10585837999742e-06
0.370000000000001	4.50114677633169e-06
0.390000000000001	4.94234510853585e-06
0.410000000000001	5.43622391121702e-06
0.430000000000001	5.99080929885448e-06
0.450000000000001	6.6156687861811e-06
0.470000000000001	7.32227534054124e-06
0.490000000000001	8.12447499799434e-06
0.510000000000001	9.03909295713519e-06
0.530000000000001	1.00867268398762e-05
0.550000000000001	1.129279588328e-05
0.570000000000001	1.26889445152483e-05
0.590000000000001	1.43149433784168e-05
0.610000000000001	1.62212990719923e-05
0.630000000000001	1.84728901453879e-05
0.650000000000001	2.11541158948078e-05
0.670000000000001	2.43763195251612e-05
0.690000000000001	2.82887061075286e-05
0.710000000000001	3.30947631050242e-05
0.730000000000001	3.90775851084909e-05
0.750000000000001	4.66400605678661e-05
0.770000000000001	5.63707573907647e-05
0.790000000000001	6.91560950058911e-05
0.810000000000001	8.6379943163556e-05
0.830000000000001	0.000110297907563364
0.850000000000001	0.000144785089394679
0.870000000000001	0.00019695153047842
0.890000000000001	0.000280996573161911
0.910000000000001	0.00042869103939211
0.930000000000001	0.000723570876774619
0.950000000000001	0.00144774303749312
0.970000000000001	0.00410441801234841
0.990000000000001	0.037693342433088
