# Program settings for SigmaNu
# Electroweak scheme and input parameters
# Scheme = Complex mass scheme
# alpha_GF = 0.00755898078237864
# Pole masses/widths for particles [GeV]
# mw = 80.35797361
# gw = 2.084298894
# mz = 91.15348062
# gz = 2.494266379
# s^2_thetaw (derived) = (0.222868505240788,-0.00110716741475141)
# charged leptons
# m_e = 0.0005109989461
# m_m = 0.10565837
# m_t = 1.77686
# quarks
# m_d = 0.05
# m_u = 0.05
# m_s = 0.2
# m_c = 1.51
# m_b = 4.92
# m_t = 173
# Ecms (default) = 1949230

# channel_id = 6
# process  = nu_e nu_mu~ -> nu_e nu_mu~
-0.99	1.93566091749295e-12
-0.97	1.77764686519095e-11
-0.95	5.0397178163528e-11
-0.93	1.00836298724126e-10
-0.91	1.70197712407596e-10
-0.89	2.59655302625151e-10
-0.87	3.70457955539782e-10
-0.85	5.03934968380754e-10
-0.83	6.61501902166307e-10
-0.81	8.44666920228525e-10
-0.79	1.05503765826883e-09
-0.77	1.29432867651312e-09
-0.75	1.56436954994751e-09
-0.73	1.86711365867372e-09
-0.71	2.20464774721279e-09
-0.69	2.57920232920435e-09
-0.67	2.99316302250926e-09
-0.65	3.44908290935364e-09
-0.63	3.94969602700185e-09
-0.61	4.4979321066842e-09
-0.59	5.0969326923307e-09
-0.57	5.75006878630248e-09
-0.55	6.46096018703127e-09
-0.53	7.23349670358257e-09
-0.51	8.07186145500441e-09
-0.49	8.98055648832746e-09
-0.47	9.96443097872727e-09
-0.45	1.10287123092112e-08
-0.429999999999999	1.21790403659161e-08
-0.409999999999999	1.34215054294743e-08
-0.389999999999999	1.47626900938422e-08
-0.369999999999999	1.62097157025695e-08
-0.349999999999999	1.7770293859985e-08
-0.329999999999999	1.94527836527134e-08
-0.309999999999999	2.12662553070912e-08
-0.289999999999999	2.32205611125673e-08
-0.269999999999999	2.53264145625967e-08
-0.249999999999999	2.75954788058994e-08
-0.229999999999999	3.00404656659322e-08
-0.209999999999999	3.26752466793738e-08
-0.189999999999999	3.55149778306662e-08
-0.169999999999999	3.85762399255844e-08
-0.149999999999999	4.18771968601761e-08
-0.129999999999999	4.54377744116897e-08
-0.109999999999999	4.92798626168064e-08
-0.0899999999999994	5.34275453237461e-08
-0.0699999999999994	5.79073611259721e-08
-0.0499999999999994	6.2748600627683e-08
-0.0299999999999994	6.798364588154e-08
-0.00999999999999938	7.36483589100394e-08
0.0100000000000006	7.97825275146594e-08
0.0300000000000006	8.64303781427956e-08
0.0500000000000006	9.36411674862134e-08
0.0700000000000006	1.01469866807977e-07
0.0900000000000006	1.09977955841235e-07
0.110000000000001	1.19234346605038e-07
0.130000000000001	1.29316461808948e-07
0.150000000000001	1.40311497887806e-07
0.170000000000001	1.52317909403187e-07
0.190000000000001	1.65447159937023e-07
0.210000000000001	1.7982579516765e-07
0.230000000000001	1.95597907194957e-07
0.250000000000001	2.12928076212641e-07
0.270000000000001	2.32004897438368e-07
0.290000000000001	2.53045229322251e-07
0.310000000000001	2.76299335514496e-07
0.330000000000001	3.02057140689873e-07
0.350000000000001	3.30655882964356e-07
0.370000000000001	3.62489528667273e-07
0.390000000000001	3.9802042618037e-07
0.410000000000001	4.37793825086446e-07
0.430000000000001	4.82456090242145e-07
0.450000000000001	5.32777719675432e-07
0.470000000000001	5.89682662718811e-07
0.490000000000001	6.54285978415383e-07
0.510000000000001	7.27942645916004e-07
0.530000000000001	8.12311447946674e-07
0.550000000000001	9.0943946510799e-07
0.570000000000001	1.021875109683e-06
0.590000000000001	1.15282122032138e-06
0.610000000000001	1.30634523173649e-06
0.630000000000001	1.48767199129739e-06
0.650000000000001	1.7035984058309e-06
0.670000000000001	1.96309124937018e-06
0.690000000000001	2.27816641649613e-06
0.710000000000001	2.66521131282381e-06
0.730000000000001	3.1470243263368e-06
0.750000000000001	3.75605117677559e-06
0.770000000000001	4.53969086683275e-06
0.790000000000001	5.56932921250338e-06
0.810000000000001	6.95641309529636e-06
0.830000000000001	8.8825927397692e-06
0.850000000000001	1.16599409094338e-05
0.870000000000001	1.58610493126977e-05
0.890000000000001	2.26294312886998e-05
0.910000000000001	3.45236821507914e-05
0.930000000000001	5.82711943755093e-05
0.950000000000001	0.000116590878373421
0.970000000000001	0.00033054093586523
0.990000000000001	0.00303557668865101
