# Program settings for SigmaNu
# Electroweak scheme and input parameters
# Scheme = Complex mass scheme
# alpha_GF = 0.00755898078237864
# Pole masses/widths for particles [GeV]
# mw = 80.35797361
# gw = 2.084298894
# mz = 91.15348062
# gz = 2.494266379
# s^2_thetaw (derived) = (0.222868505240788,-0.00110716741475141)
# charged leptons
# m_e = 0.0005109989461
# m_m = 0.10565837
# m_t = 1.77686
# quarks
# m_d = 0.05
# m_u = 0.05
# m_s = 0.2
# m_c = 1.51
# m_b = 4.92
# m_t = 173
# Ecms (default) = 538618

# channel_id = 6
# process  = nu_e nu_mu~ -> nu_e nu_mu~
-0.99	2.53509189122782e-11
-0.97	2.3281444132354e-10
-0.95	6.60040590834694e-10
-0.93	1.32063049113721e-09
-0.91	2.22904143886884e-09
-0.89	3.40064752250069e-09
-0.87	4.8518051247402e-09
-0.85	6.59992375401228e-09
-0.83	8.66354269625497e-09
-0.81	1.10624140291568e-08
-0.79	1.38175925977313e-08
-0.77	1.69515336135194e-08
-0.75	2.04881986105902e-08
-0.73	2.44531705708513e-08
-0.71	2.88737791201021e-08
-0.69	3.37792367960427e-08
-0.67	3.92007875015659e-08
-0.65	4.51718683827864e-08
-0.63	5.17282865133521e-08
-0.61	5.89084119268666e-08
-0.59	6.67533887203218e-08
-0.57	7.53073661562736e-08
-0.55	8.46177519235568e-08
-0.53	9.47354899796467e-08
-0.51	1.05715365696987e-07
-0.49	1.17616341376173e-07
-0.47	1.30501925577129e-07
-0.45	1.44440580162769e-07
-0.429999999999999	1.59506169456791e-07
-0.409999999999999	1.7577845649836e-07
-0.389999999999999	1.9334365204357e-07
-0.369999999999999	2.12295022730788e-07
-0.349999999999999	2.32733565711057e-07
-0.329999999999999	2.54768758065397e-07
-0.309999999999999	2.78519390511624e-07
-0.289999999999999	3.04114496272146e-07
-0.269999999999999	3.31694387564378e-07
-0.249999999999999	3.61411814026934e-07
-0.229999999999999	3.934332595553e-07
-0.209999999999999	4.27940396547792e-07
-0.189999999999999	4.65131719525696e-07
-0.169999999999999	5.05224383574187e-07
-0.149999999999999	5.48456277154874e-07
-0.129999999999999	5.95088363690177e-07
-0.109999999999999	6.45407332065266e-07
-0.0899999999999994	6.99728603020082e-07
-0.0699999999999994	7.58399746539022e-07
-0.0499999999999994	8.21804375069814e-07
-0.0299999999999994	8.90366589062574e-07
-0.00999999999999938	9.64556065346218e-07
0.0100000000000006	1.04489389578984e-06
0.0300000000000006	1.13195930420472e-06
0.0500000000000006	1.22639739437508e-06
0.0700000000000006	1.32892811253261e-06
0.0900000000000006	1.44035664486867e-06
0.110000000000001	1.56158551654023e-06
0.130000000000001	1.69362871529009e-06
0.150000000000001	1.837628233126e-06
0.170000000000001	1.99487350718898e-06
0.190000000000001	2.16682435080859e-06
0.210000000000001	2.35513810410784e-06
0.230000000000001	2.56170190870814e-06
0.250000000000001	2.7886712341401e-06
0.270000000000001	3.03851606924313e-06
0.290000000000001	3.31407655998184e-06
0.310000000000001	3.61863035262135e-06
0.330000000000001	3.95597452482968e-06
0.350000000000001	4.33052580762696e-06
0.370000000000001	4.74744388849944e-06
0.390000000000001	5.21278403905729e-06
0.410000000000001	5.73368726899142e-06
0.430000000000001	6.31861887159944e-06
0.450000000000001	6.97766988389334e-06
0.470000000000001	7.72294105943713e-06
0.490000000000001	8.56903607180518e-06
0.510000000000001	9.53370077307999e-06
0.530000000000001	1.0638659860847e-05
0.550000000000001	1.19107234804567e-05
0.570000000000001	1.33832676025698e-05
0.590000000000001	1.50982390686311e-05
0.610000000000001	1.71089081344114e-05
0.630000000000001	1.94837034205142e-05
0.650000000000001	2.23116424444387e-05
0.670000000000001	2.57101609682744e-05
0.690000000000001	2.98366283725861e-05
0.710000000000001	3.49056666920143e-05
0.730000000000001	4.12158610873373e-05
0.750000000000001	4.91921455419518e-05
0.770000000000001	5.94552936334399e-05
0.790000000000001	7.2940228503506e-05
0.810000000000001	9.11065434386107e-05
0.830000000000001	0.000116333267904572
0.850000000000001	0.000152707543476705
0.870000000000001	0.000207728463930494
0.890000000000001	0.000296372340370498
0.910000000000001	0.000452148450371896
0.930000000000001	0.000763163710999913
0.950000000000001	0.00152696155553978
0.970000000000001	0.00432900580679754
0.990000000000001	0.0397558516516736
