# Program settings for SigmaNu
# Electroweak scheme and input parameters
# Scheme = Complex mass scheme
# alpha_GF = 0.00755898078237864
# Pole masses/widths for particles [GeV]
# mw = 80.35797361
# gw = 2.084298894
# mz = 91.15348062
# gz = 2.494266379
# s^2_thetaw (derived) = (0.222868505240788,-0.00110716741475141)
# charged leptons
# m_e = 0.0005109989461
# m_m = 0.10565837
# m_t = 1.77686
# quarks
# m_d = 0.05
# m_u = 0.05
# m_s = 0.2
# m_c = 1.51
# m_b = 4.92
# m_t = 173
# Ecms (default) = 613013

# channel_id = 6
# process  = nu_e nu_mu~ -> nu_e nu_mu~
-0.99	1.95711375181301e-11
-0.97	1.79734843684503e-10
-0.95	5.09557275574549e-10
-0.93	1.0195386231428e-09
-0.91	1.72084004957183e-09
-0.89	2.62533048959956e-09
-0.87	3.74563721796484e-09
-0.85	5.09520053194948e-09
-0.83	6.68833292725559e-09
-0.81	8.54028318574528e-09
-0.79	1.06673058373955e-08
-0.77	1.30867365077622e-08
-0.75	1.58170737169689e-08
-0.73	1.88780677574838e-08
-0.71	2.22908173466024e-08
-0.69	2.60778748265795e-08
-0.67	3.02633607719093e-08
-0.65	3.48730889606242e-08
-0.63	3.99347027761771e-08
-0.61	4.54778242302126e-08
-0.59	5.15342169363219e-08
-0.57	5.8137964523007e-08
-0.55	6.53256661532382e-08
-0.53	7.3136651021264e-08
-0.51	8.16132139283301e-08
-0.49	9.08008743018844e-08
-0.47	1.00748661322579e-07
-0.45	1.11509428165651e-07
-0.429999999999999	1.23140198754795e-07
-0.409999999999999	1.35702550875254e-07
-0.389999999999999	1.49263040007909e-07
-0.369999999999999	1.63893668838413e-07
-0.349999999999999	1.79672408077953e-07
-0.329999999999999	1.96683775020177e-07
-0.309999999999999	2.15019477170384e-07
-0.289999999999999	2.34779129339852e-07
-0.269999999999999	2.56071053825801e-07
-0.249999999999999	2.7901317472688e-07
-0.229999999999999	3.03734019112018e-07
-0.209999999999999	3.30373839711445e-07
-0.189999999999999	3.59085876086203e-07
-0.169999999999999	3.90037773921144e-07
-0.149999999999999	4.23413185254957e-07
-0.129999999999999	4.59413576204463e-07
-0.109999999999999	4.98260273176081e-07
-0.0899999999999994	5.40196783827641e-07
-0.0699999999999994	5.85491435324131e-07
-0.0499999999999994	6.34440379937865e-07
-0.0299999999999994	6.87371027044853e-07
-0.00999999999999938	7.44645971397413e-07
0.0100000000000006	8.06667500623584e-07
0.0300000000000006	8.73882780736245e-07
0.0500000000000006	9.4678983768298e-07
0.0700000000000006	1.02594447645755e-06
0.0900000000000006	1.11196830807341e-06
0.110000000000001	1.20555809010588e-06
0.130000000000001	1.30749663025482e-06
0.150000000000001	1.41866555667079e-06
0.170000000000001	1.54006032648146e-06
0.190000000000001	1.67280792877414e-06
0.210000000000001	1.81818784510877e-06
0.230000000000001	1.97765696588281e-06
0.250000000000001	2.15287933306968e-06
0.270000000000001	2.3457618003982e-06
0.290000000000001	2.55849698625167e-06
0.310000000000001	2.7936152632103e-06
0.330000000000001	3.05404800960601e-06
0.350000000000001	3.34320498177736e-06
0.370000000000001	3.66506950519346e-06
0.390000000000001	4.02431630439278e-06
0.410000000000001	4.42645830356633e-06
0.430000000000001	4.8780307858729e-06
0.450000000000001	5.38682412338483e-06
0.470000000000001	5.96218020761338e-06
0.490000000000001	6.61537320706981e-06
0.510000000000001	7.3601030806498e-06
0.530000000000001	8.21314149218043e-06
0.550000000000001	9.19518611746057e-06
0.570000000000001	1.03320035092375e-05
0.590000000000001	1.16559770106272e-05
0.610000000000001	1.32082317438899e-05
0.630000000000001	1.50415952273072e-05
0.650000000000001	1.72247897956649e-05
0.670000000000001	1.9848476928446e-05
0.690000000000001	2.30341472241558e-05
0.710000000000001	2.69474908549614e-05
0.730000000000001	3.18190182969459e-05
0.750000000000001	3.79767824785255e-05
0.770000000000001	4.59000262979301e-05
0.790000000000001	5.63105190151591e-05
0.810000000000001	7.0335080094054e-05
0.830000000000001	8.9810342256226e-05
0.850000000000001	0.00011789161666942
0.870000000000001	0.00016036827349532
0.890000000000001	0.000228802164970213
0.910000000000001	0.000349062769023926
0.930000000000001	0.00058916946425432
0.950000000000001	0.00117882866142787
0.970000000000001	0.00334203430285295
0.990000000000001	0.0306919549764368
