# Program settings for SigmaNu
# Electroweak scheme and input parameters
# Scheme = Complex mass scheme
# alpha_GF = 0.00755898078237864
# Pole masses/widths for particles [GeV]
# mw = 80.35797361
# gw = 2.084298894
# mz = 91.15348062
# gz = 2.494266379
# s^2_thetaw (derived) = (0.222868505240788,-0.00110716741475141)
# charged leptons
# m_e = 0.0005109989461
# m_m = 0.10565837
# m_t = 1.77686
# quarks
# m_d = 0.05
# m_u = 0.05
# m_s = 0.2
# m_c = 1.51
# m_b = 4.92
# m_t = 173
# Ecms (default) = 565875

# channel_id = 6
# process  = nu_e nu_mu~ -> nu_e nu_mu~
-0.99	2.29675367185279e-11
-0.97	2.10926248807733e-10
-0.95	5.97986469833872e-10
-0.93	1.1964706055375e-09
-0.91	2.01947674098518e-09
-0.89	3.08093356033518e-09
-0.87	4.39565969099237e-09
-0.85	5.97942787582483e-09
-0.83	7.84903441849449e-09
-0.81	1.00223743930609e-08
-0.79	1.25185231604473e-08
-0.77	1.53578247917958e-08
-0.75	1.85619880629498e-08
-0.73	2.21541907561896e-08
-0.71	2.61591930859025e-08
-0.69	3.06034611552727e-08
-0.67	3.55153014526481e-08
-0.65	4.09250075105082e-08
-0.63	4.68650199786938e-08
-0.61	5.337010150877e-08
-0.59	6.04775280104425e-08
-0.57	6.82272980265224e-08
-0.55	7.6662362183184e-08
-0.53	8.58288749108084e-08
-0.51	9.57764709017967e-08
-0.49	1.06558569080279e-07
-0.47	1.18232707210401e-07
-0.45	1.30860910671527e-07
-0.429999999999999	1.445100993882e-07
-0.409999999999999	1.5925253742914e-07
-0.389999999999999	1.75166330394002e-07
-0.369999999999999	1.92335976401697e-07
-0.349999999999999	2.10852977295009e-07
-0.329999999999999	2.30816517600982e-07
-0.309999999999999	2.52334219856297e-07
-0.289999999999999	2.75522986146998e-07
-0.269999999999999	3.00509937152654e-07
-0.249999999999999	3.27433461662413e-07
-0.229999999999999	3.56444391487896e-07
-0.209999999999999	3.87707318987363e-07
-0.189999999999999	4.21402077100073e-07
-0.169999999999999	4.57725404945092e-07
-0.149999999999999	4.96892825757136e-07
-0.129999999999999	5.39140768325493e-07
-0.109999999999999	5.84728968307464e-07
-0.0899999999999994	6.33943191972642e-07
-0.0699999999999994	6.87098332304693e-07
-0.0499999999999994	7.44541936196944e-07
-0.0299999999999994	8.06658232041466e-07
-0.00999999999999938	8.73872739718768e-07
0.0100000000000006	9.4665756033399e-07
0.0300000000000006	1.02553746162539e-06
0.0500000000000006	1.11109689755945e-06
0.0700000000000006	1.20398812819309e-06
0.0900000000000006	1.30494063965763e-06
0.110000000000001	1.41477210566964e-06
0.130000000000001	1.53440118331067e-06
0.150000000000001	1.6648624995308e-06
0.170000000000001	1.80732426427232e-06
0.190000000000001	1.96310904564852e-06
0.210000000000001	2.13371836796865e-06
0.230000000000001	2.3208619521177e-06
0.250000000000001	2.52649261988447e-06
0.270000000000001	2.75284814264983e-06
0.290000000000001	3.0025016483818e-06
0.310000000000001	3.27842263350336e-06
0.330000000000001	3.58405119119517e-06
0.350000000000001	3.92338881092068e-06
0.370000000000001	4.30111008912733e-06
0.390000000000001	4.72270100752797e-06
0.410000000000001	5.19463120962531e-06
0.430000000000001	5.72457011924476e-06
0.450000000000001	6.32166005869974e-06
0.470000000000001	6.99686412220657e-06
0.490000000000001	7.76341301054282e-06
0.510000000000001	8.63738418930002e-06
0.530000000000001	9.63845989616525e-06
0.550000000000001	1.07909297053588e-05
0.570000000000001	1.21250317266682e-05
0.590000000000001	1.36787691454742e-05
0.610000000000001	1.55004039844122e-05
0.630000000000001	1.76519315089347e-05
0.650000000000001	2.02140002049882e-05
0.670000000000001	2.32930050464213e-05
0.690000000000001	2.70315202449287e-05
0.710000000000001	3.16239900274976e-05
0.730000000000001	3.73409279097008e-05
0.750000000000001	4.4567317479434e-05
0.770000000000001	5.38655699589608e-05
0.790000000000001	6.60827112052354e-05
0.810000000000001	8.25411100977799e-05
0.830000000000001	0.000105396130461861
0.850000000000001	0.000138350659279565
0.870000000000001	0.000188198759531351
0.890000000000001	0.000268508737810787
0.910000000000001	0.000409639483233694
0.930000000000001	0.000691414509170548
0.950000000000001	0.0013834036186567
0.970000000000001	0.00392201305699147
0.990000000000001	0.0360182194683716
