# Program settings for SigmaNu
# Electroweak scheme and input parameters
# Scheme = Complex mass scheme
# alpha_GF = 0.00755898078237864
# Pole masses/widths for particles [GeV]
# mw = 80.35797361
# gw = 2.084298894
# mz = 91.15348062
# gz = 2.494266379
# s^2_thetaw (derived) = (0.222868505240788,-0.00110716741475141)
# charged leptons
# m_e = 0.0005109989461
# m_m = 0.10565837
# m_t = 1.77686
# quarks
# m_d = 0.05
# m_u = 0.05
# m_s = 0.2
# m_c = 1.51
# m_b = 4.92
# m_t = 173
# Ecms (default) = 665903

# channel_id = 6
# process  = nu_e nu_mu~ -> nu_e nu_mu~
-0.99	1.65856882405322e-11
-0.97	1.52317466511876e-10
-0.95	4.31827639385836e-10
-0.93	8.64014661412867e-10
-0.91	1.45833713322412e-09
-0.89	2.22485346107983e-09
-0.87	3.17426471142909e-09
-0.85	4.31796095198755e-09
-0.83	5.66807140072154e-09
-0.81	7.23751873742205e-09
-0.79	9.04007796969251e-09
-0.77	1.109044028665e-08
-0.75	1.34042823800126e-08
-0.73	1.59983417641535e-08
-0.71	1.88904986848785e-08
-0.69	2.20998652719663e-08
-0.67	2.56468826638575e-08
-0.65	2.95534269153991e-08
-0.63	3.38429245925112e-08
-0.61	3.85404790625101e-08
-0.59	4.36730086072817e-08
-0.57	4.9269397620516e-08
-0.55	5.53606623020345e-08
-0.53	6.19801324345152e-08
-0.51	6.91636510236765e-08
-0.49	7.69497938057973e-08
-0.47	8.53801108804601e-08
-0.45	9.44993930164665e-08
-0.429999999999999	1.04355965510672e-07
-0.409999999999999	1.15002012859687e-07
-0.389999999999999	1.26493937940846e-07
-0.369999999999999	1.38892759900795e-07
-0.349999999999999	1.52264555528461e-07
-0.329999999999999	1.66680949556898e-07
-0.309999999999999	1.82219660111065e-07
-0.289999999999999	1.98965106414104e-07
-0.269999999999999	2.17009086905092e-07
-0.249999999999999	2.3645153713255e-07
-0.229999999999999	2.57401378201547e-07
-0.209999999999999	2.79977468205555e-07
-0.189999999999999	3.0430967101281e-07
-0.169999999999999	3.3054005905546e-07
-0.149999999999999	3.58824269454979e-07
-0.129999999999999	3.89333035989968e-07
-0.109999999999999	4.22253923171462e-07
-0.0899999999999994	4.57793293157229e-07
-0.0699999999999994	4.96178541558882e-07
-0.0499999999999994	5.37660644557448e-07
-0.0299999999999994	5.82517067371172e-07
-0.00999999999999938	6.31055093295901e-07
0.0100000000000006	6.83615643614999e-07
0.0300000000000006	7.4057767209305e-07
0.0500000000000006	8.02363234079515e-07
0.0700000000000006	8.69443350155109e-07
0.0900000000000006	9.42344808643166e-07
0.110000000000001	1.02165808131335e-06
0.130000000000001	1.10804656367742e-06
0.150000000000001	1.20225739728582e-06
0.170000000000001	1.30513418880204e-06
0.190000000000001	1.41763201251115e-06
0.210000000000001	1.54083517344432e-06
0.230000000000001	1.6759783229157e-06
0.250000000000001	1.82447166420149e-06
0.270000000000001	1.98793117299321e-06
0.290000000000001	2.16821499811419e-06
0.310000000000001	2.36746752039898e-06
0.330000000000001	2.58817295563911e-06
0.350000000000001	2.83322092420921e-06
0.370000000000001	3.10598712141097e-06
0.390000000000001	3.41043317322974e-06
0.410000000000001	3.75123104345467e-06
0.430000000000001	4.13391910070248e-06
0.450000000000001	4.56509934694216e-06
0.470000000000001	5.05268862949612e-06
0.490000000000001	5.60624131654387e-06
0.510000000000001	6.23736752829259e-06
0.530000000000001	6.96028052151921e-06
0.550000000000001	7.79252067770791e-06
0.570000000000001	8.75592403151824e-06
0.590000000000001	9.87793406023626e-06
0.610000000000001	1.11934025195552e-05
0.630000000000001	1.27470984379259e-05
0.650000000000001	1.459726101104e-05
0.670000000000001	1.68207219077893e-05
0.690000000000001	1.9520439137941e-05
0.710000000000001	2.28368279326484e-05
0.730000000000001	2.69652359193012e-05
0.750000000000001	3.21836737238795e-05
0.770000000000001	3.88982789170619e-05
0.790000000000001	4.77207196491656e-05
0.810000000000001	5.96059265670214e-05
0.830000000000001	7.61103663071883e-05
0.850000000000001	9.99080283939153e-05
0.870000000000001	0.000135905153362056
0.890000000000001	0.000193899910679659
0.910000000000001	0.000295815564458888
0.930000000000001	0.000499295601138897
0.950000000000001	0.000999006306731778
0.970000000000001	0.00283223003961365
0.990000000000001	0.0260101325019274
