# Program settings for SigmaNu
# Electroweak scheme and input parameters
# Scheme = Complex mass scheme
# alpha_GF = 0.00755898078237864
# Pole masses/widths for particles [GeV]
# mw = 80.35797361
# gw = 2.084298894
# mz = 91.15348062
# gz = 2.494266379
# s^2_thetaw (derived) = (0.222868505240788,-0.00110716741475141)
# charged leptons
# m_e = 0.0005109989461
# m_m = 0.10565837
# m_t = 1.77686
# quarks
# m_d = 0.05
# m_u = 0.05
# m_s = 0.2
# m_c = 1.51
# m_b = 4.92
# m_t = 173
# Ecms (default) = 100190

# channel_id = 6
# process  = nu_e nu_mu~ -> nu_e nu_mu~
-0.99	7.3266590388595e-10
-0.97	6.72856084225916e-09
-0.95	1.90758063573601e-08
-0.93	3.8167487637051e-08
-0.91	6.44214340468703e-08
-0.89	9.82819710695764e-08
-0.87	1.40221813382502e-07
-0.85	1.90744111949851e-07
-0.83	2.50384669327066e-07
-0.81	3.19714338845205e-07
-0.79	3.9934162498389e-07
-0.77	4.8991550407359e-07
-0.75	5.92128486516461e-07
-0.73	7.06719944007983e-07
-0.71	8.34479727811559e-07
-0.69	9.76252107021937e-07
-0.67	1.13294005899354e-06
-0.65	1.30550994775488e-06
-0.63	1.49499663033694e-06
-0.61	1.70250903557541e-06
-0.59	1.9292362651802e-06
-0.57	2.17645427278503e-06
-0.55	2.44553318339706e-06
-0.53	2.73794532327621e-06
-0.51	3.05527403892135e-06
-0.49	3.39922339368339e-06
-0.47	3.77162884174557e-06
-0.45	4.1744689920252e-06
-0.429999999999999	4.60987858920739e-06
-0.409999999999999	5.08016285591666e-06
-0.389999999999999	5.58781335931238e-06
-0.369999999999999	6.13552558756729e-06
-0.349999999999999	6.72621844723858e-06
-0.329999999999999	7.36305592203899e-06
-0.309999999999999	8.04947116764089e-06
-0.289999999999999	8.78919335670615e-06
-0.269999999999999	9.58627763429319e-06
-0.249999999999999	1.04451385973015e-05
-0.229999999999999	1.13705877740554e-05
-0.209999999999999	1.23678756531652e-05
-0.189999999999999	1.34427388964372e-05
-0.169999999999999	1.4601453471257e-05
-0.149999999999999	1.58508945564883e-05
-0.129999999999999	1.71986042160753e-05
-0.109999999999999	1.865286800059e-05
-0.0899999999999994	2.02228018342613e-05
-0.0699999999999994	2.19184507801335e-05
-0.0499999999999994	2.37509015570295e-05
-0.0299999999999994	2.57324110189588e-05
-0.00999999999999938	2.78765532129782e-05
0.0100000000000006	3.01983881208097e-05
0.0300000000000006	3.27146557822191e-05
0.0500000000000006	3.54440002187195e-05
0.0700000000000006	3.84072284555197e-05
0.0900000000000006	4.16276110170184e-05
0.110000000000001	4.51312315965905e-05
0.130000000000001	4.89473952390422e-05
0.150000000000001	5.31091064065214e-05
0.170000000000001	5.76536308328302e-05
0.190000000000001	6.26231582463143e-05
0.210000000000001	6.80655870403231e-05
0.230000000000001	7.4035457033247e-05
0.250000000000001	8.05950629065504e-05
0.270000000000001	8.78157891654184e-05
0.290000000000001	9.57797181062108e-05
0.310000000000001	0.000104581576075271
0.330000000000001	0.000114331101326714
0.350000000000001	0.000125155940495301
0.370000000000001	0.000137205212126775
0.390000000000001	0.000150653917701992
0.410000000000001	0.000165708437189021
0.430000000000001	0.000182613423133775
0.450000000000001	0.000201660513009697
0.470000000000001	0.000223199426219865
0.490000000000001	0.000247652217907275
0.510000000000001	0.000275531753810089
0.530000000000001	0.000307465890290743
0.550000000000001	0.000344229455580155
0.570000000000001	0.000386787033235142
0.590000000000001	0.000436350908632727
0.610000000000001	0.000494460618322241
0.630000000000001	0.000563093781133112
0.650000000000001	0.000644823041807086
0.670000000000001	0.000743042340614247
0.690000000000001	0.000862299709255481
0.710000000000001	0.00100879779244641
0.730000000000001	0.00119116578115434
0.750000000000001	0.00142168435718776
0.770000000000001	0.00171829396753051
0.790000000000001	0.00210801395608411
0.810000000000001	0.00263302653816838
0.830000000000001	0.00336208535480231
0.850000000000001	0.00441330771171712
0.870000000000001	0.0060034141434861
0.890000000000001	0.00856521014125852
0.910000000000001	0.0130670813618321
0.930000000000001	0.0220551925049373
0.950000000000001	0.0441279052780394
0.970000000000001	0.125099297054424
0.990000000000001	1.14861696609647
