# Program settings for SigmaNu
# Electroweak scheme and input parameters
# Scheme = Complex mass scheme
# alpha_GF = 0.00755898078237864
# Pole masses/widths for particles [GeV]
# mw = 80.35797361
# gw = 2.084298894
# mz = 91.15348062
# gz = 2.494266379
# s^2_thetaw (derived) = (0.222868505240788,-0.00110716741475141)
# charged leptons
# m_e = 0.0005109989461
# m_m = 0.10565837
# m_t = 1.77686
# quarks
# m_d = 0.05
# m_u = 0.05
# m_s = 0.2
# m_c = 1.51
# m_b = 4.92
# m_t = 173
# Ecms (default) = 470360

# channel_id = 6
# process  = nu_e nu_mu~ -> nu_e nu_mu~
-0.99	3.32425752743521e-11
-0.97	3.05288799038274e-10
-0.95	8.65509021302493e-10
-0.93	1.73173834994649e-09
-0.91	2.92293458955212e-09
-0.89	4.45925773074553e-09
-0.87	6.36215584327671e-09
-0.85	8.65445795710133e-09
-0.83	1.13604745756211e-08
-0.81	1.45061065319727e-08
-0.79	1.81189629736936e-08
-0.77	2.22284893442266e-08
-0.75	2.68661063226643e-08
-0.73	3.20653607871793e-08
-0.71	3.7862089984184e-08
-0.69	4.42946002161094e-08
-0.67	5.14038615077032e-08
-0.65	5.92337198761414e-08
-0.63	6.78311290165651e-08
-0.61	7.72464034248421e-08
-0.59	8.75334952167812e-08
-0.57	9.87502971716292e-08
-0.55	1.10958974831988e-07
-0.53	1.24226330837557e-07
-0.51	1.38624205062478e-07
-0.49	1.54229914572626e-07
-0.47	1.7112673792833e-07
-0.45	1.89404448939339e-07
-0.429999999999999	2.09159905643908e-07
-0.409999999999999	2.30497701045867e-07
-0.389999999999999	2.53530883018376e-07
-0.369999999999999	2.78381751789059e-07
-0.349999999999999	3.0518274458055e-07
-0.329999999999999	3.34077418318846e-07
-0.309999999999999	3.65221542870205e-07
-0.289999999999999	3.98784319062316e-07
-0.269999999999999	4.3494973783063e-07
-0.249999999999999	4.73918099258673e-07
-0.229999999999999	5.15907713114209e-07
-0.209999999999999	5.61156805796995e-07
-0.189999999999999	6.09925662499264e-07
-0.169999999999999	6.62499037946997e-07
-0.149999999999999	7.19188874471902e-07
-0.129999999999999	7.80337372522955e-07
-0.109999999999999	8.46320466260495e-07
-0.0899999999999994	9.1755176582773e-07
-0.0699999999999994	9.9448703856207e-07
-0.0499999999999994	1.07762931415963e-06
-0.0299999999999994	1.16753471409524e-06
-0.00999999999999938	1.26481912399294e-06
0.0100000000000006	1.37016584984239e-06
0.0300000000000006	1.48433442584933e-06
0.0500000000000006	1.60817077440144e-06
0.0700000000000006	1.74261895853021e-06
0.0900000000000006	1.88873481613257e-06
0.110000000000001	2.04770182535543e-06
0.130000000000001	2.22084962484979e-06
0.150000000000001	2.409675704817e-06
0.170000000000001	2.61587089975173e-06
0.190000000000001	2.84134945785471e-06
0.210000000000001	3.08828464352622e-06
0.230000000000001	3.35915105907374e-06
0.250000000000001	3.65677516425965e-06
0.270000000000001	3.98439584692137e-06
0.290000000000001	4.34573738064472e-06
0.310000000000001	4.74509773163264e-06
0.330000000000001	5.18745599467101e-06
0.350000000000001	5.67860381381676e-06
0.370000000000001	6.22530706933492e-06
0.390000000000001	6.83550601780511e-06
0.410000000000001	7.51856464032949e-06
0.430000000000001	8.28558344643113e-06
0.450000000000001	9.14979477761681e-06
0.470000000000001	1.01270663095842e-05
0.490000000000001	1.12365477881458e-05
0.510000000000001	1.25015092865948e-05
0.530000000000001	1.39504383241118e-05
0.550000000000001	1.56184909492986e-05
0.570000000000001	1.75494329538636e-05
0.590000000000001	1.97982690814229e-05
0.610000000000001	2.24348524277395e-05
0.630000000000001	2.55489131971719e-05
0.650000000000001	2.92571797392199e-05
0.670000000000001	3.3713645142936e-05
0.690000000000001	3.91246673034399e-05
0.710000000000001	4.5771679307754e-05
0.730000000000001	5.40462147748973e-05
0.750000000000001	6.45054880564322e-05
0.770000000000001	7.79635172147341e-05
0.790000000000001	9.56462634204252e-05
0.810000000000001	0.000119467685748495
0.830000000000001	0.000152547396275448
0.850000000000001	0.00020024484755737
0.870000000000001	0.00027239357090395
0.890000000000001	0.000388631940738808
0.910000000000001	0.000592900528066913
0.930000000000001	0.00100073353265542
0.950000000000001	0.00200229819404852
0.970000000000001	0.00567660420516702
0.990000000000001	0.0521315304677189
