# Program settings for SigmaNu
# Electroweak scheme and input parameters
# Scheme = Complex mass scheme
# alpha_GF = 0.00755898078237864
# Pole masses/widths for particles [GeV]
# mw = 80.35797361
# gw = 2.084298894
# mz = 91.15348062
# gz = 2.494266379
# s^2_thetaw (derived) = (0.222868505240788,-0.00110716741475141)
# charged leptons
# m_e = 0.0005109989461
# m_m = 0.10565837
# m_t = 1.77686
# quarks
# m_d = 0.05
# m_u = 0.05
# m_s = 0.2
# m_c = 1.51
# m_b = 4.92
# m_t = 173
# Ecms (default) = 385506

# channel_id = 6
# process  = nu_e nu_mu~ -> nu_e nu_mu~
-0.99	4.94872276495706e-11
-0.97	4.54474304909496e-10
-0.95	1.28845739489347e-09
-0.93	2.57798708877799e-09
-0.91	4.35128530267841e-09
-0.89	6.638363611048e-09
-0.87	9.47115111312896e-09
-0.85	1.28836327022327e-08
-0.83	1.69119986967853e-08
-0.81	2.15948068914182e-08
-0.79	2.69731581972015e-08
-0.77	3.30908871638672e-08
-0.75	3.9994768815239e-08
-0.73	4.77347433839587e-08
-0.71	5.63641607051873e-08
-0.69	6.59400462237372e-08
-0.67	7.65233907879468e-08
-0.65	8.8179466649821e-08
-0.63	1.00978172368335e-07
-0.61	1.14994409625686e-07
-0.59	1.30308495319747e-07
-0.57	1.47006612695816e-07
-0.55	1.65181305733789e-07
-0.53	1.84932021520856e-07
-0.51	2.06365705923942e-07
-0.49	2.29597458540913e-07
-0.47	2.54751253667475e-07
-0.45	2.81960734882154e-07
-0.429999999999999	3.11370091841753e-07
-0.409999999999999	3.43135029014075e-07
-0.389999999999999	3.77423837376982e-07
-0.369999999999999	4.14418581610549e-07
-0.349999999999999	4.54316417034834e-07
-0.329999999999999	4.9733105253824e-07
-0.309999999999999	5.43694378046413e-07
-0.289999999999999	5.93658277753693e-07
-0.269999999999999	6.47496653443381e-07
-0.249999999999999	7.05507685837316e-07
-0.229999999999999	7.68016366132886e-07
-0.209999999999999	8.35377334818748e-07
-0.189999999999999	9.07978070644622e-07
-0.169999999999999	9.8624247941924e-07
-0.149999999999999	1.07063494032222e-06
-0.129999999999999	1.16166487688211e-06
-0.109999999999999	1.25989193098857e-06
-0.0899999999999994	1.36593183163317e-06
-0.0699999999999994	1.48046306595363e-06
-0.0499999999999994	1.60423447913825e-06
-0.0299999999999994	1.73807395250778e-06
-0.00999999999999938	1.88289833647196e-06
0.0100000000000006	2.0397248481081e-06
0.0300000000000006	2.20968418314206e-06
0.0500000000000006	2.39403564078291e-06
0.0700000000000006	2.59418461925796e-06
0.0900000000000006	2.81170291266677e-06
0.110000000000001	3.04835232929984e-06
0.130000000000001	3.30611226218121e-06
0.150000000000001	3.58721197987338e-06
0.170000000000001	3.89416857675284e-06
0.190000000000001	4.22983173643537e-06
0.210000000000001	4.59743673213069e-06
0.230000000000001	5.00066742968769e-06
0.250000000000001	5.44373149451509e-06
0.270000000000001	5.93145056122878e-06
0.290000000000001	6.46936884352894e-06
0.310000000000001	7.06388459395793e-06
0.330000000000001	7.72241004056344e-06
0.350000000000001	8.45356702888804e-06
0.370000000000001	9.26742772040234e-06
0.390000000000001	1.01758125350003e-05
0.410000000000001	1.11926613480954e-05
0.430000000000001	1.23344991522676e-05
0.450000000000001	1.36210245336432e-05
0.470000000000001	1.50758592202904e-05
0.490000000000001	1.67275108582708e-05
0.510000000000001	1.86106208997997e-05
0.530000000000001	2.07675978499086e-05
0.550000000000001	2.32507774501375e-05
0.570000000000001	2.61253125039359e-05
0.590000000000001	2.94730868992429e-05
0.610000000000001	3.33980888118881e-05
0.630000000000001	3.80338968608209e-05
0.650000000000001	4.35542809761109e-05
0.670000000000001	5.01884859616247e-05
0.690000000000001	5.8243710497779e-05
0.710000000000001	6.81389153902074e-05
0.730000000000001	8.04569647072061e-05
0.750000000000001	9.60273662957804e-05
0.770000000000001	0.000116061923716807
0.790000000000001	0.000142385687409149
0.810000000000001	0.000177847908786195
0.830000000000001	0.000227092657024076
0.850000000000001	0.000298098381088056
0.870000000000001	0.000405503948700482
0.890000000000001	0.000578544382884573
0.910000000000001	0.000882632597307557
0.930000000000001	0.00148976057446172
0.950000000000001	0.00298075717376784
0.970000000000001	0.00845057054712061
0.990000000000001	0.0776060834993628
