# Program settings for SigmaNu
# Electroweak scheme and input parameters
# Scheme = Complex mass scheme
# alpha_GF = 0.00755898078237864
# Pole masses/widths for particles [GeV]
# mw = 80.35797361
# gw = 2.084298894
# mz = 91.15348062
# gz = 2.494266379
# s^2_thetaw (derived) = (0.222868505240788,-0.00110716741475141)
# charged leptons
# m_e = 0.0005109989461
# m_m = 0.10565837
# m_t = 1.77686
# quarks
# m_d = 0.05
# m_u = 0.05
# m_s = 0.2
# m_c = 1.51
# m_b = 4.92
# m_t = 173
# Ecms (default) = 274499

# channel_id = 6
# process  = nu_e nu_mu~ -> nu_e nu_mu~
-0.99	9.7605395922762e-11
-0.97	8.96375621045501e-10
-0.95	2.54126973462397e-09
-0.93	5.08465439630152e-09
-0.91	8.58219267816862e-09
-0.89	1.3093077457838e-08
-0.87	1.86802836138887e-08
-0.85	2.54108407391694e-08
-0.83	3.33561282633059e-08
-0.81	4.25921950716932e-08
-0.79	5.32001059268221e-08
-0.77	6.52663172418725e-08
-0.75	7.88830850294043e-08
-0.73	9.41489081534528e-08
-0.71	1.11169010355697e-07
-0.69	1.30055864910546e-07
-0.67	1.50929766195637e-07
-0.65	1.73919452949859e-07
-0.63	1.99162788538079e-07
-0.61	2.26807504158882e-07
-0.59	2.5701201162877e-07
-0.57	2.89946293164923e-07
-0.55	3.25792876482108e-07
-0.53	3.64747904533103e-07
-0.51	4.07022310374027e-07
-0.49	4.52843108947231e-07
-0.47	5.02454819069203e-07
-0.45	5.56121030617949e-07
-0.429999999999999	6.14126133866919e-07
-0.409999999999999	6.76777230149966e-07
-0.389999999999999	7.44406245610342e-07
-0.369999999999999	8.17372272740684e-07
-0.349999999999999	8.9606416782474e-07
-0.329999999999999	9.80903436321329e-07
-0.309999999999999	1.07234744277725e-06
-0.289999999999999	1.17089298712602e-06
-0.269999999999999	1.27708029535201e-06
-0.249999999999999	1.39149747962786e-06
-0.229999999999999	1.5147855313519e-06
-0.209999999999999	1.64764392024178e-06
-0.189999999999999	1.79083688404899e-06
-0.169999999999999	1.94520050686803e-06
-0.149999999999999	2.111650699816e-06
-0.129999999999999	2.29119221652901e-06
-0.109999999999999	2.48492885804347e-06
-0.0899999999999994	2.69407504791423e-06
-0.0699999999999994	2.91996898974295e-06
-0.0499999999999994	3.16408765672924e-06
-0.0299999999999994	3.4280639077474e-06
-0.00999999999999938	3.71370607845538e-06
0.0100000000000006	4.02302046112704e-06
0.0300000000000006	4.35823716585863e-06
0.0500000000000006	4.72183995179433e-06
0.0700000000000006	5.1166007341644e-06
0.0900000000000006	5.54561961645919e-06
0.110000000000001	6.01237147363982e-06
0.130000000000001	6.52076033045314e-06
0.150000000000001	7.07518304967883e-06
0.170000000000001	7.68060418274025e-06
0.190000000000001	8.34264425811917e-06
0.210000000000001	9.06768431574194e-06
0.230000000000001	9.86299017000673e-06
0.250000000000001	1.07368607429218e-05
0.270000000000001	1.16988059087281e-05
0.290000000000001	1.27597607088008e-05
0.310000000000001	1.39323446341292e-05
0.330000000000001	1.52311770737408e-05
0.350000000000001	1.66732631859226e-05
0.370000000000001	1.82784686357517e-05
0.390000000000001	2.00701072369768e-05
0.410000000000001	2.20756730763539e-05
0.430000000000001	2.43277589535125e-05
0.450000000000001	2.68652170523307e-05
0.470000000000001	2.97346372998972e-05
0.490000000000001	3.29922462813014e-05
0.510000000000001	3.67063684902644e-05
0.530000000000001	4.09606476347693e-05
0.550000000000001	4.58583072375173e-05
0.570000000000001	5.15278503320552e-05
0.590000000000001	5.81307792155909e-05
0.610000000000001	6.58721931903287e-05
0.630000000000001	7.50155537461958e-05
0.650000000000001	8.59035929889643e-05
0.670000000000001	9.89884578924707e-05
0.690000000000001	0.000114876046338926
0.710000000000001	0.000134392688176751
0.730000000000001	0.000158687984788826
0.750000000000001	0.000189398000728787
0.770000000000001	0.000228912814107546
0.790000000000001	0.000280832028410909
0.810000000000001	0.000350775309217861
0.830000000000001	0.000447902293633113
0.850000000000001	0.000587949111150609
0.870000000000001	0.000799788419391987
0.890000000000001	0.00114108126023268
0.910000000000001	0.00174084323315173
0.930000000000001	0.00293829825987286
0.950000000000001	0.00587902706253126
0.970000000000001	0.0166672378872729
0.990000000000001	0.15306189059662
