# Program settings for SigmaNu
# Electroweak scheme and input parameters
# Scheme = Complex mass scheme
# alpha_GF = 0.00755898078237864
# Pole masses/widths for particles [GeV]
# mw = 80.35797361
# gw = 2.084298894
# mz = 91.15348062
# gz = 2.494266379
# s^2_thetaw (derived) = (0.222868505240788,-0.00110716741475141)
# charged leptons
# m_e = 0.0005109989461
# m_m = 0.10565837
# m_t = 1.77686
# quarks
# m_d = 0.05
# m_u = 0.05
# m_s = 0.2
# m_c = 1.51
# m_b = 4.92
# m_t = 173
# Ecms (default) = 0.0438957

# channel_id = 6
# process  = nu_e nu_mu~ -> nu_e nu_mu~
-0.99	2.03061360867561e-10
-0.97	1.82755225627781e-09
-0.95	5.07653406874328e-09
-0.93	9.95000682085006e-09
-0.91	1.64479705351842e-08
-0.89	2.45704252343318e-08
-0.87	3.4317370940879e-08
-0.85	4.56888076774118e-08
-0.83	5.86847354665163e-08
-0.81	7.33051543307786e-08
-0.79	8.95500642927847e-08
-0.77	1.07419465375121e-07
-0.75	1.26913357600373e-07
-0.73	1.48031740991127e-07
-0.71	1.7077461556997e-07
-0.69	1.95141981359486e-07
-0.67	2.21133838382263e-07
-0.65	2.48750186660887e-07
-0.63	2.77991026217943e-07
-0.61	3.08856357076017e-07
-0.59	3.41346179257697e-07
-0.57	3.75460492785567e-07
-0.55	4.11199297682213e-07
-0.53	4.48562593970223e-07
-0.51	4.87550381672182e-07
-0.49	5.28162660810676e-07
-0.47	5.70399431408291e-07
-0.45	6.14260693487614e-07
-0.429999999999999	6.59746447071229e-07
-0.409999999999999	7.06856692181725e-07
-0.389999999999999	7.55591428841686e-07
-0.369999999999999	8.05950657073698e-07
-0.349999999999999	8.57934376900348e-07
-0.329999999999999	9.11542588344222e-07
-0.309999999999999	9.66775291427906e-07
-0.289999999999999	1.02363248617399e-06
-0.269999999999999	1.08211417260505e-06
-0.249999999999999	1.14222035074368e-06
-0.229999999999999	1.20395102061246e-06
-0.209999999999999	1.26730618223399e-06
-0.189999999999999	1.33228583563084e-06
-0.169999999999999	1.3988899808256e-06
-0.149999999999999	1.46711861784086e-06
-0.129999999999999	1.53697174669921e-06
-0.109999999999999	1.60844936742323e-06
-0.0899999999999994	1.6815514800355e-06
-0.0699999999999994	1.75627808455862e-06
-0.0499999999999994	1.83262918101516e-06
-0.0299999999999994	1.91060476942773e-06
-0.00999999999999938	1.99020484981889e-06
0.0100000000000006	2.07142942221124e-06
0.0300000000000006	2.15427848662736e-06
0.0500000000000006	2.23875204308985e-06
0.0700000000000006	2.32485009162128e-06
0.0900000000000006	2.41257263224423e-06
0.110000000000001	2.50191966498131e-06
0.130000000000001	2.59289118985509e-06
0.150000000000001	2.68548720688817e-06
0.170000000000001	2.77970771610312e-06
0.190000000000001	2.87555271752252e-06
0.210000000000001	2.97302221116898e-06
0.230000000000001	3.07211619706508e-06
0.250000000000001	3.17283467523339e-06
0.270000000000001	3.27517764569651e-06
0.290000000000001	3.37914510847702e-06
0.310000000000001	3.48473706359752e-06
0.330000000000001	3.59195351108057e-06
0.350000000000001	3.70079445094878e-06
0.370000000000001	3.81125988322472e-06
0.390000000000001	3.92334980793099e-06
0.410000000000001	4.03706422509017e-06
0.430000000000001	4.15240313472484e-06
0.450000000000001	4.26936653685759e-06
0.470000000000001	4.38795443151102e-06
0.490000000000001	4.50816681870769e-06
0.510000000000001	4.6300036984702e-06
0.530000000000001	4.75346507082115e-06
0.550000000000001	4.8785509357831e-06
0.570000000000001	5.00526129337865e-06
0.590000000000001	5.13359614363038e-06
0.610000000000001	5.26355548656088e-06
0.630000000000001	5.39513932219275e-06
0.650000000000001	5.52834765054855e-06
0.670000000000001	5.66318047165089e-06
0.690000000000001	5.79963778552234e-06
0.710000000000001	5.93771959218548e-06
0.730000000000001	6.07742589166292e-06
0.750000000000001	6.21875668397722e-06
0.770000000000001	6.36171196915099e-06
0.790000000000001	6.5062917472068e-06
0.810000000000001	6.65249601816725e-06
0.830000000000001	6.80032478205491e-06
0.850000000000001	6.94977803889237e-06
0.870000000000001	7.10085578870223e-06
0.890000000000001	7.25355803150705e-06
0.910000000000001	7.40788476732945e-06
0.930000000000001	7.56383599619198e-06
0.950000000000001	7.72141171811726e-06
0.970000000000001	7.88061193312785e-06
0.990000000000001	8.04143664124635e-06
