# Program settings for SigmaNu
# Electroweak scheme and input parameters
# Scheme = Complex mass scheme
# alpha_GF = 0.00755898078237864
# Pole masses/widths for particles [GeV]
# mw = 80.35797361
# gw = 2.084298894
# mz = 91.15348062
# gz = 2.494266379
# s^2_thetaw (derived) = (0.222868505240788,-0.00110716741475141)
# charged leptons
# m_e = 0.0005109989461
# m_m = 0.10565837
# m_t = 1.77686
# quarks
# m_d = 0.05
# m_u = 0.05
# m_s = 0.2
# m_c = 1.51
# m_b = 4.92
# m_t = 173
# Ecms (default) = 196639

# channel_id = 6
# process  = nu_e nu_mu~ -> nu_e nu_mu~
-0.99	1.90202383747275e-10
-0.97	1.74675567759329e-09
-0.95	4.95213973178143e-09
-0.93	9.90840077274748e-09
-0.91	1.67240087021506e-08
-0.89	2.55143119068135e-08
-0.87	3.64020287085805e-08
-0.85	4.95177787970486e-08
-0.83	6.50006583308048e-08
-0.81	8.2998862774627e-08
-0.79	1.03670361966025e-07
-0.77	1.2718363238014e-07
-0.75	1.53718452093808e-07
-0.73	1.83466764544886e-07
-0.71	2.1663361785007e-07
-0.69	2.53438187193101e-07
-0.67	2.94114888636373e-07
-0.65	3.38914593655312e-07
-0.63	3.88105954760912e-07
-0.61	4.4197685377845e-07
-0.59	5.00835985708874e-07
-0.57	5.65014592636198e-07
-0.55	6.34868363885393e-07
-0.53	7.10779520610752e-07
-0.51	7.93159105239691e-07
-0.49	8.82449498752134e-07
-0.47	9.79127191688575e-07
-0.45	1.0837058381063e-06
-0.429999999999999	1.19673962550828e-06
-0.409999999999999	1.31882699812925e-06
-0.389999999999999	1.45061477596876e-06
-0.369999999999999	1.5928027177173e-06
-0.349999999999999	1.7461485823544e-06
-0.329999999999999	1.91147375185571e-06
-0.309999999999999	2.08966948630492e-06
-0.289999999999999	2.28170389297647e-06
-0.269999999999999	2.48862970288602e-06
-0.249999999999999	2.71159296219693e-06
-0.229999999999999	2.95184276208087e-06
-0.209999999999999	3.21074214959162e-06
-0.189999999999999	3.48978038434153e-06
-0.169999999999999	3.79058673190087e-06
-0.149999999999999	4.11494601563303e-06
-0.129999999999999	4.46481618506204e-06
-0.109999999999999	4.84234820197685e-06
-0.0899999999999994	5.2499085966955e-06
-0.0699999999999994	5.69010510794894e-06
-0.0499999999999994	6.16581589279972e-06
-0.0299999999999994	6.68022288048943e-06
-0.00999999999999938	7.23684994934404e-06
0.0100000000000006	7.83960673289057e-06
0.0300000000000006	8.49283901520619e-06
0.0500000000000006	9.20138686258301e-06
0.0700000000000006	9.97065186687696e-06
0.0900000000000006	1.08066751556041e-05
0.110000000000001	1.17162281679403e-05
0.130000000000001	1.27069186209199e-05
0.150000000000001	1.37873146177529e-05
0.170000000000001	1.49670905080659e-05
0.190000000000001	1.62571989341784e-05
0.210000000000001	1.76700745356457e-05
0.230000000000001	1.92198760986898e-05
0.250000000000001	2.0922775610668e-05
0.270000000000001	2.27973048230941e-05
0.290000000000001	2.48647726888285e-05
0.310000000000001	2.71497706217207e-05
0.330000000000001	2.96807872058971e-05
0.350000000000001	3.24909601367816e-05
0.370000000000001	3.56190013344017e-05
0.390000000000001	3.91103420714898e-05
0.410000000000001	4.30185596520765e-05
0.430000000000001	4.74071671599423e-05
0.450000000000001	5.23518752393935e-05
0.470000000000001	5.79434729482431e-05
0.490000000000001	6.42915281404497e-05
0.510000000000001	7.15291836624776e-05
0.530000000000001	7.98194346549684e-05
0.550000000000001	8.93634311090236e-05
0.570000000000001	0.000100411584761228
0.590000000000001	0.000113278612434662
0.610000000000001	0.000128364187660415
0.630000000000001	0.000146181713309981
0.650000000000001	0.000167399065446518
0.670000000000001	0.000192897334837028
0.690000000000001	0.000223857223704139
0.710000000000001	0.000261888985732825
0.730000000000001	0.00030923282736702
0.750000000000001	0.000369076915806387
0.770000000000001	0.000446078748441717
0.790000000000001	0.000547252798135742
0.810000000000001	0.000683549986475063
0.830000000000001	0.000872819492653375
0.850000000000001	0.00114572594017177
0.870000000000001	0.00155853275069543
0.890000000000001	0.00222360243202538
0.910000000000001	0.00339234383175681
0.930000000000001	0.00572579112619431
0.950000000000001	0.0114562911989904
0.970000000000001	0.0324787866009646
0.990000000000001	0.298257326127377
