# Program settings for SigmaNu
# Electroweak scheme and input parameters
# Scheme = Complex mass scheme
# alpha_GF = 0.00755898078237864
# Pole masses/widths for particles [GeV]
# mw = 80.35797361
# gw = 2.084298894
# mz = 91.15348062
# gz = 2.494266379
# s^2_thetaw (derived) = (0.222868505240788,-0.00110716741475141)
# charged leptons
# m_e = 0.0005109989461
# m_m = 0.10565837
# m_t = 1.77686
# quarks
# m_d = 0.05
# m_u = 0.05
# m_s = 0.2
# m_c = 1.51
# m_b = 4.92
# m_t = 173
# Ecms (default) = 1.49459e-06

# channel_id = 6
# process  = nu_e nu_mu~ -> nu_e nu_mu~
-0.99	2.35411502306428e-19
-0.97	2.11870352075789e-18
-0.95	5.88528755766083e-18
-0.93	1.15351636130152e-17
-0.91	1.90683316868211e-17
-0.89	2.84847917790785e-17
-0.87	3.97845438897873e-17
-0.85	5.29675880189476e-17
-0.83	6.80339241665594e-17
-0.81	8.49835523326227e-17
-0.79	1.03816472517137e-16
-0.77	1.24532684720104e-16
-0.75	1.47132188941521e-16
-0.73	1.71614985181391e-16
-0.71	1.97981073439711e-16
-0.69	2.26230453716483e-16
-0.67	2.56363126011707e-16
-0.65	2.88379090325382e-16
-0.63	3.22278346657508e-16
-0.61	3.58060895008087e-16
-0.59	3.95726735377116e-16
-0.57	4.35275867764597e-16
-0.55	4.76708292170529e-16
-0.53	5.20024008594913e-16
-0.51	5.65223017037749e-16
-0.49	6.12305317499036e-16
-0.47	6.61270909978774e-16
-0.45	7.12119794476964e-16
-0.429999999999999	7.64851970993605e-16
-0.409999999999999	8.19467439528698e-16
-0.389999999999999	8.75966200082242e-16
-0.369999999999999	9.34348252654237e-16
-0.349999999999999	9.94613597244685e-16
-0.329999999999999	1.05676223385358e-15
-0.309999999999999	1.12079416248093e-15
-0.289999999999999	1.18670938312674e-15
-0.269999999999999	1.25450789579099e-15
-0.249999999999999	1.32418970047369e-15
-0.229999999999999	1.39575479717485e-15
-0.209999999999999	1.46920318589446e-15
-0.189999999999999	1.54453486663251e-15
-0.169999999999999	1.62174983938903e-15
-0.149999999999999	1.70084810416399e-15
-0.129999999999999	1.7818296609574e-15
-0.109999999999999	1.86469450976927e-15
-0.0899999999999994	1.94944265059958e-15
-0.0699999999999994	2.03607408344835e-15
-0.0499999999999994	2.12458880831557e-15
-0.0299999999999994	2.21498682520124e-15
-0.00999999999999938	2.30726813410536e-15
0.0100000000000006	2.40143273502794e-15
0.0300000000000006	2.49748062796896e-15
0.0500000000000006	2.59541181292844e-15
0.0700000000000006	2.69522628990636e-15
0.0900000000000006	2.79692405890274e-15
0.110000000000001	2.90050511991758e-15
0.130000000000001	3.00596947295086e-15
0.150000000000001	3.11331711800259e-15
0.170000000000001	3.22254805507278e-15
0.190000000000001	3.33366228416142e-15
0.210000000000001	3.4466598052685e-15
0.230000000000001	3.56154061839404e-15
0.250000000000001	3.67830472353803e-15
0.270000000000001	3.79695212070048e-15
0.290000000000001	3.91748280988137e-15
0.310000000000001	4.03989679108072e-15
0.330000000000001	4.16419406429852e-15
0.350000000000001	4.29037462953476e-15
0.370000000000001	4.41843848678946e-15
0.390000000000001	4.54838563606262e-15
0.410000000000001	4.68021607735422e-15
0.430000000000001	4.81392981066427e-15
0.450000000000001	4.94952683599278e-15
0.470000000000001	5.08700715333974e-15
0.490000000000001	5.22637076270515e-15
0.510000000000001	5.36761766408901e-15
0.530000000000001	5.51074785749132e-15
0.550000000000001	5.65576134291208e-15
0.570000000000001	5.8026581203513e-15
0.590000000000001	5.95143818980897e-15
0.610000000000001	6.10210155128508e-15
0.630000000000001	6.25464820477965e-15
0.650000000000001	6.40907815029267e-15
0.670000000000001	6.56539138782415e-15
0.690000000000001	6.72358791737407e-15
0.710000000000001	6.88366773894244e-15
0.730000000000001	7.04563085252927e-15
0.750000000000001	7.20947725813455e-15
0.770000000000001	7.37520695575828e-15
0.790000000000001	7.54281994540046e-15
0.810000000000001	7.71231622706109e-15
0.830000000000001	7.88369580074018e-15
0.850000000000001	8.05695866643771e-15
0.870000000000001	8.2321048241537e-15
0.890000000000001	8.40913427388814e-15
0.910000000000001	8.58804701564103e-15
0.930000000000001	8.76884304941237e-15
0.950000000000001	8.95152237520217e-15
0.970000000000001	9.13608499301041e-15
0.990000000000001	9.3225309028371e-15
