# Program settings for SigmaNu
# Electroweak scheme and input parameters
# Scheme = Complex mass scheme
# alpha_GF = 0.00755898078237864
# Pole masses/widths for particles [GeV]
# mw = 80.35797361
# gw = 2.084298894
# mz = 91.15348062
# gz = 2.494266379
# s^2_thetaw (derived) = (0.222868505240788,-0.00110716741475141)
# charged leptons
# m_e = 0.0005109989461
# m_m = 0.10565837
# m_t = 1.77686
# quarks
# m_d = 0.05
# m_u = 0.05
# m_s = 0.2
# m_c = 1.51
# m_b = 4.92
# m_t = 173
# Ecms (default) = 106480

# channel_id = 6
# process  = nu_e nu_mu~ -> nu_e nu_mu~
-0.99	6.48662411587968e-10
-0.97	5.95710062084227e-09
-0.95	1.68886780967169e-08
-0.93	3.37914110516363e-08
-0.91	5.70352228472078e-08
-0.89	8.70134950663691e-08
-0.87	1.24144743541303e-07
-0.85	1.68874430737835e-07
-0.83	2.21676927065682e-07
-0.81	2.83057634986098e-07
-0.79	3.53555291240987e-07
-0.77	4.33744464149663e-07
-0.75	5.24238264733067e-07
-0.73	6.25691292455348e-07
-0.71	7.3880283864796e-07
-0.69	8.6432037323456e-07
-0.67	1.00304334324364e-06
-0.65	1.15582731482307e-06
-0.63	1.32358849410644e-06
-0.61	1.50730866638234e-06
-0.59	1.70804059765068e-06
-0.57	1.92691394789141e-06
-0.55	2.16514175130881e-06
-0.53	2.42402752555177e-06
-0.51	2.70497307956676e-06
-0.49	3.00948709845406e-06
-0.47	3.33919459363235e-06
-0.45	3.69584731796065e-06
-0.429999999999999	4.08133525844339e-06
-0.409999999999999	4.49769933401338e-06
-0.389999999999999	4.94714544295741e-06
-0.369999999999999	5.43206002418005e-06
-0.349999999999999	5.95502731912217e-06
-0.329999999999999	6.51884854726635e-06
-0.309999999999999	7.1265632383747e-06
-0.289999999999999	7.78147299962829e-06
-0.269999999999999	8.48716803652691e-06
-0.249999999999999	9.24755679378188e-06
-0.229999999999999	1.00668991377167e-05
-0.209999999999999	1.09498435663528e-05
-0.189999999999999	1.19014690091734e-05
-0.169999999999999	1.29273318676708e-05
-0.149999999999999	1.40335190527992e-05
-0.129999999999999	1.52267078995356e-05
-0.109999999999999	1.65142339857624e-05
-0.0899999999999994	1.79041680573642e-05
-0.0699999999999994	1.94054034695814e-05
-0.0499999999999994	2.10277558034738e-05
-0.0299999999999994	2.27820766146772e-05
-0.00999999999999938	2.46803836305238e-05
0.0100000000000006	2.67360101448009e-05
0.0300000000000006	2.8963776884159e-05
0.0500000000000006	3.13801902581319e-05
0.0700000000000006	3.40036716832647e-05
0.0900000000000006	3.68548236256989e-05
0.110000000000001	3.99567391800482e-05
0.130000000000001	4.33353634522627e-05
0.150000000000001	4.70199168135727e-05
0.170000000000001	5.10433923362116e-05
0.190000000000001	5.54431425327961e-05
0.210000000000001	6.02615740615856e-05
0.230000000000001	6.55469735423657e-05
0.250000000000001	7.13544933350111e-05
0.270000000000001	7.77473334423924e-05
0.290000000000001	8.47981651190017e-05
0.310000000000001	9.25908539847839e-05
0.330000000000001	0.000101222556400343
0.350000000000001	0.000110806283849942
0.370000000000001	0.000121474057901854
0.390000000000001	0.000133380815494939
0.410000000000001	0.00014670927440898
0.430000000000001	0.000161676036927295
0.450000000000001	0.000178539303290139
0.470000000000001	0.000197608696393931
0.490000000000001	0.000219257881362674
0.510000000000001	0.000243940922211286
0.530000000000001	0.000272213689571314
0.550000000000001	0.000304762175205018
0.570000000000001	0.000342440370236037
0.590000000000001	0.000386321567944419
0.610000000000001	0.000437768792611413
0.630000000000001	0.000498532923612642
0.650000000000001	0.000570891645162425
0.670000000000001	0.000657849773721173
0.690000000000001	0.000763433898322513
0.710000000000001	0.000893135516667456
0.730000000000001	0.00105459446532478
0.750000000000001	0.00125868342332301
0.770000000000001	0.00152128593661948
0.790000000000001	0.00186632354549342
0.810000000000001	0.00233114223223038
0.830000000000001	0.00297661299177004
0.850000000000001	0.00390731096814102
0.870000000000001	0.00531510979844505
0.890000000000001	0.00758319440068582
0.910000000000001	0.011568927390348
0.930000000000001	0.019526566116108
0.950000000000001	0.0390687285483987
0.970000000000001	0.11075747157912
0.990000000000001	1.01696118987471
