# Program settings for SigmaNu
# Electroweak scheme and input parameters
# Scheme = Complex mass scheme
# alpha_GF = 0.00755898078237864
# Pole masses/widths for particles [GeV]
# mw = 80.35797361
# gw = 2.084298894
# mz = 91.15348062
# gz = 2.494266379
# s^2_thetaw (derived) = (0.222868505240788,-0.00110716741475141)
# charged leptons
# m_e = 0.0005109989461
# m_m = 0.10565837
# m_t = 1.77686
# quarks
# m_d = 0.05
# m_u = 0.05
# m_s = 0.2
# m_c = 1.51
# m_b = 4.92
# m_t = 173
# Ecms (default) = 120670

# channel_id = 6
# process  = nu_e nu_mu~ -> nu_e nu_mu~
-0.99	5.0507553603672e-10
-0.97	4.63844635592667e-09
-0.95	1.31502273714665e-08
-0.93	2.63113985309714e-08
-0.91	4.4409997606363e-08
-0.89	6.77523279230954e-08
-0.87	9.6664263385907e-08
-0.85	1.31492659677475e-07
-0.83	1.72606881417024e-07
-0.81	2.20400456079841e-07
-0.79	2.75292866609696e-07
-0.77	3.37731495919147e-07
-0.75	4.08193737884947e-07
-0.73	4.87189291026416e-07
-0.71	5.75262652826327e-07
-0.69	6.72995834641749e-07
-0.67	7.81011319386005e-07
-0.65	8.9997528667574e-07
-0.63	1.03060113296802e-06
-0.61	1.17365331740581e-06
-0.59	1.32995156769753e-06
-0.57	1.50037548443764e-06
-0.55	1.68586958689828e-06
-0.53	1.88744884856844e-06
-0.51	2.10620477667797e-06
-0.49	2.34331209672946e-06
-0.47	2.60003611079577e-06
-0.45	2.87774080717439e-06
-0.429999999999999	3.17789780909373e-06
-0.409999999999999	3.50209626174434e-06
-0.389999999999999	3.8520537701991e-06
-0.369999999999999	4.22962851607234e-06
-0.349999999999999	4.63683269838095e-06
-0.329999999999999	5.07584746440577e-06
-0.309999999999999	5.54903951987665e-06
-0.289999999999999	6.05897963507557e-06
-0.269999999999999	6.60846329513509e-06
-0.249999999999999	7.20053377969623e-06
-0.229999999999999	7.83850800013569e-06
-0.209999999999999	8.52600547292075e-06
-0.189999999999999	9.2669808666831e-06
-0.169999999999999	1.00657606299914e-05
-0.149999999999999	1.09270842885708e-05
-0.129999999999999	1.18561510973327e-05
-0.109999999999999	1.28586728470491e-05
-0.0899999999999994	1.39409337615144e-05
-0.0699999999999994	1.51098585831167e-05
-0.0499999999999994	1.63730901384726e-05
-0.0299999999999994	1.77390779080718e-05
-0.00999999999999938	1.92171794033258e-05
0.0100000000000006	2.08177764917236e-05
0.0300000000000006	2.25524092193815e-05
0.0500000000000006	2.44339301770116e-05
0.0700000000000006	2.64766830615305e-05
0.0900000000000006	2.86967098282463e-05
0.110000000000001	3.11119917422828e-05
0.130000000000001	3.37427307668328e-05
0.150000000000001	3.6611679126915e-05
0.170000000000001	3.97445266342828e-05
0.190000000000001	4.31703575480401e-05
0.210000000000001	4.69221915021874e-05
0.230000000000001	5.10376265216095e-05
0.250000000000001	5.55596065919839e-05
0.270000000000001	6.05373419406688e-05
0.290000000000001	6.60274175202386e-05
0.310000000000001	7.20951346998969e-05
0.330000000000001	7.88161435945793e-05
0.350000000000001	8.62784398055042e-05
0.370000000000001	9.45848210102706e-05
0.390000000000001	0.000103855927790073
0.410000000000001	0.000114234032098477
0.430000000000001	0.0001258877898416
0.450000000000001	0.000139018246912949
0.470000000000001	0.000153866489138341
0.490000000000001	0.000170723468433201
0.510000000000001	0.000189942738827104
0.530000000000001	0.000211957125472558
0.550000000000001	0.000237300771590797
0.570000000000001	0.000266638632160296
0.590000000000001	0.00030080642058133
0.610000000000001	0.000340865447756026
0.630000000000001	0.000388179025959119
0.650000000000001	0.000444520661442925
0.670000000000001	0.000512230038536643
0.690000000000001	0.000594442440185375
0.710000000000001	0.000695433794270232
0.730000000000001	0.00082115282429772
0.750000000000001	0.000980065494990544
0.770000000000001	0.00118453946669368
0.790000000000001	0.00145320116227592
0.810000000000001	0.0018151299174859
0.830000000000001	0.00231772278423437
0.850000000000001	0.00304240702093373
0.870000000000001	0.00413858488905762
0.890000000000001	0.00590462350329496
0.910000000000001	0.00900811010656154
0.930000000000001	0.0152043326031944
0.950000000000001	0.0304209220482544
0.970000000000001	0.0862422116946374
0.990000000000001	0.791899403425707
