# Program settings for SigmaNu
# Electroweak scheme and input parameters
# Scheme = Complex mass scheme
# alpha_GF = 0.00755898078237864
# Pole masses/widths for particles [GeV]
# mw = 80.35797361
# gw = 2.084298894
# mz = 91.15348062
# gz = 2.494266379
# s^2_thetaw (derived) = (0.222868505240788,-0.00110716741475141)
# charged leptons
# m_e = 0.0005109989461
# m_m = 0.10565837
# m_t = 1.77686
# quarks
# m_d = 0.05
# m_u = 0.05
# m_s = 0.2
# m_c = 1.51
# m_b = 4.92
# m_t = 173
# Ecms (default) = 104206

# channel_id = 6
# process  = nu_e nu_mu~ -> nu_e nu_mu~
-0.99	6.77281694735583e-10
-0.97	6.21993062871537e-09
-0.95	1.76338142978519e-08
-0.93	3.52823035364283e-08
-0.91	5.95516428797819e-08
-0.89	9.08525700702989e-08
-0.87	1.29622066032263e-07
-0.85	1.76325247219271e-07
-0.83	2.31457413458172e-07
-0.81	2.95546265773048e-07
-0.79	3.69154310189456e-07
-0.77	4.52881465212753e-07
-0.75	5.47367892568004e-07
-0.73	6.53297072908646e-07
-0.71	7.71399150576688e-07
-0.69	9.02454574163041e-07
-0.67	1.04729806261171e-06
-0.65	1.20682292998134e-06
-0.63	1.38198580577357e-06
-0.61	1.57381179201998e-06
-0.59	1.7834001031567e-06
-0.57	2.01193024018834e-06
-0.55	2.26066875684255e-06
-0.53	2.53097668245119e-06
-0.51	2.824317674288e-06
-0.49	3.14226698119113e-06
-0.47	3.48652131067163e-06
-0.45	3.85890970355346e-06
-0.429999999999999	4.26140553373976e-06
-0.409999999999999	4.69613976622543e-06
-0.389999999999999	5.16541562429881e-06
-0.369999999999999	5.67172483737247e-06
-0.349999999999999	6.2177656645018e-06
-0.329999999999999	6.80646291591861e-06
-0.309999999999999	7.44099022645233e-06
-0.289999999999999	8.1247948712813e-06
-0.269999999999999	8.86162545694074e-06
-0.249999999999999	9.65556286997837e-06
-0.229999999999999	1.05110549233699e-05
-0.209999999999999	1.14329552083219e-05
-0.189999999999999	1.24265667382494e-05
-0.169999999999999	1.34976910647621e-05
-0.149999999999999	1.46526836551396e-05
-0.129999999999999	1.58985164503339e-05
-0.109999999999999	1.7242848676034e-05
-0.0899999999999994	1.86941071617102e-05
-0.0699999999999994	2.02615776398953e-05
-0.0499999999999994	2.19555087577427e-05
-0.0299999999999994	2.37872308443943e-05
-0.00999999999999938	2.57692918524167e-05
0.0100000000000006	2.79156133438765e-05
0.0300000000000006	3.02416699395154e-05
0.0500000000000006	3.27646963155839e-05
0.0700000000000006	3.55039266457733e-05
0.0900000000000006	3.84808723816258e-05
0.110000000000001	4.17196454900546e-05
0.130000000000001	4.52473357804472e-05
0.150000000000001	4.90944528325991e-05
0.170000000000001	5.32954453793241e-05
0.190000000000001	5.78893139327978e-05
0.210000000000001	6.29203361402289e-05
0.230000000000001	6.84389290347457e-05
0.250000000000001	7.45026783065053e-05
0.270000000000001	8.11775723511299e-05
0.290000000000001	8.85394886878931e-05
0.310000000000001	9.66759930972397e-05
0.330000000000001	0.000105688528487914
0.350000000000001	0.000115695092420303
0.370000000000001	0.000126833531263292
0.390000000000001	0.000139265617781555
0.410000000000001	0.000153182131269701
0.430000000000001	0.000168809230507371
0.450000000000001	0.000186416507528629
0.470000000000001	0.000206327245784625
0.490000000000001	0.000228931596487194
0.510000000000001	0.000254703656923363
0.530000000000001	0.000284223822682884
0.550000000000001	0.000318208351398339
0.570000000000001	0.000357548912147963
0.590000000000001	0.000403366151706948
0.610000000000001	0.000457083230677848
0.630000000000001	0.000520528276764822
0.650000000000001	0.00059607946489631
0.670000000000001	0.000686874182943169
0.690000000000001	0.000797116671358278
0.710000000000001	0.000932540710070734
0.730000000000001	0.00110112320100291
0.750000000000001	0.00131421651885958
0.770000000000001	0.00158840498002056
0.790000000000001	0.00194866552294611
0.810000000000001	0.00243399179821304
0.830000000000001	0.0031079403599056
0.850000000000001	0.0040797000679477
0.870000000000001	0.00554960972043127
0.890000000000001	0.00791775962146691
0.910000000000001	0.0120793372004538
0.930000000000001	0.020388050826615
0.950000000000001	0.040792355911007
0.970000000000001	0.115643651017171
0.990000000000001	1.06181632219509
