# Program settings for SigmaNu
# Electroweak scheme and input parameters
# Scheme = Complex mass scheme
# alpha_GF = 0.00755898078237864
# Pole masses/widths for particles [GeV]
# mw = 80.35797361
# gw = 2.084298894
# mz = 91.15348062
# gz = 2.494266379
# s^2_thetaw (derived) = (0.222868505240788,-0.00110716741475141)
# charged leptons
# m_e = 0.0005109989461
# m_m = 0.10565837
# m_t = 1.77686
# quarks
# m_d = 0.05
# m_u = 0.05
# m_s = 0.2
# m_c = 1.51
# m_b = 4.92
# m_t = 173
# Ecms (default) = 25.8172

# channel_id = 6
# process  = nu_e nu_mu~ -> nu_e nu_mu~
-0.99	6.02487218033543e-05
-0.97	0.000543044518304648
-0.95	0.00151070094034062
-0.93	0.00296538179439351
-0.91	0.0049092605533328
-0.89	0.00734452040442732
-0.87	0.0102733542976258
-0.85	0.0136979649941076
-0.83	0.0176205651151052
-0.81	0.0220433771909999
-0.79	0.0269686337106935
-0.77	0.0323985771712564
-0.75	0.0383354601278541
-0.73	0.044781545243955
-0.71	0.0517391053418199
-0.69	0.0592104234532755
-0.67	0.0671977928707737
-0.65	0.0757035171987388
-0.63	0.0847299104052038
-0.61	0.0942792968737378
-0.59	0.104354011455667
-0.57	0.114956399522591
-0.55	0.126088817019193
-0.53	0.137753630516353
-0.51	0.149953217264561
-0.49	0.162689965247625
-0.47	0.175966273236698
-0.45	0.189784550844596
-0.429999999999999	0.204147218580434
-0.409999999999999	0.219056707904572
-0.389999999999999	0.234515461283865
-0.369999999999999	0.250525932247238
-0.349999999999999	0.267090585441568
-0.329999999999999	0.284211896687894
-0.309999999999999	0.301892353037935
-0.289999999999999	0.320134452830942
-0.269999999999999	0.338940705750866
-0.249999999999999	0.358313632883858
-0.229999999999999	0.378255766776095
-0.209999999999999	0.398769651491936
-0.189999999999999	0.419857842672412
-0.169999999999999	0.441522907594052
-0.149999999999999	0.463767425228041
-0.129999999999999	0.486593986299727
-0.109999999999999	0.510005193348458
-0.0899999999999994	0.53400366078777
-0.0699999999999994	0.558592014965916
-0.0499999999999994	0.583772894226752
-0.0299999999999994	0.609548948970961
-0.00999999999999938	0.635922841717639
0.0100000000000006	0.66289724716623
0.0300000000000006	0.690474852258822
0.0500000000000006	0.718658356242802
0.0700000000000006	0.747450470733868
0.0900000000000006	0.776853919779413
0.110000000000001	0.80687143992227
0.130000000000001	0.837505780264824
0.150000000000001	0.868759702533504
0.170000000000001	0.900635981143636
0.190000000000001	0.933137403264687
0.210000000000001	0.966266768885873
0.230000000000001	1.00002689088216
0.250000000000001	1.03442059508063
0.270000000000001	1.06945072032726
0.290000000000001	1.10512011855409
0.310000000000001	1.14143165484672
0.330000000000001	1.1783882075123
0.350000000000001	1.21599266814782
0.370000000000001	1.25424794170888
0.390000000000001	1.29315694657879
0.410000000000001	1.33272261463816
0.430000000000001	1.37294789133477
0.450000000000001	1.413835735754
0.470000000000001	1.45538912068953
0.490000000000001	1.49761103271458
0.510000000000001	1.54050447225346
0.530000000000001	1.58407245365362
0.550000000000001	1.62831800525809
0.570000000000001	1.6732441694783
0.590000000000001	1.71885400286746
0.610000000000001	1.7651505761942
0.630000000000001	1.81213697451681
0.650000000000001	1.85981629725775
0.670000000000001	1.90819165827879
0.690000000000001	1.9572661859564
0.710000000000001	2.00704302325774
0.730000000000001	2.05752532781699
0.750000000000001	2.10871627201222
0.770000000000001	2.16061904304264
0.790000000000001	2.21323684300634
0.810000000000001	2.26657288897854
0.830000000000001	2.32063041309016
0.850000000000001	2.37541266260707
0.870000000000001	2.43092290000959
0.890000000000001	2.48716440307261
0.910000000000001	2.54414046494615
0.930000000000001	2.60185439423637
0.950000000000001	2.66030951508709
0.970000000000001	2.71950916726181
0.990000000000001	2.77945670622615
