# Program settings for SigmaNu
# Electroweak scheme and input parameters
# Scheme = Complex mass scheme
# alpha_GF = 0.00755898078237864
# Pole masses/widths for particles [GeV]
# mw = 80.35797361
# gw = 2.084298894
# mz = 91.15348062
# gz = 2.494266379
# s^2_thetaw (derived) = (0.222868505240788,-0.00110716741475141)
# charged leptons
# m_e = 0.0005109989461
# m_m = 0.10565837
# m_t = 1.77686
# quarks
# m_d = 0.05
# m_u = 0.05
# m_s = 0.2
# m_c = 1.51
# m_b = 4.92
# m_t = 173
# Ecms (default) = 752853

# channel_id = 6
# process  = nu_e nu_mu~ -> nu_e nu_mu~
-0.99	1.2975827802759e-11
-0.97	1.19165704088484e-10
-0.95	3.37840734060786e-10
-0.93	6.75962631506085e-10
-0.91	1.14093134099423e-09
-0.89	1.74061606556157e-09
-0.87	2.4833887940139e-09
-0.85	3.37816055590999e-09
-0.83	4.43442065566402e-09
-0.81	5.66227916325394e-09
-0.79	7.07251296807945e-09
-0.77	8.67661573496234e-09
-0.75	1.04868521375608e-08
-0.73	1.25163167850813e-08
-0.71	1.47789983036838e-08
-0.69	1.72898490850511e-08
-0.67	2.00648612719763e-08
-0.65	2.31211496153816e-08
-0.63	2.6477041909909e-08
-0.61	3.01521777972675e-08
-0.59	3.41676168191984e-08
-0.57	3.85459567067669e-08
-0.55	4.33114630114676e-08
-0.53	4.84902113184082e-08
-0.51	5.41102434349868e-08
-0.49	6.02017391227968e-08
-0.47	6.67972051392208e-08
-0.45	7.39316835821022e-08
-0.429999999999999	8.16429817904692e-08
-0.409999999999999	8.99719263517317e-08
-0.389999999999999	9.89626441072347e-08
-0.369999999999999	1.08662873440756e-07
-0.349999999999999	1.19124309587041e-07
-0.329999999999999	1.30402988219898e-07
-0.309999999999999	1.42559712183757e-07
-0.289999999999999	1.55660526933226e-07
-0.269999999999999	1.6977725105912e-07
-0.249999999999999	1.84988069227144e-07
-0.229999999999999	2.01378195961237e-07
-0.209999999999999	2.19040619997156e-07
-0.189999999999999	2.38076940448444e-07
-0.169999999999999	2.58598307809612e-07
-0.149999999999999	2.80726484922088e-07
-0.129999999999999	3.04595045510607e-07
-0.109999999999999	3.30350730838606e-07
-0.0899999999999994	3.58154988525411e-07
-0.0699999999999994	3.8818572173196e-07
-0.0499999999999994	4.20639281898985e-07
-0.0299999999999994	4.55732744189447e-07
-0.00999999999999938	4.93706511966309e-07
0.0100000000000006	5.34827305302543e-07
0.0300000000000006	5.79391599017289e-07
0.0500000000000006	6.27729588493722e-07
0.0700000000000006	6.80209777108171e-07
0.0900000000000006	7.37244298181097e-07
0.110000000000001	7.99295107835156e-07
0.130000000000001	8.66881214149043e-07
0.150000000000001	9.4058714399122e-07
0.170000000000001	1.02107289379936e-06
0.190000000000001	1.10908566680678e-06
0.210000000000001	1.20547377003927e-06
0.230000000000001	1.31120313407481e-06
0.250000000000001	1.42737703273e-06
0.270000000000001	1.55525972605956e-06
0.290000000000001	1.69630493849073e-06
0.310000000000001	1.85219032832843e-06
0.330000000000001	2.02485942406985e-06
0.350000000000001	2.21657292286258e-06
0.370000000000001	2.42997180302355e-06
0.390000000000001	2.66815544628385e-06
0.410000000000001	2.93477896781585e-06
0.430000000000001	3.23417531541618e-06
0.450000000000001	3.57150957142812e-06
0.470000000000001	3.95297548868831e-06
0.490000000000001	4.38604793601332e-06
0.510000000000001	4.87981010175404e-06
0.530000000000001	5.44538174061498e-06
0.550000000000001	6.09648558646773e-06
0.570000000000001	6.85020508153016e-06
0.590000000000001	7.72801065611137e-06
0.610000000000001	8.75716861423354e-06
0.630000000000001	9.97270404781093e-06
0.650000000000001	1.14201804471356e-05
0.670000000000001	1.31597071420037e-05
0.690000000000001	1.52718334305814e-05
0.710000000000001	1.78664133051243e-05
0.730000000000001	2.10962771726776e-05
0.750000000000001	2.51789269201156e-05
0.770000000000001	3.04321046792637e-05
0.790000000000001	3.7334349641523e-05
0.810000000000001	4.66327527689723e-05
0.830000000000001	5.95450173401707e-05
0.850000000000001	7.81631418674735e-05
0.870000000000001	0.000106325528901556
0.890000000000001	0.00015169778715041
0.910000000000001	0.000231431607444581
0.930000000000001	0.000390624441135213
0.950000000000001	0.000781573712535888
0.970000000000001	0.00221579885269983
0.990000000000001	0.0203490831002949
