# Program settings for SigmaNu
# Electroweak scheme and input parameters
# Scheme = Complex mass scheme
# alpha_GF = 0.00755898078237864
# Pole masses/widths for particles [GeV]
# mw = 80.35797361
# gw = 2.084298894
# mz = 91.15348062
# gz = 2.494266379
# s^2_thetaw (derived) = (0.222868505240788,-0.00110716741475141)
# charged leptons
# m_e = 0.0005109989461
# m_m = 0.10565837
# m_t = 1.77686
# quarks
# m_d = 0.05
# m_u = 0.05
# m_s = 0.2
# m_c = 1.51
# m_b = 4.92
# m_t = 173
# Ecms (default) = 140041

# channel_id = 6
# process  = nu_e nu_mu~ -> nu_e nu_mu~
-0.99	3.75011581756766e-10
-0.97	3.44398210947892e-09
-0.95	9.76386153170307e-09
-0.93	1.953584873534e-08
-0.91	3.2973807808816e-08
-0.89	5.03051647652192e-08
-0.87	7.17718765062955e-08
-0.85	9.76314786184023e-08
-0.83	1.28158219267174e-07
-0.81	1.63644287210474e-07
-0.79	2.04401142788963e-07
-0.77	2.50760961691414e-07
-0.75	3.03078202340398e-07
-0.73	3.61731308917655e-07
-0.71	4.27124563363849e-07
-0.69	4.99690101163441e-07
-0.67	5.79890107383882e-07
-0.65	6.68219211304099e-07
-0.63	7.6520710006918e-07
-0.61	8.7142137417918e-07
-0.59	9.87470670298518e-07
-0.57	1.1140080799025e-06
-0.55	1.25173489571035e-06
-0.53	1.40140472174923e-06
-0.51	1.5638279873199e-06
-0.49	1.73987691017274e-06
-0.47	1.93049095994585e-06
-0.45	2.13668287947584e-06
-0.429999999999999	2.35954532909356e-06
-0.409999999999999	2.6002582276138e-06
-0.389999999999999	2.8600968735964e-06
-0.369999999999999	3.14044094180551e-06
-0.349999999999999	3.44278446287152e-06
-0.329999999999999	3.76874690925893e-06
-0.309999999999999	4.12008552810994e-06
-0.289999999999999	4.49870908178284e-06
-0.269999999999999	4.90669318042736e-06
-0.249999999999999	5.34629741832807e-06
-0.229999999999999	5.81998455770732e-06
-0.209999999999999	6.33044204106238e-06
-0.189999999999999	6.88060615694299e-06
-0.169999999999999	7.47368923559502e-06
-0.149999999999999	8.11321031160862e-06
-0.129999999999999	8.80302976244447e-06
-0.109999999999999	9.54738851670445e-06
-0.0899999999999994	1.03509525269991e-05
-0.0699999999999994	1.12188633226049e-05
-0.0499999999999994	1.21567956009477e-05
-0.0299999999999994	1.31710229894243e-05
-0.00999999999999938	1.42684933165591e-05
0.0100000000000006	1.54569149819421e-05
0.0300000000000006	1.67448563177615e-05
0.0500000000000006	1.81418602035663e-05
0.0700000000000006	1.96585766459894e-05
0.0900000000000006	2.13069165866182e-05
0.110000000000001	2.31002308796267e-05
0.130000000000001	2.5053519219003e-05
0.150000000000001	2.71836748354928e-05
0.170000000000001	2.95097720804863e-05
0.190000000000001	3.20534056393144e-05
0.210000000000001	3.4839092163213e-05
0.230000000000001	3.78947477007124e-05
0.250000000000001	4.12522576088024e-05
0.270000000000001	4.49481598501576e-05
0.290000000000001	4.90244680285681e-05
0.310000000000001	5.35296675784333e-05
0.330000000000001	5.85199277492865e-05
0.350000000000001	6.40605841615149e-05
0.370000000000001	7.02279627949683e-05
0.390000000000001	7.71116377668119e-05
0.410000000000001	8.48172442245783e-05
0.430000000000001	9.34700070808514e-05
0.450000000000001	0.000103219200423741
0.470000000000001	0.000114243827512006
0.490000000000001	0.000126759916583492
0.510000000000001	0.000141029977207742
0.530000000000001	0.000157375376836281
0.550000000000001	0.000176192710412878
0.570000000000001	0.000197975699110673
0.590000000000001	0.000223344850293924
0.610000000000001	0.000253088174943902
0.630000000000001	0.000288217916722397
0.650000000000001	0.000330050883853349
0.670000000000001	0.000380324265723179
0.690000000000001	0.000441365975340282
0.710000000000001	0.000516350842871626
0.730000000000001	0.000609695732508953
0.750000000000001	0.000727686535633535
0.770000000000001	0.000879506116140052
0.790000000000001	0.00107898441310436
0.810000000000001	0.00134771256490813
0.830000000000001	0.00172088246963034
0.850000000000001	0.0022589532091586
0.870000000000001	0.00307285487707857
0.890000000000001	0.00438412320419421
0.910000000000001	0.00668843854573734
0.930000000000001	0.0112890975789143
0.950000000000001	0.022587371628102
0.970000000000001	0.0640348819150162
0.990000000000001	0.588008709370331
