# Program settings for SigmaNu
# Electroweak scheme and input parameters
# Scheme = Complex mass scheme
# alpha_GF = 0.00755898078237864
# Pole masses/widths for particles [GeV]
# mw = 80.35797361
# gw = 2.084298894
# mz = 91.15348062
# gz = 2.494266379
# s^2_thetaw (derived) = (0.222868505240788,-0.00110716741475141)
# charged leptons
# m_e = 0.0005109989461
# m_m = 0.10565837
# m_t = 1.77686
# quarks
# m_d = 0.05
# m_u = 0.05
# m_s = 0.2
# m_c = 1.51
# m_b = 4.92
# m_t = 173
# Ecms (default) = 263157

# channel_id = 6
# process  = nu_e nu_mu~ -> nu_e nu_mu~
-0.99	1.06200240127201e-10
-0.97	9.75307822691154e-10
-0.95	2.76504647499781e-09
-0.93	5.53239411016478e-09
-0.91	9.33791532607014e-09
-0.89	1.42460153503276e-08
-0.87	2.03252144433111e-08
-0.85	2.76484446257801e-08
-0.83	3.62933707889967e-08
-0.81	4.63427384584145e-08
-0.79	5.78847507198347e-08
-0.77	7.10134770825037e-08
-0.75	8.5829297350549e-08
-0.73	1.02439383906533e-07
-0.71	1.20958226183407e-07
-0.69	1.41508201519162e-07
-0.67	1.64220197058117e-07
-0.65	1.89234287891181e-07
-0.63	2.16700477222668e-07
-0.61	2.46779505022677e-07
-0.59	2.79643732382651e-07
-0.57	3.15478109649742e-07
-0.55	3.54481237387836e-07
-0.53	3.96866530316117e-07
-0.51	4.42863495629528e-07
-0.49	4.92719138532189e-07
-0.47	5.46699509441293e-07
-0.45	6.05091409176318e-07
-0.429999999999999	6.68204270572908e-07
-0.409999999999999	7.36372237395257e-07
-0.389999999999999	8.09956464215497e-07
-0.369999999999999	8.89347664142663e-07
-0.349999999999999	9.74968934987327e-07
-0.329999999999999	1.06727889872381e-06
-0.309999999999999	1.16677519405834e-06
-0.289999999999999	1.27399836764594e-06
-0.269999999999999	1.38953621616036e-06
-0.249999999999999	1.51402863917783e-06
-0.229999999999999	1.64817307188627e-06
-0.209999999999999	1.79273057721817e-06
-0.189999999999999	1.94853268941845e-06
-0.169999999999999	2.11648911564816e-06
-0.149999999999999	2.29759641941851e-06
-0.129999999999999	2.4929478299647e-06
-0.109999999999999	2.70374434573815e-06
-0.0899999999999994	2.93130732879442e-06
-0.0699999999999994	3.17709282093373e-06
-0.0499999999999994	3.44270785318641e-06
-0.0299999999999994	3.72992906907946e-06
-0.00999999999999938	4.04072404087892e-06
0.0100000000000006	4.37727572892788e-06
0.0300000000000006	4.74201062011199e-06
0.0500000000000006	5.13763118593181e-06
0.0700000000000006	5.56715342812546e-06
0.0900000000000006	6.03395043595365e-06
0.110000000000001	6.54180307138538e-06
0.130000000000001	7.094959135801e-06
0.150000000000001	7.69820266643099e-06
0.170000000000001	8.35693537808216e-06
0.190000000000001	9.07727272595871e-06
0.210000000000001	9.866157645025e-06
0.230000000000001	1.07314957552521e-05
0.250000000000001	1.16823167565146e-05
0.270000000000001	1.27289679336609e-05
0.290000000000001	1.38833472345162e-05
0.310000000000001	1.51591853839734e-05
0.330000000000001	1.65723891098262e-05
0.350000000000001	1.8141460992608e-05
0.370000000000001	1.98880160070305e-05
0.390000000000001	2.18374209097716e-05
0.410000000000001	2.40195908323878e-05
0.430000000000001	2.64699885961108e-05
0.450000000000001	2.92308875882907e-05
0.470000000000001	3.23529803009814e-05
0.490000000000001	3.58974444581558e-05
0.510000000000001	3.99386209962516e-05
0.530000000000001	4.45675190277108e-05
0.550000000000001	4.98964516162866e-05
0.570000000000001	5.60652373701133e-05
0.590000000000001	6.32495999710643e-05
0.610000000000001	7.16726991188618e-05
0.630000000000001	8.16211958877264e-05
0.650000000000001	9.34680022822325e-05
0.670000000000001	0.000107705079893096
0.690000000000001	0.000124991680022177
0.710000000000001	0.000146226896451493
0.730000000000001	0.000172661560717363
0.750000000000001	0.000206075803847114
0.770000000000001	0.000249070166312702
0.790000000000001	0.000305561220633153
0.810000000000001	0.000381663481093375
0.830000000000001	0.000487343150940663
0.850000000000001	0.000639722028141361
0.870000000000001	0.000870215193206101
0.890000000000001	0.0012415611070618
0.910000000000001	0.0018941359897002
0.930000000000001	0.00319703445448743
0.950000000000001	0.00639671205707023
0.970000000000001	0.0181348827287867
0.990000000000001	0.16653942708965
