# Program settings for SigmaNu
# Electroweak scheme and input parameters
# Scheme = Complex mass scheme
# alpha_GF = 0.00755898078237864
# Pole masses/widths for particles [GeV]
# mw = 80.35797361
# gw = 2.084298894
# mz = 91.15348062
# gz = 2.494266379
# s^2_thetaw (derived) = (0.222868505240788,-0.00110716741475141)
# charged leptons
# m_e = 0.0005109989461
# m_m = 0.10565837
# m_t = 1.77686
# quarks
# m_d = 0.05
# m_u = 0.05
# m_s = 0.2
# m_c = 1.51
# m_b = 4.92
# m_t = 173
# Ecms (default) = 2.86003e-10

# channel_id = 6
# process  = nu_e nu_mu~ -> nu_e nu_mu~
-0.99	8.6203462799469e-27
-0.97	7.75831165195219e-26
-0.95	2.1550865699867e-25
-0.93	4.22396967717394e-25
-0.91	6.98248048675693e-25
-0.89	1.04306189987357e-24
-0.87	1.45683852131102e-24
-0.85	1.93957791298803e-24
-0.83	2.49128007490463e-24
-0.81	3.1119450070608e-24
-0.79	3.80157270945655e-24
-0.77	4.56016318209187e-24
-0.75	5.38771642496677e-24
-0.73	6.28423243808124e-24
-0.71	7.24971122143528e-24
-0.69	8.2841527750289e-24
-0.67	9.38755709886209e-24
-0.65	1.05599241929349e-23
-0.63	1.18012540572472e-23
-0.61	1.31115466917991e-23
-0.59	1.44908020965906e-23
-0.57	1.59390202716217e-23
-0.55	1.74562012168923e-23
-0.53	1.90423449324025e-23
-0.51	2.06974514181523e-23
-0.49	2.24215206741417e-23
-0.47	2.42145527003706e-23
-0.45	2.60765474968391e-23
-0.429999999999999	2.80075050635472e-23
-0.409999999999999	3.00074254004949e-23
-0.389999999999999	3.20763085076821e-23
-0.369999999999999	3.4214154385109e-23
-0.349999999999999	3.64209630327753e-23
-0.329999999999999	3.86967344506813e-23
-0.309999999999999	4.10414686388268e-23
-0.289999999999999	4.34551655972119e-23
-0.269999999999999	4.59378253258366e-23
-0.249999999999999	4.84894478247009e-23
-0.229999999999999	5.11100330938047e-23
-0.209999999999999	5.37995811331481e-23
-0.189999999999999	5.65580919427311e-23
-0.169999999999999	5.93855655225537e-23
-0.149999999999999	6.22820018726158e-23
-0.129999999999999	6.52474009929175e-23
-0.109999999999999	6.82817628834588e-23
-0.0899999999999994	7.13850875442396e-23
-0.0699999999999994	7.45573749752601e-23
-0.0499999999999994	7.77986251765201e-23
-0.0299999999999994	8.11088381480196e-23
-0.00999999999999938	8.44880138897588e-23
0.0100000000000006	8.79361524017375e-23
0.0300000000000006	9.14532536839558e-23
0.0500000000000006	9.50393177364137e-23
0.0700000000000006	9.86943445591112e-23
0.0900000000000006	1.02418334152048e-22
0.110000000000001	1.06211286515225e-22
0.130000000000001	1.10073201648641e-22
0.150000000000001	1.14004079552297e-22
0.170000000000001	1.18003920226192e-22
0.190000000000001	1.22072723670327e-22
0.210000000000001	1.26210489884701e-22
0.230000000000001	1.30417218869315e-22
0.250000000000001	1.34692910624169e-22
0.270000000000001	1.39037565149262e-22
0.290000000000001	1.43451182444595e-22
0.310000000000001	1.47933762510167e-22
0.330000000000001	1.52485305345979e-22
0.350000000000001	1.57105810952031e-22
0.370000000000001	1.61795279328322e-22
0.390000000000001	1.66553710474853e-22
0.410000000000001	1.71381104391623e-22
0.430000000000001	1.76277461078633e-22
0.450000000000001	1.81242780535882e-22
0.470000000000001	1.86277062763371e-22
0.490000000000001	1.91380307761099e-22
0.510000000000001	1.96552515529067e-22
0.530000000000001	2.01793686067275e-22
0.550000000000001	2.07103819375722e-22
0.570000000000001	2.12482915454409e-22
0.590000000000001	2.17930974303336e-22
0.610000000000001	2.23447995922501e-22
0.630000000000001	2.29033980311907e-22
0.650000000000001	2.34688927471552e-22
0.670000000000001	2.40412837401437e-22
0.690000000000001	2.46205710101561e-22
0.710000000000001	2.52067545571925e-22
0.730000000000001	2.57998343812528e-22
0.750000000000001	2.63998104823371e-22
0.770000000000001	2.70066828604454e-22
0.790000000000001	2.76204515155776e-22
0.810000000000001	2.82411164477338e-22
0.830000000000001	2.88686776569139e-22
0.850000000000001	2.9503135143118e-22
0.870000000000001	3.0144488906346e-22
0.890000000000001	3.0792738946598e-22
0.910000000000001	3.1447885263874e-22
0.930000000000001	3.21099278581739e-22
0.950000000000001	3.27788667294978e-22
0.970000000000001	3.34547018778456e-22
0.990000000000001	3.41374333032174e-22
