# Program settings for SigmaNu
# Electroweak scheme and input parameters
# Scheme = Complex mass scheme
# alpha_GF = 0.00755898078237864
# Pole masses/widths for particles [GeV]
# mw = 80.35797361
# gw = 2.084298894
# mz = 91.15348062
# gz = 2.494266379
# s^2_thetaw (derived) = (0.222868505240788,-0.00110716741475141)
# charged leptons
# m_e = 0.0005109989461
# m_m = 0.10565837
# m_t = 1.77686
# quarks
# m_d = 0.05
# m_u = 0.05
# m_s = 0.2
# m_c = 1.51
# m_b = 4.92
# m_t = 173
# Ecms (default) = 325939

# channel_id = 6
# process  = nu_e nu_mu~ -> nu_e nu_mu~
-0.99	6.92281508263534e-11
-0.97	6.35768403424193e-10
-0.95	1.80243523473605e-09
-0.93	3.60637051696175e-09
-0.91	6.08705415445332e-09
-0.89	9.28646962141428e-09
-0.87	1.32492828354742e-08
-0.85	1.80230355838779e-08
-0.83	2.36583548437544e-08
-0.81	3.02091794769022e-08
-0.79	3.77330059345527e-08
-0.77	4.62911547806888e-08
-0.75	5.59490600360587e-08
-0.73	6.67765835616832e-08
-0.71	7.8848356943485e-08
-0.69	9.22441536121484e-08
-0.67	1.07049294238472e-07
-0.65	1.23355088788915e-07
-0.63	1.41259319014039e-07
-0.61	1.60866765580278e-07
-0.59	1.82289784549906e-07
-0.57	2.05648938473448e-07
-0.55	2.31073687992489e-07
-0.53	2.58703150569894e-07
-0.51	2.88686933781516e-07
-0.49	3.21186051533538e-07
-0.47	3.56373932629755e-07
-0.45	3.94437532323893e-07
-0.429999999999999	4.35578558876911e-07
-0.409999999999999	4.80014828726196e-07
-0.389999999999999	5.2798176569532e-07
-0.369999999999999	5.7973406176815e-07
-0.349999999999999	6.35547519365299e-07
-0.329999999999999	6.95721097848166e-07
-0.309999999999999	7.60579190200236e-07
-0.289999999999999	8.30474159573341e-07
-0.269999999999999	9.05789169729089e-07
-0.249999999999999	9.86941348461691e-07
-0.229999999999999	1.07438532898847e-06
-0.209999999999999	1.16861722119537e-06
-0.189999999999999	1.27017907271624e-06
-0.169999999999999	1.37966388933535e-06
-0.149999999999999	1.49772129541037e-06
-0.129999999999999	1.62506392825565e-06
-0.109999999999999	1.76247467611544e-06
-0.0899999999999994	1.91081488799939e-06
-0.0699999999999994	2.07103370586758e-06
-0.0499999999999994	2.24417869620666e-06
-0.0299999999999994	2.4314079898781e-06
-0.00999999999999938	2.63400417742221e-06
0.0100000000000006	2.85339025323509e-06
0.0300000000000006	3.09114795803891e-06
0.0500000000000006	3.34903893715119e-06
0.0700000000000006	3.62902921514862e-06
0.0900000000000006	3.93331758932126e-06
0.110000000000001	4.26436866955371e-06
0.130000000000001	4.62495144700808e-06
0.150000000000001	5.01818446602457e-06
0.170000000000001	5.44758891310648e-06
0.190000000000001	5.91715123688171e-06
0.210000000000001	6.43139729077887e-06
0.230000000000001	6.99548046855694e-06
0.250000000000001	7.61528691194564e-06
0.270000000000001	8.29756164977796e-06
0.290000000000001	9.05006053332476e-06
0.310000000000001	9.88173413653116e-06
0.330000000000001	1.08029514928488e-05
0.350000000000001	1.18257737805662e-05
0.370000000000001	1.29642910379964e-05
0.390000000000001	1.42350389578893e-05
0.410000000000001	1.56575181583491e-05
0.430000000000001	1.72548456010428e-05
0.450000000000001	1.90545778160116e-05
0.470000000000001	2.10897594515331e-05
0.490000000000001	2.34002701100036e-05
0.510000000000001	2.60345700296202e-05
0.530000000000001	2.90519848473964e-05
0.550000000000001	3.25257274989161e-05
0.570000000000001	3.65469408201106e-05
0.590000000000001	4.12301729071824e-05
0.610000000000001	4.67208937369166e-05
0.630000000000001	5.32059676130636e-05
0.650000000000001	6.09284828104086e-05
0.670000000000001	7.02091318791968e-05
0.690000000000001	8.14776577097466e-05
0.710000000000001	9.53201481712513e-05
0.730000000000001	0.000112551976776036
0.750000000000001	0.000134333549057316
0.770000000000001	0.000162360067144692
0.790000000000001	0.0001991846091628
0.810000000000001	0.000248793016085366
0.830000000000001	0.000317681913363582
0.850000000000001	0.000417012415502593
0.870000000000001	0.000567262945386788
0.890000000000001	0.000809330589198519
0.910000000000001	0.00123472192007419
0.930000000000001	0.00208403759572895
0.950000000000001	0.00416980215051573
0.970000000000001	0.0118215484431015
0.990000000000001	0.108562920606912
