# Program settings for SigmaNu
# Electroweak scheme and input parameters
# Scheme = Complex mass scheme
# alpha_GF = 0.00755898078237864
# Pole masses/widths for particles [GeV]
# mw = 80.35797361
# gw = 2.084298894
# mz = 91.15348062
# gz = 2.494266379
# s^2_thetaw (derived) = (0.222868505240788,-0.00110716741475141)
# charged leptons
# m_e = 0.0005109989461
# m_m = 0.10565837
# m_t = 1.77686
# quarks
# m_d = 0.05
# m_u = 0.05
# m_s = 0.2
# m_c = 1.51
# m_b = 4.92
# m_t = 173
# Ecms (default) = 309674

# channel_id = 6
# process  = nu_e nu_mu~ -> nu_e nu_mu~
-0.99	7.66912636412753e-11
-0.97	7.04307159029999e-10
-0.95	1.99674603590294e-09
-0.93	3.99515383059213e-09
-0.91	6.74326656214566e-09
-0.89	1.02875937157466e-08
-0.87	1.46776163996756e-08
-0.85	1.99660016237262e-08
-0.83	2.62088341851534e-08
-0.81	3.34658678021922e-08
-0.79	4.18007973069138e-08
-0.77	5.12815539009753e-08
-0.75	6.19806256922362e-08
-0.73	7.39754059702418e-08
-0.71	8.73485719475741e-08
-0.69	1.02188496995928e-07
-0.67	1.1858969974493e-07
-0.65	1.36653333793285e-07
-0.63	1.56487722211675e-07
-0.61	1.78208941501727e-07
-0.59	2.01941460223152e-07
-0.57	2.27818838120784e-07
-0.55	2.55984492285325e-07
-0.53	2.8659253767813e-07
-0.51	3.19808710255558e-07
-0.49	3.55811381958698e-07
-0.47	3.94792678008803e-07
-0.45	4.36959708289991e-07
-0.429999999999999	4.82535926135e-07
-0.409999999999999	5.31762629587778e-07
-0.389999999999999	5.84900622234863e-07
-0.369999999999999	6.42232053018477e-07
-0.349999999999999	7.04062457118745e-07
-0.329999999999999	7.70723023080146e-07
-0.309999999999999	8.42573114929398e-07
-0.289999999999999	9.20003082172896e-07
-0.269999999999999	1.00343739537256e-06
-0.249999999999999	1.09333815059997e-06
-0.229999999999999	1.19020899260484e-06
-0.209999999999999	1.29459951417872e-06
-0.189999999999999	1.40711019815889e-06
-0.169999999999999	1.52839797905291e-06
-0.149999999999999	1.65918251368086e-06
-0.129999999999999	1.80025326490198e-06
-0.109999999999999	1.95247751987418e-06
-0.0899999999999994	2.11680948494682e-06
-0.0699999999999994	2.29430062389748e-06
-0.0499999999999994	2.48611143563992e-06
-0.0299999999999994	2.69352490280277e-06
-0.00999999999999938	2.91796188500998e-06
0.0100000000000006	3.16099878191181e-06
0.0300000000000006	3.42438785305605e-06
0.0500000000000006	3.71008065711397e-06
0.0700000000000006	4.02025516502293e-06
0.0900000000000006	4.3573472143826e-06
0.110000000000001	4.72408711118371e-06
0.130000000000001	5.12354235636818e-06
0.150000000000001	5.55916768746325e-06
0.170000000000001	6.03486389079697e-06
0.190000000000001	6.55504717217205e-06
0.210000000000001	7.12473129245425e-06
0.230000000000001	7.74962520450618e-06
0.250000000000001	8.43624960268136e-06
0.270000000000001	9.19207666031815e-06
0.290000000000001	1.00256983443808e-05
0.310000000000001	1.09470301409605e-05
0.330000000000001	1.19675589119334e-05
0.350000000000001	1.31006460847857e-05
0.370000000000001	1.43619006671931e-05
0.390000000000001	1.57696409737177e-05
0.410000000000001	1.73454698764291e-05
0.430000000000001	1.91149964488737e-05
0.450000000000001	2.11087479381537e-05
0.470000000000001	2.33633313530821e-05
0.490000000000001	2.59229254948943e-05
0.510000000000001	2.88412148310744e-05
0.530000000000001	3.2183920565827e-05
0.550000000000001	3.60321483138225e-05
0.570000000000001	4.04868665120585e-05
0.590000000000001	4.56749720473708e-05
0.610000000000001	5.17576172009709e-05
0.630000000000001	5.89418110697568e-05
0.650000000000001	6.74968479097922e-05
0.670000000000001	7.77779923291247e-05
0.690000000000001	9.02613153722308e-05
0.710000000000001	0.000105596087721472
0.730000000000001	0.000124685583672499
0.750000000000001	0.000148815305456263
0.770000000000001	0.000179863205224248
0.790000000000001	0.000220657593736449
0.810000000000001	0.000275614002359401
0.830000000000001	0.000351929419758312
0.850000000000001	0.000461968174341089
0.870000000000001	0.000628416345520475
0.890000000000001	0.000896579886501989
0.910000000000001	0.00136783012814534
0.930000000000001	0.00230870535306115
0.950000000000001	0.00461932294816986
0.970000000000001	0.0130959511935849
0.990000000000001	0.120266098806159
