# Program settings for SigmaNu
# Electroweak scheme and input parameters
# Scheme = Complex mass scheme
# alpha_GF = 0.00755898078237864
# Pole masses/widths for particles [GeV]
# mw = 80.35797361
# gw = 2.084298894
# mz = 91.15348062
# gz = 2.494266379
# s^2_thetaw (derived) = (0.222868505240788,-0.00110716741475141)
# charged leptons
# m_e = 0.0005109989461
# m_m = 0.10565837
# m_t = 1.77686
# quarks
# m_d = 0.05
# m_u = 0.05
# m_s = 0.2
# m_c = 1.51
# m_b = 4.92
# m_t = 173
# Ecms (default) = 4140760

# channel_id = 6
# process  = nu_e nu_mu~ -> nu_e nu_mu~
-0.99	4.28938805338524e-13
-0.97	3.93923189647726e-12
-0.95	1.11679195462665e-11
-0.93	2.23451334493577e-11
-0.91	3.77154917899987e-11
-0.89	5.7539124916704e-11
-0.87	8.20927836462635e-11
-0.85	1.11671037736032e-10
-0.83	1.4658757283624e-10
-0.81	1.87176595095147e-10
-0.79	2.33794353550379e-10
-0.77	2.86820791512452e-10
-0.75	3.46661339345748e-10
-0.73	4.13748862394698e-10
-0.71	4.88545779307438e-10
-0.69	5.7154636769756e-10
-0.67	6.6327927598146e-10
-0.65	7.64310262362963e-10
-0.63	8.75245184340994e-10
-0.61	9.96733264828161e-10
-0.59	1.12947066403177e-09
-0.57	1.27420438971462e-09
-0.55	1.43173658237942e-09
-0.53	1.60292921637604e-09
-0.51	1.78870926299319e-09
-0.49	1.99007436735898e-09
-0.47	2.20809909754367e-09
-0.45	2.44394183175971e-09
-0.429999999999999	2.69885235813501e-09
-0.409999999999999	2.97418027136822e-09
-0.389999999999999	3.27138426186215e-09
-0.369999999999999	3.59204240591331e-09
-0.349999999999999	3.93786358049381e-09
-0.329999999999999	4.3107001434314e-09
-0.309999999999999	4.71256203977289e-09
-0.289999999999999	5.14563251827609e-09
-0.269999999999999	5.61228566888246e-09
-0.249999999999999	6.11510602334961e-09
-0.229999999999999	6.6569104977794e-09
-0.209999999999999	7.24077299853692e-09
-0.189999999999999	7.87005206318994e-09
-0.169999999999999	8.54842196702718e-09
-0.149999999999999	9.27990779515715e-09
-0.129999999999999	1.00689250622408e-08
-0.109999999999999	1.09203245591263e-08
-0.0899999999999994	1.18394432211634e-08
-0.0699999999999994	1.283216195062e-08
-0.0499999999999994	1.39049714901559e-08
-0.0299999999999994	1.50650476415828e-08
-0.00999999999999938	1.6320337361469e-08
0.0100000000000006	1.76796575516059e-08
0.0300000000000006	1.9152808709355e-08
0.0500000000000006	2.07507060247504e-08
0.0700000000000006	2.24855310260571e-08
0.0900000000000006	2.43709075062464e-08
0.110000000000001	2.64221062388412e-08
0.130000000000001	2.86562839503467e-08
0.150000000000001	3.10927632063751e-08
0.170000000000001	3.37533613522142e-08
0.190000000000001	3.66627785075563e-08
0.210000000000001	3.98490569562475e-08
0.230000000000001	4.33441272361006e-08
0.250000000000001	4.71844600079297e-08
0.270000000000001	5.14118476166341e-08
0.290000000000001	5.60743454862023e-08
0.310000000000001	6.12274115700642e-08
0.330000000000001	6.69352926300223e-08
0.350000000000001	7.32727199973802e-08
0.370000000000001	8.03269958687395e-08
0.390000000000001	8.82005757748129e-08
0.410000000000001	9.70142859964543e-08
0.430000000000001	1.06911359768936e-07
0.450000000000001	1.1806253800475e-07
0.470000000000001	1.30672566136808e-07
0.490000000000001	1.44988539150445e-07
0.510000000000001	1.61310717875693e-07
0.530000000000001	1.80006685443628e-07
0.550000000000001	2.01530071064404e-07
0.570000000000001	2.26445598106787e-07
0.590000000000001	2.55463009592726e-07
0.610000000000001	2.89483641407722e-07
0.630000000000001	3.29665309908169e-07
0.650000000000001	3.77514196874885e-07
0.670000000000001	4.35017322589258e-07
0.690000000000001	5.04837386725721e-07
0.710000000000001	5.90605807606172e-07
0.730000000000001	6.97374665228985e-07
0.750000000000001	8.32333870237466e-07
0.770000000000001	1.005986952783e-06
0.790000000000001	1.2341528759726e-06
0.810000000000001	1.54152806015508e-06
0.830000000000001	1.96836585542522e-06
0.850000000000001	2.5838210033222e-06
0.870000000000001	3.51477875860609e-06
0.890000000000001	5.014639548887e-06
0.910000000000001	7.65038334632975e-06
0.930000000000001	1.29127878860172e-05
0.950000000000001	2.5836321987089e-05
0.970000000000001	7.32472637944442e-05
0.990000000000001	0.000672678519624462
