# Program settings for SigmaNu
# Electroweak scheme and input parameters
# Scheme = Complex mass scheme
# alpha_GF = 0.00755898078237864
# Pole masses/widths for particles [GeV]
# mw = 80.35797361
# gw = 2.084298894
# mz = 91.15348062
# gz = 2.494266379
# s^2_thetaw (derived) = (0.222868505240788,-0.00110716741475141)
# charged leptons
# m_e = 0.0005109989461
# m_m = 0.10565837
# m_t = 1.77686
# quarks
# m_d = 0.05
# m_u = 0.05
# m_s = 0.2
# m_c = 1.51
# m_b = 4.92
# m_t = 173
# Ecms (default) = 150.3

# channel_id = 6
# process  = nu_e nu_mu~ -> nu_e nu_mu~
-0.99	0.000173534823553895
-0.97	0.00158498731202611
-0.95	0.00446855786119883
-0.93	0.00889028569524151
-0.91	0.0149192092769525
-0.89	0.0226275189929274
-0.87	0.0320907186546298
-0.85	0.0433877963900205
-0.83	0.0566014055423495
-0.81	0.071818056238071
-0.79	0.0891283183348964
-0.77	0.108627036514101
-0.75	0.130413558338703
-0.73	0.154591976161452
-0.71	0.181271383834124
-0.69	0.210566149242943
-0.67	0.242596203774531
-0.65	0.277487349903254
-0.63	0.315371588184842
-0.61	0.356387465043391
-0.59	0.400680442850158
-0.57	0.448403293913839
-0.55	0.499716520134114
-0.53	0.554788800214472
-0.51	0.613797466487655
-0.49	0.676929013579
-0.47	0.7443796413209
-0.45	0.816355834537225
-0.429999999999999	0.893074982541702
-0.409999999999999	0.974766041440959
-0.389999999999999	1.06167024260351
-0.369999999999999	1.15404185095291
-0.349999999999999	1.25214897706954
-0.329999999999999	1.35627444744411
-0.309999999999999	1.46671673762056
-0.289999999999999	1.58379097340089
-0.269999999999999	1.70783000576316
-0.249999999999999	1.83918556567304
-0.229999999999999	1.97822950555258
-0.209999999999999	2.12535513481577
-0.189999999999999	2.28097865759401
-0.169999999999999	2.445540721566
-0.149999999999999	2.61950808768322
-0.129999999999999	2.80337543155566
-0.109999999999999	2.99766728834352
-0.0899999999999994	3.2029401542038
-0.0699999999999994	3.41978475867939
-0.0499999999999994	3.64882852391151
-0.0299999999999994	3.89073822822218
-0.00999999999999938	4.14622289347471
0.0100000000000006	4.41603691770274
0.0300000000000006	4.7009834768302
0.0500000000000006	5.00191822192021
0.0700000000000006	5.31975330132737
0.0900000000000006	5.65546174042962
0.110000000000001	6.0100822153334
0.130000000000001	6.38472426113617
0.150000000000001	6.78057396006209
0.170000000000001	7.1989001601354
0.190000000000001	7.64106128111332
0.210000000000001	8.10851277126794
0.230000000000001	8.60281528640776
0.250000000000001	9.12564367140281
0.270000000000001	9.67879683458811
0.290000000000001	10.2642086169598
0.310000000000001	10.8839597712716
0.330000000000001	11.5402911812482
0.350000000000001	12.2356184684713
0.370000000000001	12.9725481544205
0.390000000000001	13.7538955681077
0.410000000000001	14.5827047162267
0.430000000000001	15.4622703633747
0.450000000000001	16.3961626053865
0.470000000000001	17.3882542600427
0.490000000000001	18.4427514473717
0.510000000000001	19.564227787721
0.530000000000001	20.7576627111853
0.550000000000001	22.0284844486539
0.570000000000001	23.3826183648271
0.590000000000001	24.8265413996772
0.610000000000001	26.367343510184
0.630000000000001	28.0127971526454
0.650000000000001	29.7714360222221
0.670000000000001	31.6526444764764
0.690000000000001	33.6667593207238
0.710000000000001	35.8251859339862
0.730000000000001	38.1405310763
0.750000000000001	40.6267551549624
0.770000000000001	43.2993472563279
0.790000000000001	46.1755268928179
0.810000000000001	49.2744771994427
0.830000000000001	52.6176152753406
0.850000000000001	56.2289065482251
0.870000000000001	60.1352315003719
0.890000000000001	64.3668149075335
0.910000000000001	68.9577300023475
0.930000000000001	73.9464928056841
0.950000000000001	79.3767654358101
0.970000000000001	85.2981917209375
0.990000000000001	91.7673941906137
