# Program settings for SigmaNu
# Electroweak scheme and input parameters
# Scheme = Complex mass scheme
# alpha_GF = 0.00755898078237864
# Pole masses/widths for particles [GeV]
# mw = 80.35797361
# gw = 2.084298894
# mz = 91.15348062
# gz = 2.494266379
# s^2_thetaw (derived) = (0.222868505240788,-0.00110716741475141)
# charged leptons
# m_e = 0.0005109989461
# m_m = 0.10565837
# m_t = 1.77686
# quarks
# m_d = 0.05
# m_u = 0.05
# m_s = 0.2
# m_c = 1.51
# m_b = 4.92
# m_t = 173
# Ecms (default) = 1201.49

# channel_id = 6
# process  = nu_e nu_mu~ -> nu_e nu_mu~
-0.99	5.03622412867645e-06
-0.97	4.62456132956942e-05
-0.95	0.000131093005017004
-0.93	0.000262263209778287
-0.91	0.000442609028758181
-0.89	0.000675163075660381
-0.87	0.000963150545071752
-0.85	0.00131000301316912
-0.83	0.00171937336533958
-0.81	0.00219515195501386
-0.79	0.00274148410886354
-0.77	0.00336278910562317
-0.75	0.00406378076932886
-0.73	0.00484948983289942
-0.71	0.00572528824493653
-0.69	0.0066969156116268
-0.67	0.00777050798696676
-0.65	0.00895262924852077
-0.63	0.0102503053229235
-0.61	0.0116710615557745
-0.59	0.0132229635549258
-0.57	0.0149146618749932
-0.55	0.0167554409548755
-0.53	0.0187552727698913
-0.51	0.0209248757167155
-0.49	0.0232757793136224
-0.47	0.0258203953718094
-0.45	0.0285720963771538
-0.429999999999999	0.0315453019172674
-0.409999999999999	0.0347555740980416
-0.389999999999999	0.0382197230192523
-0.369999999999999	0.0419559235228221
-0.349999999999999	0.0459838445931195
-0.329999999999999	0.0503247929798493
-0.309999999999999	0.0550018728349902
-0.289999999999999	0.0600401634110089
-0.269999999999999	0.0654669171643447
-0.249999999999999	0.0713117809532351
-0.229999999999999	0.0776070434211055
-0.209999999999999	0.0843879121264758
-0.189999999999999	0.0916928245303184
-0.169999999999999	0.0995637975973111
-0.149999999999999	0.108046821526971
-0.129999999999999	0.117192304026704
-0.109999999999999	0.127055572598761
-0.0899999999999994	0.13769744357037
-0.0699999999999994	0.149184868092062
-0.0499999999999994	0.161591667113815
-0.0299999999999994	0.174999369484589
-0.00999999999999938	0.189498169885443
0.0100000000000006	0.20518802639589
0.0300000000000006	0.222179921227851
0.0500000000000006	0.24059731269222
0.0700000000000006	0.260577811979981
0.0900000000000006	0.282275125083421
0.110000000000001	0.305861308459473
0.130000000000001	0.331529397237469
0.150000000000001	0.359496477399706
0.170000000000001	0.390007289063655
0.190000000000001	0.423338467610738
0.210000000000001	0.459803554037251
0.230000000000001	0.499758936991384
0.250000000000001	0.543610928413811
0.270000000000001	0.591824225056043
0.290000000000001	0.644932072810568
0.310000000000001	0.703548534337879
0.330000000000001	0.768383369156675
0.350000000000001	0.840260177726414
0.370000000000001	0.920138648917898
0.390000000000001	1.00914200012664
0.410000000000001	1.10859103435307
0.430000000000001	1.22004669187381
0.450000000000001	1.34536359312532
0.470000000000001	1.48675792311919
0.490000000000001	1.64689419764238
0.510000000000001	1.82899712899765
0.530000000000001	2.03699720279044
0.550000000000001	2.27572203797447
0.570000000000001	2.55115067648449
0.590000000000001	2.87075550249396
0.610000000000001	3.24396792332415
0.630000000000001	3.68282155880036
0.650000000000001	4.2028543646107
0.670000000000001	4.82439555359592
0.690000000000001	5.57443623689354
0.710000000000001	6.4894060143379
0.730000000000001	7.61939204849796
0.750000000000001	9.03472205868822
0.770000000000001	10.8365501486032
0.790000000000001	13.174479704296
0.810000000000001	16.277106981347
0.830000000000001	20.5075286604893
0.850000000000001	26.4701001169314
0.870000000000001	35.2304496749676
0.890000000000001	48.8097300291403
0.910000000000001	71.4253508924058
0.930000000000001	113.107250330065
0.950000000000001	202.751879695402
0.970000000000001	454.348934195112
0.990000000000001	1726.18910271641
