# Program settings for SigmaNu
# Electroweak scheme and input parameters
# Scheme = Complex mass scheme
# alpha_GF = 0.00755898078237864
# Pole masses/widths for particles [GeV]
# mw = 80.35797361
# gw = 2.084298894
# mz = 91.15348062
# gz = 2.494266379
# s^2_thetaw (derived) = (0.222868505240788,-0.00110716741475141)
# charged leptons
# m_e = 0.0005109989461
# m_m = 0.10565837
# m_t = 1.77686
# quarks
# m_d = 0.05
# m_u = 0.05
# m_s = 0.2
# m_c = 1.51
# m_b = 4.92
# m_t = 173
# Ecms (default) = 4583.11

# channel_id = 6
# process  = nu_e nu_mu~ -> nu_e nu_mu~
-0.99	3.49856258506596e-07
-0.97	3.21293805804875e-06
-0.95	9.10876516365463e-06
-0.93	1.82249577949639e-05
-0.91	3.07609417190964e-05
-0.89	4.69287837578151e-05
-0.87	6.69540945753614e-05
-0.85	9.10770048828853e-05
-0.83	0.000119553221824101
-0.81	0.00015265517300729
-0.79	0.000190673246430129
-0.77	0.000233917135416353
-0.75	0.000282717298658749
-0.73	0.000337426546554867
-0.71	0.000398421766245514
-0.69	0.000466105799139116
-0.67	0.000540909486247731
-0.65	0.000623293898395865
-0.63	0.000713752770318193
-0.61	0.000812815159867426
-0.59	0.000921048356044482
-0.57	0.00103906106238084
-0.55	0.00116750688539501
-0.53	0.00130708816146676
-0.51	0.00145856015958788
-0.49	0.00162273570213205
-0.47	0.00180049025112539
-0.45	0.00199276751359579
-0.429999999999999	0.00220058562655222
-0.409999999999999	0.00242504399013502
-0.389999999999999	0.00266733082664958
-0.369999999999999	0.00292873155374267
-0.349999999999999	0.00321063807213256
-0.329999999999999	0.00351455908233319
-0.309999999999999	0.0038421315610401
-0.289999999999999	0.0041951335466571
-0.269999999999999	0.00457549840529365
-0.249999999999999	0.00498533077400232
-0.229999999999999	0.00542692440770836
-0.209999999999999	0.00590278219099988
-0.189999999999999	0.00641563861664676
-0.169999999999999	0.0069684850805509
-0.149999999999999	0.00756459839919416
-0.129999999999999	0.00820757302223987
-0.109999999999999	0.00890135749183142
-0.0899999999999994	0.00965029579385201
-0.0699999999999994	0.0104591743580804
-0.0499999999999994	0.0113332755976394
-0.0299999999999994	0.012278439038143
-0.00999999999999938	0.0133011312794103
0.0100000000000006	0.0144085262648944
0.0300000000000006	0.0156085976153022
0.0500000000000006	0.016910225124847
0.0700000000000006	0.0183233179358398
0.0900000000000006	0.0198589574184738
0.110000000000001	0.0215295634113876
0.130000000000001	0.0233490882552797
0.150000000000001	0.0253332440155891
0.170000000000001	0.0274997694916977
0.190000000000001	0.0298687451151829
0.210000000000001	0.032462965734711
0.230000000000001	0.0353083836840378
0.250000000000001	0.0384346375832198
0.270000000000001	0.041875686233133
0.290000000000001	0.0456705720008536
0.310000000000001	0.0498643446257011
0.330000000000001	0.0545091849043974
0.350000000000001	0.0596657789295367
0.370000000000001	0.0654050084177092
0.390000000000001	0.0718100425169778
0.410000000000001	0.0789789432315921
0.430000000000001	0.0870279329675464
0.450000000000001	0.0960955226230527
0.470000000000001	0.106347767883678
0.490000000000001	0.117985018466609
0.510000000000001	0.13125066280438
0.530000000000001	0.146442568577652
0.550000000000001	0.163928207774903
0.570000000000001	0.184164881019483
0.590000000000001	0.207727095704695
0.610000000000001	0.235344129952589
0.630000000000001	0.267952336132891
0.650000000000001	0.306769155964838
0.670000000000001	0.353399750353101
0.690000000000001	0.409993699506662
0.710000000000001	0.479480458637974
0.730000000000001	0.565932109077364
0.750000000000001	0.675138301014856
0.770000000000001	0.815547562887948
0.790000000000001	0.999867335171997
0.810000000000001	1.24790568886095
0.830000000000001	1.5918880462065
0.850000000000001	2.08704983515615
0.870000000000001	2.83444195183634
0.890000000000001	4.03510221287417
0.910000000000001	6.1365004987601
0.930000000000001	10.3061807504452
0.950000000000001	20.4378020944263
0.970000000000001	56.7572853110408
0.990000000000001	471.531181655369
