# Program settings for SigmaNu
# Electroweak scheme and input parameters
# Scheme = Complex mass scheme
# alpha_GF = 0.00755898078237864
# Pole masses/widths for particles [GeV]
# mw = 80.35797361
# gw = 2.084298894
# mz = 91.15348062
# gz = 2.494266379
# s^2_thetaw (derived) = (0.222868505240788,-0.00110716741475141)
# charged leptons
# m_e = 0.0005109989461
# m_m = 0.10565837
# m_t = 1.77686
# quarks
# m_d = 0.05
# m_u = 0.05
# m_s = 0.2
# m_c = 1.51
# m_b = 4.92
# m_t = 173
# Ecms (default) = 413596

# channel_id = 6
# process  = nu_e nu_mu~ -> nu_e nu_mu~
-0.99	4.29934953783084e-11
-0.97	3.94838018992986e-10
-0.95	1.11938554047767e-09
-0.93	2.23970267282669e-09
-0.91	3.78030804212117e-09
-0.89	5.76727509317816e-09
-0.87	8.22834317732149e-09
-0.85	1.11930376779191e-08
-0.83	1.46928000067906e-08
-0.81	1.87611283908983e-08
-0.79	2.34337304650074e-08
-0.77	2.87486887935184e-08
-0.75	3.47466405648797e-08
-0.73	4.14709728365463e-08
-0.71	4.89680348592553e-08
-0.69	5.72873691786114e-08
-0.67	6.64819634021094e-08
-0.65	7.66085247336292e-08
-0.63	8.77277796184095e-08
-0.61	9.99048011133443e-08
-0.59	1.13209366904522e-07
-0.57	1.27716351241319e-07
-0.55	1.43506154449913e-07
-0.53	1.60665174135658e-07
-0.51	1.79286322691184e-07
-0.49	1.99469596304685e-07
-0.47	2.213227013213e-07
-0.45	2.4496174456239e-07
-0.429999999999999	2.70511995067596e-07
-0.409999999999999	2.98108725710139e-07
-0.389999999999999	3.27898144267169e-07
-0.369999999999999	3.60038424828171e-07
-0.349999999999999	3.9470085192373e-07
-0.329999999999999	4.32071091487947e-07
-0.309999999999999	4.72350604770342e-07
-0.289999999999999	5.15758223634472e-07
-0.269999999999999	5.62531908377458e-07
-0.249999999999999	6.12930712344539e-07
-0.229999999999999	6.67236981276971e-07
-0.209999999999999	7.25758819617431e-07
-0.189999999999999	7.88832861022181e-07
-0.169999999999999	8.56827386235783e-07
-0.149999999999999	9.30145838444658e-07
-0.129999999999999	1.00923079444991e-06
-0.109999999999999	1.09456845974404e-06
-0.0899999999999994	1.18669376715368e-06
-0.0699999999999994	1.28619617250732e-06
-0.0499999999999994	1.39372625727795e-06
-0.0299999999999994	1.51000326792427e-06
-0.00999999999999938	1.63582374544168e-06
0.0100000000000006	1.77207142734701e-06
0.0300000000000006	1.9197286391014e-06
0.0500000000000006	2.07988943425955e-06
0.0700000000000006	2.25377479423535e-06
0.0900000000000006	2.44275026179664e-06
0.110000000000001	2.64834646018106e-06
0.130000000000001	2.87228304582385e-06
0.150000000000001	3.11649676195396e-06
0.170000000000001	3.38317440902327e-06
0.190000000000001	3.67479173426233e-06
0.210000000000001	3.99415947731323e-06
0.230000000000001	4.34447810599739e-06
0.250000000000001	4.72940315456292e-06
0.270000000000001	5.15312356124573e-06
0.290000000000001	5.62045602632866e-06
0.310000000000001	6.13695922171422e-06
0.330000000000001	6.70907274065573e-06
0.350000000000001	7.34428706755325e-06
0.370000000000001	8.05135269187531e-06
0.390000000000001	8.84053895456343e-06
0.410000000000001	9.72395653655134e-06
0.430000000000001	1.07159620161751e-05
0.450000000000001	1.18336691255386e-05
0.470000000000001	1.30975999429906e-05
0.490000000000001	1.45325213334781e-05
0.510000000000001	1.61685290885396e-05
0.530000000000001	1.80424668579803e-05
0.550000000000001	2.01998028737999e-05
0.570000000000001	2.26971405721091e-05
0.590000000000001	2.56056190168949e-05
0.610000000000001	2.90155810306568e-05
0.630000000000001	3.30430770150109e-05
0.650000000000001	3.7839074771013e-05
0.670000000000001	4.3602737550362e-05
0.690000000000001	5.06009533602158e-05
0.710000000000001	5.91977068891712e-05
0.730000000000001	6.98993786789157e-05
0.750000000000001	8.34266284222601e-05
0.770000000000001	0.000100832246642103
0.790000000000001	0.000123701800434011
0.810000000000001	0.000154510662161373
0.830000000000001	0.000197293505927792
0.850000000000001	0.000258981848381291
0.870000000000001	0.000352293645265378
0.890000000000001	0.000502627702178149
0.910000000000001	0.00076681346094989
0.930000000000001	0.00129427416571579
0.950000000000001	0.00258962259932671
0.970000000000001	0.00734169063524951
0.990000000000001	0.0674227814493356
