# Program settings for SigmaNu
# Electroweak scheme and input parameters
# Scheme = Complex mass scheme
# alpha_GF = 0.00755898078237864
# Pole masses/widths for particles [GeV]
# mw = 80.35797361
# gw = 2.084298894
# mz = 91.15348062
# gz = 2.494266379
# s^2_thetaw (derived) = (0.222868505240788,-0.00110716741475141)
# charged leptons
# m_e = 0.0005109989461
# m_m = 0.10565837
# m_t = 1.77686
# quarks
# m_d = 0.05
# m_u = 0.05
# m_s = 0.2
# m_c = 1.51
# m_b = 4.92
# m_t = 173
# Ecms (default) = 88.6022

# channel_id = 6
# process  = nu_e nu_mu~ -> nu_e nu_mu~
-0.99	0.000219923277481218
-0.97	0.00199872552926562
-0.95	0.00560674622651696
-0.93	0.0110980890609288
-0.91	0.0185284709780388
-0.89	0.0279552759324105
-0.87	0.0394376106685204
-0.85	0.0530363626132871
-0.83	0.0688142599702497
-0.81	0.0868359341096885
-0.79	0.107167984353493
-0.77	0.129879045258327
-0.75	0.155039856505653
-0.73	0.182723335512444
-0.71	0.213004652881954
-0.69	0.245961310819803
-0.67	0.281673224646771
-0.65	0.320222807546229
-0.63	0.361695058690998
-0.61	0.406177654901665
-0.59	0.453761045996044
-0.57	0.504538553997548
-0.55	0.558606476378753
-0.53	0.616064193525462
-0.51	0.677014280616079
-0.49	0.741562624121184
-0.47	0.809818543138823
-0.45	0.881894915792298
-0.429999999999999	0.95790831092912
-0.409999999999999	1.03797912537241
-0.389999999999999	1.12223172698934
-0.369999999999999	1.21079460385541
-0.349999999999999	1.3038005198081
-0.329999999999999	1.40138667669961
-0.309999999999999	1.5036948836749
-0.289999999999999	1.61087173381919
-0.269999999999999	1.72306878853796
-0.249999999999999	1.8404427700525
-0.229999999999999	1.96315576241532
-0.209999999999999	2.09137542147239
-0.189999999999999	2.22527519422296
-0.169999999999999	2.36503454805345
-0.149999999999999	2.51083921034875
-0.129999999999999	2.66288141901313
-0.109999999999999	2.82136018446361
-0.0899999999999994	2.98648156369107
-0.0699999999999994	3.15845894701924
-0.0499999999999994	3.33751335822842
-0.0299999999999994	3.5238737687501
-0.00999999999999938	3.71777742668067
0.0100000000000006	3.91947020140686
0.0300000000000006	4.12920694468329
0.0500000000000006	4.34725186905307
0.0700000000000006	4.57387894455692
0.0900000000000006	4.80937231473362
0.110000000000001	5.05402673297696
0.130000000000001	5.30814802037976
0.150000000000001	5.57205354626667
0.170000000000001	5.8460727326923
0.190000000000001	6.13054758426265
0.210000000000001	6.42583324472354
0.230000000000001	6.7322985818526
0.250000000000001	7.05032680229064
0.270000000000001	7.380316098054
0.290000000000001	7.72268032658378
0.310000000000001	8.07784972630985
0.330000000000001	8.44627166983879
0.350000000000001	8.82841145701559
0.370000000000001	9.22475315026049
0.390000000000001	9.63580045474462
0.410000000000001	10.0620776461434
0.430000000000001	10.5041305488947
0.450000000000001	10.9625275680905
0.470000000000001	11.4378607783512
0.490000000000001	11.9307470732643
0.510000000000001	12.4418293792236
0.530000000000001	12.9717779377805
0.550000000000001	13.5212916609106
0.570000000000001	14.0910995639213
0.590000000000001	14.6819622810682
0.610000000000001	15.2946736693218
0.630000000000001	15.9300625061304
0.650000000000001	16.5889942874581
0.670000000000001	17.272373132854
0.690000000000001	17.9811438048184
0.710000000000001	18.7162938502878
0.730000000000001	19.4788558726666
0.750000000000001	20.2699099434845
0.770000000000001	21.0905861634746
0.790000000000001	21.9420673836398
0.810000000000001	22.8255920977174
0.830000000000001	23.7424575183719
0.850000000000001	24.6940228504432
0.870000000000001	25.6817127756714
0.890000000000001	26.7070211645074
0.910000000000001	27.771515031919
0.930000000000001	28.8768387555259
0.950000000000001	30.0247185759472
0.970000000000001	31.2169674009512
0.990000000000001	32.4554899368582
