# Program settings for SigmaNu
# Electroweak scheme and input parameters
# Scheme = Complex mass scheme
# alpha_GF = 0.00755898078237864
# Pole masses/widths for particles [GeV]
# mw = 80.35797361
# gw = 2.084298894
# mz = 91.15348062
# gz = 2.494266379
# s^2_thetaw (derived) = (0.222868505240788,-0.00110716741475141)
# charged leptons
# m_e = 0.0005109989461
# m_m = 0.10565837
# m_t = 1.77686
# quarks
# m_d = 0.05
# m_u = 0.05
# m_s = 0.2
# m_c = 1.51
# m_b = 4.92
# m_t = 173
# Ecms (default) = 538149

# channel_id = 6
# process  = nu_e nu_mu~ -> nu_e nu_mu~
-0.99	2.53951251124324e-11
-0.97	2.33220416421392e-10
-0.95	6.61191550550797e-10
-0.93	1.322933368438e-09
-0.91	2.23292837693617e-09
-0.89	3.4065774734069e-09
-0.87	4.86026556234425e-09
-0.85	6.6114325103699e-09
-0.83	8.67864993169187e-09
-0.81	1.10817043470998e-08
-0.79	1.3841687316436e-08
-0.77	1.69810932079891e-08
-0.75	2.05239253392568e-08
-0.73	2.44958113030096e-08
-0.71	2.89241283816564e-08
-0.69	3.38381400528739e-08
-0.67	3.92691447017671e-08
-0.65	4.52506377811769e-08
-0.63	5.18184888040881e-08
-0.61	5.90111347126562e-08
-0.59	6.68697913497564e-08
-0.57	7.54386849641478e-08
-0.55	8.47653059128181e-08
-0.53	9.49006869878374e-08
-0.51	1.05899709094792e-07
-0.49	1.17821437351026e-07
-0.47	1.30729491060847e-07
-0.45	1.44692451468977e-07
-0.429999999999999	1.59784311701579e-07
-0.409999999999999	1.76084973886287e-07
-0.389999999999999	1.93680799111008e-07
-0.369999999999999	2.12665216649764e-07
-0.349999999999999	2.33139399769495e-07
-0.329999999999999	2.55213016454171e-07
-0.309999999999999	2.79005064565412e-07
-0.289999999999999	3.04644802330006e-07
-0.269999999999999	3.3227278663773e-07
-0.249999999999999	3.62042033487579e-07
-0.229999999999999	3.94119317084808e-07
-0.209999999999999	4.28686626622777e-07
-0.189999999999999	4.65942802751739e-07
-0.169999999999999	5.06105379225585e-07
-0.149999999999999	5.49412659328896e-07
-0.129999999999999	5.96126061544504e-07
-0.109999999999999	6.46532774677305e-07
-0.0899999999999994	7.00948769488732e-07
-0.0699999999999994	7.5972222204559e-07
-0.0499999999999994	8.23237413727804e-07
-0.0299999999999994	8.91919184519483e-07
-0.00999999999999938	9.66238030258291e-07
0.0100000000000006	1.04671595147812e-06
0.0300000000000006	1.1339331820238e-06
0.0500000000000006	1.22853595059271e-06
0.0700000000000006	1.33124545883772e-06
0.0900000000000006	1.44286829701034e-06
0.110000000000001	1.56430856406452e-06
0.130000000000001	1.69658201590521e-06
0.150000000000001	1.84083263591241e-06
0.170000000000001	1.99835210970985e-06
0.190000000000001	2.17060279620682e-06
0.210000000000001	2.35924492554743e-06
0.230000000000001	2.56616893009532e-06
0.250000000000001	2.79353403802563e-06
0.270000000000001	3.04381454527176e-06
0.290000000000001	3.31985555036141e-06
0.310000000000001	3.62494041502292e-06
0.330000000000001	3.96287283815661e-06
0.350000000000001	4.33807725254817e-06
0.370000000000001	4.75572234299484e-06
0.390000000000001	5.22187394011087e-06
0.410000000000001	5.74368550586915e-06
0.430000000000001	6.32963709509567e-06
0.450000000000001	6.98983734125437e-06
0.470000000000001	7.73640809884514e-06
0.490000000000001	8.58397850689559e-06
0.510000000000001	9.55032536217858e-06
0.530000000000001	1.06572112451617e-05
0.550000000000001	1.19314930519296e-05
0.570000000000001	1.34066049531658e-05
0.590000000000001	1.51245669359653e-05
0.610000000000001	1.71387421471782e-05
0.630000000000001	1.95176785311864e-05
0.650000000000001	2.2350548831563e-05
0.670000000000001	2.57549935913442e-05
0.690000000000001	2.98886566070705e-05
0.710000000000001	3.49665341647877e-05
0.730000000000001	4.12877320890049e-05
0.750000000000001	4.92779253500351e-05
0.770000000000001	5.9558970011399e-05
0.790000000000001	7.30674195049669e-05
0.810000000000001	9.12654123107098e-05
0.830000000000001	0.000116536126371689
0.850000000000001	0.000152973830291788
0.870000000000001	0.000208090694526913
0.890000000000001	0.00029688914538774
0.910000000000001	0.00045293689281974
0.930000000000001	0.000764494491730648
0.950000000000001	0.0015296242210371
0.970000000000001	0.004336554573641
0.990000000000001	0.0398251759658692
