# Program settings for SigmaNu
# Electroweak scheme and input parameters
# Scheme = Complex mass scheme
# alpha_GF = 0.00755898078237864
# Pole masses/widths for particles [GeV]
# mw = 80.35797361
# gw = 2.084298894
# mz = 91.15348062
# gz = 2.494266379
# s^2_thetaw (derived) = (0.222868505240788,-0.00110716741475141)
# charged leptons
# m_e = 0.0005109989461
# m_m = 0.10565837
# m_t = 1.77686
# quarks
# m_d = 0.05
# m_u = 0.05
# m_s = 0.2
# m_c = 1.51
# m_b = 4.92
# m_t = 173
# Ecms (default) = 173.047

# channel_id = 6
# process  = nu_e nu_mu~ -> nu_e nu_mu~
-0.99	0.000150162637381369
-0.97	0.00137295756229652
-0.95	0.00387491180388965
-0.93	0.00771756807338901
-0.91	0.0129654693887997
-0.89	0.0196863231395634
-0.87	0.0279511753327763
-0.85	0.037834595734717
-0.83	0.0494148746775054
-0.81	0.0627742323616779
-0.79	0.0779990415518033
-0.77	0.0951800646344797
-0.75	0.114412706086744
-0.73	0.135797281488716
-0.71	0.159439304307909
-0.69	0.185449791784831
-0.67	0.213945591361175
-0.65	0.245049729214022
-0.63	0.278891782593081
-0.61	0.315608277804347
-0.59	0.35534311584395
-0.57	0.398248027861909
-0.55	0.444483062828624
-0.53	0.49421710998919
-0.51	0.547628458923938
-0.49	0.604905400290469
-0.47	0.666246870605356
-0.45	0.731863144735648
-0.429999999999999	0.80197658011456
-0.409999999999999	0.876822417076008
-0.389999999999999	0.956649640123097
-0.369999999999999	1.04172190541101
-0.349999999999999	1.13231854024031
-0.329999999999999	1.22873562092821
-0.309999999999999	1.33128713606026
-0.289999999999999	1.44030624282994
-0.269999999999999	1.55614662495837
-0.249999999999999	1.67918396156012
-0.229999999999999	1.80981751729539
-0.209999999999999	1.94847186523637
-0.189999999999999	2.09559875509091
-0.169999999999999	2.25167914078638
-0.149999999999999	2.41722538294026
-0.129999999999999	2.59278364345247
-0.109999999999999	2.77893649137357
-0.0899999999999994	2.97630574136137
-0.0699999999999994	3.18555554846852
-0.0499999999999994	3.40739578574435
-0.0299999999999994	3.64258573422889
-0.00999999999999938	3.89193811841674
0.0100000000000006	4.15632352423184
0.0300000000000006	4.43667524104995
0.0500000000000006	4.73399457441276
0.0700000000000006	5.04935668188839
0.0900000000000006	5.38391699115601
0.110000000000001	5.73891826695252
0.130000000000001	6.11569840216527
0.150000000000001	6.51569901825951
0.170000000000001	6.94047497159623
0.190000000000001	7.39170487526659
0.210000000000001	7.8712027611261
0.230000000000001	8.38093102409197
0.250000000000001	8.92301481087022
0.270000000000001	9.49975803857919
0.290000000000001	10.1136612558009
0.310000000000001	10.7674415900983
0.330000000000001	11.4640550627986
0.350000000000001	12.2067215948366
0.370000000000001	12.9989530778597
0.390000000000001	13.8445849440369
0.410000000000001	14.7478117378293
0.430000000000001	15.7132272754607
0.450000000000001	16.7458700755536
0.470000000000001	17.8512748605172
0.490000000000001	19.0355310666498
0.510000000000001	20.3053494663334
0.530000000000001	21.6681382040584
0.550000000000001	23.1320897866632
0.570000000000001	24.7062808562812
0.590000000000001	26.4007869235311
0.610000000000001	28.2268146629213
0.630000000000001	30.1968548905269
0.650000000000001	32.3248599789243
0.670000000000001	34.6264502457204
0.690000000000001	37.1191548177286
0.710000000000001	39.8226936718051
0.730000000000001	42.7593090489428
0.750000000000001	45.9541563130029
0.770000000000001	49.4357666877172
0.790000000000001	53.2365972981635
0.810000000000001	57.3936877554677
0.830000000000001	61.9494474095913
0.850000000000001	66.9526036961835
0.870000000000001	72.4593501828572
0.890000000000001	78.5347436113944
0.910000000000001	85.2544133088719
0.930000000000001	92.7066650178229
0.950000000000001	100.995086179809
0.970000000000001	110.241793418173
0.990000000000001	120.591508872138
