# Program settings for SigmaNu
# Electroweak scheme and input parameters
# Scheme = Complex mass scheme
# alpha_GF = 0.00755898078237864
# Pole masses/widths for particles [GeV]
# mw = 80.35797361
# gw = 2.084298894
# mz = 91.15348062
# gz = 2.494266379
# s^2_thetaw (derived) = (0.222868505240788,-0.00110716741475141)
# charged leptons
# m_e = 0.0005109989461
# m_m = 0.10565837
# m_t = 1.77686
# quarks
# m_d = 0.05
# m_u = 0.05
# m_s = 0.2
# m_c = 1.51
# m_b = 4.92
# m_t = 173
# Ecms (default) = 64377.9

# channel_id = 6
# process  = nu_e nu_mu~ -> nu_e nu_mu~
-0.99	1.77451671706472e-09
-0.97	1.62965730304271e-08
-0.95	4.62015980957425e-08
-0.93	9.2441642936355e-08
-0.91	1.56028688817983e-07
-0.89	2.38038890429945e-07
-0.87	3.39617160900419e-07
-0.85	4.61982129833936e-07
-0.83	6.06431508756345e-07
-0.81	7.74347901914731e-07
-0.79	9.67205104353348e-07
-0.77	1.18657493362417e-06
-0.75	1.43413464645199e-06
-0.73	1.7116749972277e-06
-0.71	2.02110900142748e-06
-0.69	2.36448147404033e-06
-0.67	2.7439794209334e-06
-0.65	3.16194336991386e-06
-0.63	3.62087973819123e-06
-0.61	4.12347434416423e-06
-0.59	4.67260718412981e-06
-0.57	5.27136860885049e-06
-0.55	5.92307705115944e-06
-0.53	6.63129847421367e-06
-0.51	7.39986773095008e-06
-0.49	8.2329120491373e-06
-0.47	9.13487688359306e-06
-0.45	1.01105544081699e-05
-0.429999999999999	1.11651149556111e-05
-0.409999999999999	1.23041417540548e-05
-0.389999999999999	1.35336693556619e-05
-0.369999999999999	1.48602262065451e-05
-0.349999999999999	1.62908818690576e-05
-0.329999999999999	1.78332994789468e-05
-0.309999999999999	1.94957941025246e-05
-0.289999999999999	2.12873977548215e-05
-0.269999999999999	2.32179319510024e-05
-0.249999999999999	2.52980887929159e-05
-0.229999999999999	2.75395217438841e-05
-0.209999999999999	2.9954947421727e-05
-0.189999999999999	3.25582599474212e-05
-0.169999999999999	3.53646596305687e-05
-0.149999999999999	3.83907980601364e-05
-0.129999999999999	4.16549420083618e-05
-0.109999999999999	4.5177158957889e-05
-0.0899999999999994	4.89795275400456e-05
-0.0699999999999994	5.30863767415978e-05
-0.0499999999999994	5.75245584179593e-05
-0.0299999999999994	6.23237584669474e-05
-0.00999999999999938	6.75168529989563e-05
0.0100000000000006	7.31403170244869e-05
0.0300000000000006	7.9234694615445e-05
0.0500000000000006	8.58451412418035e-05
0.0700000000000006	9.30220511149722e-05
0.0900000000000006	0.00010082178497859
0.110000000000001	0.000109307516997616
0.130000000000001	0.000118550223362863
0.150000000000001	0.000128629840150501
0.170000000000001	0.000139636624113666
0.190000000000001	0.000151672757773552
0.210000000000001	0.000164854249862269
0.230000000000001	0.000179313194432087
0.250000000000001	0.000195200467558525
0.270000000000001	0.000212688960560763
0.290000000000001	0.000231977474431245
0.310000000000001	0.000253295433589932
0.330000000000001	0.000276908620729359
0.350000000000001	0.000303126191937032
0.370000000000001	0.000332309307393818
0.390000000000001	0.000364881814653504
0.410000000000001	0.000401343558584184
0.430000000000001	0.000442287078483226
0.450000000000001	0.000488418708898431
0.470000000000001	0.000540585455917431
0.490000000000001	0.000599809519026131
0.510000000000001	0.0006673330360308
0.530000000000001	0.000744676645477798
0.550000000000001	0.000833716942996585
0.570000000000001	0.000936790099704731
0.590000000000001	0.00105683220416555
0.610000000000001	0.00119757192448709
0.630000000000001	0.00136379893181392
0.650000000000001	0.00156174400365583
0.670000000000001	0.00179962702727724
0.690000000000001	0.00208846299757073
0.710000000000001	0.00244327422611684
0.730000000000001	0.00288495987398262
0.750000000000001	0.00344326261485443
0.770000000000001	0.00416163240513391
0.790000000000001	0.00510550712106097
0.810000000000001	0.00637704697213625
0.830000000000001	0.00814276400870075
0.850000000000001	0.0106887204525133
0.870000000000001	0.0145397760310544
0.890000000000001	0.0207440989597054
0.910000000000001	0.0316468885540202
0.930000000000001	0.0534142069062372
0.950000000000001	0.106867970182955
0.970000000000001	0.302943653208969
0.990000000000001	2.78064757907142
