# Program settings for SigmaNu
# Electroweak scheme and input parameters
# Scheme = Complex mass scheme
# alpha_GF = 0.00755898078237864
# Pole masses/widths for particles [GeV]
# mw = 80.35797361
# gw = 2.084298894
# mz = 91.15348062
# gz = 2.494266379
# s^2_thetaw (derived) = (0.222868505240788,-0.00110716741475141)
# charged leptons
# m_e = 0.0005109989461
# m_m = 0.10565837
# m_t = 1.77686
# quarks
# m_d = 0.05
# m_u = 0.05
# m_s = 0.2
# m_c = 1.51
# m_b = 4.92
# m_t = 173
# Ecms (default) = 982637

# channel_id = 6
# process  = nu_e nu_mu~ -> nu_e nu_mu~
-0.99	7.61674162361995e-12
-0.97	6.99496319115683e-11
-0.95	1.98310706725808e-10
-0.93	3.96786454907896e-10
-0.91	6.69720604432293e-10
-0.89	1.02173233549095e-09
-0.87	1.45773596084154e-09
-0.85	1.98296220728955e-09
-0.83	2.60298124589737e-09
-0.81	3.32372763380376e-09
-0.79	4.15152734759313e-09
-0.77	5.09312710720154e-09
-0.75	6.15572621064213e-09
-0.73	7.34701112367094e-09
-0.71	8.67519309523063e-09
-0.69	1.01490490994892e-08
-0.67	1.17779664389751e-08
-0.65	1.35719913812059e-08
-0.63	1.55418822438988e-08
-0.61	1.76991673920093e-08
-0.59	2.00562086642463e-08
-0.57	2.26262708082565e-08
-0.55	2.54235975733939e-08
-0.53	2.8463495189101e-08
-0.51	3.17624240468311e-08
-0.49	3.53380995057631e-08
-0.47	3.92096028592104e-08
-0.45	4.33975036318351e-08
-0.429999999999999	4.79239945301493e-08
-0.409999999999999	5.28130405433886e-08
-0.389999999999999	5.80905438922771e-08
-0.369999999999999	6.37845267537194e-08
-0.349999999999999	6.99253339550747e-08
-0.329999999999999	7.65458581383279e-08
-0.309999999999999	8.36817902492461e-08
-0.289999999999999	9.13718986178688e-08
-0.269999999999999	9.96583403744701e-08
-0.249999999999999	1.08587009501408e-07
-0.229999999999999	1.18207926470425e-07
-0.209999999999999	1.28575675174241e-07
-0.189999999999999	1.39749893751538e-07
-0.169999999999999	1.51795826950822e-07
-0.149999999999999	1.64784948911804e-07
-0.129999999999999	1.78795666699894e-07
-0.109999999999999	1.93914116655708e-07
-0.0899999999999994	2.1023506767259e-07
-0.0699999999999994	2.27862947959342e-07
-0.0499999999999994	2.46913014766958e-07
-0.0299999999999994	2.67512690061254e-07
-0.00999999999999938	2.89803089337501e-07
0.0100000000000006	3.13940775859944e-07
0.0300000000000006	3.40099778770778e-07
0.0500000000000006	3.68473921004216e-07
0.0700000000000006	3.99279512083039e-07
0.0900000000000006	4.32758472075614e-07
0.110000000000001	4.69181966770743e-07
0.130000000000001	5.08854651152658e-07
0.150000000000001	5.5211963938756e-07
0.170000000000001	5.99364345878432e-07
0.190000000000001	6.51027374954818e-07
0.210000000000001	7.0760667833634e-07
0.230000000000001	7.69669252144272e-07
0.250000000000001	8.37862712253063e-07
0.270000000000001	9.1292917260603e-07
0.290000000000001	9.95721961729604e-07
0.310000000000001	1.08722585615068e-06
0.330000000000001	1.18858169679164e-06
0.350000000000001	1.30111650089428e-06
0.370000000000001	1.42638050873523e-06
0.390000000000001	1.56619304097123e-06
0.410000000000001	1.72269963085162e-06
0.430000000000001	1.89844369579487e-06
0.450000000000001	2.09645711180377e-06
0.470000000000001	2.32037557903089e-06
0.490000000000001	2.57458680595016e-06
0.510000000000001	2.86442257612186e-06
0.530000000000001	3.19641012682397e-06
0.550000000000001	3.57860463039799e-06
0.570000000000001	4.02103397729941e-06
0.590000000000001	4.53630119692538e-06
0.610000000000001	5.1404114660924e-06
0.630000000000001	5.85392432938492e-06
0.650000000000001	6.70358531597808e-06
0.670000000000001	7.72467828665387e-06
0.690000000000001	8.96448525671385e-06
0.710000000000001	1.04874899438302e-05
0.730000000000001	1.23834029970575e-05
0.750000000000001	1.47798968875173e-05
0.770000000000001	1.78634845895344e-05
0.790000000000001	2.19150661184509e-05
0.810000000000001	2.73731799920471e-05
0.830000000000001	3.4952611736203e-05
0.850000000000001	4.58813537002026e-05
0.870000000000001	6.24125285078629e-05
0.890000000000001	8.90458094458346e-05
0.910000000000001	0.0001358491525264
0.930000000000001	0.000229294537380355
0.950000000000001	0.000458779811945792
0.970000000000001	0.00130066312735946
0.990000000000001	0.0119448318896227
