# Program settings for SigmaNu
# Electroweak scheme and input parameters
# Scheme = Complex mass scheme
# alpha_GF = 0.00755898078237864
# Pole masses/widths for particles [GeV]
# mw = 80.35797361
# gw = 2.084298894
# mz = 91.15348062
# gz = 2.494266379
# s^2_thetaw (derived) = (0.222868505240788,-0.00110716741475141)
# charged leptons
# m_e = 0.0005109989461
# m_m = 0.10565837
# m_t = 1.77686
# quarks
# m_d = 0.05
# m_u = 0.05
# m_s = 0.2
# m_c = 1.51
# m_b = 4.92
# m_t = 173
# Ecms (default) = 2111390

# channel_id = 6
# process  = nu_e nu_mu~ -> nu_e nu_mu~
-0.99	1.64975151087412e-12
-0.97	1.5150771373052e-11
-0.95	4.29531949882353e-11
-0.93	8.59421372158006e-11
-0.91	1.45058429739368e-10
-0.89	2.21302565937973e-10
-0.87	3.15738963559867e-10
-0.85	4.29500574194623e-10
-0.83	5.63793871511543e-10
-0.81	7.19904253544175e-10
-0.79	8.99201897994994e-10
-0.77	1.10314811365992e-09
-0.75	1.33330223568489e-09
-0.73	1.59132911752996e-09
-0.71	1.87900727830318e-09
-0.69	2.19823777061972e-09
-0.67	2.5510538414379e-09
-0.65	2.93963146653156e-09
-0.63	3.3663008485049e-09
-0.61	3.83355897868706e-09
-0.59	4.3440833750266e-09
-0.57	4.90074712143636e-09
-0.55	5.50663534914085e-09
-0.53	6.16506331771378e-09
-0.51	6.87959627296511e-09
-0.49	7.65407128099996e-09
-0.47	8.49262126303787e-09
-0.45	9.39970148443273e-09
-0.429999999999999	1.03801187843372e-08
-0.409999999999999	1.14390638702737e-08
-0.389999999999999	1.25821470452856e-08
-0.369999999999999	1.38154377852749e-08
-0.349999999999999	1.51455086416592e-08
-0.329999999999999	1.65794840109069e-08
-0.309999999999999	1.81250943893488e-08
-0.289999999999999	1.97907368207426e-08
-0.269999999999999	2.15855423475536e-08
-0.249999999999999	2.35194513974023e-08
-0.229999999999999	2.5603298176731e-08
-0.209999999999999	2.78489053081997e-08
-0.189999999999999	3.02691901411451e-08
-0.169999999999999	3.2878284391082e-08
-0.149999999999999	3.56916690313171e-08
-0.129999999999999	3.87263266753215e-08
-0.109999999999999	4.20009140624139e-08
-0.0899999999999994	4.55359577035634e-08
-0.0699999999999994	4.93540762735302e-08
-0.0499999999999994	5.34802339683579e-08
-0.0299999999999994	5.79420298059941e-08
-0.00999999999999938	6.27700287605903e-08
0.0100000000000006	6.79981417228093e-08
0.0300000000000006	7.36640626130589e-08
0.0500000000000006	7.98097725970989e-08
0.0700000000000006	8.64821233335407e-08
0.0900000000000006	9.37335136087426e-08
0.110000000000001	1.0162267669917e-07
0.130000000000001	1.10215599488802e-07
0.150000000000001	1.19586598945647e-07
0.170000000000001	1.29819587267683e-07
0.190000000000001	1.41009564158388e-07
0.210000000000001	1.53264383696294e-07
0.230000000000001	1.66706854663676e-07
0.250000000000001	1.81477247715156e-07
0.270000000000001	1.97736301357893e-07
0.290000000000001	2.15668842672722e-07
0.310000000000001	2.35488169780551e-07
0.330000000000001	2.57441383641868e-07
0.350000000000001	2.81815910162896e-07
0.370000000000001	3.08947524346165e-07
0.390000000000001	3.39230282783618e-07
0.410000000000001	3.73128898234883e-07
0.430000000000001	4.11194263365974e-07
0.450000000000001	4.54083068757297e-07
0.470000000000001	5.02582790562622e-07
0.490000000000001	5.57643786529703e-07
0.510000000000001	6.2042089679219e-07
0.530000000000001	6.92327891343707e-07
0.550000000000001	7.75109483993417e-07
0.570000000000001	8.70937670363614e-07
0.590000000000001	9.8254220951822e-07
0.610000000000001	1.11338975026289e-06
0.630000000000001	1.26793339686981e-06
0.650000000000001	1.4519661099181e-06
0.670000000000001	1.67313021404818e-06
0.690000000000001	1.94166678001101e-06
0.710000000000001	2.27154268969788e-06
0.730000000000001	2.6821888646334e-06
0.750000000000001	3.20125858605114e-06
0.770000000000001	3.86914972347984e-06
0.790000000000001	4.74670395543658e-06
0.810000000000001	5.92890675278235e-06
0.830000000000001	7.57057745101069e-06
0.850000000000001	9.93769368973942e-06
0.870000000000001	1.35182717563166e-05
0.890000000000001	1.92869208318669e-05
0.910000000000001	2.94243155168186e-05
0.930000000000001	4.96641698991068e-05
0.950000000000001	9.93696679299337e-05
0.970000000000001	0.000281717953053089
0.990000000000001	0.00258720307209748
