# Program settings for SigmaNu
# Electroweak scheme and input parameters
# Scheme = Complex mass scheme
# alpha_GF = 0.00755898078237864
# Pole masses/widths for particles [GeV]
# mw = 80.35797361
# gw = 2.084298894
# mz = 91.15348062
# gz = 2.494266379
# s^2_thetaw (derived) = (0.222868505240788,-0.00110716741475141)
# charged leptons
# m_e = 0.0005109989461
# m_m = 0.10565837
# m_t = 1.77686
# quarks
# m_d = 0.05
# m_u = 0.05
# m_s = 0.2
# m_c = 1.51
# m_b = 4.92
# m_t = 173
# Ecms (default) = 2.85347e-07

# channel_id = 6
# process  = nu_e nu_mu~ -> nu_e nu_mu~
-0.99	8.58084696117221e-21
-0.97	7.72276226505512e-20
-0.95	2.14521174029308e-19
-0.93	4.20461501097446e-19
-0.91	6.9504860385496e-19
-0.89	1.03828248230186e-18
-0.87	1.45016313643813e-18
-0.85	1.93069056626378e-18
-0.83	2.47986477177881e-18
-0.81	3.09768575298322e-18
-0.79	3.78415350987701e-18
-0.77	4.53926804246017e-18
-0.75	5.36302935073272e-18
-0.73	6.25543743469465e-18
-0.71	7.21649229434595e-18
-0.69	8.24619392968663e-18
-0.67	9.34454234071669e-18
-0.65	1.05115375274361e-17
-0.63	1.17471794898449e-17
-0.61	1.30514682279431e-17
-0.59	1.44244037417307e-17
-0.57	1.58659860312077e-17
-0.55	1.7376215096374e-17
-0.53	1.89550909372297e-17
-0.51	2.06026135537748e-17
-0.49	2.23187829460093e-17
-0.47	2.41035991139331e-17
-0.45	2.59570620575464e-17
-0.429999999999999	2.7879171776849e-17
-0.409999999999999	2.9869928271841e-17
-0.389999999999999	3.19293315425223e-17
-0.369999999999999	3.40573815888931e-17
-0.349999999999999	3.62540784109532e-17
-0.329999999999999	3.85194220087027e-17
-0.309999999999999	4.08534123821416e-17
-0.289999999999999	4.32560495312698e-17
-0.269999999999999	4.57273334560875e-17
-0.249999999999999	4.82672641565945e-17
-0.229999999999999	5.08758416327909e-17
-0.209999999999999	5.35530658846766e-17
-0.189999999999999	5.62989369122518e-17
-0.169999999999999	5.91134547155163e-17
-0.149999999999999	6.19966192944702e-17
-0.129999999999999	6.49484306491135e-17
-0.109999999999999	6.79688887794462e-17
-0.0899999999999994	7.10579936854683e-17
-0.0699999999999994	7.42157453671797e-17
-0.0499999999999994	7.74421438245805e-17
-0.0299999999999994	8.07371890576706e-17
-0.00999999999999938	8.41008810664502e-17
0.0100000000000006	8.75332198509191e-17
0.0300000000000006	9.10342054110774e-17
0.0500000000000006	9.46038377469251e-17
0.0700000000000006	9.82421168584622e-17
0.0900000000000006	1.01949042745689e-16
0.110000000000001	1.05724615408604e-16
0.130000000000001	1.0956883484721e-16
0.150000000000001	1.13481701061504e-16
0.170000000000001	1.17463214051488e-16
0.190000000000001	1.21513373817162e-16
0.210000000000001	1.25632180358524e-16
0.230000000000001	1.29819633675576e-16
0.250000000000001	1.34075733768318e-16
0.270000000000001	1.38400480636749e-16
0.290000000000001	1.42793874280869e-16
0.310000000000001	1.47255914700679e-16
0.330000000000001	1.51786601896178e-16
0.350000000000001	1.56385935867366e-16
0.370000000000001	1.61053916614244e-16
0.390000000000001	1.65790544136811e-16
0.410000000000001	1.70595818435067e-16
0.430000000000001	1.75469739509013e-16
0.450000000000001	1.80412307358649e-16
0.470000000000001	1.85423521983973e-16
0.490000000000001	1.90503383384987e-16
0.510000000000001	1.95651891561691e-16
0.530000000000001	2.00869046514083e-16
0.550000000000001	2.06154848242166e-16
0.570000000000001	2.11509296745937e-16
0.590000000000001	2.16932392025398e-16
0.610000000000001	2.22424134080548e-16
0.630000000000001	2.27984522911388e-16
0.650000000000001	2.33613558517917e-16
0.670000000000001	2.39311240900136e-16
0.690000000000001	2.45077570058043e-16
0.710000000000001	2.50912545991641e-16
0.730000000000001	2.56816168700927e-16
0.750000000000001	2.62788438185903e-16
0.770000000000001	2.68829354446568e-16
0.790000000000001	2.74938917482923e-16
0.810000000000001	2.81117127294967e-16
0.830000000000001	2.87363983882701e-16
0.850000000000001	2.93679487246124e-16
0.870000000000001	3.00063637385236e-16
0.890000000000001	3.06516434300038e-16
0.910000000000001	3.13037877990528e-16
0.930000000000001	3.19627968456709e-16
0.950000000000001	3.26286705698579e-16
0.970000000000001	3.33014089716138e-16
0.990000000000001	3.39810120509386e-16
