# Program settings for SigmaNu
# Electroweak scheme and input parameters
# Scheme = Complex mass scheme
# alpha_GF = 0.00755898078237864
# Pole masses/widths for particles [GeV]
# mw = 80.35797361
# gw = 2.084298894
# mz = 91.15348062
# gz = 2.494266379
# s^2_thetaw (derived) = (0.222868505240788,-0.00110716741475141)
# charged leptons
# m_e = 0.0005109989461
# m_m = 0.10565837
# m_t = 1.77686
# quarks
# m_d = 0.05
# m_u = 0.05
# m_s = 0.2
# m_c = 1.51
# m_b = 4.92
# m_t = 173
# Ecms (default) = 3423340

# channel_id = 6
# process  = nu_e nu_mu~ -> nu_e nu_mu~
-0.99	6.27560191905326e-13
-0.97	5.76330491467317e-12
-0.95	1.63392578296623e-11
-0.93	3.26921137954993e-11
-0.91	5.51797621723889e-11
-0.89	8.41827874384831e-11
-0.87	1.20106090697348e-10
-0.85	1.63380643106402e-10
-0.83	2.14465383386841e-10
-0.81	2.73849272835372e-10
-0.79	3.42053522663382e-10
-0.77	4.19634010058489e-10
-0.75	5.07183901118077e-10
-0.73	6.05336500768465e-10
-0.71	7.14768351984629e-10
-0.69	8.36202609095446e-10
-0.67	9.70412712734795e-10
-0.65	1.11822639712112e-09
-0.63	1.28053006386551e-09
-0.61	1.45827356047615e-09
-0.59	1.65247540620949e-09
-0.57	1.86422851298881e-09
-0.55	2.0947064548561e-09
-0.53	2.34517034594084e-09
-0.51	2.61697639433671e-09
-0.49	2.9115842077077e-09
-0.47	3.23056593605648e-09
-0.45	3.57561634806282e-09
-0.429999999999999	3.9485639499544e-09
-0.409999999999999	4.3513832702582e-09
-0.389999999999999	4.78620845029475e-09
-0.369999999999999	5.25534829927044e-09
-0.349999999999999	5.76130299470794e-09
-0.329999999999999	6.30678263422133e-09
-0.309999999999999	6.89472787387283e-09
-0.289999999999999	7.52833292223299e-09
-0.269999999999999	8.21107119863204e-09
-0.249999999999999	8.94672400992336e-09
-0.229999999999999	9.73941265356429e-09
-0.209999999999999	1.05936344173789e-08
-0.189999999999999	1.15143030197162e-08
-0.169999999999999	1.25067941199342e-08
-0.149999999999999	1.3576996630738e-08
-0.129999999999999	1.47313706839469e-08
-0.109999999999999	1.59770132434966e-08
-0.0899999999999994	1.73217325284772e-08
-0.0699999999999994	1.87741326103914e-08
-0.0499999999999994	2.0343709789535e-08
-0.0299999999999994	2.20409626440275e-08
-0.00999999999999938	2.38775179922407e-08
0.0100000000000006	2.58662754284846e-08
0.0300000000000006	2.80215735994838e-08
0.0500000000000006	3.03593820063819e-08
0.0700000000000006	3.28975228702253e-08
0.0900000000000006	3.56559285217143e-08
0.110000000000001	3.86569409113269e-08
0.130000000000001	4.19256612386423e-08
0.150000000000001	4.54903594405648e-08
0.170000000000001	4.93829554487972e-08
0.190000000000001	5.36395868466789e-08
0.210000000000001	5.83012809807197e-08
0.230000000000001	6.34147539189181e-08
0.250000000000001	6.90333641696846e-08
0.270000000000001	7.52182561471003e-08
0.290000000000001	8.20397374816659e-08
0.310000000000001	8.95789460965158e-08
0.330000000000001	9.79298784069135e-08
0.350000000000001	1.07201870308595e-07
0.370000000000001	1.1752264953901e-07
0.390000000000001	1.29042113965972e-07
0.410000000000001	1.41937038837703e-07
0.430000000000001	1.56416981963458e-07
0.450000000000001	1.72731746341115e-07
0.470000000000001	1.9118088538286e-07
0.490000000000001	2.12125912138957e-07
0.510000000000001	2.36006124106178e-07
0.530000000000001	2.63359314873153e-07
0.550000000000001	2.94849167999238e-07
0.570000000000001	3.31301903681384e-07
0.590000000000001	3.73755913549336e-07
0.610000000000001	4.23529899738821e-07
0.630000000000001	4.82317808897369e-07
0.650000000000001	5.52323264737269e-07
0.670000000000001	6.36453383161245e-07
0.690000000000001	7.38603834806043e-07
0.710000000000001	8.64087576989483e-07
0.730000000000001	1.02029607029403e-06
0.750000000000001	1.21774853474381e-06
0.770000000000001	1.47181219117147e-06
0.790000000000001	1.80563102028869e-06
0.810000000000001	2.25533719282192e-06
0.830000000000001	2.87982349144349e-06
0.850000000000001	3.78026696475415e-06
0.870000000000001	5.14230745870656e-06
0.890000000000001	7.33668321496889e-06
0.910000000000001	1.11929159486198e-05
0.930000000000001	1.88920923979638e-05
0.950000000000001	3.77999068836767e-05
0.970000000000001	0.000107164623477051
0.990000000000001	0.000984164216226673
