# Program settings for SigmaNu
# Electroweak scheme and input parameters
# Scheme = Complex mass scheme
# alpha_GF = 0.00755898078237864
# Pole masses/widths for particles [GeV]
# mw = 80.35797361
# gw = 2.084298894
# mz = 91.15348062
# gz = 2.494266379
# s^2_thetaw (derived) = (0.222868505240788,-0.00110716741475141)
# charged leptons
# m_e = 0.0005109989461
# m_m = 0.10565837
# m_t = 1.77686
# quarks
# m_d = 0.05
# m_u = 0.05
# m_s = 0.2
# m_c = 1.51
# m_b = 4.92
# m_t = 173
# Ecms (default) = 1.78659e-09

# channel_id = 6
# process  = nu_e nu_mu~ -> nu_e nu_mu~
-0.99	3.36382452139405e-25
-0.97	3.02744206925462e-24
-0.95	8.40956130348506e-24
-0.93	1.64827401548308e-23
-0.91	2.72469786232916e-23
-0.89	4.07022767088677e-23
-0.87	5.6848634411559e-23
-0.85	7.56860517313655e-23
-0.83	9.72145286682872e-23
-0.81	1.21434065222324e-22
-0.79	1.48344661393476e-22
-0.77	1.77946317181744e-22
-0.75	2.10239032587126e-22
-0.73	2.45222807609624e-22
-0.71	2.82897642249238e-22
-0.69	3.23263536505966e-22
-0.67	3.66320490379809e-22
-0.65	4.12068503870768e-22
-0.63	4.60507576978842e-22
-0.61	5.11637709704031e-22
-0.59	5.65458902046336e-22
-0.57	6.21971154005755e-22
-0.55	6.8117446558229e-22
-0.53	7.4306883677594e-22
-0.51	8.07654267586705e-22
-0.49	8.74930758014586e-22
-0.47	9.44898308059581e-22
-0.45	1.01755691772169e-21
-0.429999999999999	1.09290658700092e-21
-0.409999999999999	1.17094731589726e-21
-0.389999999999999	1.25167910441072e-21
-0.369999999999999	1.33510195254129e-21
-0.349999999999999	1.42121586028897e-21
-0.329999999999999	1.51002082765378e-21
-0.309999999999999	1.60151685463569e-21
-0.289999999999999	1.69570394123473e-21
-0.269999999999999	1.79258208745088e-21
-0.249999999999999	1.89215129328414e-21
-0.229999999999999	1.99441155873452e-21
-0.209999999999999	2.09936288380201e-21
-0.189999999999999	2.20700526848662e-21
-0.169999999999999	2.31733871278834e-21
-0.149999999999999	2.43036321670718e-21
-0.129999999999999	2.54607878024313e-21
-0.109999999999999	2.6644854033962e-21
-0.0899999999999994	2.78558308616639e-21
-0.0699999999999994	2.90937182855369e-21
-0.0499999999999994	3.0358516305581e-21
-0.0299999999999994	3.16502249217963e-21
-0.00999999999999938	3.29688441341828e-21
0.0100000000000006	3.43143739427404e-21
0.0300000000000006	3.56868143474692e-21
0.0500000000000006	3.70861653483691e-21
0.0700000000000006	3.85124269454401e-21
0.0900000000000006	3.99655991386823e-21
0.110000000000001	4.14456819280957e-21
0.130000000000001	4.29526753136802e-21
0.150000000000001	4.44865792954359e-21
0.170000000000001	4.60473938733627e-21
0.190000000000001	4.76351190474607e-21
0.210000000000001	4.92497548177299e-21
0.230000000000001	5.08913011841701e-21
0.250000000000001	5.25597581467816e-21
0.270000000000001	5.42551257055641e-21
0.290000000000001	5.59774038605179e-21
0.310000000000001	5.77265926116428e-21
0.330000000000001	5.95026919589388e-21
0.350000000000001	6.1305701902406e-21
0.370000000000001	6.31356224420444e-21
0.390000000000001	6.49924535778539e-21
0.410000000000001	6.68761953098345e-21
0.430000000000001	6.87868476379863e-21
0.450000000000001	7.07244105623093e-21
0.470000000000001	7.26888840828034e-21
0.490000000000001	7.46802681994686e-21
0.510000000000001	7.66985629123051e-21
0.530000000000001	7.87437682213126e-21
0.550000000000001	8.08158841264913e-21
0.570000000000001	8.29149106278412e-21
0.590000000000001	8.50408477253622e-21
0.610000000000001	8.71936954190544e-21
0.630000000000001	8.93734537089177e-21
0.650000000000001	9.15801225949522e-21
0.670000000000001	9.38137020771578e-21
0.690000000000001	9.60741921555347e-21
0.710000000000001	9.83615928300826e-21
0.730000000000001	1.00675904100802e-20
0.750000000000001	1.03017125967692e-20
0.770000000000001	1.05385258430753e-20
0.790000000000001	1.07780301489986e-20
0.810000000000001	1.10202255145389e-20
0.830000000000001	1.12651119396964e-20
0.850000000000001	1.1512689424471e-20
0.870000000000001	1.17629579688627e-20
0.890000000000001	1.20159175728716e-20
0.910000000000001	1.22715682364975e-20
0.930000000000001	1.25299099597406e-20
0.950000000000001	1.27909427426008e-20
0.970000000000001	1.30546665850781e-20
0.990000000000001	1.33210814871725e-20
