# Program settings for SigmaNu
# Electroweak scheme and input parameters
# Scheme = Complex mass scheme
# alpha_GF = 0.00755898078237864
# Pole masses/widths for particles [GeV]
# mw = 80.35797361
# gw = 2.084298894
# mz = 91.15348062
# gz = 2.494266379
# s^2_thetaw (derived) = (0.222868505240788,-0.00110716741475141)
# charged leptons
# m_e = 0.0005109989461
# m_m = 0.10565837
# m_t = 1.77686
# quarks
# m_d = 0.05
# m_u = 0.05
# m_s = 0.2
# m_c = 1.51
# m_b = 4.92
# m_t = 173
# Ecms (default) = 1.54108

# channel_id = 6
# process  = nu_e nu_mu~ -> nu_e nu_mu~
-0.99	2.50142276346076e-07
-0.97	2.2512933434429e-06
-0.95	6.25362833300328e-06
-0.93	1.22571815294497e-05
-0.91	2.02619872177922e-05
-0.89	3.02680796836275e-05
-0.87	4.22754932131402e-05
-0.85	5.62842620931018e-05
-0.83	7.22944206108707e-05
-0.81	9.03060030543935e-05
-0.79	0.000110319043712203
-0.77	0.000132333576873421
-0.75	0.000156349636827754
-0.73	0.000182367257865498
-0.71	0.000210386474277535
-0.69	0.000240407320355336
-0.67	0.000272429830390958
-0.65	0.000306454038677046
-0.63	0.000342479979506831
-0.61	0.000380507687174133
-0.59	0.000420537195973359
-0.57	0.000462568540199503
-0.55	0.000506601754148146
-0.53	0.000552636872115459
-0.51	0.000600673928398197
-0.49	0.000650712957293704
-0.47	0.000702753993099912
-0.45	0.00075679707011534
-0.429999999999999	0.000812842222639095
-0.409999999999999	0.000870889484970869
-0.389999999999999	0.000930938891410945
-0.369999999999999	0.000992990476260191
-0.349999999999999	0.00105704427382007
-0.329999999999999	0.00112310031839261
-0.309999999999999	0.00119115864428046
-0.289999999999999	0.00126121928578683
-0.269999999999999	0.00133328227721552
-0.249999999999999	0.00140734765287094
-0.229999999999999	0.00148341544705807
-0.209999999999999	0.00156148569408247
-0.189999999999999	0.0016415584282503
-0.169999999999999	0.00172363368386831
-0.149999999999999	0.00180771149524382
-0.129999999999999	0.00189379189668477
-0.109999999999999	0.00198187492249965
-0.0899999999999994	0.00207196060699756
-0.0699999999999994	0.00216404898448819
-0.0499999999999994	0.00225814008928181
-0.0299999999999994	0.00235423395568926
-0.00999999999999938	0.00245233061802201
0.0100000000000006	0.00255243011059209
0.0300000000000006	0.00265453246771211
0.0500000000000006	0.00275863772369528
0.0700000000000006	0.00286474591285541
0.0900000000000006	0.00297285706950688
0.110000000000001	0.00308297122796466
0.130000000000001	0.00319508842254431
0.150000000000001	0.00330920868756198
0.170000000000001	0.0034253320573344
0.190000000000001	0.00354345856617891
0.210000000000001	0.00366358824841341
0.230000000000001	0.0037857211383564
0.250000000000001	0.00390985727032697
0.270000000000001	0.00403599667864479
0.290000000000001	0.00416413939763014
0.310000000000001	0.00429428546160385
0.330000000000001	0.00442643490488737
0.350000000000001	0.00456058776180273
0.370000000000001	0.00469674406667255
0.390000000000001	0.00483490385382001
0.410000000000001	0.00497506715756892
0.430000000000001	0.00511723401224366
0.450000000000001	0.00526140445216919
0.470000000000001	0.00540757851167106
0.490000000000001	0.00555575622507542
0.510000000000001	0.00570593762670901
0.530000000000001	0.00585812275089913
0.550000000000001	0.0060123116319737
0.570000000000001	0.00616850430426121
0.590000000000001	0.00632670080209075
0.610000000000001	0.00648690115979198
0.630000000000001	0.00664910541169517
0.650000000000001	0.00681331359213115
0.670000000000001	0.00697952573543138
0.690000000000001	0.00714774187592786
0.710000000000001	0.00731796204795322
0.730000000000001	0.00749018628584066
0.750000000000001	0.00766441462392395
0.770000000000001	0.00784064709653748
0.790000000000001	0.00801888373801622
0.810000000000001	0.00819912458269571
0.830000000000001	0.00838136966491209
0.850000000000001	0.00856561901900209
0.870000000000001	0.00875187267930304
0.890000000000001	0.00894013068015283
0.910000000000001	0.00913039305588996
0.930000000000001	0.00932265984085351
0.950000000000001	0.00951693106938316
0.970000000000001	0.00971320677581915
0.990000000000001	0.00991148699450234
