# Program settings for SigmaNu
# Electroweak scheme and input parameters
# Scheme = Complex mass scheme
# alpha_GF = 0.00755898078237864
# Pole masses/widths for particles [GeV]
# mw = 80.35797361
# gw = 2.084298894
# mz = 91.15348062
# gz = 2.494266379
# s^2_thetaw (derived) = (0.222868505240788,-0.00110716741475141)
# charged leptons
# m_e = 0.0005109989461
# m_m = 0.10565837
# m_t = 1.77686
# quarks
# m_d = 0.05
# m_u = 0.05
# m_s = 0.2
# m_c = 1.51
# m_b = 4.92
# m_t = 173
# Ecms (default) = 2.98613e-05

# channel_id = 6
# process  = nu_e nu_mu~ -> nu_e nu_mu~
-0.99	9.39725378751696e-17
-0.97	8.45752840876539e-16
-0.95	2.34931344687928e-15
-0.93	4.60465435588339e-15
-0.91	7.61177556788889e-15
-0.89	1.13706770828958e-14
-0.87	1.5881358900904e-14
-0.85	2.11438210219137e-14
-0.83	2.71580634459248e-14
-0.81	3.39240861729372e-14
-0.79	4.14418892029512e-14
-0.77	4.97114725359665e-14
-0.75	5.87328361719832e-14
-0.73	6.85059801110014e-14
-0.71	7.9030904353021e-14
-0.69	9.03076088980419e-14
-0.67	1.02336093746064e-13
-0.65	1.15116358897088e-13
-0.63	1.28648404351114e-13
-0.61	1.4293223010814e-13
-0.59	1.57967836168169e-13
-0.57	1.73755222531198e-13
-0.55	1.9029438919723e-13
-0.53	2.07585336166262e-13
-0.51	2.25628063438296e-13
-0.49	2.44422571013332e-13
-0.47	2.63968858891369e-13
-0.45	2.84266927072408e-13
-0.429999999999999	3.05316775556448e-13
-0.409999999999999	3.27118404343489e-13
-0.389999999999999	3.49671813433533e-13
-0.369999999999999	3.72977002826577e-13
-0.349999999999999	3.97033972522623e-13
-0.329999999999999	4.21842722521671e-13
-0.309999999999999	4.4740325282372e-13
-0.289999999999999	4.73715563428771e-13
-0.269999999999999	5.00779654336824e-13
-0.249999999999999	5.28595525547877e-13
-0.229999999999999	5.57163177061933e-13
-0.209999999999999	5.86482608878989e-13
-0.189999999999999	6.16553820999047e-13
-0.169999999999999	6.47376813422108e-13
-0.149999999999999	6.78951586148169e-13
-0.129999999999999	7.11278139177232e-13
-0.109999999999999	7.44356472509297e-13
-0.0899999999999994	7.78186586144364e-13
-0.0699999999999994	8.12768480082431e-13
-0.0499999999999994	8.48102154323501e-13
-0.0299999999999994	8.84187608867572e-13
-0.00999999999999938	9.21024843714644e-13
0.0100000000000006	9.58613858864718e-13
0.0300000000000006	9.96954654317795e-13
0.0500000000000006	1.03604723007387e-12
0.0700000000000006	1.07589158613295e-12
0.0900000000000006	1.11648772249503e-12
0.110000000000001	1.15783563916011e-12
0.130000000000001	1.1999353361282e-12
0.150000000000001	1.24278681339928e-12
0.170000000000001	1.28639007097337e-12
0.190000000000001	1.33074510885046e-12
0.210000000000001	1.37585192703055e-12
0.230000000000001	1.42171052551364e-12
0.250000000000001	1.46832090429974e-12
0.270000000000001	1.51568306338883e-12
0.290000000000001	1.56379700278093e-12
0.310000000000001	1.61266272247603e-12
0.330000000000001	1.66228022247413e-12
0.350000000000001	1.71264950277523e-12
0.370000000000001	1.76377056337934e-12
0.390000000000001	1.81564340428644e-12
0.410000000000001	1.86826802549655e-12
0.430000000000001	1.92164442700966e-12
0.450000000000001	1.97577260882577e-12
0.470000000000001	2.03065257094488e-12
0.490000000000001	2.086284313367e-12
0.510000000000001	2.14266783609211e-12
0.530000000000001	2.19980313912023e-12
0.550000000000001	2.25769022245135e-12
0.570000000000001	2.31632908608547e-12
0.590000000000001	2.37571973002259e-12
0.610000000000001	2.43586215426272e-12
0.630000000000001	2.49675635880584e-12
0.650000000000001	2.55840234365197e-12
0.670000000000001	2.6208001088011e-12
0.690000000000001	2.68394965425323e-12
0.710000000000001	2.74785098000837e-12
0.730000000000001	2.8125040860665e-12
0.750000000000001	2.87790897242764e-12
0.770000000000001	2.94406563909178e-12
0.790000000000001	3.01097408605892e-12
0.810000000000001	3.07863431332906e-12
0.830000000000001	3.1470463209022e-12
0.850000000000001	3.21621010877835e-12
0.870000000000001	3.2861256769575e-12
0.890000000000001	3.35679302543965e-12
0.910000000000001	3.4282121542248e-12
0.930000000000001	3.50038306331295e-12
0.950000000000001	3.57330575270411e-12
0.970000000000001	3.64698022239826e-12
0.990000000000001	3.72140647239542e-12
