# Program settings for SigmaNu
# Electroweak scheme and input parameters
# Scheme = Complex mass scheme
# alpha_GF = 0.00755898078237864
# Pole masses/widths for particles [GeV]
# mw = 80.35797361
# gw = 2.084298894
# mz = 91.15348062
# gz = 2.494266379
# s^2_thetaw (derived) = (0.222868505240788,-0.00110716741475141)
# charged leptons
# m_e = 0.0005109989461
# m_m = 0.10565837
# m_t = 1.77686
# quarks
# m_d = 0.05
# m_u = 0.05
# m_s = 0.2
# m_c = 1.51
# m_b = 4.92
# m_t = 173
# Ecms (default) = 637.239

# channel_id = 6
# process  = nu_e nu_mu~ -> nu_e nu_mu~
-0.99	1.73888031754392e-05
-0.97	0.000159627690351856
-0.95	0.000452363629425561
-0.93	0.00090471826659949
-0.91	0.00152637537418173
-0.89	0.00232761980375169
-0.87	0.00331937950993842
-0.85	0.00451327091887681
-0.83	0.00592164794288321
-0.81	0.00755765497343789
-0.79	0.00943528421855507
-0.77	0.0115694377884932
-0.75	0.0139759949759986
-0.73	0.0166718852244422
-0.71	0.0196751673299347
-0.69	0.0230051154825225
-0.67	0.0266823128176968
-0.65	0.0307287532236491
-0.63	0.035167952233063
-0.61	0.0400250679220021
-0.59	0.0453270328440716
-0.57	0.0511026981471624
-0.55	0.0573829911546426
-0.53	0.0642010878450655
-0.51	0.0715926018368669
-0.49	0.0795957916801237
-0.47	0.0882517884796799
-0.45	0.0976048461268632
-0.429999999999999	0.107702616705299
-0.409999999999999	0.118596453965487
-0.389999999999999	0.130341748139259
-0.369999999999999	0.142998295796559
-0.349999999999999	0.156630708942048
-0.329999999999999	0.171308868118293
-0.309999999999999	0.187108424938163
-0.289999999999999	0.204111360226161
-0.269999999999999	0.222406604824093
-0.249999999999999	0.242090731131522
-0.229999999999999	0.263268724630414
-0.209999999999999	0.286054846015853
-0.189999999999999	0.310573596156017
-0.169999999999999	0.336960797977243
-0.149999999999999	0.365364811565359
-0.129999999999999	0.395947901354326
-0.109999999999999	0.428887777312996
-0.0899999999999994	0.464379335631678
-0.0699999999999994	0.502636628663996
-0.0499999999999994	0.543895098932764
-0.0299999999999994	0.588414118029126
-0.00999999999999938	0.636479878429144
0.0100000000000006	0.688408694877282
0.0300000000000006	0.744550782360151
0.0500000000000006	0.805294590213067
0.0700000000000006	0.871071787063237
0.0900000000000006	0.942363009741373
0.110000000000001	1.01970451177713
0.130000000000001	1.10369587463394
0.150000000000001	1.19500897871158
0.170000000000001	1.29439847298466
0.190000000000001	1.40271403405805
0.210000000000001	1.52091477013021
0.230000000000001	1.65008620641291
0.250000000000001	1.79146039060709
0.270000000000001	1.94643978620503
0.290000000000001	2.11662578580077
0.310000000000001	2.30385288709014
0.330000000000001	2.51022984541305
0.350000000000001	2.73818946829387
0.370000000000001	2.99054917645075
0.390000000000001	3.27058505931701
0.410000000000001	3.58212295283681
0.430000000000001	3.92965113547135
0.450000000000001	4.31846067732927
0.470000000000001	4.75482143348116
0.490000000000001	5.24620435746482
0.510000000000001	5.80156453432913
0.530000000000001	6.4317045528884
0.550000000000001	7.14974524256416
0.570000000000001	7.97174143952177
0.590000000000001	8.91749594062938
0.610000000000001	10.0116477001508
0.630000000000001	11.2851447009072
0.650000000000001	12.7772644426497
0.670000000000001	14.5384267234414
0.690000000000001	16.6341732519765
0.710000000000001	19.1508996844448
0.730000000000001	22.2042773831264
0.750000000000001	25.9519047999809
0.770000000000001	30.6127935083422
0.790000000000001	36.4982436620655
0.810000000000001	44.0623776768307
0.830000000000001	53.9880058233613
0.850000000000001	67.339062763113
0.870000000000001	85.8456692915227
0.890000000000001	112.471735744689
0.910000000000001	152.636100928584
0.930000000000001	217.110511588766
0.950000000000001	329.844190236792
0.970000000000001	553.225131020401
0.990000000000001	1094.75807788833
