# Program settings for SigmaNu
# Electroweak scheme and input parameters
# Scheme = Complex mass scheme
# alpha_GF = 0.00755898078237864
# Pole masses/widths for particles [GeV]
# mw = 80.35797361
# gw = 2.084298894
# mz = 91.15348062
# gz = 2.494266379
# s^2_thetaw (derived) = (0.222868505240788,-0.00110716741475141)
# charged leptons
# m_e = 0.0005109989461
# m_m = 0.10565837
# m_t = 1.77686
# quarks
# m_d = 0.05
# m_u = 0.05
# m_s = 0.2
# m_c = 1.51
# m_b = 4.92
# m_t = 173
# Ecms (default) = 659246

# channel_id = 6
# process  = nu_e nu_mu~ -> nu_e nu_mu~
-0.99	1.69223406634071e-11
-0.97	1.5540917084056e-10
-0.95	4.40592775860178e-10
-0.93	8.81552229019261e-10
-0.91	1.48793811940923e-09
-0.89	2.27001301646455e-09
-0.87	3.23869519437422e-09
-0.85	4.40560591377983e-09
-0.83	5.78312058867193e-09
-0.81	7.38442420036764e-09
-0.79	9.22357135834632e-09
-0.77	1.13155514500382e-08
-0.75	1.3676359368975e-08
-0.73	1.63230723636725e-08
-0.71	1.92739336089733e-08
-0.69	2.25484431681847e-08
-0.67	2.61674570891809e-08
-0.65	3.01532954618389e-08
-0.63	3.45298603590181e-08
-0.61	3.93227646902946e-08
-0.59	4.45594731185236e-08
-0.57	5.0269456326039e-08
-0.55	5.64843600722062e-08
-0.53	6.32381906598072e-08
-0.51	7.0567518627475e-08
-0.49	7.85117027127247e-08
-0.47	8.71131363893013e-08
-0.45	9.64175195785101e-08
-0.429999999999999	1.06474158472728e-07
-0.409999999999999	1.17336296797216e-07
-0.389999999999999	1.29061482281656e-07
-0.369999999999999	1.4171197262499e-07
-0.349999999999999	1.55355185827271e-07
-0.329999999999999	1.70064200443542e-07
-0.309999999999999	1.85918312102984e-07
-0.289999999999999	2.03003653550272e-07
-0.269999999999999	2.21413886527598e-07
-0.249999999999999	2.4125097505173e-07
-0.229999999999999	2.62626051082689e-07
-0.209999999999999	2.85660385267545e-07
-0.189999999999999	3.10486477420747e-07
-0.169999999999999	3.37249283727208e-07
-0.149999999999999	3.66107600394026e-07
-0.129999999999999	3.97235626713802e-07
-0.109999999999999	4.30824734337803e-07
-0.0899999999999994	4.67085474114219e-07
-0.0699999999999994	5.06249857277154e-07
-0.0499999999999994	5.4857395426295e-07
-0.0299999999999994	5.94340862213371e-07
-0.00999999999999938	6.43864101588066e-07
0.0100000000000006	6.97491513610106e-07
0.0300000000000006	7.55609743958075e-07
0.0500000000000006	8.18649414761186e-07
0.0700000000000006	8.87091107264562e-07
0.0900000000000006	9.61472302416356e-07
0.110000000000001	1.04239545724254e-06
0.130000000000001	1.13053743269995e-06
0.150000000000001	1.22666053564136e-06
0.170000000000001	1.33162549605848e-06
0.190000000000001	1.44640677410792e-06
0.210000000000001	1.57211068378728e-06
0.230000000000001	1.70999693707023e-06
0.250000000000001	1.86150436120439e-06
0.270000000000001	2.02828173257213e-06
0.290000000000001	2.21222491626011e-06
0.310000000000001	2.41552181923521e-06
0.330000000000001	2.64070708131011e-06
0.350000000000001	2.89072897568588e-06
0.370000000000001	3.16903171672317e-06
0.390000000000001	3.47965734254702e-06
0.410000000000001	3.82737264735271e-06
0.430000000000001	4.21782841624035e-06
0.450000000000001	4.6577606570366e-06
0.470000000000001	5.15524691133624e-06
0.490000000000001	5.72003547959519e-06
0.510000000000001	6.36397214145595e-06
0.530000000000001	7.10155865096821e-06
0.550000000000001	7.9506914200615e-06
0.570000000000001	8.93364970596809e-06
0.590000000000001	1.00784340270561e-05
0.610000000000001	1.1420603551534e-05
0.630000000000001	1.30058360187532e-05
0.650000000000001	1.48935527494687e-05
0.670000000000001	1.71621449231014e-05
0.690000000000001	1.99166603659944e-05
0.710000000000001	2.33003644233204e-05
0.730000000000001	2.75125698406707e-05
0.750000000000001	3.28369302352242e-05
0.770000000000001	3.96878268575728e-05
0.790000000000001	4.86893433460115e-05
0.810000000000001	6.08157932906705e-05
0.830000000000001	7.76552360955294e-05
0.850000000000001	0.000101935937244045
0.870000000000001	0.00013866372287939
0.890000000000001	0.00019783564315612
0.910000000000001	0.000301819954765902
0.930000000000001	0.000509430175854297
0.950000000000001	0.00101928387298573
0.970000000000001	0.00288971783856809
0.990000000000001	0.0265380760742834
