# Program settings for SigmaNu
# Electroweak scheme and input parameters
# Scheme = Complex mass scheme
# alpha_GF = 0.00755898078237864
# Pole masses/widths for particles [GeV]
# mw = 80.35797361
# gw = 2.084298894
# mz = 91.15348062
# gz = 2.494266379
# s^2_thetaw (derived) = (0.222868505240788,-0.00110716741475141)
# charged leptons
# m_e = 0.0005109989461
# m_m = 0.10565837
# m_t = 1.77686
# quarks
# m_d = 0.05
# m_u = 0.05
# m_s = 0.2
# m_c = 1.51
# m_b = 4.92
# m_t = 173
# Ecms (default) = 190417

# channel_id = 6
# process  = nu_e nu_mu~ -> nu_e nu_mu~
-0.99	2.02835431248948e-10
-0.97	1.86277339993152e-09
-0.95	5.28105577711624e-09
-0.93	1.05665065933433e-08
-0.91	1.78348002080935e-08
-0.89	2.72089463277159e-08
-0.87	3.88198140968583e-08
-0.85	5.28066988283878e-08
-0.83	6.93179353022332e-08
-0.81	8.85115619707608e-08
-0.79	1.10556040862507e-07
-0.77	1.35631038483318e-07
-0.75	1.63928273581071e-07
-0.73	1.95652438274955e-07
-0.71	2.31022199761758e-07
-0.69	2.70271290609987e-07
-0.67	3.13649696549637e-07
-0.65	3.61424951674609e-07
-0.63	4.13883552111659e-07
-0.61	4.71332500492196e-07
-0.59	5.34100995012007e-07
-0.57	6.02542278502891e-07
-0.55	6.77035664796943e-07
-0.53	7.57988761770985e-07
-0.51	8.45839912852706e-07
-0.49	9.41060881494969e-07
-0.47	1.04415980623116e-06
-0.45	1.1556844574718e-06
-0.429999999999999	1.27622583126038e-06
-0.409999999999999	1.40642211985599e-06
-0.389999999999999	1.54696310434789e-06
-0.369999999999999	1.69859502064619e-06
-0.349999999999999	1.86212595726556e-06
-0.329999999999999	2.03843185148627e-06
-0.309999999999999	2.22846315992359e-06
-0.289999999999999	2.43325229048917e-06
-0.269999999999999	2.6539218954512e-06
-0.249999999999999	2.89169414011429e-06
-0.229999999999999	3.14790107892644e-06
-0.209999999999999	3.42399629104065e-06
-0.189999999999999	3.7215679510659e-06
-0.169999999999999	4.04235353860838e-06
-0.149999999999999	4.38825642304176e-06
-0.129999999999999	4.76136459874557e-06
-0.109999999999999	5.16397189202163e-06
-0.0899999999999994	5.59860201551931e-06
-0.0699999999999994	6.06803591109074e-06
-0.0499999999999994	6.57534289979844e-06
-0.0299999999999994	7.12391625108654e-06
-0.00999999999999938	7.71751389535148e-06
0.0100000000000006	8.36030513960978e-06
0.0300000000000006	9.05692441004688e-06
0.0500000000000006	9.81253324471857e-06
0.0700000000000006	1.06328920031235e-05
0.0900000000000006	1.15244430576373e-05
0.110000000000001	1.2494407598746e-05
0.130000000000001	1.35508986393921e-05
0.150000000000001	1.47030533664175e-05
0.170000000000001	1.59611886886649e-05
0.190000000000001	1.73369847103584e-05
0.210000000000001	1.88437019654543e-05
0.230000000000001	2.04964396503392e-05
0.250000000000001	2.23124438769405e-05
0.270000000000001	2.43114772540327e-05
0.290000000000001	2.65162640500858e-05
0.310000000000001	2.89530290116176e-05
0.330000000000001	3.1652152900697e-05
0.350000000000001	3.46489743789289e-05
0.370000000000001	3.79847765656023e-05
0.390000000000001	4.17080082237207e-05
0.410000000000001	4.58758051967314e-05
0.430000000000001	5.05558990297216e-05
0.450000000000001	5.58290289746783e-05
0.470000000000001	6.17920141858764e-05
0.490000000000001	6.8561699876938e-05
0.510000000000001	7.62800720740135e-05
0.530000000000001	8.51209518471734e-05
0.550000000000001	9.52988493108883e-05
0.570000000000001	0.000107080808223315
0.590000000000001	0.000120802448484451
0.610000000000001	0.000136889989408293
0.630000000000001	0.000155890933390932
0.650000000000001	0.000178517515907089
0.670000000000001	0.000205709348543449
0.690000000000001	0.000238725554087406
0.710000000000001	0.000279283336940881
0.730000000000001	0.000329771694741874
0.750000000000001	0.000393590547915273
0.770000000000001	0.000475706737557774
0.790000000000001	0.000583600626516694
0.810000000000001	0.000728950478290148
0.830000000000001	0.000930790983437357
0.850000000000001	0.00122182345356369
0.870000000000001	0.00166204821736068
0.890000000000001	0.00237129066522981
0.910000000000001	0.00361765764323655
0.930000000000001	0.00610608750305104
0.950000000000001	0.0122171927266293
0.970000000000001	0.0346359294210118
0.990000000000001	0.318065465586317
