# Program settings for SigmaNu
# Electroweak scheme and input parameters
# Scheme = Complex mass scheme
# alpha_GF = 0.00755898078237864
# Pole masses/widths for particles [GeV]
# mw = 80.35797361
# gw = 2.084298894
# mz = 91.15348062
# gz = 2.494266379
# s^2_thetaw (derived) = (0.222868505240788,-0.00110716741475141)
# charged leptons
# m_e = 0.0005109989461
# m_m = 0.10565837
# m_t = 1.77686
# quarks
# m_d = 0.05
# m_u = 0.05
# m_s = 0.2
# m_c = 1.51
# m_b = 4.92
# m_t = 173
# Ecms (default) = 336945

# channel_id = 6
# process  = nu_e nu_mu~ -> nu_e nu_mu~
-0.99	6.47794655754227e-11
-0.97	5.94913151892329e-10
-0.95	1.68660855260432e-09
-0.93	3.37462075818126e-09
-0.91	5.69589264647654e-09
-0.89	8.68970978277476e-09
-0.87	1.23978677987355e-08
-0.85	1.68648533887833e-08
-0.83	2.21380401792041e-08
-0.81	2.82679008552526e-08
-0.79	3.53082370766312e-08
-0.77	4.33164288737017e-08
-0.75	5.23537053979047e-08
-0.73	6.24854391026066e-08
-0.71	7.37814656578123e-08
-0.69	8.6316432157157e-08
-0.67	1.00170176462068e-07
-0.65	1.15428140850292e-07
-0.63	1.32181823499054e-07
-0.61	1.50529271742706e-07
-0.59	1.70575621507406e-07
-0.57	1.92433687848774e-07
-0.55	2.16224612111479e-07
-0.53	2.42078571902549e-07
-0.51	2.70135560834761e-07
-0.49	3.00546245866758e-07
-0.47	3.33472911058604e-07
-0.45	3.69090497694419e-07
-0.429999999999999	4.07587752019645e-07
-0.409999999999999	4.49168493325467e-07
-0.389999999999999	4.94053016817555e-07
-0.369999999999999	5.42479647666862e-07
-0.349999999999999	5.94706464899197e-07
-0.329999999999999	6.51013216388483e-07
-0.309999999999999	7.11703449235819e-07
-0.289999999999999	7.77106883314268e-07
-0.269999999999999	8.47582059822755e-07
-0.249999999999999	9.23519301423609e-07
-0.229999999999999	1.00534402605911e-06
-0.209999999999999	1.09352046300008e-06
-0.189999999999999	1.18855582725092e-06
-0.169999999999999	1.29100501733514e-06
-0.149999999999999	1.40147591197286e-06
-0.129999999999999	1.52063535355351e-06
-0.109999999999999	1.64921592098832e-06
-0.0899999999999994	1.78802361197215e-06
-0.0699999999999994	1.93794657547133e-06
-0.0499999999999994	2.09996506010219e-06
-0.0299999999999994	2.27516277385844e-06
-0.00999999999999938	2.46473988648664e-06
0.0100000000000006	2.67002794907167e-06
0.0300000000000006	2.89250705779832e-06
0.0500000000000006	3.13382565256557e-06
0.0700000000000006	3.39582341887981e-06
0.0900000000000006	3.68055785671263e-06
0.110000000000001	3.99033519720067e-06
0.130000000000001	4.32774649286018e-06
0.150000000000001	4.69570988668879e-06
0.170000000000001	5.09752028959069e-06
0.190000000000001	5.53690797630694e-06
0.210000000000001	6.01810796359739e-06
0.230000000000001	6.54594248207942e-06
0.250000000000001	7.12591942310413e-06
0.270000000000001	7.76435037204306e-06
0.290000000000001	8.46849278008366e-06
0.310000000000001	9.24672204682585e-06
0.330000000000001	1.01087408795296e-05
0.350000000000001	1.10658353911135e-05
0.370000000000001	1.21311901776417e-05
0.390000000000001	1.33202783290539e-05
0.410000000000001	1.46513473311461e-05
0.430000000000001	1.61460286229096e-05
0.450000000000001	1.78301079199904e-05
0.470000000000001	1.97345063835617e-05
0.490000000000001	2.18965409070276e-05
0.510000000000001	2.43615576182587e-05
0.530000000000001	2.71850698212054e-05
0.550000000000001	3.04355857050417e-05
0.570000000000001	3.4198391163917e-05
0.590000000000001	3.85806733042787e-05
0.610000000000001	4.37185540390123e-05
0.630000000000001	4.97868895631411e-05
0.650000000000001	5.70131470291159e-05
0.670000000000001	6.56974109302154e-05
0.690000000000001	7.62418084080265e-05
0.710000000000001	8.91947646886199e-05
0.730000000000001	0.00010531925650486
0.750000000000001	0.000125701120494788
0.770000000000001	0.000151926623316575
0.790000000000001	0.000186384779649561
0.810000000000001	0.000232805296270715
0.830000000000001	0.000297267319014014
0.850000000000001	0.000390214738365618
0.870000000000001	0.000530810014651584
0.890000000000001	0.000757322151011979
0.910000000000001	0.00115537743274441
0.930000000000001	0.0019501153430769
0.950000000000001	0.00390184711741017
0.970000000000001	0.0110618886496672
0.990000000000001	0.10158673836405
