# Program settings for SigmaNu
# Electroweak scheme and input parameters
# Scheme = Complex mass scheme
# alpha_GF = 0.00755898078237864
# Pole masses/widths for particles [GeV]
# mw = 80.35797361
# gw = 2.084298894
# mz = 91.15348062
# gz = 2.494266379
# s^2_thetaw (derived) = (0.222868505240788,-0.00110716741475141)
# charged leptons
# m_e = 0.0005109989461
# m_m = 0.10565837
# m_t = 1.77686
# quarks
# m_d = 0.05
# m_u = 0.05
# m_s = 0.2
# m_c = 1.51
# m_b = 4.92
# m_t = 173
# Ecms (default) = 365354

# channel_id = 6
# process  = nu_e nu_mu~ -> nu_e nu_mu~
-0.99	5.50969641344553e-11
-0.97	5.05992266362269e-10
-0.95	1.43451339322067e-09
-0.93	2.87022063791991e-09
-0.91	4.84453507539771e-09
-0.89	7.39087030966532e-09
-0.87	1.0544774834846e-08
-0.85	1.43440859782787e-08
-0.83	1.88290964933248e-08
-0.81	2.40427349801228e-08
-0.79	3.00307614359114e-08
-0.77	3.68419793743261e-08
-0.75	4.45284661071197e-08
-0.73	5.3145822954196e-08
-0.71	6.27534473411034e-08
-0.69	7.34148289599993e-08
-0.67	8.51978724137547e-08
-0.65	9.81752490369958e-08
-0.63	1.1242478089669e-07
-0.61	1.28029860323242e-07
-0.59	1.45079908716608e-07
-0.57	1.63670878817084e-07
-0.55	1.83905805134842e-07
-0.53	2.05895407804484e-07
-0.51	2.29758755781262e-07
-0.49	2.5562399603573e-07
-0.47	2.83629156247448e-07
-0.45	3.13923029461908e-07
-0.429999999999999	3.46666150277087e-07
-0.409999999999999	3.82031873389013e-07
-0.389999999999999	4.20207566775654e-07
-0.369999999999999	4.61395933465865e-07
-0.349999999999999	5.0581647776156e-07
-0.329999999999999	5.53707133999558e-07
-0.309999999999999	6.05326078505821e-07
-0.289999999999999	6.60953748369766e-07
-0.269999999999999	7.20895094122476e-07
-0.249999999999999	7.85482097426561e-07
-0.229999999999999	8.55076589581131e-07
-0.209999999999999	9.30073412137746e-07
-0.189999999999999	1.01090396736291e-06
-0.169999999999999	1.09804021385215e-06
-0.149999999999999	1.19199917152044e-06
-0.129999999999999	1.29334801073358e-06
-0.109999999999999	1.40270981283188e-06
-0.0899999999999994	1.52077010413502e-06
-0.0699999999999994	1.64828428319711e-06
-0.0499999999999994	1.78608608221504e-06
-0.0299999999999994	1.9350972288333e-06
-0.00999999999999938	2.09633850507269e-06
0.0100000000000006	2.27094243690624e-06
0.0300000000000006	2.46016789257765e-06
0.0500000000000006	2.66541692194457e-06
0.0700000000000006	2.88825423525823e-06
0.0900000000000006	3.13042980081169e-06
0.110000000000001	3.39390514056453e-06
0.130000000000001	3.68088402600433e-06
0.150000000000001	3.99384842934608e-06
0.170000000000001	4.33560077574366e-06
0.190000000000001	4.70931378097039e-06
0.210000000000001	5.11858945974378e-06
0.230000000000001	5.56752927061732e-06
0.250000000000001	6.06081784814429e-06
0.270000000000001	6.6038233939001e-06
0.290000000000001	7.20271859806611e-06
0.310000000000001	7.8646270010913e-06
0.330000000000001	8.59780106031936e-06
0.350000000000001	9.41183996939555e-06
0.370000000000001	1.03179576415857e-05
0.390000000000001	1.13293144261793e-05
0.410000000000001	1.24614303834237e-05
0.430000000000001	1.37327037322367e-05
0.450000000000001	1.51650660345736e-05
0.470000000000001	1.67848167104674e-05
0.490000000000001	1.8623694951588e-05
0.510000000000001	2.07202690663887e-05
0.530000000000001	2.31217548668643e-05
0.550000000000001	2.5886420724374e-05
0.570000000000001	2.90868049772066e-05
0.590000000000001	3.28140736352899e-05
0.610000000000001	3.71840026741272e-05
0.630000000000001	4.23453127984876e-05
0.650000000000001	4.84914719933842e-05
0.670000000000001	5.58777115859154e-05
0.690000000000001	6.48460534005131e-05
0.710000000000001	7.58629504089588e-05
0.730000000000001	8.95773384293091e-05
0.750000000000001	0.000106912755854559
0.770000000000001	0.00012921837267421
0.790000000000001	0.000158526121545814
0.810000000000001	0.00019800823635899
0.830000000000001	0.000252835223694594
0.850000000000001	0.000331889944635347
0.870000000000001	0.00045147068257507
0.890000000000001	0.000644126448132084
0.910000000000001	0.000982685145015555
0.930000000000001	0.0016586351702859
0.950000000000001	0.00331864599657887
0.970000000000001	0.00940849623126266
0.990000000000001	0.0864030784746324
