# Program settings for SigmaNu
# Electroweak scheme and input parameters
# Scheme = Complex mass scheme
# alpha_GF = 0.00755898078237864
# Pole masses/widths for particles [GeV]
# mw = 80.35797361
# gw = 2.084298894
# mz = 91.15348062
# gz = 2.494266379
# s^2_thetaw (derived) = (0.222868505240788,-0.00110716741475141)
# charged leptons
# m_e = 0.0005109989461
# m_m = 0.10565837
# m_t = 1.77686
# quarks
# m_d = 0.05
# m_u = 0.05
# m_s = 0.2
# m_c = 1.51
# m_b = 4.92
# m_t = 173
# Ecms (default) = 834317

# channel_id = 6
# process  = nu_e nu_mu~ -> nu_e nu_mu~
-0.99	1.05655780096251e-11
-0.97	9.70307684278173e-11
-0.95	2.75087083861428e-10
-0.93	5.50403105262054e-10
-0.91	9.29004243344011e-10
-0.89	1.4172980028999e-09
-0.87	2.02210128243375e-09
-0.85	2.75066989481013e-09
-0.83	3.61073051365326e-09
-0.81	4.61051527144015e-09
-0.79	5.75879925889111e-09
-0.77	7.06494120168268e-09
-0.75	8.53892762004861e-09
-0.73	1.01914208099017e-08
-0.71	1.20338110211691e-08
-0.69	1.40782732506208e-08
-0.67	1.63378291131944e-08
-0.65	1.88264143083887e-08
-0.63	2.15589522575158e-08
-0.61	2.45514345544054e-08
-0.59	2.78210089476177e-08
-0.57	3.13860756575936e-08
-0.55	3.52663929288862e-08
-0.53	3.94831928273588e-08
-0.51	4.40593084169403e-08
-0.49	4.90193135924662e-08
-0.47	5.43896770069473e-08
-0.45	6.01989317163853e-08
-0.429999999999999	6.64778623766212e-08
-0.409999999999999	7.32597120688988e-08
-0.389999999999999	8.05804111088616e-08
-0.369999999999999	8.84788305134609e-08
-0.349999999999999	9.69970631687076e-08
-0.329999999999999	1.06180736166586e-07
-0.309999999999999	1.16079358271568e-07
-0.289999999999999	1.26746707047651e-07
-0.269999999999999	1.3824126083961e-07
-0.249999999999999	1.50626681573785e-07
-0.229999999999999	1.63972355244213e-07
-0.209999999999999	1.78353998003125e-07
-0.189999999999999	1.93854337009762e-07
-0.169999999999999	2.10563876642973e-07
-0.149999999999999	2.28581762393586e-07
-0.129999999999999	2.48016756773641e-07
-0.109999999999999	2.6898834397413e-07
-0.0899999999999994	2.91627982848134e-07
-0.0699999999999994	3.16080531186713e-07
-0.0499999999999994	3.42505868307578e-07
-0.0299999999999994	3.71080747835927e-07
-0.00999999999999938	4.02000918402587e-07
0.0100000000000006	4.35483557040698e-07
0.0300000000000006	4.71770068609442e-07
0.0500000000000006	5.11129314964458e-07
0.0700000000000006	5.53861350275715e-07
0.0900000000000006	6.00301754430421e-07
0.110000000000001	6.50826675572733e-07
0.130000000000001	7.05858716448147e-07
0.150000000000001	7.65873828529755e-07
0.170000000000001	8.31409414448509e-07
0.190000000000001	9.03073885039441e-07
0.210000000000001	9.81557974982613e-07
0.230000000000001	1.06764819403106e-06
0.250000000000001	1.1622428837815e-06
0.270000000000001	1.26637146900613e-06
0.290000000000001	1.38121764599688e-06
0.310000000000001	1.50814744938829e-06
0.330000000000001	1.64874339883622e-06
0.350000000000001	1.80484626882955e-06
0.370000000000001	1.97860647811093e-06
0.390000000000001	2.17254770077905e-06
0.410000000000001	2.38964611734395e-06
0.430000000000001	2.63342983408798e-06
0.450000000000001	2.9081045235344e-06
0.470000000000001	3.21871345400574e-06
0.490000000000001	3.57134304357206e-06
0.510000000000001	3.97338928581899e-06
0.530000000000001	4.43390645017988e-06
0.550000000000001	4.96406828404597e-06
0.570000000000001	5.57778499439041e-06
0.590000000000001	6.29253889692029e-06
0.610000000000001	7.13053160239238e-06
0.630000000000001	8.12028232115963e-06
0.650000000000001	9.29889116339331e-06
0.670000000000001	1.0715302201474e-05
0.690000000000001	1.24351027695291e-05
0.710000000000001	1.45477415740777e-05
0.730000000000001	1.71776609046125e-05
0.750000000000001	2.05019618594973e-05
0.770000000000001	2.47793662447067e-05
0.790000000000001	3.03995250147154e-05
0.810000000000001	3.79707576442827e-05
0.830000000000001	4.84845801147168e-05
0.850000000000001	6.36444041088513e-05
0.870000000000001	8.65756524420278e-05
0.890000000000001	0.000123520054236347
0.910000000000001	0.000188443390438126
0.930000000000001	0.000318066306645112
0.950000000000001	0.000636397146239279
0.970000000000001	0.0018042166064077
0.990000000000001	0.0165692749003869
