# Program settings for SigmaNu
# Electroweak scheme and input parameters
# Scheme = Complex mass scheme
# alpha_GF = 0.00755898078237864
# Pole masses/widths for particles [GeV]
# mw = 80.35797361
# gw = 2.084298894
# mz = 91.15348062
# gz = 2.494266379
# s^2_thetaw (derived) = (0.222868505240788,-0.00110716741475141)
# charged leptons
# m_e = 0.0005109989461
# m_m = 0.10565837
# m_t = 1.77686
# quarks
# m_d = 0.05
# m_u = 0.05
# m_s = 0.2
# m_c = 1.51
# m_b = 4.92
# m_t = 173
# Ecms (default) = 111880

# channel_id = 6
# process  = nu_e nu_mu~ -> nu_e nu_mu~
-0.99	5.87556942423988e-10
-0.97	5.3959282500376e-09
-0.95	1.52977263905938e-08
-0.93	3.06081836848494e-08
-0.91	5.16623759026068e-08
-0.89	7.88166272206633e-08
-0.87	1.12450028365444e-07
-0.85	1.52966078267066e-07
-0.83	2.00794460610141e-07
-0.81	2.56392967846143e-07
-0.79	3.20249586547839e-07
-0.77	3.92884759455624e-07
-0.75	4.74853841208339e-07
-0.73	5.66749766590034e-07
-0.71	6.69205952185064e-07
-0.69	7.82899454646492e-07
-0.67	9.0855441138122e-07
-0.65	1.04694579237849e-06
-0.63	1.19890349520162e-06
-0.61	1.36531681887771e-06
-0.59	1.54713935661673e-06
-0.57	1.74539435203862e-06
-0.55	1.96118056896584e-06
-0.53	2.19567873094126e-06
-0.51	2.45015859356605e-06
-0.49	2.72598672064591e-06
-0.47	3.02463504413175e-06
-0.45	3.34769029811721e-06
-0.429999999999999	3.69686442890875e-06
-0.409999999999999	4.07400609665333e-06
-0.389999999999999	4.48111339946972e-06
-0.369999999999999	4.92034796881189e-06
-0.349999999999999	5.39405060528222e-06
-0.329999999999999	5.90475864776845e-06
-0.309999999999999	6.45522529614487e-06
-0.289999999999999	7.04844113950317e-06
-0.269999999999999	7.68765817873456e-06
-0.249999999999999	8.37641667519606e-06
-0.229999999999999	9.11857520726855e-06
-0.209999999999999	9.9183443751852e-06
-0.189999999999999	1.07803246631819e-05
-0.169999999999999	1.17095490487413e-05
-0.149999999999999	1.27115310438231e-05
-0.129999999999999	1.37923189653678e-05
-0.109999999999999	1.49585573655219e-05
-0.0899999999999994	1.62175567102565e-05
-0.0699999999999994	1.75773725835951e-05
-0.0499999999999994	1.90468959200364e-05
-0.0299999999999994	2.06359560379847e-05
-0.00999999999999938	2.23554385720834e-05
0.0100000000000006	2.42174207947393e-05
0.0300000000000006	2.6235327292432e-05
0.0500000000000006	2.84241095402597e-05
0.0700000000000006	3.08004536233647e-05
0.0900000000000006	3.33830212178845e-05
0.110000000000001	3.61927300070107e-05
0.130000000000001	3.92530810210269e-05
0.150000000000001	4.25905420200841e-05
0.170000000000001	4.62349980707291e-05
0.190000000000001	5.02202830135644e-05
0.210000000000001	5.45848087262595e-05
0.230000000000001	5.93723131463937e-05
0.250000000000001	6.46327531882943e-05
0.270000000000001	7.04233753090598e-05
0.290000000000001	7.68100050113354e-05
0.310000000000001	8.38686076375543e-05
0.330000000000001	9.16871872639098e-05
0.350000000000001	0.000100368109515277
0.370000000000001	0.000110030959324485
0.390000000000001	0.000120816078336317
0.410000000000001	0.000132888972045062
0.430000000000001	0.000146445838485482
0.450000000000001	0.000161720555070917
0.470000000000001	0.000178993577796168
0.490000000000001	0.000198603372033545
0.510000000000001	0.000220961228384262
0.530000000000001	0.000246570653779087
0.550000000000001	0.000276053018744269
0.570000000000001	0.000310181867477675
0.590000000000001	0.000349929387890567
0.610000000000001	0.000396530206020294
0.630000000000001	0.000451570266794772
0.650000000000001	0.000517112694670347
0.670000000000001	0.000595879250162693
0.690000000000001	0.000691517215042967
0.710000000000001	0.000809000785059218
0.730000000000001	0.000955250121199171
0.750000000000001	0.00114011369354764
0.770000000000001	0.00137797881706593
0.790000000000001	0.00169051362642471
0.810000000000001	0.00211154612698608
0.830000000000001	0.00269621330782857
0.850000000000001	0.00353923944459445
0.870000000000001	0.00481442396883903
0.890000000000001	0.00686885659323571
0.910000000000001	0.0104791389106606
0.930000000000001	0.0176871866550931
0.950000000000001	0.0353885563106019
0.970000000000001	0.100324776252819
0.990000000000001	0.921186447255654
