# Program settings for SigmaNu
# Electroweak scheme and input parameters
# Scheme = Complex mass scheme
# alpha_GF = 0.00755898078237864
# Pole masses/widths for particles [GeV]
# mw = 80.35797361
# gw = 2.084298894
# mz = 91.15348062
# gz = 2.494266379
# s^2_thetaw (derived) = (0.222868505240788,-0.00110716741475141)
# charged leptons
# m_e = 0.0005109989461
# m_m = 0.10565837
# m_t = 1.77686
# quarks
# m_d = 0.05
# m_u = 0.05
# m_s = 0.2
# m_c = 1.51
# m_b = 4.92
# m_t = 173
# Ecms (default) = 2534510

# channel_id = 6
# process  = nu_e nu_mu~ -> nu_e nu_mu~
-0.99	1.1448996898336e-12
-0.97	1.05143794878284e-11
-0.95	2.98087919886142e-11
-0.93	5.96423919583975e-11
-0.91	1.00668100698588e-10
-0.89	1.53580243719785e-10
-0.87	2.19117508965414e-10
-0.85	2.98066145707536e-10
-0.83	3.91263426300081e-10
-0.81	4.99601395273076e-10
-0.79	6.24030932815232e-10
-0.77	7.6556616255531e-10
-0.75	9.25289236753753e-10
-0.73	1.10435553559929e-09
-0.71	1.30399932132104e-09
-0.69	1.52553989233304e-09
-0.67	1.77038828769135e-09
-0.65	2.04005459783993e-09
-0.63	2.33615594403887e-09
-0.61	2.66042519610707e-09
-0.59	3.01472050628911e-09
-0.57	3.40103574630658e-09
-0.55	3.82151194513491e-09
-0.53	4.27844983693817e-09
-0.51	4.77432364210729e-09
-0.49	5.31179621972841e-09
-0.47	5.8937357473415e-09
-0.45	6.52323410387305e-09
-0.429999999999999	7.20362715452963e-09
-0.409999999999999	7.93851716268468e-09
-0.389999999999999	8.73179758391871e-09
-0.369999999999999	9.58768053202285e-09
-0.349999999999999	1.05107272467018e-08
-0.329999999999999	1.15058819388078e-08
-0.309999999999999	1.2578509442264e-08
-0.289999999999999	1.37344371636531e-08
-0.269999999999999	1.49800018922682e-08
-0.249999999999999	1.63221021170336e-08
-0.229999999999999	1.77682565942853e-08
-0.209999999999999	1.93266700245255e-08
-0.189999999999999	2.10063068300866e-08
-0.169999999999999	2.28169741829249e-08
-0.149999999999999	2.47694156171231e-08
-0.129999999999999	2.68754167796843e-08
-0.109999999999999	2.91479251326841e-08
-0.0899999999999994	3.16011857281544e-08
-0.0699999999999994	3.42508955444742e-08
-0.0499999999999994	3.71143793121921e-08
-0.0299999999999994	4.02107902837727e-08
-0.00999999999999938	4.35613400352101e-08
0.0100000000000006	4.71895621520664e-08
0.0300000000000006	5.11216155786766e-08
0.0500000000000006	5.5386634535267e-08
0.0700000000000006	6.00171332818733e-08
0.0900000000000006	6.50494756915352e-08
0.110000000000001	7.05244216664811e-08
0.130000000000001	7.64877649900935e-08
0.150000000000001	8.29910803834342e-08
0.170000000000001	9.00926014951745e-08
0.190000000000001	9.78582565156144e-08
0.210000000000001	1.06362894354331e-07
0.230000000000001	1.15691742232832e-07
0.250000000000001	1.25942145617239e-07
0.270000000000001	1.37225654317798e-07
0.290000000000001	1.49670535208232e-07
0.310000000000001	1.63424813583435e-07
0.330000000000001	1.78659973338335e-07
0.350000000000001	1.95575483199463e-07
0.370000000000001	2.14404365350013e-07
0.390000000000001	2.35420088412388e-07
0.410000000000001	2.58945155196658e-07
0.430000000000001	2.85361875913181e-07
0.450000000000001	3.15125982739034e-07
0.470000000000001	3.48783970831589e-07
0.490000000000001	3.86995372425097e-07
0.510000000000001	4.30561627078144e-07
0.530000000000001	4.80463867301738e-07
0.550000000000001	5.37912895029087e-07
0.570000000000001	6.04416038560087e-07
0.590000000000001	6.81867704609497e-07
0.610000000000001	7.72673688936378e-07
0.630000000000001	8.79924370745727e-07
0.650000000000001	1.00763996690842e-06
0.670000000000001	1.1611241217456e-06
0.690000000000001	1.34748396552688e-06
0.710000000000001	1.57641227858568e-06
0.730000000000001	1.86139379256845e-06
0.750000000000001	2.22161941803624e-06
0.770000000000001	2.6851245948228e-06
0.790000000000001	3.29413242133808e-06
0.810000000000001	4.11456121197459e-06
0.830000000000001	5.25385297408569e-06
0.850000000000001	6.8965917036944e-06
0.870000000000001	9.3814524749655e-06
0.890000000000001	1.33847976288381e-05
0.910000000000001	2.04199785859125e-05
0.930000000000001	3.4466096334251e-05
0.950000000000001	6.89608745939665e-05
0.970000000000001	0.000195507516801193
0.990000000000001	0.00179547565051608
