# Program settings for SigmaNu
# Electroweak scheme and input parameters
# Scheme = Complex mass scheme
# alpha_GF = 0.00755898078237864
# Pole masses/widths for particles [GeV]
# mw = 80.35797361
# gw = 2.084298894
# mz = 91.15348062
# gz = 2.494266379
# s^2_thetaw (derived) = (0.222868505240788,-0.00110716741475141)
# charged leptons
# m_e = 0.0005109989461
# m_m = 0.10565837
# m_t = 1.77686
# quarks
# m_d = 0.05
# m_u = 0.05
# m_s = 0.2
# m_c = 1.51
# m_b = 4.92
# m_t = 173
# Ecms (default) = 524460

# channel_id = 6
# process  = nu_e nu_mu~ -> nu_e nu_mu~
-0.99	2.67381090010697e-11
-0.97	2.45553935558448e-10
-0.95	6.96157694432962e-10
-0.93	1.39289475623717e-09
-0.91	2.35101351389861e-09
-0.89	3.58672931858299e-09
-0.87	5.11729356635667e-09
-0.85	6.96106840553209e-09
-0.83	9.13760758281226e-09
-0.81	1.16677440000269e-08
-0.79	1.45736846131265e-08
-0.77	1.78791133719654e-08
-0.75	2.16093029741635e-08
-0.73	2.57912362900176e-08
-0.71	3.04537384092211e-08
-0.69	3.56276203653923e-08
-0.67	4.13458357126583e-08
-0.65	4.76436512615704e-08
-0.63	5.45588334314948e-08
-0.61	6.21318518456755e-08
-0.59	7.0406101986143e-08
-0.57	7.94281489416878e-08
-0.55	8.92479945268792e-08
-0.53	9.9919370327823e-08
-0.51	1.11500059545949e-07
-0.49	1.2405225087031e-07
-0.47	1.3764292801838e-07
-0.45	1.52344299052947e-07
-0.429999999999999	1.682342701176e-07
-0.409999999999999	1.85396968846223e-07
-0.389999999999999	2.03923323405551e-07
-0.369999999999999	2.23911703939021e-07
-0.349999999999999	2.45468634112621e-07
-0.329999999999999	2.68709581539934e-07
-0.309999999999999	2.93759837108989e-07
-0.289999999999999	3.20755494677241e-07
-0.269999999999999	3.49844544278236e-07
-0.249999999999999	3.81188093936313e-07
-0.229999999999999	4.14961737464479e-07
-0.209999999999999	4.51357088286001e-07
-0.189999999999999	4.90583502445422e-07
-0.169999999999999	5.3287001764807e-07
-0.149999999999999	5.78467539495875e-07
-0.129999999999999	6.27651311202083e-07
-0.109999999999999	6.80723709127363e-07
-0.0899999999999994	7.38017413680097e-07
-0.0699999999999994	7.99899013703943e-07
-0.0499999999999994	8.66773112731715e-07
-0.0299999999999994	9.39087017782131e-07
-0.00999999999999938	1.01733610616966e-06
0.0100000000000006	1.10206998365454e-06
0.0300000000000006	1.19389956889033e-06
0.0500000000000006	1.29350526542305e-06
0.0700000000000006	1.40164641458784e-06
0.0900000000000006	1.51917226196787e-06
0.110000000000001	1.64703471845179e-06
0.130000000000001	1.78630325669144e-06
0.150000000000001	1.93818235793335e-06
0.170000000000001	2.10403201668163e-06
0.190000000000001	2.28539192652908e-06
0.210000000000001	2.48401011642958e-06
0.230000000000001	2.70187699145861e-06
0.250000000000001	2.94126596736993e-06
0.270000000000001	3.20478218956516e-06
0.290000000000001	3.49542121538345e-06
0.310000000000001	3.81664004226125e-06
0.330000000000001	4.17244352206302e-06
0.350000000000001	4.56749006712472e-06
0.370000000000001	5.00722170045132e-06
0.390000000000001	5.49802503508229e-06
0.410000000000001	6.04743183317576e-06
0.430000000000001	6.66437060462341e-06
0.450000000000001	7.35948456290046e-06
0.470000000000001	8.14553660869928e-06
0.490000000000001	9.03792952122632e-06
0.510000000000001	1.00553801965939e-05
0.530000000000001	1.1220802096798e-05
0.550000000000001	1.25624724046797e-05
0.570000000000001	1.41155934069543e-05
0.590000000000001	1.59244072547204e-05
0.610000000000001	1.80450991247313e-05
0.630000000000001	2.05498420163598e-05
0.650000000000001	2.35325244394795e-05
0.670000000000001	2.71170081798666e-05
0.690000000000001	3.1469273788128e-05
0.710000000000001	3.68156873035113e-05
0.730000000000001	4.34711723083582e-05
0.750000000000001	5.18839149464477e-05
0.770000000000001	6.27086571907397e-05
0.790000000000001	7.69314806679366e-05
0.810000000000001	9.60918468045247e-05
0.830000000000001	0.000122698964228588
0.850000000000001	0.000161063620577809
0.870000000000001	0.000219095255681974
0.890000000000001	0.000312589675447429
0.910000000000001	0.00047688976437271
0.930000000000001	0.000804923592626089
0.950000000000001	0.00161051596052494
0.970000000000001	0.00456588598253495
0.990000000000001	0.0419312465772405
