# Program settings for SigmaNu
# Electroweak scheme and input parameters
# Scheme = Complex mass scheme
# alpha_GF = 0.00755898078237864
# Pole masses/widths for particles [GeV]
# mw = 80.35797361
# gw = 2.084298894
# mz = 91.15348062
# gz = 2.494266379
# s^2_thetaw (derived) = (0.222868505240788,-0.00110716741475141)
# charged leptons
# m_e = 0.0005109989461
# m_m = 0.10565837
# m_t = 1.77686
# quarks
# m_d = 0.05
# m_u = 0.05
# m_s = 0.2
# m_c = 1.51
# m_b = 4.92
# m_t = 173
# Ecms (default) = 127142

# channel_id = 6
# process  = nu_e nu_mu~ -> nu_e nu_mu~
-0.99	4.54963892300102e-10
-0.97	4.17823763018744e-09
-0.95	1.18455126345395e-08
-0.93	2.37008832852863e-08
-0.91	4.00038093764765e-08
-0.89	6.10302040201024e-08
-0.87	8.70736091924587e-08
-0.85	1.18446466919361e-07
-0.83	1.55481494916244e-07
-0.81	1.98533176412478e-07
-0.79	2.47979374908029e-07
-0.77	3.04223085748339e-07
-0.75	3.67694337675322e-07
-0.73	4.38852258936296e-07
-0.71	5.18187324128484e-07
-0.69	6.06223799747463e-07
-0.67	7.03522408419979e-07
-0.65	8.10683234065082e-07
-0.63	9.28348892777618e-07
-0.61	1.05720799710464e-06
-0.59	1.19799894463485e-06
-0.57	1.35151406549738e-06
-0.55	1.51860416753074e-06
-0.53	1.70018352260851e-06
-0.51	1.89723534297812e-06
-0.49	2.110817802581e-06
-0.47	2.34207066529026e-06
-0.45	2.59222258995875e-06
-0.429999999999999	2.86259919127178e-06
-0.409999999999999	3.15463194582819e-06
-0.389999999999999	3.4698680448456e-06
-0.369999999999999	3.80998130865514e-06
-0.349999999999999	4.17678429401637e-06
-0.329999999999999	4.57224174360113e-06
-0.309999999999999	4.99848554818561e-06
-0.289999999999999	5.45783141665563e-06
-0.269999999999999	5.95279747746931e-06
-0.249999999999999	6.48612506844866e-06
-0.229999999999999	7.06080201054621e-06
-0.209999999999999	7.68008870658627e-06
-0.189999999999999	8.34754745915626e-06
-0.169999999999999	9.06707546432733e-06
-0.149999999999999	9.8429420115398e-06
-0.129999999999999	1.0679830507018e-05
-0.109999999999999	1.15828860411923e-05
-0.0899999999999994	1.25577693431219e-05
-0.0699999999999994	1.3610718110909e-05
-0.0499999999999994	1.47486168816058e-05
-0.0299999999999994	1.59790768133628e-05
-0.00999999999999938	1.7310527004287e-05
0.0100000000000006	1.87523192763218e-05
0.0300000000000006	2.03148487205087e-05
0.0500000000000006	2.20096927474407e-05
0.0700000000000006	2.38497719327733e-05
0.0900000000000006	2.58495366166865e-05
0.110000000000001	2.80251840392537e-05
0.130000000000001	3.0394911810604e-05
0.150000000000001	3.29792147768344e-05
0.170000000000001	3.5801233916277e-05
0.190000000000001	3.88871678724606e-05
0.210000000000001	4.22667602132721e-05
0.230000000000001	4.5973878649818e-05
0.250000000000001	5.00472064515505e-05
0.270000000000001	5.45310714211068e-05
0.290000000000001	5.94764443992211e-05
0.310000000000001	6.4942147839738e-05
0.330000000000001	7.09963261866353e-05
0.350000000000001	7.771824450735e-05
0.370000000000001	8.52005013516108e-05
0.390000000000001	9.35517678822392e-05
0.410000000000001	0.000102900200470203
0.430000000000001	0.000113397721746727
0.450000000000001	0.000125225430748587
0.470000000000001	0.000138600493873029
0.490000000000001	0.000153784996132408
0.510000000000001	0.000171097413574049
0.530000000000001	0.000190927628474197
0.550000000000001	0.000213756788898457
0.570000000000001	0.000240183876178967
0.590000000000001	0.000270961688280009
0.610000000000001	0.000307046238035536
0.630000000000001	0.000349665576639363
0.650000000000001	0.00040041725197201
0.670000000000001	0.000461408816826423
0.690000000000001	0.000535464487643581
0.710000000000001	0.000626435957337282
0.730000000000001	0.000739681749150101
0.750000000000001	0.000882827881495097
0.770000000000001	0.00106701496547394
0.790000000000001	0.00130902141886495
0.810000000000001	0.00163504150106836
0.830000000000001	0.00208776982576612
0.850000000000001	0.00274055497377898
0.870000000000001	0.0037279765522496
0.890000000000001	0.00531879991155948
0.910000000000001	0.00811437971116941
0.930000000000001	0.0136958602005431
0.950000000000001	0.0274027966602815
0.970000000000001	0.0776861701389293
0.990000000000001	0.713346274775876
