# Program settings for SigmaNu
# Electroweak scheme and input parameters
# Scheme = Complex mass scheme
# alpha_GF = 0.00755898078237864
# Pole masses/widths for particles [GeV]
# mw = 80.35797361
# gw = 2.084298894
# mz = 91.15348062
# gz = 2.494266379
# s^2_thetaw (derived) = (0.222868505240788,-0.00110716741475141)
# charged leptons
# m_e = 0.0005109989461
# m_m = 0.10565837
# m_t = 1.77686
# quarks
# m_d = 0.05
# m_u = 0.05
# m_s = 0.2
# m_c = 1.51
# m_b = 4.92
# m_t = 173
# Ecms (default) = 435780

# channel_id = 6
# process  = nu_e nu_mu~ -> nu_e nu_mu~
-0.99	3.87276219109156e-11
-0.97	3.55661650269877e-10
-0.95	1.00831857496872e-09
-0.93	2.01747630819487e-09
-0.91	3.40522070450994e-09
-0.89	5.19503816598309e-09
-0.87	7.41191570768279e-09
-0.85	1.00824491641956e-08
-0.83	1.32349602876144e-08
-0.81	1.68996235651828e-08
-0.79	2.11086036715059e-08
-0.77	2.58962045670819e-08
-0.75	3.12990313631924e-08
-0.73	3.73561661943925e-08
-0.71	4.41093594756842e-08
-0.69	5.16032380738906e-08
-0.67	5.98855320940149e-08
-0.65	6.90073221740506e-08
-0.63	7.90233093987785e-08
-0.61	8.99921101879389e-08
-0.59	1.01976578790789e-07
-0.57	1.15044160331964e-07
-0.55	1.29267277708087e-07
-0.53	1.44723756036802e-07
-0.51	1.61497288817028e-07
-0.49	1.79677950479476e-07
-0.47	1.99362760599614e-07
-0.45	2.20656305722531e-07
-0.429999999999999	2.43671425523931e-07
-0.409999999999999	2.68529970919223e-07
-0.389999999999999	2.95363642751826e-07
-0.369999999999999	3.24314920863846e-07
-0.349999999999999	3.55538094702847e-07
-0.329999999999999	3.89200408177674e-07
-0.309999999999999	4.25483333280117e-07
-0.289999999999999	4.64583989080294e-07
-0.269999999999999	5.06716725132964e-07
-0.249999999999999	5.52114891160397e-07
-0.229999999999999	6.01032818178034e-07
-0.209999999999999	6.53748040089765e-07
-0.189999999999999	7.10563789306175e-07
-0.169999999999999	7.71811805259572e-07
-0.149999999999999	8.37855500959459e-07
-0.129999999999999	9.09093540140308e-07
-0.109999999999999	9.8596388633075e-07
-0.0899999999999994	1.06894839560221e-06
-0.0699999999999994	1.15857803718274e-06
-0.0499999999999994	1.25543884097672e-06
-0.0299999999999994	1.36017868884253e-06
-0.00999999999999938	1.47351508790812e-06
0.0100000000000006	1.59624409006761e-06
0.0300000000000006	1.72925055313214e-06
0.0500000000000006	1.87351997719606e-06
0.0700000000000006	2.03015219626171e-06
0.0900000000000006	2.20037726211555e-06
0.110000000000001	2.38557392751018e-06
0.130000000000001	2.58729122227098e-06
0.150000000000001	2.80727372337729e-06
0.170000000000001	3.04749125402244e-06
0.190000000000001	3.31017391449647e-06
0.210000000000001	3.59785355911098e-06
0.230000000000001	3.91341310101221e-06
0.250000000000001	4.26014536748197e-06
0.270000000000001	4.64182366474352e-06
0.290000000000001	5.06278677369096e-06
0.310000000000001	5.52804182743929e-06
0.330000000000001	6.04338947428257e-06
0.350000000000001	6.61557698286593e-06
0.370000000000001	7.25248660755318e-06
0.390000000000001	7.96336875175634e-06
0.410000000000001	8.75913245872797e-06
0.430000000000001	9.65270982826447e-06
0.450000000000001	1.06595165455588e-05
0.470000000000001	1.17980384615263e-05
0.490000000000001	1.3090585040479e-05
0.510000000000001	1.45642659303691e-05
0.530000000000001	1.62522691062652e-05
0.550000000000001	1.81955513833612e-05
0.570000000000001	2.04450999318287e-05
0.590000000000001	2.30649953062782e-05
0.610000000000001	2.61366163986571e-05
0.630000000000001	2.97644989417133e-05
0.650000000000001	3.40846315196002e-05
0.670000000000001	3.92764161545921e-05
0.690000000000001	4.55802598905587e-05
0.710000000000001	5.33240324010784e-05
0.730000000000001	6.2963870523256e-05
0.750000000000001	7.51489292101472e-05
0.770000000000001	9.08275398289373e-05
0.790000000000001	0.000111427947602906
0.810000000000001	0.000139179915517556
0.830000000000001	0.000177717792616076
0.850000000000001	0.000233285342573324
0.870000000000001	0.000317338631494025
0.890000000000001	0.000452756368456707
0.910000000000001	0.000690729320886684
0.930000000000001	0.00116585482097628
0.950000000000001	0.00233267757673887
0.970000000000001	0.00661324222557271
0.990000000000001	0.0607331172664903
