# Program settings for SigmaNu
# Electroweak scheme and input parameters
# Scheme = Complex mass scheme
# alpha_GF = 0.00755898078237864
# Pole masses/widths for particles [GeV]
# mw = 80.35797361
# gw = 2.084298894
# mz = 91.15348062
# gz = 2.494266379
# s^2_thetaw (derived) = (0.222868505240788,-0.00110716741475141)
# charged leptons
# m_e = 0.0005109989461
# m_m = 0.10565837
# m_t = 1.77686
# quarks
# m_d = 0.05
# m_u = 0.05
# m_s = 0.2
# m_c = 1.51
# m_b = 4.92
# m_t = 173
# Ecms (default) = 248259

# channel_id = 6
# process  = nu_e nu_mu~ -> nu_e nu_mu~
-0.99	1.19328817218081e-10
-0.97	1.09587632505025e-09
-0.95	3.10686421064145e-09
-0.93	6.21631405115126e-09
-0.91	1.0492277497833e-08
-0.89	1.60071216139202e-08
-0.87	2.2837837199605e-08
-0.85	3.10663722014055e-08
-0.83	4.07799925182084e-08
-0.81	5.20716727558238e-08
-0.79	6.50405197490974e-08
-0.77	7.97922319690357e-08
-0.75	9.64395982660333e-08
-0.73	1.15103039773758e-07
-0.71	1.35911199216805e-07
-0.69	1.59001582334911e-07
-0.67	1.84521256664248e-07
-0.65	2.12627613509995e-07
-0.63	2.43489199613235e-07
-0.61	2.7728662576968e-07
-0.59	3.14213560510046e-07
-0.57	3.54477817916061e-07
-0.55	3.98302549738439e-07
-0.53	4.45927553222564e-07
-0.51	4.97610707456068e-07
-0.49	5.53629552655528e-07
-0.47	6.14283028637088e-07
-0.45	6.7989339080266e-07
-0.429999999999999	7.50808324360574e-07
-0.409999999999999	8.27403280234934e-07
-0.389999999999999	9.10084059258114e-07
-0.369999999999999	9.99289674852203e-07
-0.349999999999999	1.09549552856658e-06
-0.329999999999999	1.19921693764315e-06
-0.309999999999999	1.31101305933886e-06
-0.289999999999999	1.4314912631781e-06
-0.269999999999999	1.56131200979312e-06
-0.249999999999999	1.70119430372544e-06
-0.229999999999999	1.85192179773115e-06
-0.209999999999999	2.01434963802856e-06
-0.189999999999999	2.18941215387364e-06
-0.169999999999999	2.37813151124252e-06
-0.149999999999999	2.58162746971897e-06
-0.129999999999999	2.80112840451125e-06
-0.109999999999999	3.03798378256732e-06
-0.0899999999999994	3.2936783138915e-06
-0.0699999999999994	3.56984803745816e-06
-0.0499999999999994	3.86829864688918e-06
-0.0299999999999994	4.19102641594405e-06
-0.00999999999999938	4.54024214989351e-06
0.0100000000000006	4.91839866854083e-06
0.0300000000000006	5.32822242318713e-06
0.0500000000000006	5.77274996719677e-06
0.0700000000000006	6.2553701430398e-06
0.0900000000000006	6.77987302416316e-06
0.110000000000001	7.35050686591904e-06
0.130000000000001	7.972044586502e-06
0.150000000000001	8.6498616298675e-06
0.170000000000001	9.39002747534697e-06
0.190000000000001	1.01994135758284e-05
0.210000000000001	1.10858211576654e-05
0.230000000000001	1.20581331400978e-05
0.250000000000001	1.3126495481906e-05
0.270000000000001	1.43025346077205e-05
0.290000000000001	1.55996192992974e-05
0.310000000000001	1.70331776847565e-05
0.330000000000001	1.86210828942363e-05
0.350000000000001	2.03841248118647e-05
0.370000000000001	2.23465904724077e-05
0.390000000000001	2.45369824906116e-05
0.410000000000001	2.69889141294653e-05
0.430000000000001	2.97422321509506e-05
0.450000000000001	3.28444358100861e-05
0.470000000000001	3.63524842420702e-05
0.490000000000001	4.0335118005419e-05
0.510000000000001	4.48758681160782e-05
0.530000000000001	5.0076994296607e-05
0.550000000000001	5.60646938286558e-05
0.570000000000001	6.29960697903625e-05
0.590000000000001	7.10685689399442e-05
0.610000000000001	8.05329381209037e-05
0.630000000000001	9.17112756257144e-05
0.650000000000001	0.000105022593061951
0.670000000000001	0.000121019668591547
0.690000000000001	0.000140443250518416
0.710000000000001	0.000164303579055526
0.730000000000001	0.000194006114126036
0.750000000000001	0.000231551047325551
0.770000000000001	0.000279860398942811
0.790000000000001	0.000343334909487542
0.810000000000001	0.00042884497112373
0.830000000000001	0.000547588811002012
0.850000000000001	0.000718804825275547
0.870000000000001	0.000977791625620948
0.890000000000001	0.00139504338918194
0.910000000000001	0.00212828958551
0.930000000000001	0.00359225202913497
0.950000000000001	0.0071874715157709
0.970000000000001	0.0203766948995154
0.990000000000001	0.187126088623326
