# Program settings for SigmaNu
# Electroweak scheme and input parameters
# Scheme = Complex mass scheme
# alpha_GF = 0.00755898078237864
# Pole masses/widths for particles [GeV]
# mw = 80.35797361
# gw = 2.084298894
# mz = 91.15348062
# gz = 2.494266379
# s^2_thetaw (derived) = (0.222868505240788,-0.00110716741475141)
# charged leptons
# m_e = 0.0005109989461
# m_m = 0.10565837
# m_t = 1.77686
# quarks
# m_d = 0.05
# m_u = 0.05
# m_s = 0.2
# m_c = 1.51
# m_b = 4.92
# m_t = 173
# Ecms (default) = 675336

# channel_id = 6
# process  = nu_e nu_mu~ -> nu_e nu_mu~
-0.99	1.61255909380056e-11
-0.97	1.48092085302044e-10
-0.95	4.19848472226347e-10
-0.93	8.40046357605293e-10
-0.91	1.41788195461407e-09
-0.89	2.16313464307659e-09
-0.87	3.0862086352132e-09
-0.85	4.19817803118821e-09
-0.83	5.51083557693002e-09
-0.81	7.03674546906846e-09
-0.79	8.78930058794353e-09
-0.77	1.07827845799654e-08
-0.75	1.30324392556917e-08
-0.73	1.55545378204568e-08
-0.71	1.83664645109493e-08
-0.69	2.14868012746049e-08
-0.67	2.49354221999972e-08
-0.65	2.87335964866351e-08
-0.63	3.29041008329623e-08
-0.61	3.74713422233081e-08
-0.59	4.24614922097166e-08
-0.57	4.79026339148754e-08
-0.55	5.38249231299806e-08
-0.53	6.0260765048862e-08
-0.51	6.72450083700256e-08
-0.49	7.48151587148987e-08
-0.47	8.30116135575312e-08
-0.45	9.187792114302e-08
-0.429999999999999	1.01461066194519e-07
-0.409999999999999	1.11811785578343e-07
-0.389999999999999	1.2298491752104e-07
-0.369999999999999	1.35039788460298e-07
-0.349999999999999	1.48040642173957e-07
-0.329999999999999	1.6205711648058e-07
-0.309999999999999	1.77164773556172e-07
-0.289999999999999	1.93445690782305e-07
-0.269999999999999	2.10989120052472e-07
-0.249999999999999	2.29892224641158e-07
-0.229999999999999	2.50260904114496e-07
-0.209999999999999	2.72210719368815e-07
-0.189999999999999	2.95867931768208e-07
-0.169999999999999	3.21370672567564e-07
-0.149999999999999	3.48870261418231e-07
-0.129999999999999	3.78532695838072e-07
-0.109999999999999	4.10540337182467e-07
-0.0899999999999994	4.45093822995183e-07
-0.0699999999999994	4.82414240792824e-07
-0.0499999999999994	5.22745604521838e-07
-0.0299999999999994	5.66357682343633e-07
-0.00999999999999938	6.13549233325323e-07
0.0100000000000006	6.64651721382989e-07
0.0300000000000006	7.20033587869417e-07
0.0500000000000006	7.80105180057689e-07
0.0700000000000006	8.45324452126404e-07
0.0900000000000006	9.16203578965179e-07
0.110000000000001	9.93316652291872e-07
0.130000000000001	1.07730866461682e-06
0.150000000000001	1.16890603132234e-06
0.170000000000001	1.26892895690199e-06
0.190000000000001	1.37830602129048e-06
0.210000000000001	1.49809145022802e-06
0.230000000000001	1.62948564503929e-06
0.250000000000001	1.7738596890915e-06
0.270000000000001	1.93278472991369e-06
0.290000000000001	2.10806737013501e-06
0.310000000000001	2.30179250414368e-06
0.330000000000001	2.51637543405428e-06
0.350000000000001	2.75462562039208e-06
0.370000000000001	3.01982511459228e-06
0.390000000000001	3.31582564469672e-06
0.410000000000001	3.64716957134428e-06
0.430000000000001	4.0192416253999e-06
0.450000000000001	4.43846066523937e-06
0.470000000000001	4.91252391997596e-06
0.490000000000001	5.45072071374856e-06
0.510000000000001	6.06433909490425e-06
0.530000000000001	6.7671980357594e-06
0.550000000000001	7.57635133686505e-06
0.570000000000001	8.51302928790573e-06
0.590000000000001	9.60391406731366e-06
0.610000000000001	1.0882890621771e-05
0.630000000000001	1.23934860595352e-05
0.650000000000001	1.41923239854772e-05
0.670000000000001	1.63541047111756e-05
0.690000000000001	1.89789301285549e-05
0.710000000000001	2.22033202649439e-05
0.730000000000001	2.62172036860704e-05
0.750000000000001	3.12908788348796e-05
0.770000000000001	3.78192167805968e-05
0.790000000000001	4.63969176307204e-05
0.810000000000001	5.79524216828003e-05
0.830000000000001	7.3999018258456e-05
0.850000000000001	9.71365188219546e-05
0.870000000000001	0.000132135061895689
0.890000000000001	0.000188521009983161
0.910000000000001	0.000287609463146735
0.930000000000001	0.000485444844680972
0.950000000000001	0.00097129329011206
0.970000000000001	0.00275366240558959
0.990000000000001	0.0252886004883645
