# Program settings for SigmaNu
# Electroweak scheme and input parameters
# Scheme = Complex mass scheme
# alpha_GF = 0.00755898078237864
# Pole masses/widths for particles [GeV]
# mw = 80.35797361
# gw = 2.084298894
# mz = 91.15348062
# gz = 2.494266379
# s^2_thetaw (derived) = (0.222868505240788,-0.00110716741475141)
# charged leptons
# m_e = 0.0005109989461
# m_m = 0.10565837
# m_t = 1.77686
# quarks
# m_d = 0.05
# m_u = 0.05
# m_s = 0.2
# m_c = 1.51
# m_b = 4.92
# m_t = 173
# Ecms (default) = 369549

# channel_id = 6
# process  = nu_e nu_mu~ -> nu_e nu_mu~
-0.99	5.38531784922445e-11
-0.97	4.94569751073516e-10
-0.95	1.40212999087535e-09
-0.93	2.80542688272973e-09
-0.91	4.73517218701063e-09
-0.89	7.22402521285215e-09
-0.87	1.03067319654604e-08
-0.85	1.40202756140312e-08
-0.83	1.8404039323811e-08
-0.81	2.34999826039465e-08
-0.79	2.93528324433608e-08
-0.77	3.60102906415665e-08
-0.75	4.35232588918969e-08
-0.73	5.19460833431771e-08
-0.71	6.13368205547589e-08
-0.69	7.17575269718047e-08
-0.67	8.32745742858699e-08
-0.65	9.59589933137665e-08
-0.63	1.09886849329536e-07
-0.61	1.25139652124851e-07
-0.59	1.41804804457814e-07
-0.57	1.59976092985256e-07
-0.55	1.79754226266597e-07
-0.53	2.01247424986711e-07
-0.51	2.24572070180832e-07
-0.49	2.49853415968013e-07
-0.47	2.77226374124446e-07
-0.45	3.06836378769715e-07
-0.429999999999999	3.38840340516442e-07
-0.409999999999999	3.7340770066826e-07
-0.389999999999999	4.10721597468191e-07
-0.369999999999999	4.50980158029352e-07
-0.349999999999999	4.94397931457929e-07
-0.329999999999999	5.41207480846571e-07
-0.309999999999999	5.91661154324712e-07
-0.289999999999999	6.46033058260111e-07
-0.269999999999999	7.04621259084025e-07
-0.249999999999999	7.67750244145545e-07
-0.229999999999999	8.35773676590295e-07
-0.209999999999999	9.09077484627128e-07
-0.189999999999999	9.88083331840805e-07
-0.169999999999999	1.07325252260715e-06
-0.149999999999999	1.16509040538573e-06
-0.129999999999999	1.2641513469667e-06
-0.109999999999999	1.37104436295379e-06
-0.0899999999999994	1.48643950426729e-06
-0.0699999999999994	1.6110751167329e-06
-0.0499999999999994	1.74576611147812e-06
-0.0299999999999994	1.89141340862698e-06
-0.00999999999999938	2.0490147465792e-06
0.0100000000000006	2.21967708512571e-06
0.0300000000000006	2.40463087421768e-06
0.0500000000000006	2.60524651317054e-06
0.0700000000000006	2.82305338972049e-06
0.0900000000000006	3.05976196754274e-06
0.110000000000001	3.31728948826642e-06
0.130000000000001	3.59778997439323e-06
0.150000000000001	3.90368936891762e-06
0.170000000000001	4.23772683371699e-06
0.190000000000001	4.6030034621731e-06
0.210000000000001	5.00303995541523e-06
0.230000000000001	5.44184518372845e-06
0.250000000000001	5.92399802850837e-06
0.270000000000001	6.4547455070098e-06
0.290000000000001	7.04012096419037e-06
0.310000000000001	7.68708713033597e-06
0.330000000000001	8.40371016792918e-06
0.350000000000001	9.19937257389976e-06
0.370000000000001	1.00850351133643e-05
0.390000000000001	1.10735610477101e-05
0.410000000000001	1.21801200800701e-05
0.430000000000001	1.34226950993587e-05
0.450000000000001	1.48227225742065e-05
0.470000000000001	1.64059082292749e-05
0.490000000000001	1.82032747609508e-05
0.510000000000001	2.02525198187813e-05
0.530000000000001	2.25997933431452e-05
0.550000000000001	2.53020483282571e-05
0.570000000000001	2.84301855985239e-05
0.590000000000001	3.20733131404718e-05
0.610000000000001	3.63445933497046e-05
0.630000000000001	4.13893896419305e-05
0.650000000000001	4.73968025679309e-05
0.670000000000001	5.46163017473349e-05
0.690000000000001	6.33821880499269e-05
0.710000000000001	7.41503845292993e-05
0.730000000000001	8.75551776377562e-05
0.750000000000001	0.000104499257404982
0.770000000000001	0.00012630133706687
0.790000000000001	0.000154947479553406
0.810000000000001	0.000193538307390024
0.830000000000001	0.000247127605964929
0.850000000000001	0.000324397710985937
0.870000000000001	0.000441278981831849
0.890000000000001	0.000629585655077162
0.910000000000001	0.00096050159029887
0.930000000000001	0.00162119245955143
0.950000000000001	0.00324372962467101
0.970000000000001	0.00919610596236485
0.990000000000001	0.0844526206242373
