# Program settings for SigmaNu
# Electroweak scheme and input parameters
# Scheme = Complex mass scheme
# alpha_GF = 0.00755898078237864
# Pole masses/widths for particles [GeV]
# mw = 80.35797361
# gw = 2.084298894
# mz = 91.15348062
# gz = 2.494266379
# s^2_thetaw (derived) = (0.222868505240788,-0.00110716741475141)
# charged leptons
# m_e = 0.0005109989461
# m_m = 0.10565837
# m_t = 1.77686
# quarks
# m_d = 0.05
# m_u = 0.05
# m_s = 0.2
# m_c = 1.51
# m_b = 4.92
# m_t = 173
# Ecms (default) = 1.04596

# channel_id = 6
# process  = nu_e nu_mu~ -> nu_e nu_mu~
-0.99	1.15265671708802e-07
-0.97	1.03739377482908e-06
-0.95	2.88165695636033e-06
-0.93	5.64806249492164e-06
-0.91	9.33661766918957e-06
-0.89	1.39473297578981e-05
-0.87	1.94802060398387e-05
-0.85	2.59352537938602e-05
-0.83	3.33124802988689e-05
-0.81	4.16118928338286e-05
-0.79	5.08334986777604e-05
-0.77	6.09773051097431e-05
-0.75	7.20433194089126e-05
-0.73	8.40315488544624e-05
-0.71	9.69420007256436e-05
-0.69	0.000110774682301765
-0.67	0.000125529600862191
-0.65	0.000141206763686347
-0.63	0.000157806178053711
-0.61	0.000175327851243824
-0.59	0.00019377179053628
-0.57	0.000213138003210733
-0.55	0.000233426496546893
-0.53	0.000254637277824527
-0.51	0.000276770354323462
-0.49	0.00029982573332358
-0.47	0.000323803422104822
-0.45	0.000348703427947185
-0.429999999999999	0.000374525758130724
-0.409999999999999	0.000401270419935553
-0.389999999999999	0.00042893742064184
-0.369999999999999	0.000457526767529815
-0.349999999999999	0.000487038467879761
-0.329999999999999	0.000517472528972022
-0.309999999999999	0.000548828958086997
-0.289999999999999	0.000581107762505143
-0.269999999999999	0.000614308949506976
-0.249999999999999	0.000648432526373067
-0.229999999999999	0.000683478500384047
-0.209999999999999	0.000719446878820603
-0.189999999999999	0.000756337668963478
-0.169999999999999	0.000794150878093476
-0.149999999999999	0.000832886513491456
-0.129999999999999	0.000872544582438335
-0.109999999999999	0.000913125092215087
-0.0899999999999994	0.000954628050102744
-0.0699999999999994	0.000997053463382396
-0.0499999999999994	0.00104040133933519
-0.0299999999999994	0.00108467168524233
-0.00999999999999938	0.00112986450838508
0.0100000000000006	0.00117597981604475
0.0300000000000006	0.00122301761550273
0.0500000000000006	0.00127097791404044
0.0700000000000006	0.00131986071893938
0.0900000000000006	0.00136966603748111
0.110000000000001	0.00142039387694721
0.130000000000001	0.00147204424461937
0.150000000000001	0.0015246171477793
0.170000000000001	0.00157811259370877
0.190000000000001	0.00163253058968963
0.210000000000001	0.00168787114300377
0.230000000000001	0.00174413426093315
0.250000000000001	0.00180131995075976
0.270000000000001	0.00185942821976567
0.290000000000001	0.00191845907523302
0.310000000000001	0.00197841252444398
0.330000000000001	0.00203928857468078
0.350000000000001	0.00210108723322574
0.370000000000001	0.00216380850736119
0.390000000000001	0.00222745240436955
0.410000000000001	0.00229201893153329
0.430000000000001	0.00235750809613494
0.450000000000001	0.00242391990545707
0.470000000000001	0.00249125436678234
0.490000000000001	0.00255951148739343
0.510000000000001	0.0026286912745731
0.530000000000001	0.00269879373560417
0.550000000000001	0.00276981887776951
0.570000000000001	0.00284176670835205
0.590000000000001	0.00291463723463477
0.610000000000001	0.00298843046390071
0.630000000000001	0.00306314640343298
0.650000000000001	0.00313878506051473
0.670000000000001	0.00321534644242919
0.690000000000001	0.00329283055645962
0.710000000000001	0.00337123740988935
0.730000000000001	0.00345056701000177
0.750000000000001	0.00353081936408033
0.770000000000001	0.00361199447940853
0.790000000000001	0.00369409236326993
0.810000000000001	0.00377711302294815
0.830000000000001	0.00386105646572687
0.850000000000001	0.00394592269888982
0.870000000000001	0.00403171172972078
0.890000000000001	0.00411842356550361
0.910000000000001	0.00420605821352221
0.930000000000001	0.00429461568106055
0.950000000000001	0.00438409597540264
0.970000000000001	0.00447449910383257
0.990000000000001	0.00456582507363446
