# Program settings for SigmaNu
# Electroweak scheme and input parameters
# Scheme = Complex mass scheme
# alpha_GF = 0.00755898078237864
# Pole masses/widths for particles [GeV]
# mw = 80.35797361
# gw = 2.084298894
# mz = 91.15348062
# gz = 2.494266379
# s^2_thetaw (derived) = (0.222868505240788,-0.00110716741475141)
# charged leptons
# m_e = 0.0005109989461
# m_m = 0.10565837
# m_t = 1.77686
# quarks
# m_d = 0.05
# m_u = 0.05
# m_s = 0.2
# m_c = 1.51
# m_b = 4.92
# m_t = 173
# Ecms (default) = 482342

# channel_id = 6
# process  = nu_e nu_mu~ -> nu_e nu_mu~
-0.99	3.16115118005231e-11
-0.97	2.90309652428602e-10
-0.95	8.23042391169707e-10
-0.93	1.64676974750784e-09
-0.91	2.7795193519621e-09
-0.89	4.24046203524492e-09
-0.87	6.04999350695556e-09
-0.85	8.22982267940598e-09
-0.83	1.08030672491299e-08
-0.81	1.37943572120841e-08
-0.79	1.72299470593395e-08
-0.77	2.11378374791094e-08
-0.75	2.55479074793483e-08
-0.73	3.04920579440866e-08
-0.71	3.60043677475504e-08
-0.69	4.21212636745376e-08
-0.67	4.88817055353177e-08
-0.65	5.63273880206069e-08
-0.63	6.45029610193415e-08
-0.61	7.3456270321846e-08
-0.59	8.32386208567782e-08
-0.57	9.39050648656493e-08
-0.55	1.05514717708096e-07
-0.53	1.18131104319408e-07
-0.51	1.31822539714942e-07
-0.49	1.46662547360694e-07
-0.47	1.62730319713467e-07
-0.45	1.8011122578689e-07
-0.429999999999999	1.98897371231961e-07
-0.409999999999999	2.19188217145387e-07
-0.389999999999999	2.41091264650901e-07
-0.369999999999999	2.64722813255411e-07
-0.349999999999999	2.90208802084223e-07
-0.329999999999999	3.17685744372328e-07
-0.309999999999999	3.47301767061109e-07
-0.289999999999999	3.792177690567e-07
-0.269999999999999	4.13608713689155e-07
-0.249999999999999	4.50665073220301e-07
-0.229999999999999	4.90594445942276e-07
-0.209999999999999	5.33623369559971e-07
-0.189999999999999	5.79999358245367e-07
-0.169999999999999	6.29993195094623e-07
-0.149999999999999	6.83901516836542e-07
-0.129999999999999	7.42049733687979e-07
-0.109999999999999	8.04795334416234e-07
-0.0899999999999994	8.72531635181109e-07
-0.0699999999999994	9.45692040873447e-07
-0.0499999999999994	1.02475489979227e-06
-0.0299999999999994	1.11024904704154e-06
-0.00999999999999938	1.20276014951751e-06
0.0100000000000006	1.30293798646927e-06
0.0300000000000006	1.41150482518777e-06
0.0500000000000006	1.52926508246811e-06
0.0700000000000006	1.6571165004312e-06
0.0900000000000006	1.79606311177585e-06
0.110000000000001	1.94723032672061e-06
0.130000000000001	2.11188254455274e-06
0.150000000000001	2.29144378039307e-06
0.170000000000001	2.48752190712528e-06
0.190000000000001	2.70193724943871e-06
0.210000000000001	2.93675643946858e-06
0.230000000000001	3.19433266196905e-06
0.250000000000001	3.47735369509538e-06
0.270000000000001	3.78889950909805e-06
0.290000000000001	4.13251164429346e-06
0.310000000000001	4.51227718511465e-06
0.330000000000001	4.932930924681e-06
0.350000000000001	5.39998033726876e-06
0.370000000000001	5.91985933200294e-06
0.390000000000001	6.50011857299618e-06
0.410000000000001	7.14966259317099e-06
0.430000000000001	7.87904725028965e-06
0.450000000000001	8.70085563476506e-06
0.470000000000001	9.63017686729984e-06
0.490000000000001	1.06852211024152e-05
0.510000000000001	1.18881166563353e-05
0.530000000000001	1.32659532947789e-05
0.550000000000001	1.48521621184209e-05
0.570000000000001	1.66883615300503e-05
0.590000000000001	1.88268574400597e-05
0.610000000000001	2.13340755698469e-05
0.630000000000001	2.42953434700923e-05
0.650000000000001	2.78216621605031e-05
0.670000000000001	3.20594689892704e-05
0.690000000000001	3.72049968082579e-05
0.710000000000001	4.35258700639826e-05
0.730000000000001	5.1394411604486e-05
0.750000000000001	6.13404958139772e-05
0.770000000000001	7.41382006044269e-05
0.790000000000001	9.09533348353105e-05
0.810000000000001	0.000113605948371095
0.830000000000001	0.000145062588229872
0.850000000000001	0.000190419743263579
0.870000000000001	0.000259028458724488
0.890000000000001	0.000369563544853073
0.910000000000001	0.000563809613136519
0.930000000000001	0.00095163214129939
0.950000000000001	0.00190405471187003
0.970000000000001	0.00539808010547426
0.990000000000001	0.0495737073780494
