# Program settings for SigmaNu
# Electroweak scheme and input parameters
# Scheme = Complex mass scheme
# alpha_GF = 0.00755898078237864
# Pole masses/widths for particles [GeV]
# mw = 80.35797361
# gw = 2.084298894
# mz = 91.15348062
# gz = 2.494266379
# s^2_thetaw (derived) = (0.222868505240788,-0.00110716741475141)
# charged leptons
# m_e = 0.0005109989461
# m_m = 0.10565837
# m_t = 1.77686
# quarks
# m_d = 0.05
# m_u = 0.05
# m_s = 0.2
# m_c = 1.51
# m_b = 4.92
# m_t = 173
# Ecms (default) = 118984

# channel_id = 6
# process  = nu_e nu_mu~ -> nu_e nu_mu~
-0.99	5.19490745042332e-10
-0.97	4.77083085707647e-09
-0.95	1.3525544047723e-08
-0.93	2.70623442174718e-08
-0.91	4.56774899320166e-08
-0.89	6.96860266215712e-08
-0.87	9.94231288528976e-08
-0.85	1.35245551804477e-07
-0.83	1.77533202011202e-07
-0.81	2.26690838487819e-07
-0.79	2.83149916503642e-07
-0.77	3.47370587580143e-07
-0.75	4.19843870735504e-07
-0.73	5.01094011626029e-07
-0.71	5.91681048056519e-07
-0.69	6.92203602376386e-07
-0.67	8.03301923575709e-07
-0.65	9.25661204480035e-07
-0.63	1.06001520235438e-06
-0.61	1.20715019451154e-06
-0.59	1.36790930423008e-06
-0.57	1.54319723648504e-06
-0.55	1.73398546774965e-06
-0.53	1.94131793952216e-06
-0.51	2.16631731136321e-06
-0.49	2.41019183620833e-06
-0.47	2.67424292867579e-06
-0.45	2.95987350617545e-06
-0.429999999999999	3.26859719301649e-06
-0.409999999999999	3.60204848962052e-06
-0.389999999999999	3.96199402261656e-06
-0.369999999999999	4.35034500731691e-06
-0.349999999999999	4.7691710721884e-06
-0.329999999999999	5.22071561584952e-06
-0.309999999999999	5.70741289131985e-06
-0.289999999999999	6.23190704029844e-06
-0.269999999999999	6.79707333283373e-06
-0.249999999999999	7.4060419056884e-06
-0.229999999999999	8.06222433697609e-06
-0.209999999999999	8.76934344643248e-06
-0.189999999999999	9.53146677140142e-06
-0.169999999999999	1.0353044239985e-05
-0.149999999999999	1.1238950646909e-05
-0.129999999999999	1.21945336370285e-05
-0.109999999999999	1.32256680191335e-05
-0.0899999999999994	1.43388173726098e-05
-0.0699999999999994	1.55411040762098e-05
-0.0499999999999994	1.68403890874537e-05
-0.0299999999999994	1.82453630400993e-05
-0.00999999999999938	1.97656505145474e-05
0.0100000000000006	2.14119296829794e-05
0.0300000000000006	2.31960699512745e-05
0.0500000000000006	2.5131290730664e-05
0.0700000000000006	2.7232345095582e-05
0.0900000000000006	2.95157328480831e-05
0.110000000000001	3.19999484489983e-05
0.130000000000001	3.47057704371513e-05
0.150000000000001	3.7656600399031e-05
0.170000000000001	4.08788613481449e-05
0.190000000000001	4.44024676246604e-05
0.210000000000001	4.82613812612848e-05
0.230000000000001	5.24942733512351e-05
0.250000000000001	5.71453135249518e-05
0.270000000000001	6.22651164962271e-05
0.290000000000001	6.7911882182364e-05
0.310000000000001	7.41527756880582e-05
0.330000000000001	8.10656062218852e-05
0.350000000000001	8.87408808246779e-05
0.370000000000001	9.7284331071729e-05
0.390000000000001	0.000106820040686448
0.410000000000001	0.000117494342133532
0.430000000000001	0.000129480704839602
0.450000000000001	0.000142985912642494
0.470000000000001	0.000158257932068338
0.490000000000001	0.000175596018930735
0.510000000000001	0.000195363817845587
0.530000000000001	0.000218006506978543
0.550000000000001	0.000244073474217018
0.570000000000001	0.000274248652616559
0.590000000000001	0.000309391607153147
0.610000000000001	0.000350593938922932
0.630000000000001	0.000399257869594671
0.650000000000001	0.000457207521850089
0.670000000000001	0.000526849355291004
0.690000000000001	0.000611408134664231
0.710000000000001	0.000715281823825636
0.730000000000001	0.000844588924020228
0.750000000000001	0.00100803701992296
0.770000000000001	0.00121834674624777
0.790000000000001	0.00149467612496358
0.810000000000001	0.00186693441569734
0.830000000000001	0.00238387137786266
0.850000000000001	0.00312923818835814
0.870000000000001	0.004256701002273
0.890000000000001	0.0060731421895045
0.910000000000001	0.00926520146556203
0.930000000000001	0.0156382608471108
0.950000000000001	0.0312891166966854
0.970000000000001	0.0887034350219702
0.990000000000001	0.814495487514416
