# Program settings for SigmaNu
# Electroweak scheme and input parameters
# Scheme = Complex mass scheme
# alpha_GF = 0.00755898078237864
# Pole masses/widths for particles [GeV]
# mw = 80.35797361
# gw = 2.084298894
# mz = 91.15348062
# gz = 2.494266379
# s^2_thetaw (derived) = (0.222868505240788,-0.00110716741475141)
# charged leptons
# m_e = 0.0005109989461
# m_m = 0.10565837
# m_t = 1.77686
# quarks
# m_d = 0.05
# m_u = 0.05
# m_s = 0.2
# m_c = 1.51
# m_b = 4.92
# m_t = 173
# Ecms (default) = 3042420

# channel_id = 6
# process  = nu_e nu_mu~ -> nu_e nu_mu~
-0.99	7.94542479911747e-13
-0.97	7.29681493255883e-12
-0.95	2.06868354673374e-11
-0.93	4.13908872859882e-11
-0.91	6.98620875610086e-11
-0.89	1.06582287338588e-10
-0.87	1.52064124499549e-10
-0.85	2.06853243743021e-10
-0.83	2.71530698989044e-10
-0.81	3.46715555191336e-10
-0.79	4.33067708330667e-10
-0.77	5.31290944346199e-10
-0.75	6.42136259983649e-10
-0.73	7.66405471025823e-10
-0.71	9.04955136158004e-10
-0.69	1.05870082784802e-09
-0.67	1.22862178513463e-09
-0.65	1.41576598717082e-09
-0.63	1.62125569082226e-09
-0.61	1.84629348064437e-09
-0.59	2.09216888523685e-09
-0.57	2.36026562039406e-09
-0.55	2.65206952674335e-09
-0.53	2.96917727781555e-09
-0.51	3.31330594387e-09
-0.49	3.68630350747062e-09
-0.47	4.09016043897763e-09
-0.45	4.5270224540153e-09
-0.429999999999999	4.99920459087094e-09
-0.409999999999999	5.50920676399383e-09
-0.389999999999999	6.05973097067145e-09
-0.369999999999999	6.65370035200641e-09
-0.349999999999999	7.29428033702592e-09
-0.329999999999999	7.98490213074492e-09
-0.309999999999999	8.72928884401196e-09
-0.289999999999999	9.53148460586823e-09
-0.269999999999999	1.03958870489902e-08
-0.249999999999999	1.13272836168152e-08
-0.229999999999999	1.23308922086648e-08
-0.209999999999999	1.3412406758386e-08
-0.189999999999999	1.45780484348956e-08
-0.169999999999999	1.58346232621718e-08
-0.149999999999999	1.71895870848661e-08
-0.129999999999999	1.86511189577015e-08
-0.109999999999999	2.0228204216894e-08
-0.0899999999999994	2.1930728705799e-08
-0.0699999999999994	2.37695858819531e-08
-0.0499999999999994	2.5756798837446e-08
-0.0299999999999994	2.79056596299849e-08
-0.00999999999999938	3.02308887616212e-08
0.0100000000000006	3.2748818172738e-08
0.0300000000000006	3.54776017616554e-08
0.0500000000000006	3.84374582216391e-08
0.0700000000000006	4.16509519407309e-08
0.0900000000000006	4.51433188782035e-08
0.110000000000001	4.89428457688494e-08
0.130000000000001	5.30813127822707e-08
0.150000000000001	5.75945119684285e-08
0.170000000000001	6.2522856568925e-08
0.190000000000001	6.7912099716942e-08
0.210000000000001	7.38141853853568e-08
0.230000000000001	8.02882599332534e-08
0.250000000000001	8.74018795920023e-08
0.270000000000001	9.52324581857049e-08
0.290000000000001	1.03869010919135e-07
0.310000000000001	1.13414265032434e-07
0.330000000000001	1.23987227667385e-07
0.350000000000001	1.35726327001365e-07
0.370000000000001	1.48793276786065e-07
0.390000000000001	1.63377859969626e-07
0.410000000000001	1.79703888459795e-07
0.430000000000001	1.98036679565073e-07
0.450000000000001	2.18692504290969e-07
0.470000000000001	2.4205062173233e-07
0.490000000000001	2.68568736948158e-07
0.510000000000001	2.98803036462031e-07
0.530000000000001	3.33434410897312e-07
0.550000000000001	3.73303137865943e-07
0.570000000000001	4.19455279642826e-07
0.590000000000001	4.73205524871801e-07
0.610000000000001	5.3622345819938e-07
0.630000000000001	6.10653754482352e-07
0.650000000000001	6.99286381383079e-07
0.670000000000001	8.05801985153384e-07
0.690000000000001	9.35132803104327e-07
0.710000000000001	1.0940054732783e-06
0.730000000000001	1.29177818866437e-06
0.750000000000001	1.54176914124056e-06
0.770000000000001	1.86343448808304e-06
0.790000000000001	2.28607639961801e-06
0.810000000000001	2.85544115592142e-06
0.830000000000001	3.64609183122895e-06
0.850000000000001	4.78612683480418e-06
0.870000000000001	6.51058137728145e-06
0.890000000000001	9.2888403588362e-06
0.910000000000001	1.41711460331253e-05
0.930000000000001	2.39189323703002e-05
0.950000000000001	4.78577699817459e-05
0.970000000000001	0.000135679166213982
0.990000000000001	0.00124603221870434
