# Program settings for SigmaNu
# Electroweak scheme and input parameters
# Scheme = Complex mass scheme
# alpha_GF = 0.00755898078237864
# Pole masses/widths for particles [GeV]
# mw = 80.35797361
# gw = 2.084298894
# mz = 91.15348062
# gz = 2.494266379
# s^2_thetaw (derived) = (0.222868505240788,-0.00110716741475141)
# charged leptons
# m_e = 0.0005109989461
# m_m = 0.10565837
# m_t = 1.77686
# quarks
# m_d = 0.05
# m_u = 0.05
# m_s = 0.2
# m_c = 1.51
# m_b = 4.92
# m_t = 173
# Ecms (default) = 1.14168e-07

# channel_id = 6
# process  = nu_e nu_mu~ -> nu_e nu_mu~
-0.99	1.3736380767207e-21
-0.97	1.23627426904864e-20
-0.95	3.43409519180177e-20
-0.93	6.73082657593148e-20
-0.91	1.11264684214377e-19
-0.89	1.66210207283205e-19
-0.87	2.32144834965799e-19
-0.85	3.09068567262159e-19
-0.83	3.96981404172285e-19
-0.81	4.95883345696176e-19
-0.79	6.05774391833832e-19
-0.77	7.26654542585255e-19
-0.75	8.58523797950442e-19
-0.73	1.0013821579294e-18
-0.71	1.15522962252211e-18
-0.69	1.3200661917286e-18
-0.67	1.49589186554885e-18
-0.65	1.68270664398287e-18
-0.63	1.88051052703065e-18
-0.61	2.0893035146922e-18
-0.59	2.30908560696751e-18
-0.57	2.53985680385659e-18
-0.55	2.78161710535943e-18
-0.53	3.03436651147604e-18
-0.51	3.29810502220642e-18
-0.49	3.57283263755056e-18
-0.47	3.85854935750847e-18
-0.45	4.15525518208014e-18
-0.429999999999999	4.46295011126558e-18
-0.409999999999999	4.78163414506478e-18
-0.389999999999999	5.11130728347775e-18
-0.369999999999999	5.45196952650449e-18
-0.349999999999999	5.80362087414499e-18
-0.329999999999999	6.16626132639926e-18
-0.309999999999999	6.53989088326729e-18
-0.289999999999999	6.92450954474909e-18
-0.269999999999999	7.32011731084465e-18
-0.249999999999999	7.72671418155398e-18
-0.229999999999999	8.14430015687707e-18
-0.209999999999999	8.57287523681394e-18
-0.189999999999999	9.01243942136456e-18
-0.169999999999999	9.46299271052895e-18
-0.149999999999999	9.92453510430711e-18
-0.129999999999999	1.0397066602699e-17
-0.109999999999999	1.08805872057047e-17
-0.0899999999999994	1.13750969133242e-17
-0.0699999999999994	1.18805957255574e-17
-0.0499999999999994	1.23970836424044e-17
-0.0299999999999994	1.29245606638651e-17
-0.00999999999999938	1.34630267899396e-17
0.0100000000000006	1.40124820206279e-17
0.0300000000000006	1.457292635593e-17
0.0500000000000006	1.51443597958458e-17
0.0700000000000006	1.57267823403754e-17
0.0900000000000006	1.63201939895187e-17
0.110000000000001	1.69245947432758e-17
0.130000000000001	1.75399846016467e-17
0.150000000000001	1.81663635646313e-17
0.170000000000001	1.88037316322297e-17
0.190000000000001	1.94520888044419e-17
0.210000000000001	2.01114350812679e-17
0.230000000000001	2.07817704627076e-17
0.250000000000001	2.1463094948761e-17
0.270000000000001	2.21554085394283e-17
0.290000000000001	2.28587112347093e-17
0.310000000000001	2.3573003034604e-17
0.330000000000001	2.42982839391126e-17
0.350000000000001	2.50345539482349e-17
0.370000000000001	2.57818130619709e-17
0.390000000000001	2.65400612803208e-17
0.410000000000001	2.73092986032844e-17
0.430000000000001	2.80895250308617e-17
0.450000000000001	2.88807405630529e-17
0.470000000000001	2.96829451998577e-17
0.490000000000001	3.04961389412764e-17
0.510000000000001	3.13203217873088e-17
0.530000000000001	3.2155493737955e-17
0.550000000000001	3.3001654793215e-17
0.570000000000001	3.38588049530887e-17
0.590000000000001	3.47269442175762e-17
0.610000000000001	3.56060725866774e-17
0.630000000000001	3.64961900603925e-17
0.650000000000001	3.73972966387212e-17
0.670000000000001	3.83093923216638e-17
0.690000000000001	3.92324771092201e-17
0.710000000000001	4.01665510013902e-17
0.730000000000001	4.1111613998174e-17
0.750000000000001	4.20676660995717e-17
0.770000000000001	4.3034707305583e-17
0.790000000000001	4.40127376162082e-17
0.810000000000001	4.50017570314471e-17
0.830000000000001	4.60017655512998e-17
0.850000000000001	4.70127631757662e-17
0.870000000000001	4.80347499048464e-17
0.890000000000001	4.90677257385404e-17
0.910000000000001	5.01116906768481e-17
0.930000000000001	5.11666447197696e-17
0.950000000000001	5.22325878673049e-17
0.970000000000001	5.33095201194539e-17
0.990000000000001	5.43974414762167e-17
