# Program settings for SigmaNu
# Electroweak scheme and input parameters
# Scheme = Complex mass scheme
# alpha_GF = 0.00755898078237864
# Pole masses/widths for particles [GeV]
# mw = 80.35797361
# gw = 2.084298894
# mz = 91.15348062
# gz = 2.494266379
# s^2_thetaw (derived) = (0.222868505240788,-0.00110716741475141)
# charged leptons
# m_e = 0.0005109989461
# m_m = 0.10565837
# m_t = 1.77686
# quarks
# m_d = 0.05
# m_u = 0.05
# m_s = 0.2
# m_c = 1.51
# m_b = 4.92
# m_t = 173
# Ecms (default) = 104836

# channel_id = 6
# process  = nu_e nu_mu~ -> nu_e nu_mu~
-0.99	6.69166071164166e-10
-0.97	6.14539943255781e-09
-0.95	1.74225146338847e-08
-0.93	3.48595283707433e-08
-0.91	5.88380569528813e-08
-0.89	8.97639164042766e-08
-0.87	1.28068851468718e-07
-0.85	1.74212405281963e-07
-0.83	2.2868394267715e-07
-0.81	2.92004841433478e-07
-0.79	3.64730867276591e-07
-0.77	4.47454750112518e-07
-0.75	5.4080898084794e-07
-0.73	6.45468850243847e-07
-0.71	7.62155753596802e-07
-0.69	8.91640787675864e-07
-0.67	1.03474866930255e-06
-0.65	1.19236200829046e-06
-0.63	1.36542597121185e-06
-0.61	1.55495337668921e-06
-0.59	1.76203026768959e-06
-0.57	1.98782201170593e-06
-0.55	2.23357998583557e-06
-0.53	2.500648910716e-06
-0.51	2.79047490517636e-06
-0.49	3.10461434245256e-06
-0.47	3.44474359906217e-06
-0.45	3.81266979913811e-06
-0.429999999999999	4.21034267040658e-06
-0.409999999999999	4.63986764333435e-06
-0.389999999999999	5.10352034257939e-06
-0.369999999999999	5.60376264013061e-06
-0.349999999999999	6.14326046285811e-06
-0.329999999999999	6.72490357413703e-06
-0.309999999999999	7.35182758037569e-06
-0.289999999999999	8.02743844941002e-06
-0.269999999999999	8.75543986970194e-06
-0.249999999999999	9.53986382815015e-06
-0.229999999999999	1.03851048413524e-05
-0.209999999999999	1.12959583418635e-05
-0.189999999999999	1.22776637992061e-05
-0.169999999999999	1.33359532473206e-05
-0.149999999999999	1.44771059984762e-05
-0.129999999999999	1.57080104516681e-05
-0.109999999999999	1.7036234055183e-05
-0.0899999999999994	1.84701026632159e-05
-0.0699999999999994	2.00187907411521e-05
-0.0499999999999994	2.16924241307997e-05
-0.0299999999999994	2.35021973946214e-05
-0.00999999999999938	2.54605081282447e-05
0.0100000000000006	2.75811110774252e-05
0.0300000000000006	2.9879295436963e-05
0.0500000000000006	3.23720893671871e-05
0.0700000000000006	3.50784965667628e-05
0.0900000000000006	3.80197707245865e-05
0.110000000000001	4.12197348840989e-05
0.130000000000001	4.47051542490519e-05
0.150000000000001	4.85061728160259e-05
0.170000000000001	5.26568265335219e-05
0.190000000000001	5.71956485874921e-05
0.210000000000001	6.21663860654199e-05
0.230000000000001	6.76188518752677e-05
0.250000000000001	7.36099416833269e-05
0.270000000000001	8.02048531756543e-05
0.290000000000001	8.74785546652402e-05
0.310000000000001	9.55175626713559e-05
0.330000000000001	0.000104422104558585
0.350000000000001	0.00011430876397676
0.370000000000001	0.000125313735545621
0.390000000000001	0.00013759685358249
0.410000000000001	0.000151346611363825
0.430000000000001	0.000166786457716581
0.450000000000001	0.000184182754283599
0.470000000000001	0.000203854910768294
0.490000000000001	0.000226188403393407
0.510000000000001	0.000251651648575644
0.530000000000001	0.000280818087319209
0.550000000000001	0.000314395394710753
0.570000000000001	0.000353264555425072
0.590000000000001	0.000398532788124283
0.610000000000001	0.000451606200450025
0.630000000000001	0.000514291014664593
0.650000000000001	0.000588936909372038
0.670000000000001	0.000678643678941974
0.690000000000001	0.000787565186912896
0.710000000000001	0.000921366508834377
0.730000000000001	0.00108792896444341
0.750000000000001	0.00129846890034823
0.770000000000001	0.00156937191431353
0.790000000000001	0.00192531566383373
0.810000000000001	0.00240482656757103
0.830000000000001	0.00307069963142088
0.850000000000001	0.00403081539688317
0.870000000000001	0.00548311218390255
0.890000000000001	0.00782288641247566
0.910000000000001	0.0119345994796351
0.930000000000001	0.0201437583103407
0.950000000000001	0.0403035845637559
0.970000000000001	0.114258072203411
0.990000000000001	1.04909678580843
