# Program settings for SigmaNu
# Electroweak scheme and input parameters
# Scheme = Complex mass scheme
# alpha_GF = 0.00755898078237864
# Pole masses/widths for particles [GeV]
# mw = 80.35797361
# gw = 2.084298894
# mz = 91.15348062
# gz = 2.494266379
# s^2_thetaw (derived) = (0.222868505240788,-0.00110716741475141)
# charged leptons
# m_e = 0.0005109989461
# m_m = 0.10565837
# m_t = 1.77686
# quarks
# m_d = 0.05
# m_u = 0.05
# m_s = 0.2
# m_c = 1.51
# m_b = 4.92
# m_t = 173
# Ecms (default) = 109574

# channel_id = 6
# process  = nu_e nu_mu~ -> nu_e nu_mu~
-0.99	6.12547569764499e-10
-0.97	5.62543388670344e-09
-0.95	1.59483863366726e-08
-0.93	3.19100450428373e-08
-0.91	5.38597375798573e-08
-0.89	8.21689436889421e-08
-0.87	1.17232877991672e-07
-0.85	1.59472201468558e-07
-0.83	2.09334873571912e-07
-0.81	2.67298158072242e-07
-0.79	3.33870797109089e-07
-0.77	4.09595369448989e-07
-0.75	4.95050850665897e-07
-0.73	5.90855394876493e-07
-0.71	6.97669359811364e-07
-0.69	8.16198599414027e-07
-0.67	9.47198050868682e-07
-0.65	1.09147564600521e-06
-0.63	1.24989658046311e-06
-0.61	1.42338797786913e-06
-0.59	1.61294399065819e-06
-0.57	1.81963138411686e-06
-0.55	2.04459565583558e-06
-0.53	2.28906774911838e-06
-0.51	2.55437142612829e-06
-0.49	2.8419313747761e-06
-0.47	3.15328213274067e-06
-0.45	3.4900779227222e-06
-0.429999999999999	3.85410350528338e-06
-0.409999999999999	4.24728616967515e-06
-0.389999999999999	4.67170899916281e-06
-0.369999999999999	5.12962556590664e-06
-0.349999999999999	5.62347623181209e-06
-0.329999999999999	6.15590625642711e-06
-0.309999999999999	6.72978594149432e-06
-0.289999999999999	7.34823307484042e-06
-0.269999999999999	8.0146379747088e-06
-0.249999999999999	8.73269148037779e-06
-0.229999999999999	9.50641628711153e-06
-0.209999999999999	1.03402020845525e-05
-0.189999999999999	1.12388450292588e-05
-0.169999999999999	1.22075921662428e-05
-0.149999999999999	1.32521915135333e-05
-0.129999999999999	1.43789486409598e-05
-0.109999999999999	1.55947907131823e-05
-0.0899999999999994	1.6907339131941e-05
-0.0699999999999994	1.83249921090661e-05
-0.0499999999999994	1.98570187367434e-05
-0.0299999999999994	2.15136664032495e-05
-0.00999999999999938	2.33062837412827e-05
0.0100000000000006	2.5247461705094e-05
0.0300000000000006	2.73511958681501e-05
0.0500000000000006	2.96330736354901e-05
0.0700000000000006	3.21104908001261e-05
0.0900000000000006	3.48029027735882e-05
0.110000000000001	3.77321169288602e-05
0.130000000000001	4.09226338630994e-05
0.150000000000001	4.44020470867427e-05
0.170000000000001	4.82015127642969e-05
0.190000000000001	5.23563037867789e-05
0.210000000000001	5.69064657990037e-05
0.230000000000001	6.18975970378763e-05
0.250000000000001	6.73817792274026e-05
0.270000000000001	7.34186936787738e-05
0.290000000000001	8.00769656391549e-05
0.310000000000001	8.74357914706693e-05
0.330000000000001	9.55869183093687e-05
0.350000000000001	0.000104637065675597
0.370000000000001	0.000114710904781246
0.390000000000001	0.000125954746388747
0.410000000000001	0.000138541135395551
0.430000000000001	0.000152674614674472
0.450000000000001	0.00016859900907974
0.470000000000001	0.00018660670315534
0.490000000000001	0.000207050558111243
0.510000000000001	0.000230359357829395
0.530000000000001	0.000257058024714981
0.550000000000001	0.000287794357802043
0.570000000000001	0.000323374802118201
0.590000000000001	0.000364812895205285
0.610000000000001	0.000413395774854
0.630000000000001	0.000470776840166095
0.650000000000001	0.000539106965320317
0.670000000000001	0.000621223673836147
0.690000000000001	0.000720929374949337
0.710000000000001	0.000843409828367988
0.730000000000001	0.000995879524974034
0.750000000000001	0.0011886058115628
0.770000000000001	0.00143658792549064
0.790000000000001	0.00176241559010444
0.810000000000001	0.00220135557891467
0.830000000000001	0.00281088995226434
0.850000000000001	0.00368977175633715
0.870000000000001	0.00501919234449939
0.890000000000001	0.00716100351899878
0.910000000000001	0.0109248362484234
0.930000000000001	0.0184394491068784
0.950000000000001	0.0368936606303449
0.970000000000001	0.104591513773732
0.990000000000001	0.96035658698745
