# Program settings for SigmaNu
# Electroweak scheme and input parameters
# Scheme = Complex mass scheme
# alpha_GF = 0.00755898078237864
# Pole masses/widths for particles [GeV]
# mw = 80.35797361
# gw = 2.084298894
# mz = 91.15348062
# gz = 2.494266379
# s^2_thetaw (derived) = (0.222868505240788,-0.00110716741475141)
# charged leptons
# m_e = 0.0005109989461
# m_m = 0.10565837
# m_t = 1.77686
# quarks
# m_d = 0.05
# m_u = 0.05
# m_s = 0.2
# m_c = 1.51
# m_b = 4.92
# m_t = 173
# Ecms (default) = 0.00143953

# channel_id = 6
# process  = nu_e nu_mu~ -> nu_e nu_mu~
-0.99	2.18386090863257e-13
-0.97	1.96547481777913e-12
-0.95	5.4596522716359e-12
-0.93	1.07009184524597e-11
-0.91	1.76892733602767e-11
-0.89	2.64247169951129e-11
-0.87	3.69072493569946e-11
-0.85	4.91368704459478e-11
-0.83	6.31135802619986e-11
-0.81	7.88373788051733e-11
-0.79	9.63082660754978e-11
-0.77	1.15526242072998e-10
-0.75	1.36491306797701e-10
-0.73	1.59203460249632e-10
-0.71	1.83662702428817e-10
-0.69	2.09869033335283e-10
-0.67	2.37822452969056e-10
-0.65	2.67522961330161e-10
-0.63	2.98970558418625e-10
-0.61	3.32165244234474e-10
-0.59	3.67107018777735e-10
-0.57	4.03795882048433e-10
-0.55	4.42231834046593e-10
-0.53	4.82414874772244e-10
-0.51	5.2434500422541e-10
-0.49	5.68022222406118e-10
-0.47	6.13446529314393e-10
-0.45	6.60617924950263e-10
-0.429999999999999	7.09536409313754e-10
-0.409999999999999	7.60201982404889e-10
-0.389999999999999	8.12614644223698e-10
-0.369999999999999	8.66774394770206e-10
-0.349999999999999	9.22681234044437e-10
-0.329999999999999	9.80335162046419e-10
-0.309999999999999	1.03973617877618e-09
-0.289999999999999	1.10088428423374e-09
-0.269999999999999	1.16377947841913e-09
-0.249999999999999	1.22842176133238e-09
-0.229999999999999	1.29481113297351e-09
-0.209999999999999	1.36294759334254e-09
-0.189999999999999	1.43283114243951e-09
-0.169999999999999	1.50446178026444e-09
-0.149999999999999	1.57783950681735e-09
-0.129999999999999	1.65296432209828e-09
-0.109999999999999	1.72983622610725e-09
-0.0899999999999994	1.80845521884427e-09
-0.0699999999999994	1.88882130030939e-09
-0.0499999999999994	1.97093447050263e-09
-0.0299999999999994	2.05479472942401e-09
-0.00999999999999938	2.14040207707356e-09
0.0100000000000006	2.2277565134513e-09
0.0300000000000006	2.31685803855726e-09
0.0500000000000006	2.40770665239147e-09
0.0700000000000006	2.50030235495395e-09
0.0900000000000006	2.59464514624474e-09
0.110000000000001	2.69073502626384e-09
0.130000000000001	2.7885719950113e-09
0.150000000000001	2.88815605248714e-09
0.170000000000001	2.98948719869138e-09
0.190000000000001	3.09256543362405e-09
0.210000000000001	3.19739075728518e-09
0.230000000000001	3.30396316967479e-09
0.250000000000001	3.41228267079291e-09
0.270000000000001	3.52234926063956e-09
0.290000000000001	3.63416293921477e-09
0.310000000000001	3.74772370651857e-09
0.330000000000001	3.86303156255099e-09
0.350000000000001	3.98008650731204e-09
0.370000000000001	4.09888854080175e-09
0.390000000000001	4.21943766302016e-09
0.410000000000001	4.34173387396729e-09
0.430000000000001	4.46577717364316e-09
0.450000000000001	4.59156756204779e-09
0.470000000000001	4.71910503918123e-09
0.490000000000001	4.84838960504348e-09
0.510000000000001	4.97942125963459e-09
0.530000000000001	5.11220000295456e-09
0.550000000000001	5.24672583500344e-09
0.570000000000001	5.38299875578125e-09
0.590000000000001	5.521018765288e-09
0.610000000000001	5.66078586352374e-09
0.630000000000001	5.80230005048848e-09
0.650000000000001	5.94556132618225e-09
0.670000000000001	6.09056969060507e-09
0.690000000000001	6.23732514375699e-09
0.710000000000001	6.38582768563801e-09
0.730000000000001	6.53607731624816e-09
0.750000000000001	6.68807403558748e-09
0.770000000000001	6.84181784365598e-09
0.790000000000001	6.9973087404537e-09
0.810000000000001	7.15454672598066e-09
0.830000000000001	7.31353180023688e-09
0.850000000000001	7.4742639632224e-09
0.870000000000001	7.63674321493723e-09
0.890000000000001	7.80096955538141e-09
0.910000000000001	7.96694298455496e-09
0.930000000000001	8.1346635024579e-09
0.950000000000001	8.30413110909027e-09
0.970000000000001	8.47534580445209e-09
0.990000000000001	8.64830758854338e-09
