# Program settings for SigmaNu
# Electroweak scheme and input parameters
# Scheme = Complex mass scheme
# alpha_GF = 0.00755898078237864
# Pole masses/widths for particles [GeV]
# mw = 80.35797361
# gw = 2.084298894
# mz = 91.15348062
# gz = 2.494266379
# s^2_thetaw (derived) = (0.222868505240788,-0.00110716741475141)
# charged leptons
# m_e = 0.0005109989461
# m_m = 0.10565837
# m_t = 1.77686
# quarks
# m_d = 0.05
# m_u = 0.05
# m_s = 0.2
# m_c = 1.51
# m_b = 4.92
# m_t = 173
# Ecms (default) = 2017140

# channel_id = 6
# process  = nu_e nu_mu~ -> nu_e nu_mu~
-0.99	1.80752108510227e-12
-0.97	1.65996748793675e-11
-0.95	4.70609089316954e-11
-0.93	9.41609836940074e-11
-0.91	1.58930704771941e-10
-0.89	2.42466245053229e-10
-0.87	3.45933815030901e-10
-0.85	4.70574713089928e-10
-0.83	6.17710790782474e-10
-0.81	7.88750371745429e-10
-0.79	9.85194666961507e-10
-0.77	1.20864473358525e-09
-0.75	1.46080902960901e-09
-0.73	1.74351162230104e-09
-0.71	2.05870111468777e-09
-0.69	2.40846036146702e-09
-0.67	2.79501705373218e-09
-0.65	3.22075526088066e-09
-0.63	3.68822802821066e-09
-0.61	4.20017114013891e-09
-0.59	4.75951817188196e-09
-0.57	5.36941696704854e-09
-0.55	6.03324769513653e-09
-0.53	6.75464266170212e-09
-0.51	7.53750806530283e-09
-0.49	8.38604791959817e-09
-0.47	9.30479038667456e-09
-0.45	1.02986167992718e-08
-0.429999999999999	1.13727936857485e-08
-0.409999999999999	1.25330081530573e-08
-0.389999999999999	1.37854070305677e-08
-0.369999999999999	1.51366402322753e-08
-0.349999999999999	1.65939088579727e-08
-0.329999999999999	1.81650186267287e-08
-0.309999999999999	1.98584393202133e-08
-0.289999999999999	2.16833710110037e-08
-0.269999999999999	2.36498179643875e-08
-0.249999999999999	2.57686712341915e-08
-0.229999999999999	2.80518011272111e-08
-0.209999999999999	3.05121608910002e-08
-0.189999999999999	3.31639031910462e-08
-0.169999999999999	3.60225111916759e-08
-0.149999999999999	3.91049463476666e-08
-0.129999999999999	4.24298153593002e-08
-0.109999999999999	4.60175591532527e-08
-0.0899999999999994	4.98906672384601e-08
-0.0699999999999994	5.40739213661357e-08
-0.0499999999999994	5.85946731164293e-08
-0.0299999999999994	6.34831608655377e-08
-0.00999999999999938	6.8772872587148e-08
0.0100000000000006	7.45009621492314e-08
0.0300000000000006	8.07087282294321e-08
0.0500000000000006	8.7442166749984e-08
0.0700000000000006	9.47526099025243e-08
0.0900000000000006	1.02697467491157e-07
0.110000000000001	1.11341089592102e-07
0.130000000000001	1.20755773568443e-07
0.150000000000001	1.31022943492581e-07
0.170000000000001	1.42234536281034e-07
0.190000000000001	1.54494636679733e-07
0.210000000000001	1.67921413103424e-07
0.230000000000001	1.82649418823666e-07
0.250000000000001	1.98832338903792e-07
0.270000000000001	2.16646283647972e-07
0.290000000000001	2.36293755580323e-07
0.310000000000001	2.58008451016747e-07
0.330000000000001	2.82061101756813e-07
0.350000000000001	3.08766620914071e-07
0.370000000000001	3.38492894434783e-07
0.390000000000001	3.71671663458407e-07
0.410000000000001	4.08812082305537e-07
0.430000000000001	4.50517726787778e-07
0.450000000000001	4.97508088331416e-07
0.470000000000001	5.5064595126424e-07
0.490000000000001	6.10972558253131e-07
0.510000000000001	6.79753189476281e-07
0.530000000000001	7.58536817035623e-07
0.550000000000001	8.4923500577411e-07
0.570000000000001	9.54227464299624e-07
0.590000000000001	1.07650500487441e-06
0.610000000000001	1.21986579997891e-06
0.630000000000001	1.38918881458583e-06
0.650000000000001	1.59082100354277e-06
0.670000000000001	1.83313554473485e-06
0.690000000000001	2.12735288627715e-06
0.710000000000001	2.48877559538649e-06
0.730000000000001	2.93869281769438e-06
0.750000000000001	3.50740238186373e-06
0.770000000000001	4.23916549937163e-06
0.790000000000001	5.20064227950827e-06
0.810000000000001	6.49590187385649e-06
0.830000000000001	8.29456934963718e-06
0.850000000000001	1.08880584040385e-05
0.870000000000001	1.48110554513043e-05
0.890000000000001	2.11313738020815e-05
0.910000000000001	3.2238231005406e-05
0.930000000000001	5.44136694483193e-05
0.950000000000001	0.000108872618889715
0.970000000000001	0.000308659288941107
0.990000000000001	0.00283462311850708
