# Program settings for SigmaNu
# Electroweak scheme and input parameters
# Scheme = Complex mass scheme
# alpha_GF = 0.00755898078237864
# Pole masses/widths for particles [GeV]
# mw = 80.35797361
# gw = 2.084298894
# mz = 91.15348062
# gz = 2.494266379
# s^2_thetaw (derived) = (0.222868505240788,-0.00110716741475141)
# charged leptons
# m_e = 0.0005109989461
# m_m = 0.10565837
# m_t = 1.77686
# quarks
# m_d = 0.05
# m_u = 0.05
# m_s = 0.2
# m_c = 1.51
# m_b = 4.92
# m_t = 173
# Ecms (default) = 91568.8

# channel_id = 6
# process  = nu_e nu_mu~ -> nu_e nu_mu~
-0.99	8.77121075320342e-10
-0.97	8.05518923477051e-09
-0.95	2.28368640924021e-08
-0.93	4.56927329080203e-08
-0.91	7.71230057639997e-08
-0.89	1.17659612922729e-07
-0.87	1.6786847114901e-07
-0.85	2.28351934413435e-07
-0.83	2.99751445973012e-07
-0.81	3.8275041058611e-07
-0.79	4.78077307582895e-07
-0.77	5.86509067705849e-07
-0.75	7.08874739087327e-07
-0.73	8.46059470476222e-07
-0.71	9.99008842902377e-07
-0.69	1.16873358441973e-06
-0.67	1.35631470644812e-06
-0.65	1.56290910459766e-06
-0.63	1.78975567177555e-06
-0.61	2.03818197692123e-06
-0.59	2.30961156898016e-06
-0.57	2.60557197281388e-06
-0.55	2.92770345177297e-06
-0.53	3.27776862076992e-06
-0.51	3.65766300404113e-06
-0.49	4.06942664357092e-06
-0.47	4.51525687758302e-06
-0.45	4.99752242384495e-06
-0.429999999999999	5.51877892007712e-06
-0.409999999999999	6.08178609386519e-06
-0.389999999999999	6.68952675755509e-06
-0.369999999999999	7.34522785015578e-06
-0.349999999999999	8.05238377886215e-06
-0.329999999999999	8.81478234812454e-06
-0.309999999999999	9.6365336050449e-06
-0.289999999999999	1.05221019772395e-05
-0.269999999999999	1.14763421343272e-05
-0.249999999999999	1.25045390682626e-05
-0.229999999999999	1.36124529624835e-05
-0.209999999999999	1.48063695072816e-05
-0.189999999999999	1.60931564213181e-05
-0.169999999999999	1.748032705971e-05
-0.149999999999999	1.8976112131109e-05
-0.129999999999999	2.05895407139808e-05
-0.109999999999999	2.23305319610782e-05
-0.0899999999999994	2.42099991173014e-05
-0.0699999999999994	2.62399677575996e-05
-0.0499999999999994	2.84337104880068e-05
-0.0299999999999994	3.08059007563043e-05
-0.00999999999999938	3.33727889040935e-05
0.0100000000000006	3.61524041778286e-05
0.0300000000000006	3.91647871259158e-05
0.0500000000000006	4.24322576716115e-05
0.0700000000000006	4.59797252041831e-05
0.0900000000000006	4.98350483205934e-05
0.110000000000001	5.40294534367407e-05
0.130000000000001	5.85980234477925e-05
0.150000000000001	6.35802700502722e-05
0.170000000000001	6.90208063723523e-05
0.190000000000001	7.49701403600653e-05
0.210000000000001	8.14856141543704e-05
0.230000000000001	8.86325207552469e-05
0.250000000000001	9.64854369863736e-05
0.270000000000001	0.000105129821657943
0.290000000000001	0.000114663940562423
0.310000000000001	0.000125201196459311
0.330000000000001	0.000136872963781414
0.350000000000001	0.000149832056178015
0.370000000000001	0.000164256992632519
0.390000000000001	0.000180357278165642
0.410000000000001	0.000198379982891734
0.430000000000001	0.000218617995348845
0.450000000000001	0.000241420452574637
0.470000000000001	0.000267206024990827
0.490000000000001	0.000296479980488946
0.510000000000001	0.000329856301777176
0.530000000000001	0.000368086633724987
0.550000000000001	0.000412098569997441
0.570000000000001	0.000463046871646328
0.590000000000001	0.000522382838249183
0.610000000000001	0.000591949541071472
0.630000000000001	0.00067411450540669
0.650000000000001	0.000771957596838537
0.670000000000001	0.000889541901547768
0.690000000000001	0.00103231213519579
0.710000000000001	0.00120769384551988
0.730000000000001	0.00142601753671028
0.750000000000001	0.00170198511824132
0.770000000000001	0.0020570741196347
0.790000000000001	0.00252363091687227
0.810000000000001	0.00315215417962798
0.830000000000001	0.00402495264140556
0.850000000000001	0.00528343083601194
0.870000000000001	0.00718703617386189
0.890000000000001	0.0102539017712855
0.910000000000001	0.0156433280460959
0.930000000000001	0.0264034398301819
0.950000000000001	0.0528276570490472
0.970000000000001	0.149761136477369
0.990000000000001	1.37499332065728
