# Program settings for SigmaNu
# Electroweak scheme and input parameters
# Scheme = Complex mass scheme
# alpha_GF = 0.00755898078237864
# Pole masses/widths for particles [GeV]
# mw = 80.35797361
# gw = 2.084298894
# mz = 91.15348062
# gz = 2.494266379
# s^2_thetaw (derived) = (0.222868505240788,-0.00110716741475141)
# charged leptons
# m_e = 0.0005109989461
# m_m = 0.10565837
# m_t = 1.77686
# quarks
# m_d = 0.05
# m_u = 0.05
# m_s = 0.2
# m_c = 1.51
# m_b = 4.92
# m_t = 173
# Ecms (default) = 0.0089924

# channel_id = 6
# process  = nu_e nu_mu~ -> nu_e nu_mu~
-0.99	8.52186715884835e-12
-0.97	7.6696804444552e-11
-0.95	2.13046679054081e-10
-0.93	4.17571491027216e-10
-0.91	6.90271240403734e-10
-0.89	1.03114592722341e-09
-0.87	1.44019555152604e-09
-0.85	1.91742011335138e-09
-0.83	2.46281961273923e-09
-0.81	3.07639404972935e-09
-0.79	3.75814342436153e-09
-0.77	4.50806773667555e-09
-0.75	5.32616698671119e-09
-0.73	6.21244117450822e-09
-0.71	7.16689030010643e-09
-0.69	8.1895143635456e-09
-0.67	9.2803133648655e-09
-0.65	1.04392873041059e-08
-0.63	1.16664361813066e-08
-0.61	1.29617599965074e-08
-0.59	1.4325258749748e-08
-0.57	1.57569324410683e-08
-0.55	1.72567810705079e-08
-0.53	1.88248046381068e-08
-0.51	2.04610031439046e-08
-0.49	2.21653765879412e-08
-0.47	2.39379249702562e-08
-0.45	2.57786482908897e-08
-0.429999999999999	2.76875465498811e-08
-0.409999999999999	2.96646197472705e-08
-0.389999999999999	3.17098678830974e-08
-0.369999999999999	3.38232909574018e-08
-0.349999999999999	3.60048889702235e-08
-0.329999999999999	3.8254661921602e-08
-0.309999999999999	4.05726098115774e-08
-0.289999999999999	4.29587326401892e-08
-0.269999999999999	4.54130304074775e-08
-0.249999999999999	4.79355031134818e-08
-0.229999999999999	5.05261507582419e-08
-0.209999999999999	5.31849733417977e-08
-0.189999999999999	5.5911970864189e-08
-0.169999999999999	5.87071433254554e-08
-0.149999999999999	6.15704907256369e-08
-0.129999999999999	6.45020130647732e-08
-0.109999999999999	6.75017103429039e-08
-0.0899999999999994	7.0569582560069e-08
-0.0699999999999994	7.37056297163082e-08
-0.0499999999999994	7.69098518116614e-08
-0.0299999999999994	8.01822488461681e-08
-0.00999999999999938	8.35228208198683e-08
0.0100000000000006	8.69315677328018e-08
0.0300000000000006	9.04084895850083e-08
0.0500000000000006	9.39535863765275e-08
0.0700000000000006	9.75668581073993e-08
0.0900000000000006	1.01248304777663e-07
0.110000000000001	1.0499792638736e-07
0.130000000000001	1.08815722936528e-07
0.150000000000001	1.12701694425208e-07
0.170000000000001	1.16655840853439e-07
0.190000000000001	1.20678162221261e-07
0.210000000000001	1.24768658528715e-07
0.230000000000001	1.28927329775839e-07
0.250000000000001	1.33154175962674e-07
0.270000000000001	1.3744919708926e-07
0.290000000000001	1.41812393155635e-07
0.310000000000001	1.4624376416184e-07
0.330000000000001	1.50743310107915e-07
0.350000000000001	1.553110309939e-07
0.370000000000001	1.59946926819834e-07
0.390000000000001	1.64650997585756e-07
0.410000000000001	1.69423243291708e-07
0.430000000000001	1.74263663937728e-07
0.450000000000001	1.79172259523857e-07
0.470000000000001	1.84149030050133e-07
0.490000000000001	1.89193975516598e-07
0.510000000000001	1.9430709592329e-07
0.530000000000001	1.9948839127025e-07
0.550000000000001	2.04737861557517e-07
0.570000000000001	2.10055506785131e-07
0.590000000000001	2.15441326953132e-07
0.610000000000001	2.2089532206156e-07
0.630000000000001	2.26417492110453e-07
0.650000000000001	2.32007837099854e-07
0.670000000000001	2.37666357029799e-07
0.690000000000001	2.43393051900331e-07
0.710000000000001	2.49187921711488e-07
0.730000000000001	2.55050966463311e-07
0.750000000000001	2.60982186155839e-07
0.770000000000001	2.66981580789111e-07
0.790000000000001	2.73049150363168e-07
0.810000000000001	2.79184894878049e-07
0.830000000000001	2.85388814333795e-07
0.850000000000001	2.91660908730444e-07
0.870000000000001	2.98001178068038e-07
0.890000000000001	3.04409622346614e-07
0.910000000000001	3.10886241566214e-07
0.930000000000001	3.17431035726877e-07
0.950000000000001	3.24044004828643e-07
0.970000000000001	3.30725148871552e-07
0.990000000000001	3.37474467855643e-07
