# Program settings for SigmaNu
# Electroweak scheme and input parameters
# Scheme = Complex mass scheme
# alpha_GF = 0.00755898078237864
# Pole masses/widths for particles [GeV]
# mw = 80.35797361
# gw = 2.084298894
# mz = 91.15348062
# gz = 2.494266379
# s^2_thetaw (derived) = (0.222868505240788,-0.00110716741475141)
# charged leptons
# m_e = 0.0005109989461
# m_m = 0.10565837
# m_t = 1.77686
# quarks
# m_d = 0.05
# m_u = 0.05
# m_s = 0.2
# m_c = 1.51
# m_b = 4.92
# m_t = 173
# Ecms (default) = 2524880

# channel_id = 6
# process  = nu_e nu_mu~ -> nu_e nu_mu~
-0.99	1.15364973706479e-12
-0.97	1.05947370230254e-11
-0.95	3.0036609621991e-11
-0.93	6.00982168234141e-11
-0.91	1.01437469966057e-10
-0.89	1.54754001035012e-10
-0.87	2.20792143493955e-10
-0.85	3.00344155628937e-10
-0.83	3.94253708758526e-10
-0.81	5.03419664980981e-10
-0.79	6.28800171712543e-10
-0.77	7.71417103155853e-10
-0.75	9.32360882063044e-10
-0.73	1.11279571876865e-09
-0.71	1.31396530851402e-09
-0.69	1.53719903262572e-09
-0.67	1.78391871421227e-09
-0.65	2.05564598478346e-09
-0.63	2.35401032466235e-09
-0.61	2.68075784735448e-09
-0.59	3.03776090627856e-09
-0.57	3.42702861158432e-09
-0.55	3.85071835534415e-09
-0.53	4.31114845538704e-09
-0.51	4.81081204166028e-09
-0.49	5.35239232450253e-09
-0.47	5.93877940187969e-09
-0.45	6.57308878281157e-09
-0.429999999999999	7.25868182729549e-09
-0.409999999999999	7.99918832947881e-09
-0.389999999999999	8.79853150119088e-09
-0.369999999999999	9.66095564785917e-09
-0.349999999999999	1.05910568690656e-08
-0.329999999999999	1.15938171624475e-08
-0.309999999999999	1.26746423633799e-08
-0.289999999999999	1.38394044151708e-08
-0.269999999999999	1.50944885368627e-08
-0.249999999999999	1.64468459399933e-08
-0.229999999999999	1.79040528439875e-08
-0.209999999999999	1.94743766548555e-08
-0.189999999999999	2.11668503067117e-08
-0.169999999999999	2.29913559241204e-08
-0.149999999999999	2.49587191500432e-08
-0.129999999999999	2.70808157048479e-08
-0.109999999999999	2.93706920032998e-08
-0.0899999999999994	3.18427019671236e-08
-0.0699999999999994	3.45126625409296e-08
-0.0499999999999994	3.73980308618091e-08
-0.0299999999999994	4.05181065634893e-08
-0.00999999999999938	4.38942633342369e-08
0.0100000000000006	4.75502146181512e-08
0.0300000000000006	5.15123192827558e-08
0.0500000000000006	5.58099342104046e-08
0.0700000000000006	6.04758221556616e-08
0.0900000000000006	6.5546624907271e-08
0.110000000000001	7.10634138803993e-08
0.130000000000001	7.70723328434688e-08
0.150000000000001	8.36253506841613e-08
0.170000000000001	9.07811461095013e-08
0.190000000000001	9.86061511746935e-08
0.210000000000001	1.07175786831995e-07
0.230000000000001	1.16575931663212e-07
0.250000000000001	1.26904675110052e-07
0.270000000000001	1.38274419516922e-07
0.290000000000001	1.5081441205407e-07
0.310000000000001	1.6467380931926e-07
0.330000000000001	1.80025405795737e-07
0.350000000000001	1.97070194676125e-07
0.370000000000001	2.16042979046426e-07
0.390000000000001	2.37219317549114e-07
0.410000000000001	2.60924177764573e-07
0.430000000000001	2.87542791759437e-07
0.450000000000001	3.1753437470413e-07
0.470000000000001	3.51449598417431e-07
0.490000000000001	3.8995303569578e-07
0.510000000000001	4.33852251205412e-07
0.530000000000001	4.84135875892091e-07
0.550000000000001	5.42023965402657e-07
0.570000000000001	6.09035367992526e-07
0.590000000000001	6.87078968629844e-07
0.610000000000001	7.78578949685314e-07
0.630000000000001	8.86649308994879e-07
0.650000000000001	1.0153409884674e-06
0.670000000000001	1.16999816622557e-06
0.690000000000001	1.35778228971978e-06
0.710000000000001	1.58846021763583e-06
0.730000000000001	1.87561974046036e-06
0.750000000000001	2.23859843781916e-06
0.770000000000001	2.70564601409124e-06
0.790000000000001	3.31930826328167e-06
0.810000000000001	4.14600728918697e-06
0.830000000000001	5.29400623885459e-06
0.850000000000001	6.94929981580089e-06
0.870000000000001	9.45315146301248e-06
0.890000000000001	1.34870927095588e-05
0.910000000000001	2.05760409630724e-05
0.930000000000001	3.47295080128523e-05
0.950000000000001	6.94879171408595e-05
0.970000000000001	0.000197001708587995
0.990000000000001	0.00180919780341265
