# Program settings for SigmaNu
# Electroweak scheme and input parameters
# Scheme = Complex mass scheme
# alpha_GF = 0.00755898078237864
# Pole masses/widths for particles [GeV]
# mw = 80.35797361
# gw = 2.084298894
# mz = 91.15348062
# gz = 2.494266379
# s^2_thetaw (derived) = (0.222868505240788,-0.00110716741475141)
# charged leptons
# m_e = 0.0005109989461
# m_m = 0.10565837
# m_t = 1.77686
# quarks
# m_d = 0.05
# m_u = 0.05
# m_s = 0.2
# m_c = 1.51
# m_b = 4.92
# m_t = 173
# Ecms (default) = 1.53245e-08

# channel_id = 6
# process  = nu_e nu_mu~ -> nu_e nu_mu~
-0.99	2.47489148525725e-23
-0.97	2.22740233673155e-22
-0.95	6.18722871314321e-22
-0.93	1.21269682777607e-21
-0.91	2.0046621030584e-21
-0.89	2.99461869716132e-21
-0.87	4.18256661008482e-21
-0.85	5.5685058418289e-21
-0.83	7.15243639239357e-21
-0.81	8.93435826177882e-21
-0.79	1.09142714499846e-20
-0.77	1.30921759570111e-20
-0.75	1.54680717828581e-20
-0.73	1.80419589275257e-20
-0.71	2.08138373910138e-20
-0.69	2.37837071733226e-20
-0.67	2.69515682744519e-20
-0.65	3.03174206944018e-20
-0.63	3.38812644331723e-20
-0.61	3.76430994907634e-20
-0.59	4.16029258671751e-20
-0.57	4.57607435624073e-20
-0.55	5.01165525764602e-20
-0.53	5.46703529093336e-20
-0.51	5.94221445610276e-20
-0.49	6.43719275315422e-20
-0.47	6.95197018208773e-20
-0.45	7.48654674290331e-20
-0.429999999999999	8.04092243560094e-20
-0.409999999999999	8.61509726018064e-20
-0.389999999999999	9.20907121664239e-20
-0.369999999999999	9.82284430498619e-20
-0.349999999999999	1.04564165252121e-19
-0.329999999999999	1.110978787732e-19
-0.309999999999999	1.178295836131e-19
-0.289999999999999	1.2475927977182e-19
-0.269999999999999	1.31886967249361e-19
-0.249999999999999	1.39212646045723e-19
-0.229999999999999	1.46736316160905e-19
-0.209999999999999	1.54457977594908e-19
-0.189999999999999	1.62377630347731e-19
-0.169999999999999	1.70495274419375e-19
-0.149999999999999	1.78810909809839e-19
-0.129999999999999	1.87324536519124e-19
-0.109999999999999	1.9603615454723e-19
-0.0899999999999994	2.04945763894156e-19
-0.0699999999999994	2.14053364559903e-19
-0.0499999999999994	2.23358956544471e-19
-0.0299999999999994	2.32862539847859e-19
-0.00999999999999938	2.42564114470067e-19
0.0100000000000006	2.52463680411096e-19
0.0300000000000006	2.62561237670946e-19
0.0500000000000006	2.72856786249616e-19
0.0700000000000006	2.83350326147107e-19
0.0900000000000006	2.94041857363419e-19
0.110000000000001	3.04931379898551e-19
0.130000000000001	3.16018893752504e-19
0.150000000000001	3.27304398925277e-19
0.170000000000001	3.38787895416871e-19
0.190000000000001	3.50469383227285e-19
0.210000000000001	3.6234886235652e-19
0.230000000000001	3.74426332804576e-19
0.250000000000001	3.86701794571452e-19
0.270000000000001	3.99175247657148e-19
0.290000000000001	4.11846692061666e-19
0.310000000000001	4.24716127785004e-19
0.330000000000001	4.37783554827162e-19
0.350000000000001	4.51048973188141e-19
0.370000000000001	4.64512382867941e-19
0.390000000000001	4.78173783866561e-19
0.410000000000001	4.92033176184002e-19
0.430000000000001	5.06090559820263e-19
0.450000000000001	5.20345934775345e-19
0.470000000000001	5.34799301049248e-19
0.490000000000001	5.49450658641971e-19
0.510000000000001	5.64300007553515e-19
0.530000000000001	5.79347347783879e-19
0.550000000000001	5.94592679333064e-19
0.570000000000001	6.1003600220107e-19
0.590000000000001	6.25677316387896e-19
0.610000000000001	6.41516621893542e-19
0.630000000000001	6.5755391871801e-19
0.650000000000001	6.73789206861297e-19
0.670000000000001	6.90222486323406e-19
0.690000000000001	7.06853757104335e-19
0.710000000000001	7.23683019204084e-19
0.730000000000001	7.40710272622655e-19
0.750000000000001	7.57935517360045e-19
0.770000000000001	7.75358753416257e-19
0.790000000000001	7.92979980791289e-19
0.810000000000001	8.10799199485141e-19
0.830000000000001	8.28816409497814e-19
0.850000000000001	8.47031610829308e-19
0.870000000000001	8.65444803479622e-19
0.890000000000001	8.84055987448757e-19
0.910000000000001	9.02865162736712e-19
0.930000000000001	9.21872329343488e-19
0.950000000000001	9.41077487269085e-19
0.970000000000001	9.60480636513502e-19
0.990000000000001	9.8008177707674e-19
