# Program settings for SigmaNu
# Electroweak scheme and input parameters
# Scheme = Complex mass scheme
# alpha_GF = 0.00755898078237864
# Pole masses/widths for particles [GeV]
# mw = 80.35797361
# gw = 2.084298894
# mz = 91.15348062
# gz = 2.494266379
# s^2_thetaw (derived) = (0.222868505240788,-0.00110716741475141)
# charged leptons
# m_e = 0.0005109989461
# m_m = 0.10565837
# m_t = 1.77686
# quarks
# m_d = 0.05
# m_u = 0.05
# m_s = 0.2
# m_c = 1.51
# m_b = 4.92
# m_t = 173
# Ecms (default) = 262384

# channel_id = 6
# process  = nu_e nu_mu~ -> nu_e nu_mu~
-0.99	1.06826907080713e-10
-0.97	9.8106292437214e-10
-0.95	2.78136247616795e-09
-0.93	5.56503969111964e-09
-0.91	9.39301654696261e-09
-0.89	1.43300783139706e-08
-0.87	2.04451495771783e-08
-0.85	2.78115927149384e-08
-0.83	3.65075309038457e-08
-0.81	4.6616197934511e-08
-0.79	5.82263173618849e-08
-0.77	7.14325137809749e-08
-0.75	8.63357593174792e-08
-0.73	1.03043858757201e-07
-0.71	1.2167197711281e-07
-0.69	1.42343213846987e-07
-0.67	1.65189228443436e-07
-0.65	1.90350922548718e-07
-0.63	2.17979184506636e-07
-0.61	2.48235702782322e-07
-0.59	2.81293855536196e-07
-0.57	3.17339684471107e-07
-0.55	3.56572962053874e-07
-0.53	3.99208362322021e-07
-0.51	4.45476746747358e-07
-0.49	4.95626578063165e-07
-0.47	5.49925476597842e-07
-0.45	6.08661935526095e-07
-0.429999999999999	6.72147213585853e-07
-0.409999999999999	7.40717426257896e-07
-0.389999999999999	8.14735859216377e-07
-0.369999999999999	8.94595531091429e-07
-0.349999999999999	9.80722036310437e-07
-0.329999999999999	1.07357670308558e-06
-0.309999999999999	1.17366010659096e-06
-0.289999999999999	1.28151598314076e-06
-0.269999999999999	1.39773559788089e-06
-0.249999999999999	1.52296262630862e-06
-0.229999999999999	1.6578986190391e-06
-0.209999999999999	1.80330912988679e-06
-0.189999999999999	1.96003059981574e-06
-0.169999999999999	2.12897810398895e-06
-0.149999999999999	2.31115408644165e-06
-0.129999999999999	2.50765822733821e-06
-0.109999999999999	2.71969861198391e-06
-0.0899999999999994	2.94860439952976e-06
-0.0699999999999994	3.19584022358976e-06
-0.0499999999999994	3.4630225979653e-06
-0.0299999999999994	3.75193864980386e-06
-0.00999999999999938	4.06456756162428e-06
0.0100000000000006	4.40310517498438e-06
0.0300000000000006	4.76999229498583e-06
0.0500000000000006	5.16794733987513e-06
0.0700000000000006	5.60000410821532e-06
0.0900000000000006	6.06955559319373e-06
0.110000000000001	6.58040496689081e-06
0.130000000000001	7.13682509611372e-06
0.150000000000001	7.74362824773954e-06
0.170000000000001	8.40624801101236e-06
0.190000000000001	9.13083592721165e-06
0.210000000000001	9.92437590016773e-06
0.230000000000001	1.07948201993269e-05
0.250000000000001	1.17512518070066e-05
0.270000000000001	1.28040790652997e-05
0.290000000000001	1.39652701294223e-05
0.310000000000001	1.5248636746503e-05
0.330000000000001	1.66701795067198e-05
0.350000000000001	1.82485101705877e-05
0.370000000000001	2.00053712584002e-05
0.390000000000001	2.19662792109133e-05
0.410000000000001	2.41613256827868e-05
0.430000000000001	2.66261827541296e-05
0.450000000000001	2.94033732589137e-05
0.470000000000001	3.25438888152088e-05
0.490000000000001	3.61092681441815e-05
0.510000000000001	4.01742908528401e-05
0.530000000000001	4.48305030796241e-05
0.550000000000001	5.01908806244384e-05
0.570000000000001	5.63960671360042e-05
0.590000000000001	6.36228232050447e-05
0.610000000000001	7.20956253500198e-05
0.630000000000001	8.21028261719776e-05
0.650000000000001	9.4019538150601e-05
0.670000000000001	0.0001083406258377
0.690000000000001	0.000125729230636584
0.710000000000001	0.000147089751688886
0.730000000000001	0.000173680401417711
0.750000000000001	0.000207291815016083
0.770000000000001	0.000250539878173976
0.790000000000001	0.000307364274235219
0.810000000000001	0.000383915597858754
0.830000000000001	0.000490218860582828
0.850000000000001	0.000643496892124823
0.870000000000001	0.000875350145919446
0.890000000000001	0.00124888728720746
0.910000000000001	0.00190531286039012
0.930000000000001	0.00321589940722587
0.950000000000001	0.00643445745502015
0.970000000000001	0.0182418914472082
0.990000000000001	0.167522096643022
