# Program settings for SigmaNu
# Electroweak scheme and input parameters
# Scheme = Complex mass scheme
# alpha_GF = 0.00755898078237864
# Pole masses/widths for particles [GeV]
# mw = 80.35797361
# gw = 2.084298894
# mz = 91.15348062
# gz = 2.494266379
# s^2_thetaw (derived) = (0.222868505240788,-0.00110716741475141)
# charged leptons
# m_e = 0.0005109989461
# m_m = 0.10565837
# m_t = 1.77686
# quarks
# m_d = 0.05
# m_u = 0.05
# m_s = 0.2
# m_c = 1.51
# m_b = 4.92
# m_t = 173
# Ecms (default) = 635826

# channel_id = 6
# process  = nu_e nu_mu~ -> nu_e nu_mu~
-0.99	1.81919340581474e-11
-0.97	1.67068695998632e-10
-0.95	4.73648113100719e-10
-0.93	9.47690413322806e-10
-0.91	1.59957021821221e-09
-0.89	2.44032004329388e-09
-0.87	3.48167730289214e-09
-0.85	4.73613513912341e-09
-0.83	6.21699742757282e-09
-0.81	7.93843834868824e-09
-0.79	9.91556695466116e-09
-0.77	1.2164497207058e-08
-0.75	1.47024240113276e-08
-0.73	1.75477058312475e-08
-0.71	2.07199545301805e-08
-0.69	2.42401331576176e-08
-0.67	2.8130662479935e-08
-0.65	3.24155371448046e-08
-0.63	3.71204524706585e-08
-0.61	4.22729429676342e-08
-0.59	4.79025338263576e-08
-0.57	5.40409067579161e-08
-0.55	6.07220817348998e-08
-0.53	6.7982616372345e-08
-0.51	7.58618249021277e-08
-0.49	8.44020189387517e-08
-0.47	9.3648772513082e-08
-0.45	1.03651214168732e-07
-0.429999999999999	1.14462349279739e-07
-0.409999999999999	1.2613941616519e-07
-0.389999999999999	1.38744280055164e-07
-0.369999999999999	1.52343869512967e-07
-0.349999999999999	1.67010660552971e-07
-0.329999999999999	1.82823214425893e-07
-0.309999999999999	1.99866775890611e-07
-0.289999999999999	2.18233939773924e-07
-0.269999999999999	2.38025394760808e-07
-0.249999999999999	2.59350754686337e-07
-0.229999999999999	2.8232948915087e-07
-0.209999999999999	3.07091967093605e-07
-0.189999999999999	3.33780629085835e-07
-0.169999999999999	3.62551306604554e-07
-0.149999999999999	3.93574709492211e-07
-0.129999999999999	4.27038106288347e-07
-0.109999999999999	4.63147226241912e-07
-0.0899999999999994	5.02128416711913e-07
-0.0699999999999994	5.44231095501886e-07
-0.0499999999999994	5.89730544651567e-07
-0.0299999999999994	6.38931100576055e-07
-0.00999999999999938	6.92169805508022e-07
0.0100000000000006	7.49820597347848e-07
0.0300000000000006	8.12299129743258e-07
0.0500000000000006	8.80068332111701e-07
0.0700000000000006	9.53644841153148e-07
0.0900000000000006	1.03360646215251e-06
0.110000000000001	1.12060085128181e-06
0.130000000000001	1.21535565077487e-06
0.150000000000001	1.31869035931215e-06
0.170000000000001	1.43153028287719e-06
0.190000000000001	1.55492299018721e-06
0.210000000000001	1.69005779609204e-06
0.230000000000001	1.83828892205082e-06
0.250000000000001	2.00116314286172e-06
0.270000000000001	2.18045293382297e-06
0.290000000000001	2.3781963966863e-06
0.310000000000001	2.59674558543004e-06
0.330000000000001	2.83882530039615e-06
0.350000000000001	3.10760500802375e-06
0.370000000000001	3.40678732373338e-06
0.390000000000001	3.74071753824005e-06
0.410000000000001	4.1145200729127e-06
0.430000000000001	4.53426966114851e-06
0.450000000000001	5.00720767754401e-06
0.470000000000001	5.54201767858542e-06
0.490000000000001	6.14917932774205e-06
0.510000000000001	6.84142713033795e-06
0.530000000000001	7.63435082968437e-06
0.550000000000001	8.54718951002452e-06
0.570000000000001	9.60389392237441e-06
0.590000000000001	1.0834565314536e-05
0.610000000000001	1.2277430669243e-05
0.630000000000001	1.39815946826523e-05
0.650000000000001	1.60109367397069e-05
0.670000000000001	1.8449729290969e-05
0.690000000000001	2.1410901339376e-05
0.710000000000001	2.50484666623245e-05
0.730000000000001	2.95766913735148e-05
0.750000000000001	3.53005101011735e-05
0.770000000000001	4.26653928990188e-05
0.790000000000001	5.23422450509203e-05
0.810000000000001	6.53784776600916e-05
0.830000000000001	8.34812936823633e-05
0.850000000000001	0.000109583645655206
0.870000000000001	0.000149066919818972
0.890000000000001	0.000212678190853822
0.910000000000001	0.000324463884137021
0.930000000000001	0.000547649974541532
0.950000000000001	0.00109575520895304
0.970000000000001	0.00310651744397102
0.990000000000001	0.0285290707697742
