# Program settings for SigmaNu
# Electroweak scheme and input parameters
# Scheme = Complex mass scheme
# alpha_GF = 0.00755898078237864
# Pole masses/widths for particles [GeV]
# mw = 80.35797361
# gw = 2.084298894
# mz = 91.15348062
# gz = 2.494266379
# s^2_thetaw (derived) = (0.222868505240788,-0.00110716741475141)
# charged leptons
# m_e = 0.0005109989461
# m_m = 0.10565837
# m_t = 1.77686
# quarks
# m_d = 0.05
# m_u = 0.05
# m_s = 0.2
# m_c = 1.51
# m_b = 4.92
# m_t = 173
# Ecms (default) = 9.3363e-06

# channel_id = 6
# process  = nu_e nu_mu~ -> nu_e nu_mu~
-0.99	9.18614150565409e-18
-0.97	8.26752735508862e-17
-0.95	2.29653537641349e-16
-0.93	4.50120933777044e-16
-0.91	7.44077461957971e-16
-0.89	1.11152312218413e-15
-0.87	1.55245791445552e-15
-0.85	2.06688183877214e-15
-0.83	2.654794895134e-15
-0.81	3.31619708354108e-15
-0.79	4.0510884039934e-15
-0.77	4.85946885649095e-15
-0.75	5.74133844103373e-15
-0.73	6.69669715762175e-15
-0.71	7.725545006255e-15
-0.69	8.82788198693348e-15
-0.67	1.00037080996572e-14
-0.65	1.12530233444261e-14
-0.63	1.25758277212403e-14
-0.61	1.39721212300997e-14
-0.59	1.54419038710044e-14
-0.57	1.69851756439542e-14
-0.55	1.86019365489493e-14
-0.53	2.02921865859897e-14
-0.51	2.20559257550752e-14
-0.49	2.3893154056206e-14
-0.47	2.58038714893821e-14
-0.45	2.77880780546034e-14
-0.429999999999999	2.98457737518699e-14
-0.409999999999999	3.19769585811816e-14
-0.389999999999999	3.41816325425386e-14
-0.369999999999999	3.64597956359408e-14
-0.349999999999999	3.88114478613882e-14
-0.329999999999999	4.12365892188809e-14
-0.309999999999999	4.37352197084188e-14
-0.289999999999999	4.63073393300019e-14
-0.269999999999999	4.89529480836303e-14
-0.249999999999999	5.16720459693039e-14
-0.229999999999999	5.44646329870227e-14
-0.209999999999999	5.73307091367867e-14
-0.189999999999999	6.0270274418596e-14
-0.169999999999999	6.32833288324506e-14
-0.149999999999999	6.63698723783503e-14
-0.129999999999999	6.95299050562953e-14
-0.109999999999999	7.27634268662856e-14
-0.0899999999999994	7.6070437808321e-14
-0.0699999999999994	7.94509378824017e-14
-0.0499999999999994	8.29049270885277e-14
-0.0299999999999994	8.64324054266988e-14
-0.00999999999999938	9.00333728969152e-14
0.0100000000000006	9.37078294991769e-14
0.0300000000000006	9.74557752334837e-14
0.0500000000000006	1.01277210099836e-13
0.0700000000000006	1.05172134098233e-13
0.0900000000000006	1.09140547228676e-13
0.110000000000001	1.13182449491164e-13
0.130000000000001	1.17297840885697e-13
0.150000000000001	1.21486721412275e-13
0.170000000000001	1.25749091070898e-13
0.190000000000001	1.30084949861567e-13
0.210000000000001	1.34494297784281e-13
0.230000000000001	1.3897713483904e-13
0.250000000000001	1.43533461025845e-13
0.270000000000001	1.48163276344694e-13
0.290000000000001	1.52866580795589e-13
0.310000000000001	1.57643374378529e-13
0.330000000000001	1.62493657093515e-13
0.350000000000001	1.67417428940545e-13
0.370000000000001	1.72414689919621e-13
0.390000000000001	1.77485440030742e-13
0.410000000000001	1.82629679273909e-13
0.430000000000001	1.8784740764912e-13
0.450000000000001	1.93138625156377e-13
0.470000000000001	1.98503331795679e-13
0.490000000000001	2.03941527567026e-13
0.510000000000001	2.09453212470419e-13
0.530000000000001	2.15038386505857e-13
0.550000000000001	2.20697049673339e-13
0.570000000000001	2.26429201972868e-13
0.590000000000001	2.32234843404441e-13
0.610000000000001	2.3811397396806e-13
0.630000000000001	2.44066593663724e-13
0.650000000000001	2.50092702491433e-13
0.670000000000001	2.56192300451187e-13
0.690000000000001	2.62365387542987e-13
0.710000000000001	2.68611963766832e-13
0.730000000000001	2.74932029122722e-13
0.750000000000001	2.81325583610657e-13
0.770000000000001	2.87792627230638e-13
0.790000000000001	2.94333159982663e-13
0.810000000000001	3.00947181866734e-13
0.830000000000001	3.07634692882851e-13
0.850000000000001	3.14395693031012e-13
0.870000000000001	3.21230182311219e-13
0.890000000000001	3.28138160723471e-13
0.910000000000001	3.35119628267768e-13
0.930000000000001	3.42174584944111e-13
0.950000000000001	3.49303030752498e-13
0.970000000000001	3.56504965692931e-13
0.990000000000001	3.63780389765409e-13
