# Program settings for SigmaNu
# Electroweak scheme and input parameters
# Scheme = Complex mass scheme
# alpha_GF = 0.00755898078237864
# Pole masses/widths for particles [GeV]
# mw = 80.35797361
# gw = 2.084298894
# mz = 91.15348062
# gz = 2.494266379
# s^2_thetaw (derived) = (0.222868505240788,-0.00110716741475141)
# charged leptons
# m_e = 0.0005109989461
# m_m = 0.10565837
# m_t = 1.77686
# quarks
# m_d = 0.05
# m_u = 0.05
# m_s = 0.2
# m_c = 1.51
# m_b = 4.92
# m_t = 173
# Ecms (default) = 273398

# channel_id = 6
# process  = nu_e nu_mu~ -> nu_e nu_mu~
-0.99	9.83931112670599e-11
-0.97	9.03609737793607e-10
-0.95	2.56177881750679e-09
-0.93	5.12568963029379e-09
-0.91	8.6514544718752e-09
-0.89	1.31987439304566e-08
-0.87	1.88310411174919e-08
-0.85	2.56159165818938e-08
-0.83	3.36253258142987e-08
-0.81	4.29359314455138e-08
-0.79	5.36294524636038e-08
-0.77	6.57930430201292e-08
-0.75	7.95197036711476e-08
-0.73	9.49087282065335e-08
-0.71	1.12066189566292e-07
-0.69	1.31105468729823e-07
-0.67	1.52147830899227e-07
-0.65	1.75323053787268e-07
-0.63	2.00770113372117e-07
-0.61	2.2863793310307e-07
-0.59	2.59086203244253e-07
-0.57	2.92286277838282e-07
-0.55	3.28422157672602e-07
-0.53	3.67691568653141e-07
-0.51	4.10307146151287e-07
-0.49	4.5649773721198e-07
-0.47	5.06509834017632e-07
-0.45	5.60609153723347e-07
-0.429999999999999	6.19082381747263e-07
-0.409999999999999	6.82239097855353e-07
-0.389999999999999	7.50413906969217e-07
-0.369999999999999	8.23968799603248e-07
-0.349999999999999	9.03295770268748e-07
-0.329999999999999	9.88819726144103e-07
-0.309999999999999	1.08100172289298e-06
-0.289999999999999	1.18034256982523e-06
-0.269999999999999	1.28738685276727e-06
-0.249999999999999	1.40272743019467e-06
-0.229999999999999	1.52701046656526e-06
-0.209999999999999	1.66094107659983e-06
-0.189999999999999	1.80528966575705e-06
-0.169999999999999	1.96089906566756e-06
-0.149999999999999	2.12869257922071e-06
-0.129999999999999	2.30968306881973e-06
-0.109999999999999	2.50498324362046e-06
-0.0899999999999994	2.71581732806531e-06
-0.0699999999999994	2.94353432559822e-06
-0.0499999999999994	3.18962312918736e-06
-0.0299999999999994	3.45572977553554e-06
-0.00999999999999938	3.7436771942972e-06
0.0100000000000006	4.05548786933189e-06
0.0300000000000006	4.39340990862104e-06
0.0500000000000006	4.7599471162433e-06
0.0700000000000006	5.1578937778983e-06
0.0900000000000006	5.59037501615624e-06
0.110000000000001	6.06089374961356e-06
0.130000000000001	6.57338551006259e-06
0.150000000000001	7.13228264472798e-06
0.170000000000001	7.74258977095187e-06
0.190000000000001	8.40997277713094e-06
0.210000000000001	9.1408642007366e-06
0.230000000000001	9.94258849419405e-06
0.250000000000001	1.08235115551276e-05
0.270000000000001	1.17932200062596e-05
0.290000000000001	1.28627371391106e-05
0.310000000000001	1.40447842889916e-05
0.330000000000001	1.53540988292206e-05
0.350000000000001	1.68078231564762e-05
0.370000000000001	1.8425983259647e-05
0.390000000000001	2.0232081104213e-05
0.410000000000001	2.22538326651118e-05
0.430000000000001	2.45240937787727e-05
0.450000000000001	2.70820301815632e-05
0.470000000000001	2.99746077996832e-05
0.490000000000001	3.32585069889354e-05
0.510000000000001	3.70026036486031e-05
0.530000000000001	4.12912165242634e-05
0.550000000000001	4.62284021929329e-05
0.570000000000001	5.19437007579354e-05
0.590000000000001	5.85999179030852e-05
0.610000000000001	6.6403808161846e-05
0.630000000000001	7.56209592607081e-05
0.650000000000001	8.65968692862577e-05
0.670000000000001	9.97873342128989e-05
0.690000000000001	0.000115803141751671
0.710000000000001	0.000135477290549143
0.730000000000001	0.00015996865970916
0.750000000000001	0.000190926517445797
0.770000000000001	0.000230760230699274
0.790000000000001	0.000283098453098726
0.810000000000001	0.000353606203001577
0.830000000000001	0.000451517039130693
0.850000000000001	0.000592694087212063
0.870000000000001	0.000806243017420244
0.890000000000001	0.00115029021611836
0.910000000000001	0.00175489248161114
0.930000000000001	0.00296201137960902
0.950000000000001	0.00592647279680244
0.970000000000001	0.0168017473295901
0.990000000000001	0.154297107816836
