# Program settings for SigmaNu
# Electroweak scheme and input parameters
# Scheme = Complex mass scheme
# alpha_GF = 0.00755898078237864
# Pole masses/widths for particles [GeV]
# mw = 80.35797361
# gw = 2.084298894
# mz = 91.15348062
# gz = 2.494266379
# s^2_thetaw (derived) = (0.222868505240788,-0.00110716741475141)
# charged leptons
# m_e = 0.0005109989461
# m_m = 0.10565837
# m_t = 1.77686
# quarks
# m_d = 0.05
# m_u = 0.05
# m_s = 0.2
# m_c = 1.51
# m_b = 4.92
# m_t = 173
# Ecms (default) = 8.97176

# channel_id = 6
# process  = nu_e nu_mu~ -> nu_e nu_mu~
-0.99	8.32171370203684e-06
-0.97	7.4909787189625e-05
-0.95	0.000208122653312444
-0.93	0.000407998648788393
-0.91	0.000674576132392908
-0.89	0.00100789348497306
-0.87	0.00140798910946165
-0.85	0.00187490143089136
-0.83	0.00240866889640885
-0.81	0.00300932997528894
-0.79	0.00367692315894869
-0.77	0.00441148696096162
-0.75	0.00521305991707188
-0.73	0.00608168058520841
-0.71	0.00701738754549911
-0.69	0.00802021940028508
-0.67	0.00909021477413483
-0.65	0.0102274123138585
-0.63	0.011431850688522
-0.61	0.0127035685894614
-0.59	0.0140426047302972
-0.57	0.0154489978469483
-0.55	0.0169227866976466
-0.53	0.0184640100629513
-0.51	0.0200727067457627
-0.49	0.0217489155713372
-0.47	0.0234926753873011
-0.45	0.0253040250636652
-0.429999999999999	0.027183003492839
-0.409999999999999	0.0291296495896449
-0.389999999999999	0.031144002291333
-0.369999999999999	0.0332261005575951
-0.349999999999999	0.0353759833705792
-0.329999999999999	0.0375936897349037
-0.309999999999999	0.0398792586776721
-0.289999999999999	0.0422327292484873
-0.269999999999999	0.0446541405194659
-0.249999999999999	0.0471435315852527
-0.229999999999999	0.0497009415630353
-0.209999999999999	0.0523264095925582
-0.189999999999999	0.0550199748361375
-0.169999999999999	0.0577816764786754
-0.149999999999999	0.0606115537276746
-0.129999999999999	0.0635096458132527
-0.109999999999999	0.0664759919881569
-0.0899999999999994	0.0695106315277783
-0.0699999999999994	0.0726136037301667
-0.0499999999999994	0.0757849479160448
-0.0299999999999994	0.0790247034288228
-0.00999999999999938	0.0823329096346135
0.0100000000000006	0.085709605922246
0.0300000000000006	0.0891548317032808
0.0500000000000006	0.0926686264120244
0.0700000000000006	0.0962510295055436
0.0900000000000006	0.0999020804636805
0.110000000000001	0.103621818789067
0.130000000000001	0.107410284007138
0.150000000000001	0.111267515666149
0.170000000000001	0.11519355333719
0.190000000000001	0.119188436614196
0.210000000000001	0.123252205113967
0.230000000000001	0.127384898476181
0.250000000000001	0.131586556363408
0.270000000000001	0.135857218461123
0.290000000000001	0.140196924477727
0.310000000000001	0.144605714144552
0.330000000000001	0.149083627215887
0.350000000000001	0.153630703468981
0.370000000000001	0.158246982704069
0.390000000000001	0.162932504744378
0.410000000000001	0.167687309436146
0.430000000000001	0.172511436648637
0.450000000000001	0.177404926274154
0.470000000000001	0.182367818228054
0.490000000000001	0.187400152448765
0.510000000000001	0.192501968897798
0.530000000000001	0.197673307559764
0.550000000000001	0.202914208442385
0.570000000000001	0.208224711576518
0.590000000000001	0.213604857016157
0.610000000000001	0.219054684838458
0.630000000000001	0.224574235143751
0.650000000000001	0.230163548055552
0.670000000000001	0.235822663720582
0.690000000000001	0.24155162230878
0.710000000000001	0.247350464013317
0.730000000000001	0.253219229050614
0.750000000000001	0.259157957660353
0.770000000000001	0.265166690105496
0.790000000000001	0.271245466672296
0.810000000000001	0.277394327670315
0.830000000000001	0.283613313432439
0.850000000000001	0.28990246431489
0.870000000000001	0.296261820697244
0.890000000000001	0.302691422982446
0.910000000000001	0.309191311596821
0.930000000000001	0.315761526990097
0.950000000000001	0.32240210963541
0.970000000000001	0.329113100029328
0.990000000000001	0.33589453869186
