# Program settings for SigmaNu
# Electroweak scheme and input parameters
# Scheme = Complex mass scheme
# alpha_GF = 0.00755898078237864
# Pole masses/widths for particles [GeV]
# mw = 80.35797361
# gw = 2.084298894
# mz = 91.15348062
# gz = 2.494266379
# s^2_thetaw (derived) = (0.222868505240788,-0.00110716741475141)
# charged leptons
# m_e = 0.0005109989461
# m_m = 0.10565837
# m_t = 1.77686
# quarks
# m_d = 0.05
# m_u = 0.05
# m_s = 0.2
# m_c = 1.51
# m_b = 4.92
# m_t = 173
# Ecms (default) = 1869320

# channel_id = 6
# process  = nu_e nu_mu~ -> nu_e nu_mu~
-0.99	2.10469005931314e-12
-0.97	1.93287762970791e-11
-0.95	5.47980480149168e-11
-0.93	1.09641700993243e-10
-0.91	1.85060012411835e-10
-0.89	2.82329373566017e-10
-0.87	4.02807728023311e-10
-0.85	5.47940452212143e-10
-0.83	7.19266719226159e-10
-0.81	9.18426390852753e-10
-0.79	1.14716748754747e-09
-0.77	1.40735429133914e-09
-0.75	1.70097614253525e-09
-0.73	2.03015699768399e-09
-0.71	2.39716582363201e-09
-0.69	2.80442791080099e-09
-0.67	3.25453719811366e-09
-0.65	3.75026971247188e-09
-0.63	4.29459823748549e-09
-0.61	4.8907083394582e-09
-0.59	5.5420158936695e-09
-0.57	6.25218627099708e-09
-0.55	7.02515536419133e-09
-0.53	7.86515265497335e-09
-0.51	8.77672654796979e-09
-0.49	9.76477222577252e-09
-0.47	1.08345623116442e-08
-0.45	1.19917806631997e-08
-0.429999999999999	1.32425596624971e-08
-0.409999999999999	1.45935214162192e-08
-0.389999999999999	1.60518233350112e-08
-0.369999999999999	1.76252086247375e-08
-0.349999999999999	1.93220622958176e-08
-0.329999999999999	2.11514733815387e-08
-0.309999999999999	2.3123304154275e-08
-0.289999999999999	2.52482672421849e-08
-0.269999999999999	2.75380116809822e-08
-0.249999999999999	3.00052190890903e-08
-0.229999999999999	3.26637113338632e-08
-0.209999999999999	3.55285712663656e-08
-0.189999999999999	3.8616278348201e-08
-0.169999999999999	4.19448612830251e-08
-0.149999999999999	4.55340701061203e-08
-0.129999999999999	4.94055705880151e-08
-0.109999999999999	5.35831642851391e-08
-0.0899999999999994	5.8093038137276e-08
-0.0699999999999994	6.29640481869732e-08
-0.0499999999999994	6.82280428033669e-08
-0.0299999999999994	7.39202317608784e-08
-0.00999999999999938	8.00796086877239e-08
0.0100000000000006	8.67494358047803e-08
0.0300000000000006	9.39778015779757e-08
0.0500000000000006	1.01818263977328e-07
0.0700000000000006	1.10330594561856e-07
0.0900000000000006	1.19581641704571e-07
0.110000000000001	1.29646335079337e-07
0.130000000000001	1.40608858235803e-07
0.150000000000001	1.52564021927075e-07
0.170000000000001	1.6561887813465e-07
0.190000000000001	1.79894623856607e-07
0.210000000000001	1.95528855212391e-07
0.230000000000001	2.1267824696203e-07
0.250000000000001	2.31521751056198e-07
0.270000000000001	2.52264431551074e-07
0.290000000000001	2.75142083786248e-07
0.310000000000001	3.00426825368166e-07
0.330000000000001	3.28433898276546e-07
0.350000000000001	3.59529989518596e-07
0.370000000000001	3.94143468034205e-07
0.390000000000001	4.32777056191721e-07
0.410000000000001	4.76023616802828e-07
0.430000000000001	5.24585957716139e-07
0.450000000000001	5.79301859723362e-07
0.470000000000001	6.41175954861314e-07
0.490000000000001	7.11420673290484e-07
0.510000000000001	7.91509315998182e-07
0.530000000000001	8.83245516808617e-07
0.550000000000001	9.88855115039779e-07
0.570000000000001	1.11110905984501e-06
0.590000000000001	1.25348987369605e-06
0.610000000000001	1.4204201748818e-06
0.630000000000001	1.61758106393726e-06
0.650000000000001	1.85236297895038e-06
0.670000000000001	2.13451570611222e-06
0.690000000000001	2.47710441273798e-06
0.710000000000001	2.89794751381998e-06
0.730000000000001	3.42183423759999e-06
0.750000000000001	4.08404358504602e-06
0.770000000000001	4.93611361647377e-06
0.790000000000001	6.05566382341526e-06
0.810000000000001	7.56387304439016e-06
0.830000000000001	9.65825387832232e-06
0.850000000000001	1.26781304447159e-05
0.870000000000001	1.72460952916335e-05
0.890000000000001	2.46055175978186e-05
0.910000000000001	3.75384187324285e-05
0.930000000000001	6.3359652068634e-05
0.950000000000001	0.000126772027500725
0.970000000000001	0.000359404996080712
0.990000000000001	0.0033006543333991
