# Program settings for SigmaNu
# Electroweak scheme and input parameters
# Scheme = Complex mass scheme
# alpha_GF = 0.00755898078237864
# Pole masses/widths for particles [GeV]
# mw = 80.35797361
# gw = 2.084298894
# mz = 91.15348062
# gz = 2.494266379
# s^2_thetaw (derived) = (0.222868505240788,-0.00110716741475141)
# charged leptons
# m_e = 0.0005109989461
# m_m = 0.10565837
# m_t = 1.77686
# quarks
# m_d = 0.05
# m_u = 0.05
# m_s = 0.2
# m_c = 1.51
# m_b = 4.92
# m_t = 173
# Ecms (default) = 198226

# channel_id = 6
# process  = nu_e nu_mu~ -> nu_e nu_mu~
-0.99	1.87169050653509e-10
-0.97	1.71889855153464e-09
-0.95	4.87316338613084e-09
-0.93	9.75038235583294e-09
-0.91	1.64572954930201e-08
-0.89	2.51074116177303e-08
-0.87	3.58214919499198e-08
-0.85	4.87280730669509e-08
-0.83	6.39640328331659e-08
-0.81	8.16752033041348e-08
-0.79	1.02017035027296e-07
-0.77	1.25155317628758e-07
-0.75	1.51266962099351e-07
-0.73	1.80540850778791e-07
-0.71	2.13178761693347e-07
-0.69	2.4939637463909e-07
-0.67	2.89424367230532e-07
-0.65	3.33509610065726e-07
-0.63	3.81916471207889e-07
-0.61	4.34928241367107e-07
-0.59	4.92848692502438e-07
-0.57	5.56003784077124e-07
-0.55	6.24743532912932e-07
-0.53	6.99444064533695e-07
-0.51	7.80509866097287e-07
-0.49	8.68376263529664e-07
-0.47	9.63512148341153e-07
-0.45	1.06642298287848e-06
-0.429999999999999	1.17765411651032e-06
-0.409999999999999	1.29779444953483e-06
-0.389999999999999	1.4274804865227e-06
-0.369999999999999	1.56740082647419e-06
-0.349999999999999	1.71830114369537e-06
-0.329999999999999	1.88098972083479e-06
-0.309999999999999	2.0563436042395e-06
-0.289999999999999	2.24531546189553e-06
-0.269999999999999	2.44894123595868e-06
-0.249999999999999	2.66834869555133e-06
-0.229999999999999	2.90476701145222e-06
-0.209999999999999	3.15953749296468e-06
-0.189999999999999	3.43412564912494e-06
-0.169999999999999	3.7301347621257e-06
-0.149999999999999	4.04932119113226e-06
-0.129999999999999	4.39361166047156e-06
-0.109999999999999	4.76512282859493e-06
-0.0899999999999994	5.16618348461731e-06
-0.0699999999999994	5.59935977929893e-06
-0.0499999999999994	6.0674839691273e-06
-0.0299999999999994	6.57368723824113e-06
-0.00999999999999938	7.12143726649442e-06
0.0100000000000006	7.71458133695801e-06
0.0300000000000006	8.35739592756918e-06
0.0500000000000006	9.05464391571909e-06
0.0700000000000006	9.81164074921223e-06
0.0900000000000006	1.06343312122665e-05
0.110000000000001	1.15293787538277e-05
0.130000000000001	1.25042697638313e-05
0.150000000000001	1.35674357022546e-05
0.170000000000001	1.47283966331956e-05
0.190000000000001	1.5997930527376e-05
0.210000000000001	1.73882737180281e-05
0.230000000000001	1.89133591885562e-05
0.250000000000001	2.05891010171998e-05
0.270000000000001	2.2433735413111e-05
0.290000000000001	2.44682314963088e-05
0.310000000000001	2.67167884995052e-05
0.330000000000001	2.9207440674089e-05
0.350000000000001	3.19727972392894e-05
0.370000000000001	3.50509527418989e-05
0.390000000000001	3.84866139220261e-05
0.410000000000001	4.23325036392159e-05
0.430000000000001	4.66511220782432e-05
0.450000000000001	5.15169724593318e-05
0.470000000000001	5.70193959477113e-05
0.490000000000001	6.32662130231023e-05
0.510000000000001	7.0388443187064e-05
0.530000000000001	7.85464821552323e-05
0.550000000000001	8.79382720057514e-05
0.570000000000001	9.88102309433424e-05
0.590000000000001	0.000111472056731629
0.610000000000001	0.000126317048966133
0.630000000000001	0.000143850422845833
0.650000000000001	0.000164729403248923
0.670000000000001	0.000189821029446477
0.690000000000001	0.000220287174015798
0.710000000000001	0.000257712410590456
0.730000000000001	0.000304301219199781
0.750000000000001	0.00036319092274521
0.770000000000001	0.000438964741758678
0.790000000000001	0.000538525283737664
0.810000000000001	0.000672648827376793
0.830000000000001	0.000858899897366227
0.850000000000001	0.0011274540856228
0.870000000000001	0.00153367754053797
0.890000000000001	0.00218814084782147
0.910000000000001	0.00333824347678945
0.930000000000001	0.00563447771105231
0.950000000000001	0.0112735901547193
0.970000000000001	0.0319608317755694
0.990000000000001	0.293501141352507
