# Program settings for SigmaNu
# Electroweak scheme and input parameters
# Scheme = Complex mass scheme
# alpha_GF = 0.00755898078237864
# Pole masses/widths for particles [GeV]
# mw = 80.35797361
# gw = 2.084298894
# mz = 91.15348062
# gz = 2.494266379
# s^2_thetaw (derived) = (0.222868505240788,-0.00110716741475141)
# charged leptons
# m_e = 0.0005109989461
# m_m = 0.10565837
# m_t = 1.77686
# quarks
# m_d = 0.05
# m_u = 0.05
# m_s = 0.2
# m_c = 1.51
# m_b = 4.92
# m_t = 173
# Ecms (default) = 0.0355317

# channel_id = 6
# process  = nu_e nu_mu~ -> nu_e nu_mu~
-0.99	1.33050152472325e-10
-0.97	1.19745137588713e-09
-0.95	3.32625383200927e-09
-0.93	6.51945753053524e-09
-0.91	1.07770624811616e-08
-0.89	1.6099068693585e-08
-0.87	2.24854761775019e-08
-0.85	2.99362849426088e-08
-0.83	3.84514949986023e-08
-0.81	4.80311063551789e-08
-0.79	5.86751190220352e-08
-0.77	7.03835330088678e-08
-0.75	8.3156348325373e-08
-0.73	9.69935649812476e-08
-0.71	1.11895182986188e-07
-0.69	1.27861202349891e-07
-0.67	1.44891623082053e-07
-0.65	1.6298644519237e-07
-0.63	1.82145668690539e-07
-0.61	2.02369293586257e-07
-0.59	2.2365731988922e-07
-0.57	2.46009747609125e-07
-0.55	2.69426576755668e-07
-0.53	2.93907807338546e-07
-0.51	3.19453439367455e-07
-0.49	3.46063472852091e-07
-0.47	3.73737907802153e-07
-0.45	4.02476744227334e-07
-0.429999999999999	4.32279982137334e-07
-0.409999999999999	4.63147621541848e-07
-0.389999999999999	4.95079662450572e-07
-0.369999999999999	5.28076104873203e-07
-0.349999999999999	5.62136948819439e-07
-0.329999999999999	5.97262194298974e-07
-0.309999999999999	6.33451841321506e-07
-0.289999999999999	6.70705889896731e-07
-0.269999999999999	7.09024340034347e-07
-0.249999999999999	7.48407191744048e-07
-0.229999999999999	7.88854445035533e-07
-0.209999999999999	8.30366099918497e-07
-0.189999999999999	8.72942156402636e-07
-0.169999999999999	9.16582614497649e-07
-0.149999999999999	9.61287474213231e-07
-0.129999999999999	1.00705673555908e-06
-0.109999999999999	1.05389039854489e-06
-0.0899999999999994	1.10178846318036e-06
-0.0699999999999994	1.15075092947518e-06
-0.0499999999999994	1.20077779743906e-06
-0.0299999999999994	1.25186906708168e-06
-0.00999999999999938	1.30402473841275e-06
0.0100000000000006	1.35724481144196e-06
0.0300000000000006	1.41152928617901e-06
0.0500000000000006	1.46687816263359e-06
0.0700000000000006	1.52329144081541e-06
0.0900000000000006	1.58076912073415e-06
0.110000000000001	1.63931120239952e-06
0.130000000000001	1.6989176858212e-06
0.150000000000001	1.75958857100891e-06
0.170000000000001	1.82132385797233e-06
0.190000000000001	1.88412354672115e-06
0.210000000000001	1.94798763726509e-06
0.230000000000001	2.01291612961383e-06
0.250000000000001	2.07890902377707e-06
0.270000000000001	2.14596631976451e-06
0.290000000000001	2.21408801758583e-06
0.310000000000001	2.28327411725076e-06
0.330000000000001	2.35352461876896e-06
0.350000000000001	2.42483952215015e-06
0.370000000000001	2.49721882740402e-06
0.390000000000001	2.57066253454026e-06
0.410000000000001	2.64517064356858e-06
0.430000000000001	2.72074315449866e-06
0.450000000000001	2.79738006734021e-06
0.470000000000001	2.87508138210292e-06
0.490000000000001	2.9538470987965e-06
0.510000000000001	3.03367721743062e-06
0.530000000000001	3.114571738015e-06
0.550000000000001	3.19653066055933e-06
0.570000000000001	3.2795539850733e-06
0.590000000000001	3.36364171156661e-06
0.610000000000001	3.44879384004897e-06
0.630000000000001	3.53501037053005e-06
0.650000000000001	3.62229130301957e-06
0.670000000000001	3.71063663752721e-06
0.690000000000001	3.80004637406268e-06
0.710000000000001	3.89052051263567e-06
0.730000000000001	3.98205905325588e-06
0.750000000000001	4.074661995933e-06
0.770000000000001	4.16832934067673e-06
0.790000000000001	4.26306108749677e-06
0.810000000000001	4.35885723640281e-06
0.830000000000001	4.45571778740455e-06
0.850000000000001	4.55364274051169e-06
0.870000000000001	4.65263209573392e-06
0.890000000000001	4.75268585308094e-06
0.910000000000001	4.85380401256245e-06
0.930000000000001	4.95598657418814e-06
0.950000000000001	5.05923353796771e-06
0.970000000000001	5.16354490391086e-06
0.990000000000001	5.26892067202728e-06
