# Program settings for SigmaNu
# Electroweak scheme and input parameters
# Scheme = Complex mass scheme
# alpha_GF = 0.00755898078237864
# Pole masses/widths for particles [GeV]
# mw = 80.35797361
# gw = 2.084298894
# mz = 91.15348062
# gz = 2.494266379
# s^2_thetaw (derived) = (0.222868505240788,-0.00110716741475141)
# charged leptons
# m_e = 0.0005109989461
# m_m = 0.10565837
# m_t = 1.77686
# quarks
# m_d = 0.05
# m_u = 0.05
# m_s = 0.2
# m_c = 1.51
# m_b = 4.92
# m_t = 173
# Ecms (default) = 229546

# channel_id = 6
# process  = nu_e nu_mu~ -> nu_e nu_mu~
-0.99	1.39577643169795e-10
-0.97	1.28183483378654e-09
-0.95	3.63406588509434e-09
-0.93	7.27115615029468e-09
-0.91	1.22727049169856e-08
-0.89	1.87233591638158e-08
-0.87	2.67131742048918e-08
-0.85	3.63380036751241e-08
-0.83	4.76999215611691e-08
-0.81	6.09076792628215e-08
-0.79	7.60772009822643e-08
-0.77	9.33321210876326e-08
-0.75	1.12804367487588e-07
-0.73	1.3463479549045e-07
-0.71	1.58973877111002e-07
-0.69	1.85982451337476e-07
-0.67	2.15832541488489e-07
-0.65	2.48708246484136e-07
-0.63	2.84806713637779e-07
-0.61	3.24339201457561e-07
-0.59	3.675322419436e-07
-0.57	4.14628912994624e-07
-0.55	4.65890232815476e-07
-0.53	5.21596689666685e-07
-0.51	5.82049921944679e-07
-0.49	6.47574565456369e-07
-0.47	7.18520286889406e-07
-0.45	7.95264024920513e-07
-0.429999999999999	8.78212463196475e-07
-0.409999999999999	9.67804762622021e-07
-0.389999999999999	1.06451558406178e-06
-0.369999999999999	1.16885843678773e-06
-0.349999999999999	1.28138939287109e-06
-0.329999999999999	1.4027112133371e-06
-0.309999999999999	1.53347793840245e-06
-0.289999999999999	1.67440000165152e-06
-0.269999999999999	1.826249936763e-06
-0.249999999999999	1.98986875559241e-06
-0.229999999999999	2.16617308831175e-06
-0.209999999999999	2.35616319022118e-06
-0.189999999999999	2.5609319361618e-06
-0.169999999999999	2.78167494263386e-06
-0.149999999999999	3.0197019803218e-06
-0.129999999999999	3.2764498664273e-06
-0.109999999999999	3.55349705784529e-06
-0.0899999999999994	3.85258020380464e-06
-0.0699999999999994	4.17561296138594e-06
-0.0499999999999994	4.52470743086633e-06
-0.0299999999999994	4.90219863203667e-06
-0.00999999999999938	5.3106725198615e-06
0.0100000000000006	5.75299813106844e-06
0.0300000000000006	6.23236456616643e-06
0.0500000000000006	6.75232364866666e-06
0.0700000000000006	7.31683927080378e-06
0.0900000000000006	7.93034464030577e-06
0.110000000000001	8.59780889526979e-06
0.130000000000001	9.32481486618394e-06
0.150000000000001	1.01176501513271e-05
0.170000000000001	1.09834141545584e-05
0.190000000000001	1.19301443394189e-05
0.210000000000001	1.29669657152751e-05
0.230000000000001	1.41042685357901e-05
0.250000000000001	1.53539204181004e-05
0.270000000000001	1.67295206639667e-05
0.290000000000001	1.82467065910983e-05
0.310000000000001	1.99235243119515e-05
0.330000000000001	2.17808798308677e-05
0.350000000000001	2.38430908471107e-05
0.370000000000001	2.61385656383658e-05
0.390000000000001	2.87006433995329e-05
0.410000000000001	3.1568641194078e-05
0.430000000000001	3.47891673399967e-05
0.450000000000001	3.84177811912476e-05
0.470000000000001	4.25211072182004e-05
0.490000000000001	4.71795504905252e-05
0.510000000000001	5.24908163104638e-05
0.530000000000001	5.85745167383853e-05
0.550000000000001	6.55782633285e-05
0.570000000000001	7.36858177969532e-05
0.590000000000001	8.31281314066803e-05
0.610000000000001	9.41984999263975e-05
0.630000000000001	0.000107273678103506
0.650000000000001	0.00012284377908433
0.670000000000001	0.000141555381221506
0.690000000000001	0.000164274929379974
0.710000000000001	0.000192184089994561
0.730000000000001	0.000226926813399634
0.750000000000001	0.000270842700607605
0.770000000000001	0.000327349604788028
0.790000000000001	0.000401595020576986
0.810000000000001	0.000501615164506285
0.830000000000001	0.000640508469131608
0.850000000000001	0.000840777853653561
0.870000000000001	0.00114371167004674
0.890000000000001	0.0016317660720603
0.910000000000001	0.0024894351832279
0.930000000000001	0.00420181353676651
0.950000000000001	0.00840709367653391
0.970000000000001	0.0238343308150431
0.990000000000001	0.218877394762716
