# Program settings for SigmaNu
# Electroweak scheme and input parameters
# Scheme = Complex mass scheme
# alpha_GF = 0.00755898078237864
# Pole masses/widths for particles [GeV]
# mw = 80.35797361
# gw = 2.084298894
# mz = 91.15348062
# gz = 2.494266379
# s^2_thetaw (derived) = (0.222868505240788,-0.00110716741475141)
# charged leptons
# m_e = 0.0005109989461
# m_m = 0.10565837
# m_t = 1.77686
# quarks
# m_d = 0.05
# m_u = 0.05
# m_s = 0.2
# m_c = 1.51
# m_b = 4.92
# m_t = 173
# Ecms (default) = 0.000536776

# channel_id = 6
# process  = nu_e nu_mu~ -> nu_e nu_mu~
-0.99	3.03647502830683e-14
-0.97	2.73282752547799e-13
-0.95	7.59118757077743e-13
-0.93	1.4878727638734e-12
-0.91	2.4595447729353e-12
-0.89	3.67413478426391e-12
-0.87	5.13164279785976e-12
-0.85	6.83206881372336e-12
-0.83	8.7754128318552e-12
-0.81	1.09616748522558e-11
-0.79	1.33908548749256e-11
-0.77	1.60629528998652e-11
-0.75	1.89779689270751e-11
-0.73	2.21359029565557e-11
-0.71	2.55367549883076e-11
-0.69	2.91805250223313e-11
-0.67	3.30672130586273e-11
-0.65	3.71968190971961e-11
-0.63	4.15693431380381e-11
-0.61	4.6184785181154e-11
-0.59	5.10431452265442e-11
-0.57	5.61444232742092e-11
-0.55	6.14886193241494e-11
-0.53	6.70757333763655e-11
-0.51	7.2905765430858e-11
-0.49	7.89787154876272e-11
-0.47	8.52945835466738e-11
-0.45	9.18533696079983e-11
-0.429999999999999	9.86550736716011e-11
-0.409999999999999	1.05699695737483e-10
-0.389999999999999	1.12987235805644e-10
-0.369999999999999	1.20517693876085e-10
-0.349999999999999	1.28291069948806e-10
-0.329999999999999	1.36307364023808e-10
-0.309999999999999	1.44566576101091e-10
-0.289999999999999	1.53068706180657e-10
-0.269999999999999	1.61813754262504e-10
-0.249999999999999	1.70801720346635e-10
-0.229999999999999	1.80032604433049e-10
-0.209999999999999	1.89506406521747e-10
-0.189999999999999	1.99223126612729e-10
-0.169999999999999	2.09182764705996e-10
-0.149999999999999	2.19385320801549e-10
-0.129999999999999	2.29830794899388e-10
-0.109999999999999	2.40519186999513e-10
-0.0899999999999994	2.51450497101925e-10
-0.0699999999999994	2.62624725206624e-10
-0.0499999999999994	2.74041871313611e-10
-0.0299999999999994	2.85701935422887e-10
-0.00999999999999938	2.97604917534452e-10
0.0100000000000006	3.09750817648306e-10
0.0300000000000006	3.2213963576445e-10
0.0500000000000006	3.34771371882884e-10
0.0700000000000006	3.4764602600361e-10
0.0900000000000006	3.60763598126627e-10
0.110000000000001	3.74124088251936e-10
0.130000000000001	3.87727496379537e-10
0.150000000000001	4.01573822509432e-10
0.170000000000001	4.1566306664162e-10
0.190000000000001	4.29995228776102e-10
0.210000000000001	4.44570308912878e-10
0.230000000000001	4.5938830705195e-10
0.250000000000001	4.74449223193317e-10
0.270000000000001	4.8975305733698e-10
0.290000000000001	5.0529980948294e-10
0.310000000000001	5.21089479631196e-10
0.330000000000001	5.3712206778175e-10
0.350000000000001	5.53397573934602e-10
0.370000000000001	5.69915998089753e-10
0.390000000000001	5.86677340247203e-10
0.410000000000001	6.03681600406952e-10
0.430000000000001	6.20928778569002e-10
0.450000000000001	6.38418874733352e-10
0.470000000000001	6.56151888900002e-10
0.490000000000001	6.74127821068955e-10
0.510000000000001	6.9234667124021e-10
0.530000000000001	7.10808439413767e-10
0.550000000000001	7.29513125589628e-10
0.570000000000001	7.48460729767791e-10
0.590000000000001	7.67651251948259e-10
0.610000000000001	7.87084692131032e-10
0.630000000000001	8.0676105031611e-10
0.650000000000001	8.26680326503494e-10
0.670000000000001	8.46842520693183e-10
0.690000000000001	8.67247632885179e-10
0.710000000000001	8.87895663079482e-10
0.730000000000001	9.08786611276093e-10
0.750000000000001	9.29920477475012e-10
0.770000000000001	9.5129726167624e-10
0.790000000000001	9.72916963879777e-10
0.810000000000001	9.94779584085623e-10
0.830000000000001	1.01688512229378e-09
0.850000000000001	1.03923357850425e-09
0.870000000000001	1.06182495271703e-09
0.890000000000001	1.08465924493212e-09
0.910000000000001	1.10773645514952e-09
0.930000000000001	1.13105658336923e-09
0.950000000000001	1.15461962959126e-09
0.970000000000001	1.1784255938156e-09
0.990000000000001	1.20247447604226e-09
