# Program settings for SigmaNu
# Electroweak scheme and input parameters
# Scheme = Complex mass scheme
# alpha_GF = 0.00755898078237864
# Pole masses/widths for particles [GeV]
# mw = 80.35797361
# gw = 2.084298894
# mz = 91.15348062
# gz = 2.494266379
# s^2_thetaw (derived) = (0.222868505240788,-0.00110716741475141)
# charged leptons
# m_e = 0.0005109989461
# m_m = 0.10565837
# m_t = 1.77686
# quarks
# m_d = 0.05
# m_u = 0.05
# m_s = 0.2
# m_c = 1.51
# m_b = 4.92
# m_t = 173
# Ecms (default) = 221933

# channel_id = 6
# process  = nu_e nu_mu~ -> nu_e nu_mu~
-0.99	1.49317786105176e-10
-0.97	1.37128507935674e-09
-0.95	3.88766180566836e-09
-0.93	7.77855903985771e-09
-0.91	1.31291307433767e-08
-0.89	2.00299308114847e-08
-0.87	2.85772988844808e-08
-0.85	3.8873777547371e-08
-0.83	5.10285638113672e-08
-0.81	6.51579980703631e-08
-0.79	8.13860940598983e-08
-0.77	9.98451137195245e-08
-0.75	1.20676191276967e-07
-0.73	1.44030011339803e-07
-0.71	1.70067546304109e-07
-0.69	1.98960858977276e-07
-0.67	2.30893976972496e-07
-0.65	2.66063846175366e-07
-0.63	3.04681371419922e-07
-0.61	3.46972553455545e-07
-0.59	3.93179732352654e-07
-0.57	4.43562948701583e-07
-0.55	4.9840143532591e-07
-0.53	5.57995253782408e-07
-0.51	6.22667091682157e-07
-0.49	6.92764238873322e-07
-0.47	7.68660762812888e-07
-0.45	8.50759906066048e-07
-0.429999999999999	9.39496731858997e-07
-0.409999999999999	1.03534104703381e-06
-0.389999999999999	1.13880063568329e-06
-0.369999999999999	1.25042484126287e-06
-0.349999999999999	1.37080854018345e-06
-0.329999999999999	1.5005965559013e-06
-0.309999999999999	1.64048856947552e-06
-0.289999999999999	1.79124459062632e-06
-0.269999999999999	1.95369106269351e-06
-0.249999999999999	2.12872768580013e-06
-0.229999999999999	2.31733505525158e-06
-0.209999999999999	2.52058322708585e-06
-0.189999999999999	2.73964134014225e-06
-0.169999999999999	2.97578844453035e-06
-0.149999999999999	3.2304257105538e-06
-0.129999999999999	3.50509022070753e-06
-0.109999999999999	3.80147058120752e-06
-0.0899999999999994	4.1214246297224e-06
-0.0699999999999994	4.46699956389199e-06
-0.0499999999999994	4.84045487249205e-06
-0.0299999999999994	5.24428851977891e-06
-0.00999999999999938	5.6812669161625e-06
0.0100000000000006	6.15445930807653e-06
0.0300000000000006	6.66727734070775e-06
0.0500000000000006	7.22352069409891e-06
0.0700000000000006	7.82742987235505e-06
0.0900000000000006	8.48374744525592e-06
0.110000000000001	9.19778931170719e-06
0.130000000000001	9.97552788821682e-06
0.150000000000001	1.08236895397944e-05
0.170000000000001	1.17498690871407e-05
0.190000000000001	1.27626648711169e-05
0.210000000000001	1.38718386704537e-05
0.230000000000001	1.50885058005212e-05
0.250000000000001	1.64253620347793e-05
0.270000000000001	1.78969556731711e-05
0.290000000000001	1.95200152501053e-05
0.310000000000001	2.13138461872355e-05
0.330000000000001	2.33008133694137e-05
0.350000000000001	2.55069314540789e-05
0.370000000000001	2.79625911291299e-05
0.390000000000001	3.07034580928846e-05
0.410000000000001	3.37715930645858e-05
0.430000000000001	3.72168568220495e-05
0.450000000000001	4.10986858071973e-05
0.470000000000001	4.54883537328141e-05
0.490000000000001	5.04718765592241e-05
0.510000000000001	5.61537777371124e-05
0.530000000000001	6.26620161888652e-05
0.550000000000001	7.01545042117461e-05
0.570000000000001	7.88278269213862e-05
0.590000000000001	8.89290519942413e-05
0.610000000000001	0.000100771942179629
0.630000000000001	0.000114759543195907
0.650000000000001	0.000131416169610037
0.670000000000001	0.000151433519749182
0.690000000000001	0.000175738501311772
0.710000000000001	0.000205595240541924
0.730000000000001	0.000242762406935379
0.750000000000001	0.000289742864925693
0.770000000000001	0.000350192974219643
0.790000000000001	0.000429619434596395
0.810000000000001	0.000536619249650566
0.830000000000001	0.000685204892222143
0.850000000000001	0.00089944958805592
0.870000000000001	0.00122352288368072
0.890000000000001	0.0017456349002634
0.910000000000001	0.00266315412838341
0.930000000000001	0.00449502585120208
0.950000000000001	0.00899375795090281
0.970000000000001	0.025497524437882
0.990000000000001	0.2341502847
