# Program settings for SigmaNu
# Electroweak scheme and input parameters
# Scheme = Complex mass scheme
# alpha_GF = 0.00755898078237864
# Pole masses/widths for particles [GeV]
# mw = 80.35797361
# gw = 2.084298894
# mz = 91.15348062
# gz = 2.494266379
# s^2_thetaw (derived) = (0.222868505240788,-0.00110716741475141)
# charged leptons
# m_e = 0.0005109989461
# m_m = 0.10565837
# m_t = 1.77686
# quarks
# m_d = 0.05
# m_u = 0.05
# m_s = 0.2
# m_c = 1.51
# m_b = 4.92
# m_t = 173
# Ecms (default) = 606054

# channel_id = 6
# process  = nu_e nu_mu~ -> nu_e nu_mu~
-0.99	2.00231680987287e-11
-0.97	1.83886142791758e-10
-0.95	5.21326416264401e-10
-0.93	1.04308669921571e-09
-0.91	1.76058594193618e-09
-0.89	2.68596721352641e-09
-0.87	3.8321494383117e-09
-0.85	5.21288334137554e-09
-0.83	6.84281199121e-09
-0.81	8.73753636767682e-09
-0.79	1.09136864283108e-08
-0.77	1.33889981960688e-08
-0.75	1.61823974476125e-08
-0.73	1.93140906438782e-08
-0.71	2.28056638149205e-08
-0.69	2.66801901898313e-08
-0.67	3.09623474510802e-08
-0.65	3.56785455922497e-08
-0.63	4.08570664703637e-08
-0.61	4.65282162706072e-08
-0.59	5.27244922442521e-08
-0.57	5.94807652423891e-08
-0.55	6.68344797513603e-08
-0.53	7.48258733437571e-08
-0.51	8.34982176951838e-08
-0.49	9.28980835859753e-08
-0.47	1.03075632613718e-07
-0.45	1.14084938692603e-07
-0.429999999999999	1.25984342816191e-07
-0.409999999999999	1.38836845019202e-07
-0.389999999999999	1.52710538000801e-07
-0.369999999999999	1.67679087477891e-07
-0.349999999999999	1.83822265035169e-07
-0.329999999999999	2.01226540044856e-07
-0.309999999999999	2.19985738161661e-07
-0.289999999999999	2.40201774979687e-07
-0.269999999999999	2.61985474693989e-07
-0.249999999999999	2.85457485071874e-07
-0.229999999999999	3.10749301745542e-07
-0.209999999999999	3.38004416833679e-07
-0.189999999999999	3.67379609239923e-07
-0.169999999999999	3.99046396726993e-07
-0.149999999999999	4.33192673106884e-07
-0.129999999999999	4.70024557717804e-07
-0.109999999999999	5.09768488896555e-07
-0.0899999999999994	5.52673598547123e-07
-0.0699999999999994	5.99014411331663e-07
-0.0499999999999994	6.49093919690398e-07
-0.0299999999999994	7.03247095106083e-07
-0.00999999999999938	7.6184490710712e-07
0.0100000000000006	8.25298934875741e-07
0.0300000000000006	8.94066672525749e-07
0.0500000000000006	9.68657648806991e-07
0.0700000000000006	1.0496405060261e-06
0.0900000000000006	1.13765121241735e-06
0.110000000000001	1.23340261842136e-06
0.130000000000001	1.33769561208509e-06
0.150000000000001	1.45143218434151e-06
0.170000000000001	1.57563078418486e-06
0.190000000000001	1.71144443053516e-06
0.210000000000001	1.86018215687188e-06
0.230000000000001	2.02333450308674e-06
0.250000000000001	2.202603945184e-06
0.270000000000001	2.3999413790955e-06
0.290000000000001	2.6175900656538e-06
0.310000000000001	2.85813882092608e-06
0.330000000000001	3.1245867286767e-06
0.350000000000001	3.42042229967268e-06
0.370000000000001	3.74972086141686e-06
0.390000000000001	4.11726510957964e-06
0.410000000000001	4.52869529920407e-06
0.430000000000001	4.99069765750942e-06
0.450000000000001	5.5112424891508e-06
0.470000000000001	6.09988745333686e-06
0.490000000000001	6.76816711566652e-06
0.510000000000001	7.53009786008587e-06
0.530000000000001	8.40283872198413e-06
0.550000000000001	9.40756542697899e-06
0.570000000000001	1.05706396523977e-05
0.590000000000001	1.1925192692517e-05
0.610000000000001	1.35132995277405e-05
0.630000000000001	1.53890078221949e-05
0.650000000000001	1.76226271756269e-05
0.670000000000001	2.03069130561084e-05
0.690000000000001	2.35661621041241e-05
0.710000000000001	2.75698914016166e-05
0.730000000000001	3.25539354746123e-05
0.750000000000001	3.88539242176962e-05
0.770000000000001	4.69601694959633e-05
0.790000000000001	5.76111111125881e-05
0.810000000000001	7.19595944262454e-05
0.830000000000001	9.18846724454382e-05
0.850000000000001	0.000120614533830334
0.870000000000001	0.000164072264464119
0.890000000000001	0.000234086757907253
0.910000000000001	0.000357124993027809
0.930000000000001	0.000602777374504571
0.950000000000001	0.00120605577909764
0.970000000000001	0.00341922435974127
0.990000000000001	0.0314008344326238
