# Program settings for SigmaNu
# Electroweak scheme and input parameters
# Scheme = Complex mass scheme
# alpha_GF = 0.00755898078237864
# Pole masses/widths for particles [GeV]
# mw = 80.35797361
# gw = 2.084298894
# mz = 91.15348062
# gz = 2.494266379
# s^2_thetaw (derived) = (0.222868505240788,-0.00110716741475141)
# charged leptons
# m_e = 0.0005109989461
# m_m = 0.10565837
# m_t = 1.77686
# quarks
# m_d = 0.05
# m_u = 0.05
# m_s = 0.2
# m_c = 1.51
# m_b = 4.92
# m_t = 173
# Ecms (default) = 1.91262e-06

# channel_id = 6
# process  = nu_e nu_mu~ -> nu_e nu_mu~
-0.99	3.85514679989557e-19
-0.97	3.46963211990608e-18
-0.95	9.63786699973915e-18
-0.93	1.88902193194888e-17
-0.91	3.12266890791549e-17
-0.89	4.66472762787376e-17
-0.87	6.51519809182369e-17
-0.85	8.67408029976527e-17
-0.83	1.11413742516985e-16
-0.81	1.39170799476234e-16
-0.79	1.70011973875399e-16
-0.77	2.03937265714481e-16
-0.75	2.4094667499348e-16
-0.73	2.81040201712395e-16
-0.71	3.24217845871227e-16
-0.69	3.70479607469975e-16
-0.67	4.19825486508639e-16
-0.65	4.72255482987221e-16
-0.63	5.27769596905719e-16
-0.61	5.86367828264133e-16
-0.59	6.48050177062464e-16
-0.57	7.12816643300711e-16
-0.55	7.80667226978875e-16
-0.53	8.51601928096956e-16
-0.51	9.25620746654953e-16
-0.49	1.00272368265287e-15
-0.47	1.0829107360907e-15
-0.45	1.16618190696844e-15
-0.429999999999999	1.25253719528611e-15
-0.409999999999999	1.34197660104369e-15
-0.389999999999999	1.43450012424118e-15
-0.369999999999999	1.5301077648786e-15
-0.349999999999999	1.62879952295593e-15
-0.329999999999999	1.73057539847317e-15
-0.309999999999999	1.83543539143033e-15
-0.289999999999999	1.94337950182741e-15
-0.269999999999999	2.05440772966441e-15
-0.249999999999999	2.16852007494132e-15
-0.229999999999999	2.28571653765815e-15
-0.209999999999999	2.40599711781489e-15
-0.189999999999999	2.52936181541156e-15
-0.169999999999999	2.65581063044813e-15
-0.149999999999999	2.78534356292463e-15
-0.129999999999999	2.91796061284104e-15
-0.109999999999999	3.05366178019737e-15
-0.0899999999999994	3.19244706499361e-15
-0.0699999999999994	3.33431646722977e-15
-0.0499999999999994	3.47926998690585e-15
-0.0299999999999994	3.62730762402185e-15
-0.00999999999999938	3.77842937857776e-15
0.0100000000000006	3.93263525057358e-15
0.0300000000000006	4.08992524000932e-15
0.0500000000000006	4.25029934688499e-15
0.0700000000000006	4.41375757120056e-15
0.0900000000000006	4.58029991295605e-15
0.110000000000001	4.74992637215146e-15
0.130000000000001	4.92263694878679e-15
0.150000000000001	5.09843164286204e-15
0.170000000000001	5.27731045437719e-15
0.190000000000001	5.45927338333227e-15
0.210000000000001	5.64432042972726e-15
0.230000000000001	5.83245159356217e-15
0.250000000000001	6.023666874837e-15
0.270000000000001	6.21796627355174e-15
0.290000000000001	6.4153497897064e-15
0.310000000000001	6.61581742330097e-15
0.330000000000001	6.81936917433546e-15
0.350000000000001	7.02600504280987e-15
0.370000000000001	7.2357250287242e-15
0.390000000000001	7.44852913207844e-15
0.410000000000001	7.6644173528726e-15
0.430000000000001	7.88338969110667e-15
0.450000000000001	8.10544614678066e-15
0.470000000000001	8.33058671989457e-15
0.490000000000001	8.5588114104484e-15
0.510000000000001	8.79012021844214e-15
0.530000000000001	9.0245131438758e-15
0.550000000000001	9.26199018674937e-15
0.570000000000001	9.50255134706286e-15
0.590000000000001	9.74619662481627e-15
0.610000000000001	9.99292602000959e-15
0.630000000000001	1.02427395326428e-14
0.650000000000001	1.0495637162716e-14
0.670000000000001	1.07516189102291e-14
0.690000000000001	1.10106847751821e-14
0.710000000000001	1.1272834757575e-14
0.730000000000001	1.15380688574078e-14
0.750000000000001	1.18063870746805e-14
0.770000000000001	1.20777894093932e-14
0.790000000000001	1.23522758615458e-14
0.810000000000001	1.26298464311382e-14
0.830000000000001	1.29105011181706e-14
0.850000000000001	1.3194239922643e-14
0.870000000000001	1.34810628445552e-14
0.890000000000001	1.37709698839074e-14
0.910000000000001	1.40639610406994e-14
0.930000000000001	1.43600363149314e-14
0.950000000000001	1.46591957066033e-14
0.970000000000001	1.49614392157152e-14
0.990000000000001	1.52667668422669e-14
