# Program settings for SigmaNu
# Electroweak scheme and input parameters
# Scheme = Complex mass scheme
# alpha_GF = 0.00755898078237864
# Pole masses/widths for particles [GeV]
# mw = 80.35797361
# gw = 2.084298894
# mz = 91.15348062
# gz = 2.494266379
# s^2_thetaw (derived) = (0.222868505240788,-0.00110716741475141)
# charged leptons
# m_e = 0.0005109989461
# m_m = 0.10565837
# m_t = 1.77686
# quarks
# m_d = 0.05
# m_u = 0.05
# m_s = 0.2
# m_c = 1.51
# m_b = 4.92
# m_t = 173
# Ecms (default) = 380972

# channel_id = 6
# process  = nu_e nu_mu~ -> nu_e nu_mu~
-0.99	5.06721452999202e-11
-0.97	4.65356196065364e-10
-0.95	1.31930810077942e-09
-0.93	2.63971417550363e-09
-0.91	4.45547207928482e-09
-0.89	6.79731198091775e-09
-0.87	9.69792748701812e-09
-0.85	1.31921172220092e-08
-0.83	1.73169380419186e-08
-0.81	2.2111870965605e-08
-0.79	2.76190010205035e-08
-0.77	3.38832123266954e-08
-0.75	4.09523998847848e-08
-0.73	4.88776996916523e-08
-0.71	5.77137389858943e-08
-0.69	6.7518908624205e-08
-0.67	7.83556598140465e-08
-0.65	9.02908276800664e-08
-0.63	1.03395984425733e-07
-0.61	1.17747825172037e-07
-0.59	1.3342858991705e-07
-0.57	1.50526525469523e-07
-0.55	1.69136391673622e-07
-0.53	1.89360016768141e-07
-0.51	2.11306907321664e-07
-0.49	2.35094918865859e-07
-0.47	2.60850994125139e-07
-0.45	2.88711976627103e-07
-0.429999999999999	3.18825508491899e-07
-0.409999999999999	3.51351022360183e-07
-0.389999999999999	3.86460838752842e-07
-0.369999999999999	4.24341381689148e-07
-0.349999999999999	4.65194527157162e-07
-0.329999999999999	5.09239101070305e-07
-0.309999999999999	5.56712545704205e-07
-0.289999999999999	6.07872776343983e-07
-0.269999999999999	6.63000253050692e-07
-0.249999999999999	7.22400296156425e-07
-0.229999999999999	7.86405678416193e-07
-0.209999999999999	8.55379531795952e-07
-0.189999999999999	9.29718612798773e-07
-0.169999999999999	1.0098569771926e-06
-0.149999999999999	1.09627012320661e-06
-0.129999999999999	1.18947967195626e-06
-0.109999999999999	1.29005866534154e-06
-0.0899999999999994	1.39863757530821e-06
-0.0699999999999994	1.51591113462292e-06
-0.0499999999999994	1.64264611874893e-06
-0.0299999999999994	1.77969023171502e-06
-0.00999999999999938	1.92798227690582e-06
0.0100000000000006	2.08856382754269e-06
0.0300000000000006	2.26259265261667e-06
0.0500000000000006	2.45135820387058e-06
0.0700000000000006	2.65629953024524e-06
0.0900000000000006	2.87902606071928e-06
0.110000000000001	3.12134178814225e-06
0.130000000000001	3.38527349992336e-06
0.150000000000001	3.67310384200398e-06
0.170000000000001	3.98741017781046e-06
0.190000000000001	4.33111042348998e-06
0.210000000000001	4.70751731729996e-06
0.230000000000001	5.12040293119123e-06
0.250000000000001	5.57407567847493e-06
0.270000000000001	6.07347264248192e-06
0.290000000000001	6.62427078698257e-06
0.310000000000001	7.23302156360242e-06
0.330000000000001	7.90731467799067e-06
0.350000000000001	8.65597841623925e-06
0.370000000000001	9.48932610657166e-06
0.390000000000001	1.0419461195739e-05
0.410000000000001	1.14606573340161e-05
0.430000000000001	1.26298351865967e-05
0.450000000000001	1.3947165000381e-05
0.470000000000001	1.54368340994695e-05
0.490000000000001	1.71280327138077e-05
0.510000000000001	1.90562317466275e-05
0.530000000000001	2.12648551273668e-05
0.550000000000001	2.38074917185303e-05
0.570000000000001	2.6750854334703e-05
0.590000000000001	3.0178787481986e-05
0.610000000000001	3.41977692166779e-05
0.630000000000001	3.89445765480145e-05
0.650000000000001	4.45971401319233e-05
0.670000000000001	5.13901937812248e-05
0.690000000000001	5.96382917024756e-05
0.710000000000001	6.97704262444872e-05
0.730000000000001	8.2383417495493e-05
0.750000000000001	9.83266349255869e-05
0.770000000000001	0.000118840897350636
0.790000000000001	0.000145794953953712
0.810000000000001	0.000182106278197347
0.830000000000001	0.00023253013612434
0.850000000000001	0.000305236011371275
0.870000000000001	0.000415213282155669
0.890000000000001	0.000592396969403188
0.910000000000001	0.000903766220109626
0.930000000000001	0.00152543115274595
0.950000000000001	0.00305212783211823
0.970000000000001	0.00865290871382006
0.990000000000001	0.0794642341242437
