# Program settings for SigmaNu
# Electroweak scheme and input parameters
# Scheme = Complex mass scheme
# alpha_GF = 0.00755898078237864
# Pole masses/widths for particles [GeV]
# mw = 80.35797361
# gw = 2.084298894
# mz = 91.15348062
# gz = 2.494266379
# s^2_thetaw (derived) = (0.222868505240788,-0.00110716741475141)
# charged leptons
# m_e = 0.0005109989461
# m_m = 0.10565837
# m_t = 1.77686
# quarks
# m_d = 0.05
# m_u = 0.05
# m_s = 0.2
# m_c = 1.51
# m_b = 4.92
# m_t = 173
# Ecms (default) = 2.20714e-09

# channel_id = 6
# process  = nu_e nu_mu~ -> nu_e nu_mu~
-0.99	5.13385144529697e-25
-0.97	4.62046630076718e-24
-0.95	1.28346286132421e-23
-0.93	2.51558720819546e-23
-0.91	4.15841967069045e-23
-0.89	6.21196024880921e-23
-0.87	8.67620894255169e-23
-0.85	1.15511657519179e-22
-0.83	1.48368306769079e-22
-0.81	1.85332037175217e-22
-0.79	2.26402848737591e-22
-0.77	2.71580741456204e-22
-0.75	3.20865715331054e-22
-0.73	3.74257770362141e-22
-0.71	4.31756906549466e-22
-0.69	4.93363123893028e-22
-0.67	5.59076422392828e-22
-0.65	6.28896802048865e-22
-0.63	7.0282426286114e-22
-0.61	7.80858804829652e-22
-0.59	8.63000427954402e-22
-0.57	9.49249132235389e-22
-0.55	1.03960491767261e-21
-0.53	1.13406778426608e-21
-0.51	1.23263773201578e-21
-0.49	1.33531476092171e-21
-0.47	1.44209887098389e-21
-0.45	1.5529900622023e-21
-0.429999999999999	1.66798833457695e-21
-0.409999999999999	1.78709368810784e-21
-0.389999999999999	1.91030612279496e-21
-0.369999999999999	2.03762563863832e-21
-0.349999999999999	2.16905223563792e-21
-0.329999999999999	2.30458591379376e-21
-0.309999999999999	2.44422667310583e-21
-0.289999999999999	2.58797451357415e-21
-0.269999999999999	2.7358294351987e-21
-0.249999999999999	2.88779143797948e-21
-0.229999999999999	3.04386052191651e-21
-0.209999999999999	3.20403668700977e-21
-0.189999999999999	3.36831993325927e-21
-0.169999999999999	3.536710260665e-21
-0.149999999999999	3.70920766922698e-21
-0.129999999999999	3.88581215894519e-21
-0.109999999999999	4.06652372981964e-21
-0.0899999999999994	4.25134238185032e-21
-0.0699999999999994	4.44026811503725e-21
-0.0499999999999994	4.63330092938041e-21
-0.0299999999999994	4.83044082487981e-21
-0.00999999999999938	5.03168780153545e-21
0.0100000000000006	5.23704185934732e-21
0.0300000000000006	5.44650299831543e-21
0.0500000000000006	5.66007121843978e-21
0.0700000000000006	5.87774651972037e-21
0.0900000000000006	6.09952890215719e-21
0.110000000000001	6.32541836575025e-21
0.130000000000001	6.55541491049955e-21
0.150000000000001	6.78951853640509e-21
0.170000000000001	7.02772924346686e-21
0.190000000000001	7.27004703168487e-21
0.210000000000001	7.51647190105912e-21
0.230000000000001	7.76700385158961e-21
0.250000000000001	8.02164288327633e-21
0.270000000000001	8.28038899611929e-21
0.290000000000001	8.54324219011849e-21
0.310000000000001	8.81020246527393e-21
0.330000000000001	9.0812698215856e-21
0.350000000000001	9.35644425905352e-21
0.370000000000001	9.63572577767766e-21
0.390000000000001	9.91911437745805e-21
0.410000000000001	1.02066100583947e-20
0.430000000000001	1.04982128204875e-20
0.450000000000001	1.07939226637366e-20
0.470000000000001	1.1093739588142e-20
0.490000000000001	1.13976635937035e-20
0.510000000000001	1.17056946804214e-20
0.530000000000001	1.20178328482954e-20
0.550000000000001	1.23340780973257e-20
0.570000000000001	1.26544304275122e-20
0.590000000000001	1.2978889838855e-20
0.610000000000001	1.3307456331354e-20
0.630000000000001	1.36401299050092e-20
0.650000000000001	1.39769105598207e-20
0.670000000000001	1.43177982957884e-20
0.690000000000001	1.46627931129123e-20
0.710000000000001	1.50118950111925e-20
0.730000000000001	1.5365103990629e-20
0.750000000000001	1.57224200512216e-20
0.770000000000001	1.60838431929705e-20
0.790000000000001	1.64493734158756e-20
0.810000000000001	1.6819010719937e-20
0.830000000000001	1.71927551051546e-20
0.850000000000001	1.75706065715285e-20
0.870000000000001	1.79525651190586e-20
0.890000000000001	1.83386307477449e-20
0.910000000000001	1.87288034575875e-20
0.930000000000001	1.91230832485862e-20
0.950000000000001	1.95214701207413e-20
0.970000000000001	1.99239640740526e-20
0.990000000000001	2.03305651085201e-20
