# Program settings for SigmaNu
# Electroweak scheme and input parameters
# Scheme = Complex mass scheme
# alpha_GF = 0.00755898078237864
# Pole masses/widths for particles [GeV]
# mw = 80.35797361
# gw = 2.084298894
# mz = 91.15348062
# gz = 2.494266379
# s^2_thetaw (derived) = (0.222868505240788,-0.00110716741475141)
# charged leptons
# m_e = 0.0005109989461
# m_m = 0.10565837
# m_t = 1.77686
# quarks
# m_d = 0.05
# m_u = 0.05
# m_s = 0.2
# m_c = 1.51
# m_b = 4.92
# m_t = 173
# Ecms (default) = 439297

# channel_id = 6
# process  = nu_e nu_mu~ -> nu_e nu_mu~
-0.99	3.81099996301064e-11
-0.97	3.49989611848603e-10
-0.95	9.92238062243665e-10
-0.93	1.98530190000474e-09
-0.91	3.35091475782943e-09
-0.89	5.11218848020435e-09
-0.87	7.29371159306773e-09
-0.85	9.92165578466712e-09
-0.83	1.30238911360869e-08
-0.81	1.66301109164243e-08
-0.79	2.07719668429334e-08
-0.77	2.5483215801756e-08
-0.75	3.07998791314157e-08
-0.73	3.67604156905201e-08
-0.71	4.34059100647948e-08
-0.69	5.0780277418572e-08
-0.67	5.8930486664395e-08
-0.65	6.79068038140104e-08
-0.63	7.77630575876189e-08
-0.61	8.85569295992186e-08
-0.59	1.00350271708067e-07
-0.57	1.13209453434223e-07
-0.55	1.27205742684986e-07
-0.53	1.42415723434886e-07
-0.51	1.5892175445168e-07
-0.49	1.76812473672797e-07
-0.47	1.9618335342032e-07
-0.45	2.17137312309083e-07
-0.429999999999999	2.39785390464873e-07
-0.409999999999999	2.6424749554332e-07
-0.389999999999999	2.90653228042925e-07
-0.369999999999999	3.19142795559062e-07
-0.349999999999999	3.49868026954793e-07
-0.329999999999999	3.82993498958711e-07
-0.309999999999999	4.18697789475073e-07
-0.289999999999999	4.57174873949278e-07
-0.269999999999999	4.98635683522252e-07
-0.249999999999999	5.43309846490697e-07
-0.229999999999999	5.91447637838059e-07
-0.209999999999999	6.43322165400163e-07
-0.189999999999999	6.99231825683713e-07
-0.169999999999999	7.5950306759157e-07
-0.149999999999999	8.24493508478489e-07
-0.129999999999999	8.945954542511e-07
-0.109999999999999	9.70239883863171e-07
-0.0899999999999994	1.05190096881981e-06
-0.0699999999999994	1.14010121053377e-06
-0.0499999999999994	1.23541729299502e-06
-0.0299999999999994	1.33848676574223e-06
-0.00999999999999938	1.45001569321064e-06
0.0100000000000006	1.57078743198204e-06
0.0300000000000006	1.70167272829233e-06
0.0500000000000006	1.84364136563321e-06
0.0700000000000006	1.99777563802513e-06
0.0900000000000006	2.16528598057983e-06
0.110000000000001	2.34752915791552e-06
0.130000000000001	2.54602949617119e-06
0.150000000000001	2.76250375008457e-06
0.170000000000001	2.99889032841617e-06
0.190000000000001	3.25738376616522e-06
0.210000000000001	3.54047554002702e-06
0.230000000000001	3.85100258690076e-06
0.250000000000001	4.19220522057555e-06
0.270000000000001	4.56779657118011e-06
0.290000000000001	4.98204622541388e-06
0.310000000000001	5.43988146342251e-06
0.330000000000001	5.94701042567738e-06
0.350000000000001	6.51007277645107e-06
0.370000000000001	7.13682506516468e-06
0.390000000000001	7.83637017126645e-06
0.410000000000001	8.6194431623244e-06
0.430000000000001	9.49876989907156e-06
0.450000000000001	1.04895202198203e-05
0.470000000000001	1.16098851661015e-05
0.490000000000001	1.28818184144801e-05
0.510000000000001	1.43319972726183e-05
0.530000000000001	1.59930804391325e-05
0.550000000000001	1.7905371556584e-05
0.570000000000001	2.01190446600726e-05
0.590000000000001	2.26971583580223e-05
0.610000000000001	2.57197937252052e-05
0.630000000000001	2.92898193757946e-05
0.650000000000001	3.35410551706226e-05
0.670000000000001	3.86500420585346e-05
0.690000000000001	4.48533531123702e-05
0.710000000000001	5.24736291958173e-05
0.730000000000001	6.19597327538084e-05
0.750000000000001	7.39504661284512e-05
0.770000000000001	8.93790368640959e-05
0.790000000000001	0.00010965091278216
0.810000000000001	0.00013696029700898
0.830000000000001	0.000174883578654517
0.850000000000001	0.000229564947018633
0.870000000000001	0.000312277769065313
0.890000000000001	0.000445535888769823
0.910000000000001	0.000679713693845673
0.930000000000001	0.00114726198803587
0.950000000000001	0.00229547651102718
0.970000000000001	0.00650777583102274
0.990000000000001	0.0597645712572402
