# Program settings for SigmaNu
# Electroweak scheme and input parameters
# Scheme = Complex mass scheme
# alpha_GF = 0.00755898078237864
# Pole masses/widths for particles [GeV]
# mw = 80.35797361
# gw = 2.084298894
# mz = 91.15348062
# gz = 2.494266379
# s^2_thetaw (derived) = (0.222868505240788,-0.00110716741475141)
# charged leptons
# m_e = 0.0005109989461
# m_m = 0.10565837
# m_t = 1.77686
# quarks
# m_d = 0.05
# m_u = 0.05
# m_s = 0.2
# m_c = 1.51
# m_b = 4.92
# m_t = 173
# Ecms (default) = 195850

# channel_id = 6
# process  = nu_e nu_mu~ -> nu_e nu_mu~
-0.99	1.91737966082305e-10
-0.97	1.76085795695187e-09
-0.95	4.99212039908431e-09
-0.93	9.98839538001439e-09
-0.91	1.6859028523457e-08
-0.89	2.57202994711127e-08
-0.87	3.66959173002011e-08
-0.85	4.99175562466641e-08
-0.83	6.55254354494293e-08
-0.81	8.36689468160291e-08
-0.79	1.04507335539228e-07
-0.77	1.28210438273793e-07
-0.75	1.54959484518627e-07
-0.73	1.84947967349574e-07
-0.71	2.18382590320727e-07
-0.69	2.55484298106794e-07
-0.67	2.96489399306957e-07
-0.65	3.41650790784675e-07
-0.63	3.91239293992515e-07
-0.61	4.45545114943403e-07
-0.59	5.04879440859159e-07
-0.57	5.69576188076444e-07
-0.55	6.39993917545381e-07
-0.53	7.16517936247646e-07
-0.51	7.99562605123874e-07
-0.49	8.89573876676063e-07
-0.47	9.87032088347089e-07
-0.45	1.09245504113276e-06
-0.429999999999999	1.20640139671749e-06
-0.409999999999999	1.32947443081999e-06
-0.389999999999999	1.4623261854809e-06
-0.369999999999999	1.60566206882726e-06
-0.349999999999999	1.76024595753494e-06
-0.329999999999999	1.92690586493011e-06
-0.309999999999999	2.10654024660112e-06
-0.289999999999999	2.30012502574547e-06
-0.269999999999999	2.5087214325035e-06
-0.249999999999999	2.733484765534e-06
-0.229999999999999	2.97567420042799e-06
-0.209999999999999	3.23666378867025e-06
-0.189999999999999	3.51795481326892e-06
-0.169999999999999	3.82118969351444e-06
-0.149999999999999	4.14816766237087e-06
-0.129999999999999	4.50086247667996e-06
-0.109999999999999	4.88144246381373e-06
-0.0899999999999994	5.29229326004445e-06
-0.0699999999999994	5.73604365742938e-06
-0.0499999999999994	6.21559504955271e-06
-0.0299999999999994	6.73415505465193e-06
-0.00999999999999938	7.29527600074033e-06
0.0100000000000006	7.9028990853879e-06
0.0300000000000006	8.56140517793194e-06
0.0500000000000006	9.27567342046171e-06
0.0700000000000006	1.00511490140495e-05
0.0900000000000006	1.0893921858653e-05
0.110000000000001	1.18108180619855e-05
0.130000000000001	1.2809506761221e-05
0.150000000000001	1.3898625233287e-05
0.170000000000001	1.50879259326916e-05
0.190000000000001	1.63884499267972e-05
0.210000000000001	1.78127322449494e-05
0.230000000000001	1.93750459828743e-05
0.250000000000001	2.10916936907967e-05
0.270000000000001	2.29813567343985e-05
0.290000000000001	2.5065516102141e-05
0.310000000000001	2.73689617440634e-05
0.330000000000001	2.9920412243856e-05
0.350000000000001	3.27532728305884e-05
0.370000000000001	3.59065679608111e-05
0.390000000000001	3.94260956917124e-05
0.410000000000001	4.33658658778319e-05
0.430000000000001	4.77899043688309e-05
0.450000000000001	5.27745330504794e-05
0.470000000000001	5.84112739558495e-05
0.490000000000001	6.4810579522532e-05
0.510000000000001	7.21066675104813e-05
0.530000000000001	8.04638489826786e-05
0.550000000000001	9.00848978910226e-05
0.570000000000001	0.000101222247641402
0.590000000000001	0.000114193155885104
0.610000000000001	0.000129400522868359
0.630000000000001	0.00014736189635658
0.650000000000001	0.000168750544425287
0.670000000000001	0.000194454671213324
0.690000000000001	0.000225664511185893
0.710000000000001	0.000264003318191946
0.730000000000001	0.000311729384668934
0.750000000000001	0.000372056617025073
0.770000000000001	0.00044968011426234
0.790000000000001	0.0005516709795044
0.810000000000001	0.000689068544833087
0.830000000000001	0.000879866091756981
0.850000000000001	0.00115497580908999
0.870000000000001	0.00157111535036569
0.890000000000001	0.00224155435848263
0.910000000000001	0.00341973137168142
0.930000000000001	0.00577201724874821
0.950000000000001	0.0115487810029653
0.970000000000001	0.03274099378906
0.990000000000001	0.300665073016015
