# Program settings for SigmaNu
# Electroweak scheme and input parameters
# Scheme = Complex mass scheme
# alpha_GF = 0.00755898078237864
# Pole masses/widths for particles [GeV]
# mw = 80.35797361
# gw = 2.084298894
# mz = 91.15348062
# gz = 2.494266379
# s^2_thetaw (derived) = (0.222868505240788,-0.00110716741475141)
# charged leptons
# m_e = 0.0005109989461
# m_m = 0.10565837
# m_t = 1.77686
# quarks
# m_d = 0.05
# m_u = 0.05
# m_s = 0.2
# m_c = 1.51
# m_b = 4.92
# m_t = 173
# Ecms (default) = 679420

# channel_id = 6
# process  = nu_e nu_mu~ -> nu_e nu_mu~
-0.99	1.59323114415148e-11
-0.97	1.46317070434001e-10
-0.95	4.14816216257184e-10
-0.93	8.29977657644573e-10
-0.91	1.40088738300989e-09
-0.89	2.13720755764684e-09
-0.87	3.04921769007592e-09
-0.85	4.14785914756133e-09
-0.83	5.44478332952545e-09
-0.81	6.95240383957228e-09
-0.79	8.68395303250782e-09
-0.77	1.06535433525882e-08
-0.75	1.28762339237711e-08
-0.73	1.53681029026115e-08
-0.71	1.81463261603235e-08
-0.69	2.12292629232451e-08
-0.67	2.46365490713961e-08
-0.65	2.8389198874092e-08
-0.63	3.25097160308734e-08
-0.61	3.7022214986747e-08
-0.59	4.19525536045278e-08
-0.57	4.73284784058077e-08
-0.55	5.31797837379202e-08
-0.53	5.95384863897503e-08
-0.51	6.64390173672927e-08
-0.49	7.391843275389e-08
-0.47	8.20166458240938e-08
-0.45	9.07766828587227e-08
-0.429999999999999	1.0024496542742e-07
-0.409999999999999	1.10471622270236e-07
-0.389999999999999	1.21510834329016e-07
-0.369999999999999	1.33421216961567e-07
-0.349999999999999	1.46266243927174e-07
-0.329999999999999	1.60114718373489e-07
-0.309999999999999	1.75041296796941e-07
-0.289999999999999	1.91127072809025e-07
-0.269999999999999	2.08460228540276e-07
-0.249999999999999	2.27136762677324e-07
-0.229999999999999	2.47261305486256e-07
-0.209999999999999	2.68948032763771e-07
-0.189999999999999	2.92321692519749e-07
-0.169999999999999	3.17518760383729e-07
-0.149999999999999	3.44688742307105e-07
-0.129999999999999	3.73995646180575e-07
-0.109999999999999	4.05619647597277e-07
-0.0899999999999994	4.39758979282457e-07
-0.0699999999999994	4.76632078823182e-07
-0.0499999999999994	5.1648003544282e-07
-0.0299999999999994	5.59569383892654e-07
-0.00999999999999938	6.06195302348026e-07
0.0100000000000006	6.56685281836709e-07
0.0300000000000006	7.11403347615895e-07
0.0500000000000006	7.70754928583566e-07
0.0700000000000006	8.35192489932358e-07
0.0900000000000006	9.05222067682761e-07
0.110000000000001	9.81410872555579e-07
0.130000000000001	1.06439616625542e-06
0.150000000000001	1.15489565743375e-06
0.170000000000001	1.25371971970792e-06
0.190000000000001	1.36178580316093e-06
0.210000000000001	1.48013549770528e-06
0.230000000000001	1.6099548167944e-06
0.250000000000001	1.75259841014912e-06
0.270000000000001	1.90961859370636e-06
0.290000000000001	2.08280031636576e-06
0.310000000000001	2.2742034832135e-06
0.330000000000001	2.48621444683362e-06
0.350000000000001	2.72160899388426e-06
0.370000000000001	2.98362983751408e-06
0.390000000000001	3.27608253940126e-06
0.410000000000001	3.60345501597971e-06
0.430000000000001	3.97106745735867e-06
0.450000000000001	4.3852617862274e-06
0.470000000000001	4.85364297361139e-06
0.490000000000001	5.38538900289833e-06
0.510000000000001	5.9916526252116e-06
0.530000000000001	6.68608718028825e-06
0.550000000000001	7.48554206383183e-06
0.570000000000001	8.41099310177605e-06
0.590000000000001	9.48880266311186e-06
0.610000000000001	1.07524495535581e-05
0.630000000000001	1.22449391706121e-05
0.650000000000001	1.40222164353447e-05
0.670000000000001	1.61580863102997e-05
0.690000000000001	1.87514508780873e-05
0.710000000000001	2.19371938533576e-05
0.730000000000001	2.59029673409098e-05
0.750000000000001	3.09158300192275e-05
0.770000000000001	3.73659200808752e-05
0.790000000000001	4.58408096305403e-05
0.810000000000001	5.72578107946155e-05
0.830000000000001	7.31120747966774e-05
0.850000000000001	9.59722520866449e-05
0.870000000000001	0.0001305513069121
0.890000000000001	0.000186261420024805
0.910000000000001	0.000284162211509447
0.930000000000001	0.00047962636383257
0.950000000000001	0.000959651495697173
0.970000000000001	0.00272065739961954
0.990000000000001	0.0249854963743272
