# Program settings for SigmaNu
# Electroweak scheme and input parameters
# Scheme = Complex mass scheme
# alpha_GF = 0.00755898078237864
# Pole masses/widths for particles [GeV]
# mw = 80.35797361
# gw = 2.084298894
# mz = 91.15348062
# gz = 2.494266379
# s^2_thetaw (derived) = (0.222868505240788,-0.00110716741475141)
# charged leptons
# m_e = 0.0005109989461
# m_m = 0.10565837
# m_t = 1.77686
# quarks
# m_d = 0.05
# m_u = 0.05
# m_s = 0.2
# m_c = 1.51
# m_b = 4.92
# m_t = 173
# Ecms (default) = 1.43623

# channel_id = 6
# process  = nu_e nu_mu~ -> nu_e nu_mu~
-0.99	2.17278700140521e-07
-0.97	1.95551800101574e-06
-0.95	5.43202139121927e-06
-0.93	1.06468147373311e-05
-0.91	1.75999239063161e-05
-0.89	2.6291374765524e-05
-0.87	3.67211931826891e-05
-0.85	4.8889405025931e-05
-0.83	6.27960361637537e-05
-0.81	7.84411124650461e-05
-0.79	9.58246597990823e-05
-0.77	0.000114946704035521
-0.75	0.000135807271044406
-0.73	0.000158406386696165
-0.71	0.000182744076861612
-0.69	0.000208820367411946
-0.67	0.000236635284218749
-0.65	0.000266188853153989
-0.63	0.00029748110009002
-0.61	0.000330512050899579
-0.59	0.000365281731455789
-0.57	0.000401790167632158
-0.55	0.000440037385302577
-0.53	0.000480023410341327
-0.51	0.000521748268623067
-0.49	0.000565211986022847
-0.47	0.000610414588416098
-0.45	0.000657356101678639
-0.429999999999999	0.00070603655168667
-0.409999999999999	0.00075645596431678
-0.389999999999999	0.000808614365445942
-0.369999999999999	0.00086251178095151
-0.349999999999999	0.000918148236711231
-0.329999999999999	0.000975523758603229
-0.309999999999999	0.00103463837250602
-0.289999999999999	0.00109549210429849
-0.269999999999999	0.00115808497985994
-0.249999999999999	0.00122241702507002
-0.229999999999999	0.0012884882658088
-0.209999999999999	0.0013562987279567
-0.189999999999999	0.00142584843739455
-0.169999999999999	0.00149713742000356
-0.149999999999999	0.00157016570166532
-0.129999999999999	0.0016449333082618
-0.109999999999999	0.00172144026567538
-0.0899999999999994	0.00179968659978879
-0.0699999999999994	0.00187967233648518
-0.0499999999999994	0.00196139750164806
-0.0299999999999994	0.00204486212116133
-0.00999999999999938	0.00213006622090928
0.0100000000000006	0.00221700982677658
0.0300000000000006	0.0023056929646483
0.0500000000000006	0.00239611566040988
0.0700000000000006	0.00248827793994713
0.0900000000000006	0.00258217982914629
0.110000000000001	0.00267782135389395
0.130000000000001	0.00277520254007708
0.150000000000001	0.00287432341358307
0.170000000000001	0.00297518400029967
0.190000000000001	0.00307778432611501
0.210000000000001	0.00318212441691762
0.230000000000001	0.00328820429859641
0.250000000000001	0.00339602399704068
0.270000000000001	0.0035055835381401
0.290000000000001	0.00361688294778475
0.310000000000001	0.00372992225186506
0.330000000000001	0.00384470147627188
0.350000000000001	0.00396122064689644
0.370000000000001	0.00407947978963033
0.390000000000001	0.00419947893036555
0.410000000000001	0.00432121809499447
0.430000000000001	0.00444469730940986
0.450000000000001	0.00456991659950486
0.470000000000001	0.00469687599117301
0.490000000000001	0.00482557551030822
0.510000000000001	0.0049560151828048
0.530000000000001	0.00508819503455744
0.550000000000001	0.00522211509146121
0.570000000000001	0.00535777537941157
0.590000000000001	0.00549517592430436
0.610000000000001	0.00563431675203581
0.630000000000001	0.00577519788850255
0.650000000000001	0.00591781935960156
0.670000000000001	0.00606218119123023
0.690000000000001	0.00620828340928634
0.710000000000001	0.00635612603966804
0.730000000000001	0.00650570910827387
0.750000000000001	0.00665703264100277
0.770000000000001	0.00681009666375403
0.790000000000001	0.00696490120242736
0.810000000000001	0.00712144628292285
0.830000000000001	0.00727973193114096
0.850000000000001	0.00743975817298254
0.870000000000001	0.00760152503434884
0.890000000000001	0.00776503254114147
0.910000000000001	0.00793028071926245
0.930000000000001	0.00809726959461418
0.950000000000001	0.00826599919309943
0.970000000000001	0.00843646954062137
0.990000000000001	0.00860868066308355
