# Program settings for SigmaNu
# Electroweak scheme and input parameters
# Scheme = Complex mass scheme
# alpha_GF = 0.00755898078237864
# Pole masses/widths for particles [GeV]
# mw = 80.35797361
# gw = 2.084298894
# mz = 91.15348062
# gz = 2.494266379
# s^2_thetaw (derived) = (0.222868505240788,-0.00110716741475141)
# charged leptons
# m_e = 0.0005109989461
# m_m = 0.10565837
# m_t = 1.77686
# quarks
# m_d = 0.05
# m_u = 0.05
# m_s = 0.2
# m_c = 1.51
# m_b = 4.92
# m_t = 173
# Ecms (default) = 2898.99

# channel_id = 6
# process  = nu_e nu_mu~ -> nu_e nu_mu~
-0.99	8.7337224051299e-07
-0.97	8.02059968093184e-06
-0.95	2.27383337472922e-05
-0.93	4.54946360248249e-05
-0.91	7.67870014288675e-05
-0.89	0.000117144439962028
-0.87	0.000167129726001793
-0.85	0.000227341830387335
-0.83	0.000298418552137743
-0.81	0.000381039368375791
-0.79	0.000475928522974127
-0.77	0.000583858376610177
-0.75	0.0007056530433412
-0.73	0.000842192341525285
-0.71	0.000994416089955838
-0.69	0.00116332878348987
-0.67	0.00135000468628438
-0.65	0.00155559338506809
-0.63	0.0017813258497334
-0.61	0.00202852105401289
-0.59	0.00229859321519344
-0.57	0.00259305971882096
-0.55	0.00291354980227833
-0.53	0.00326181408011472
-0.51	0.00363973500422529
-0.49	0.00404933836361137
-0.47	0.00449280594170945
-0.45	0.00497248946441362
-0.429999999999999	0.0054909259892282
-0.409999999999999	0.00605085490582081
-0.389999999999999	0.00665523674101001
-0.369999999999999	0.00730727398739759
-0.349999999999999	0.00801043420501031
-0.329999999999999	0.00876847568012513
-0.309999999999999	0.00958547596571177
-0.289999999999999	0.0104658636745889
-0.269999999999999	0.0114144539505874
-0.249999999999999	0.0124364881061034
-0.229999999999999	0.0135376779880228
-0.209999999999999	0.0147242557200739
-0.189999999999999	0.0160030295705513
-0.169999999999999	0.0173814468129142
-0.149999999999999	0.0188676645864408
-0.129999999999999	0.0204706299291081
-0.109999999999999	0.0222001703502995
-0.0899999999999994	0.0240670965430762
-0.0699999999999994	0.0260833191122969
-0.0499999999999994	0.0282619815253198
-0.0299999999999994	0.0306176118881288
-0.00999999999999938	0.0331662966260707
0.0100000000000006	0.0359258797231793
0.0300000000000006	0.0389161918700556
0.0500000000000006	0.042159314716113
0.0700000000000006	0.0456798864538341
0.0900000000000006	0.0495054562263845
0.110000000000001	0.053666896403944
0.130000000000001	0.0581988836933159
0.150000000000001	0.0631404624261549
0.170000000000001	0.0685357063382833
0.190000000000001	0.0744344988684561
0.210000000000001	0.0808934566822318
0.230000000000001	0.0879770270454489
0.250000000000001	0.095758797203624
0.270000000000001	0.10432306356415
0.290000000000001	0.113766720893972
0.310000000000001	0.124201547839047
0.330000000000001	0.135756986075358
0.350000000000001	0.148583538010033
0.370000000000001	0.162856944518946
0.390000000000001	0.178783353031601
0.410000000000001	0.196605752020406
0.430000000000001	0.216612037287701
0.450000000000001	0.239145198006473
0.470000000000001	0.264616280348069
0.490000000000001	0.293521024577718
0.510000000000001	0.326461409001955
0.530000000000001	0.364173818715073
0.550000000000001	0.40756626226543
0.570000000000001	0.45776810067292
0.590000000000001	0.516197315389773
0.610000000000001	0.584652725894966
0.630000000000001	0.665442274827184
0.650000000000001	0.761564382467651
0.670000000000001	0.876968923713783
0.690000000000001	1.01694027600795
0.710000000000001	1.18867208137223
0.730000000000001	1.40215135303375
0.750000000000001	1.67155723493873
0.770000000000001	2.01754637708
0.790000000000001	2.47112833552834
0.810000000000001	3.08052909730061
0.830000000000001	3.92398932685426
0.850000000000001	5.13515851674298
0.870000000000001	6.95748889682389
0.890000000000001	9.87259514904091
0.910000000000001	14.9442111219995
0.930000000000001	24.9167197602809
0.950000000000001	48.7762823433151
0.970000000000001	131.526875118371
0.990000000000001	956.63031833757
