# Program settings for SigmaNu
# Electroweak scheme and input parameters
# Scheme = Complex mass scheme
# alpha_GF = 0.00755898078237864
# Pole masses/widths for particles [GeV]
# mw = 80.35797361
# gw = 2.084298894
# mz = 91.15348062
# gz = 2.494266379
# s^2_thetaw (derived) = (0.222868505240788,-0.00110716741475141)
# charged leptons
# m_e = 0.0005109989461
# m_m = 0.10565837
# m_t = 1.77686
# quarks
# m_d = 0.05
# m_u = 0.05
# m_s = 0.2
# m_c = 1.51
# m_b = 4.92
# m_t = 173
# Ecms (default) = 776124

# channel_id = 6
# process  = nu_e nu_mu~ -> nu_e nu_mu~
-0.99	1.22093689697509e-11
-0.97	1.1212680006996e-10
-0.95	3.17885088952084e-10
-0.93	6.36034733484473e-10
-0.91	1.07353857681474e-09
-0.89	1.63780100230338e-09
-0.87	2.33669948042933e-09
-0.85	3.17861868225682e-09
-0.83	4.17248739604997e-09
-0.81	5.32781850813153e-09
-0.79	6.65475233642233e-09
-0.77	8.16410363563058e-09
-0.75	9.86741262719607e-09
-0.73	1.17770004453071e-08
-0.71	1.39060294331326e-08
-0.69	1.62685687714691e-08
-0.67	1.8879665975996e-08
-0.65	2.17554248600799e-08
-0.63	2.49130906284973e-08
-0.61	2.83711428446465e-08
-0.59	3.21493971010182e-08
-0.57	3.62691163213521e-08
-0.55	4.07531327346664e-08
-0.53	4.56259816881646e-08
-0.51	5.09140486101289e-08
-0.49	5.66457305979315e-08
-0.47	6.28516142932808e-08
-0.45	6.95646719203496e-08
-0.429999999999999	7.68204776066771e-08
-0.409999999999999	8.46574463866178e-08
-0.389999999999999	9.31170986084043e-08
-0.369999999999999	1.02244352835393e-07
-0.349999999999999	1.12087850757846e-07
-0.329999999999999	1.22700318123171e-07
-0.309999999999999	1.34138966261213e-07
-0.289999999999999	1.46465939440452e-07
-0.269999999999999	1.59748814056823e-07
-0.249999999999999	1.74061156548569e-07
-0.229999999999999	1.89483147971109e-07
-0.209999999999999	2.0610228438299e-07
-0.189999999999999	2.24014163621045e-07
-0.169999999999999	2.43323370720211e-07
-0.149999999999999	2.64144476210129e-07
-0.129999999999999	2.86603163856159e-07
-0.109999999999999	3.10837507179581e-07
-0.0899999999999994	3.36999417379627e-07
-0.0699999999999994	3.65256289197962e-07
-0.0499999999999994	3.95792875949416e-07
-0.0299999999999994	4.28813430558136e-07
-0.00999999999999938	4.6454415619356e-07
0.0100000000000006	5.03236018254532e-07
0.0300000000000006	5.45167979326865e-07
0.0500000000000006	5.90650730747516e-07
0.0700000000000006	6.40031009062536e-07
0.0900000000000006	6.93696603620026e-07
0.110000000000001	7.52082183627246e-07
0.130000000000001	8.15676100291407e-07
0.150000000000001	8.85028353532822e-07
0.170000000000001	9.6075995498978e-07
0.190000000000001	1.04357397194825e-06
0.210000000000001	1.13426860346818e-06
0.230000000000001	1.23375272435091e-06
0.250000000000001	1.34306444001934e-06
0.270000000000001	1.46339333296827e-06
0.290000000000001	1.59610725874683e-06
0.310000000000001	1.74278477941239e-06
0.330000000000001	1.90525462274292e-06
0.350000000000001	2.08564395058804e-06
0.370000000000001	2.28643774344578e-06
0.390000000000001	2.51055230816782e-06
0.410000000000001	2.76142685887831e-06
0.430000000000001	3.0431384039793e-06
0.450000000000001	3.36054693373837e-06
0.470000000000001	3.71948034721337e-06
0.490000000000001	4.1269719862421e-06
0.510000000000001	4.59156851167657e-06
0.530000000000001	5.12373285444035e-06
0.550000000000001	5.73637717136618e-06
0.570000000000001	6.44557581668976e-06
0.590000000000001	7.27153100131685e-06
0.610000000000001	8.23989845813533e-06
0.630000000000001	9.38363441042851e-06
0.650000000000001	1.07456109958355e-05
0.670000000000001	1.23823869952397e-05
0.690000000000001	1.4369753806205e-05
0.710000000000001	1.68110765455487e-05
0.730000000000001	1.98501582065184e-05
0.750000000000001	2.36916532360939e-05
0.770000000000001	2.86345353184311e-05
0.790000000000001	3.51290772097854e-05
0.810000000000001	4.38782405773655e-05
0.830000000000001	5.60278012019346e-05
0.850000000000001	7.35461870931716e-05
0.870000000000001	0.000100045073449235
0.890000000000001	0.000142737275684011
0.910000000000001	0.000217761366236725
0.930000000000001	0.000367550974828578
0.950000000000001	0.000735407607352672
0.970000000000001	0.0020849158329633
0.990000000000001	0.0191471059239473
