# Program settings for SigmaNu
# Electroweak scheme and input parameters
# Scheme = Complex mass scheme
# alpha_GF = 0.00755898078237864
# Pole masses/widths for particles [GeV]
# mw = 80.35797361
# gw = 2.084298894
# mz = 91.15348062
# gz = 2.494266379
# s^2_thetaw (derived) = (0.222868505240788,-0.00110716741475141)
# charged leptons
# m_e = 0.0005109989461
# m_m = 0.10565837
# m_t = 1.77686
# quarks
# m_d = 0.05
# m_u = 0.05
# m_s = 0.2
# m_c = 1.51
# m_b = 4.92
# m_t = 173
# Ecms (default) = 116852

# channel_id = 6
# process  = nu_e nu_mu~ -> nu_e nu_mu~
-0.99	5.38620186254792e-10
-0.97	4.94650930400291e-09
-0.95	1.40236012233411e-08
-0.93	2.80588730450485e-08
-0.91	4.73594925893504e-08
-0.89	7.22521063372101e-08
-0.87	1.03084231129342e-07
-0.85	1.40225759089599e-07
-0.83	1.84070586209773e-07
-0.81	2.35038376114143e-07
-0.79	2.93576471728179e-07
-0.77	3.60161968922778e-07
-0.75	4.35303967711342e-07
-0.73	5.1954601826271e-07
-0.71	6.13468780882239e-07
-0.69	7.17692921233328e-07
-0.67	8.32882264453654e-07
-0.65	9.59747234500204e-07
-0.63	1.09904860807606e-06
-0.61	1.25160161589742e-06
-0.59	1.41828042790642e-06
-0.57	1.60002306338723e-06
-0.55	1.79783677187363e-06
-0.53	2.01280393633048e-06
-0.51	2.24608855644884e-06
-0.49	2.49894337713034e-06
-0.47	2.77271773548535e-06
-0.45	3.0688662090892e-06
-0.429999999999999	3.38895815901582e-06
-0.409999999999999	3.73468827351493e-06
-0.389999999999999	4.10788823237301e-06
-0.369999999999999	4.51053962829871e-06
-0.349999999999999	4.944788300457e-06
-0.329999999999999	5.41296025696171e-06
-0.309999999999999	5.91757938822355e-06
-0.289999999999999	6.46138720213338e-06
-0.269999999999999	7.04736484584693e-06
-0.249999999999999	7.67875771827437e-06
-0.229999999999999	8.35910302328264e-06
-0.209999999999999	9.09226066731043e-06
-0.189999999999999	9.88244796805006e-06
-0.169999999999999	1.07342787148463e-05
-0.149999999999999	1.16528072086626e-05
-0.129999999999999	1.26435780124957e-05
-0.109999999999999	1.37126822651934e-05
-0.0899999999999994	1.48668215566731e-05
-0.0699999999999994	1.61133805353805e-05
-0.0499999999999994	1.74605096254269e-05
-0.0299999999999994	1.89172194785637e-05
-0.00999999999999938	2.04934890841619e-05
0.0100000000000006	2.22003898200706e-05
0.0300000000000006	2.40502281629534e-05
0.0500000000000006	2.60567103064263e-05
0.0700000000000006	2.82351325817815e-05
0.0900000000000006	3.06026023681198e-05
0.110000000000001	3.31782951531247e-05
0.130000000000001	3.59837546096196e-05
0.150000000000001	3.90432440471823e-05
0.170000000000001	4.23841594610923e-05
0.190000000000001	4.60375167351662e-05
0.210000000000001	5.00385284947872e-05
0.230000000000001	5.4427289828528e-05
0.250000000000001	5.92495968358763e-05
0.270000000000001	6.45579280281559e-05
0.290000000000001	7.04126264314671e-05
0.310000000000001	7.68833303858655e-05
0.330000000000001	8.40507142847544e-05
0.350000000000001	9.20086179278748e-05
0.370000000000001	0.000100866666264444
0.390000000000001	0.000110753512175106
0.410000000000001	0.000121820876549521
0.430000000000001	0.000134248616506067
0.450000000000001	0.000148251130313412
0.470000000000001	0.000164085515401074
0.490000000000001	0.000182062047113609
0.510000000000001	0.000202557760588218
0.530000000000001	0.000226034226821971
0.550000000000001	0.000253061063846302
0.570000000000001	0.000284347389211742
0.590000000000001	0.000320784419671404
0.610000000000001	0.00036350395234214
0.630000000000001	0.000413959842855001
0.650000000000001	0.000474043383446539
0.670000000000001	0.00054624964654914
0.690000000000001	0.000633922141991804
0.710000000000001	0.000741620779082382
0.730000000000001	0.000875689359272963
0.750000000000001	0.00104515610421205
0.770000000000001	0.00126321005621096
0.790000000000001	0.00154971468513505
0.810000000000001	0.00193568058424199
0.830000000000001	0.00247165259564722
0.850000000000001	0.00324446580385016
0.870000000000001	0.00441344467352169
0.890000000000001	0.00629677155920895
0.910000000000001	0.00960636933398124
0.930000000000001	0.0162140962363516
0.950000000000001	0.0324412352261187
0.970000000000001	0.0919695404677741
0.990000000000001	0.84448075812997
