# Program settings for SigmaNu
# Electroweak scheme and input parameters
# Scheme = Complex mass scheme
# alpha_GF = 0.00755898078237864
# Pole masses/widths for particles [GeV]
# mw = 80.35797361
# gw = 2.084298894
# mz = 91.15348062
# gz = 2.494266379
# s^2_thetaw (derived) = (0.222868505240788,-0.00110716741475141)
# charged leptons
# m_e = 0.0005109989461
# m_m = 0.10565837
# m_t = 1.77686
# quarks
# m_d = 0.05
# m_u = 0.05
# m_s = 0.2
# m_c = 1.51
# m_b = 4.92
# m_t = 173
# Ecms (default) = 191184

# channel_id = 6
# process  = nu_e nu_mu~ -> nu_e nu_mu~
-0.99	2.0121120919988e-10
-0.97	1.84785708281712e-09
-0.95	5.23876727208375e-09
-0.93	1.04818943900362e-08
-0.91	1.76919865240842e-08
-0.89	2.69910683701186e-08
-0.87	3.8508961127238e-08
-0.85	5.2383844689535e-08
-0.83	6.87628660338986e-08
-0.81	8.78027981067145e-08
-0.79	1.0967075396291e-07
-0.77	1.34544961413969e-07
-0.75	1.62615604004108e-07
-0.73	1.94085734763541e-07
-0.71	2.2917226989353e-07
-0.69	2.68107070329889e-07
-0.67	3.11138120021425e-07
-0.65	3.58530810760937e-07
-0.63	4.1056934453409e-07
-0.61	4.67558265623738e-07
-0.59	5.29824136144378e-07
-0.57	5.97717370307195e-07
-0.55	6.71614244558082e-07
-0.53	7.5191910282087e-07
-0.51	8.39066778452925e-07
-0.49	9.33525257223322e-07
-0.47	1.03579860870536e-06
-0.45	1.14643021699413e-06
-0.429999999999999	1.26600634568511e-06
-0.409999999999999	1.39516007666196e-06
-0.389999999999999	1.53457566753706e-06
-0.369999999999999	1.68499337867724e-06
-0.349999999999999	1.84721482776447e-06
-0.329999999999999	2.0221089379421e-06
-0.309999999999999	2.21061855496925e-06
-0.289999999999999	2.41376781967017e-06
-0.269999999999999	2.63267039458713e-06
-0.249999999999999	2.8685386584407e-06
-0.229999999999999	3.12269399914921e-06
-0.209999999999999	3.39657835621786e-06
-0.189999999999999	3.69176718682467e-06
-0.169999999999999	4.00998405757397e-06
-0.149999999999999	4.35311709646302e-06
-0.129999999999999	4.72323757809659e-06
-0.109999999999999	5.12262096078752e-06
-0.0899999999999994	5.55377074836451e-06
-0.0699999999999994	6.01944561407747e-06
-0.0499999999999994	6.52269030116933e-06
-0.0299999999999994	7.06687090722469e-06
-0.00999999999999938	7.65571527073183e-06
0.0100000000000006	8.29335931267152e-06
0.0300000000000006	8.98440034871892e-06
0.0500000000000006	9.73395858553418e-06
0.0700000000000006	1.05477482561159e-05
0.0900000000000006	1.14321601450741e-05
0.110000000000001	1.23943576186899e-05
0.130000000000001	1.34423887243717e-05
0.150000000000001	1.45853174822853e-05
0.170000000000001	1.58333781878941e-05
0.190000000000001	1.71981574161657e-05
0.210000000000001	1.86928095164041e-05
0.230000000000001	2.03323127771348e-05
0.250000000000001	2.21337752108587e-05
0.270000000000001	2.41168011759155e-05
0.290000000000001	2.63039329746629e-05
0.310000000000001	2.87211853572112e-05
0.330000000000001	3.13986958096717e-05
0.350000000000001	3.43715200170117e-05
0.370000000000001	3.76806105212836e-05
0.390000000000001	4.13740281289431e-05
0.410000000000001	4.55084511645942e-05
0.430000000000001	5.01510688088034e-05
0.450000000000001	5.53819737891083e-05
0.470000000000001	6.12972099746528e-05
0.490000000000001	6.80126869342095e-05
0.510000000000001	7.56692537327466e-05
0.530000000000001	8.44393395584723e-05
0.550000000000001	9.45357368245445e-05
0.570000000000001	0.000106223350922266
0.590000000000001	0.000119835114258352
0.610000000000001	0.00013579383317499
0.630000000000001	0.000154642625917501
0.650000000000001	0.000177088024703827
0.670000000000001	0.000204062117142222
0.690000000000001	0.000236813943546384
0.710000000000001	0.0002770469577444
0.730000000000001	0.00032713102740204
0.750000000000001	0.000390438847991659
0.770000000000001	0.000471897488524286
0.790000000000001	0.000578927412727702
0.810000000000001	0.000723113370310471
0.830000000000001	0.000923337631557309
0.850000000000001	0.00121203965268665
0.870000000000001	0.00164873931123844
0.890000000000001	0.00235230250087492
0.910000000000001	0.00358868921995062
0.930000000000001	0.00605719309836881
0.950000000000001	0.0121193642462562
0.970000000000001	0.0343585875359107
0.990000000000001	0.315518759607054
