# Program settings for SigmaNu
# Electroweak scheme and input parameters
# Scheme = Complex mass scheme
# alpha_GF = 0.00755898078237864
# Pole masses/widths for particles [GeV]
# mw = 80.35797361
# gw = 2.084298894
# mz = 91.15348062
# gz = 2.494266379
# s^2_thetaw (derived) = (0.222868505240788,-0.00110716741475141)
# charged leptons
# m_e = 0.0005109989461
# m_m = 0.10565837
# m_t = 1.77686
# quarks
# m_d = 0.05
# m_u = 0.05
# m_s = 0.2
# m_c = 1.51
# m_b = 4.92
# m_t = 173
# Ecms (default) = 723090

# channel_id = 6
# process  = nu_e nu_mu~ -> nu_e nu_mu~
-0.99	1.40660038574758e-11
-0.97	1.29177519833372e-10
-0.95	3.66224732672527e-10
-0.93	7.32754250909575e-10
-0.91	1.23678773222188e-09
-0.89	1.88685551793162e-09
-0.87	2.69203297713576e-09
-0.85	3.66197980768495e-09
-0.83	4.80698256657483e-09
-0.81	6.13800073055001e-09
-0.79	7.66671661921893e-09
-0.77	9.40558954815282e-09
-0.75	1.13679146187701e-08
-0.73	1.3567886595829e-08
-0.71	1.60206693726911e-08
-0.69	1.87424715798798e-08
-0.67	2.1750628954666e-08
-0.65	2.50636941593949e-08
-0.63	2.8701534815105e-08
-0.61	3.26854406059287e-08
-0.59	3.70382404102255e-08
-0.57	4.17844305280557e-08
-0.55	4.69503152033619e-08
-0.53	5.25641607853218e-08
-0.51	5.86563650393596e-08
-0.49	6.52596433072633e-08
-0.47	7.24092334312788e-08
-0.45	8.01431216030495e-08
-0.429999999999999	8.85022915796577e-08
-0.409999999999999	9.75310000314672e-08
-0.389999999999999	1.07277081156613e-07
-0.369999999999999	1.17792284122686e-07
-0.349999999999999	1.29132647386674e-07
-0.329999999999999	1.41358914510565e-07
-0.309999999999999	1.5453699674514e-07
-0.289999999999999	1.68738488414013e-07
-0.269999999999999	1.84041242012297e-07
-0.249999999999999	2.0053001096155e-07
-0.229999999999999	2.18297169161494e-07
-0.209999999999999	2.37443517881132e-07
-0.189999999999999	2.58079192175958e-07
-0.169999999999999	2.80324680950375e-07
-0.149999999999999	3.04311977061656e-07
-0.129999999999999	3.30185876552457e-07
-0.109999999999999	3.5810544928684e-07
-0.0899999999999994	3.88245707052576e-07
-0.0699999999999994	4.20799499706295e-07
-0.0499999999999994	4.55979675333359e-07
-0.0299999999999994	4.94021546863652e-07
-0.00999999999999938	5.35185715366908e-07
0.0100000000000006	5.7976130964508e-07
0.0300000000000006	6.2806971311821e-07
0.0500000000000006	6.8046886283407e-07
0.0700000000000006	7.3735822231426e-07
0.0900000000000006	7.99184550633706e-07
0.110000000000001	8.66448615577265e-07
0.130000000000001	9.39713030157445e-07
0.150000000000001	1.01961143079678e-06
0.170000000000001	1.10685926413097e-06
0.190000000000001	1.20226651034894e-06
0.210000000000001	1.30675274775831e-06
0.230000000000001	1.42136506046765e-06
0.250000000000001	1.54729941483994e-06
0.270000000000001	1.68592628887998e-06
0.290000000000001	1.83882154298469e-06
0.310000000000001	2.00780378543466e-06
0.330000000000001	2.19497983202571e-06
0.350000000000001	2.40280031441285e-06
0.370000000000001	2.63412809508386e-06
0.390000000000001	2.89232295311419e-06
0.410000000000001	3.18134709146314e-06
0.430000000000001	3.50589749442834e-06
0.450000000000001	3.87157319338144e-06
0.470000000000001	4.28508831485696e-06
0.490000000000001	4.7545457354704e-06
0.510000000000001	5.28979177576905e-06
0.530000000000001	5.90288042658673e-06
0.550000000000001	6.60868734952989e-06
0.570000000000001	7.42573126744175e-06
0.590000000000001	8.37728646794297e-06
0.610000000000001	9.49291005781582e-06
0.630000000000001	1.08105697931371e-05
0.650000000000001	1.2379657221167e-05
0.670000000000001	1.42653318101318e-05
0.690000000000001	1.65549102784443e-05
0.710000000000001	1.93674760980221e-05
0.730000000000001	2.28686998563803e-05
0.750000000000001	2.72943570511614e-05
0.770000000000001	3.29888851953891e-05
0.790000000000001	4.04710283641813e-05
0.810000000000001	5.05506450085134e-05
0.830000000000001	6.45477447861346e-05
0.850000000000001	8.47300872317585e-05
0.870000000000001	0.000115258561491104
0.890000000000001	0.000164442808688534
0.910000000000001	0.000250875532752373
0.930000000000001	0.000423443082495424
0.950000000000001	0.000847238262293143
0.970000000000001	0.00240196083379625
0.990000000000001	0.0220587191376509
