# Program settings for SigmaNu
# Electroweak scheme and input parameters
# Scheme = Complex mass scheme
# alpha_GF = 0.00755898078237864
# Pole masses/widths for particles [GeV]
# mw = 80.35797361
# gw = 2.084298894
# mz = 91.15348062
# gz = 2.494266379
# s^2_thetaw (derived) = (0.222868505240788,-0.00110716741475141)
# charged leptons
# m_e = 0.0005109989461
# m_m = 0.10565837
# m_t = 1.77686
# quarks
# m_d = 0.05
# m_u = 0.05
# m_s = 0.2
# m_c = 1.51
# m_b = 4.92
# m_t = 173
# Ecms (default) = 477983

# channel_id = 6
# process  = nu_e nu_mu~ -> nu_e nu_mu~
-0.99	3.21907076445629e-11
-0.97	2.9562879518607e-10
-0.95	8.38122427035343e-10
-0.93	1.67694236935831e-09
-0.91	2.83044656045225e-09
-0.89	4.31815708487176e-09
-0.87	6.1608433486641e-09
-0.85	8.38061202149132e-09
-0.83	1.10010043694127e-08
-0.81	1.40471016667235e-08
-0.79	1.75456394473294e-08
-0.77	2.15251314366365e-08
-0.75	2.6016004094941e-08
-0.73	3.10507428040464e-08
-0.71	3.66640508417543e-08
-0.69	4.28930224155729e-08
-0.67	4.97773311693489e-08
-0.65	5.7359435736691e-08
-0.63	6.56848040954717e-08
-0.61	7.48021586812338e-08
-0.59	8.47637444472416e-08
-0.57	9.5625622319023e-08
-0.55	1.07447990785921e-07
-0.53	1.20295538706525e-07
-0.51	1.34237832784796e-07
-0.49	1.49349743606156e-07
-0.47	1.65711914615814e-07
-0.45	1.83411278984563e-07
-0.429999999999999	2.02541629951284e-07
-0.409999999999999	2.23204250969286e-07
-0.389999999999999	2.45508612830731e-07
-0.369999999999999	2.69573145917608e-07
-0.349999999999999	2.95526096850329e-07
-0.329999999999999	3.23506480101047e-07
-0.309999999999999	3.53665136638167e-07
-0.289999999999999	3.86165913406671e-07
-0.269999999999999	4.21186979468111e-07
-0.249999999999999	4.58922296975175e-07
-0.229999999999999	4.99583267899193e-07
-0.209999999999999	5.43400580637922e-07
-0.189999999999999	5.90626284393408e-07
-0.169999999999999	6.4153612363217e-07
-0.149999999999999	6.96432170151469e-07
-0.129999999999999	7.55645796433197e-07
-0.109999999999999	8.19541041262619e-07
-0.0899999999999994	8.88518427257843e-07
-0.0699999999999994	9.63019300285895e-07
-0.0499999999999994	1.04353077308872e-06
-0.0299999999999994	1.13059137024771e-06
-0.00999999999999938	1.22479748942583e-06
0.0100000000000006	1.32681081532485e-06
0.0300000000000006	1.43736684883615e-06
0.0500000000000006	1.55728474552332e-06
0.0700000000000006	1.68747869621054e-06
0.0900000000000006	1.82897112978794e-06
0.110000000000001	1.98290807658088e-06
0.130000000000001	2.15057710258307e-06
0.150000000000001	2.33342831415112e-06
0.170000000000001	2.53309904410177e-06
0.190000000000001	2.75144296966328e-06
0.210000000000001	2.99056458842881e-06
0.230000000000001	3.2528602009136e-06
0.250000000000001	3.54106683155465e-06
0.270000000000001	3.85832088274528e-06
0.290000000000001	4.20822878396969e-06
0.310000000000001	4.59495250445124e-06
0.330000000000001	5.02331358961171e-06
0.350000000000001	5.49892042332454e-06
0.370000000000001	6.02832479872745e-06
0.390000000000001	6.61921572546323e-06
0.410000000000001	7.28066088797143e-06
0.430000000000001	8.02340955159552e-06
0.450000000000001	8.86027535788723e-06
0.470000000000001	9.80662389491688e-06
0.490000000000001	1.08809989690773e-05
0.510000000000001	1.21059343381785e-05
0.530000000000001	1.35090161146633e-05
0.550000000000001	1.51242879337322e-05
0.570000000000001	1.69941307428479e-05
0.590000000000001	1.91718088167142e-05
0.610000000000001	2.17249649483316e-05
0.630000000000001	2.47404900847897e-05
0.650000000000001	2.83314190389356e-05
0.670000000000001	3.2646872226727e-05
0.690000000000001	3.78866779353065e-05
0.710000000000001	4.43233641036585e-05
0.730000000000001	5.23360753861405e-05
0.750000000000001	6.24643946769809e-05
0.770000000000001	7.54965827635968e-05
0.790000000000001	9.26198087840678e-05
0.810000000000001	0.000115687470064852
0.830000000000001	0.000147720467517743
0.850000000000001	0.00019390866925099
0.870000000000001	0.000263774452867716
0.890000000000001	0.000376334793352967
0.910000000000001	0.000574139890374048
0.930000000000001	0.00096906820318758
0.950000000000001	0.00193894128910537
0.970000000000001	0.00549698491743959
0.990000000000001	0.0504819989484103
