# Program settings for SigmaNu
# Electroweak scheme and input parameters
# Scheme = Complex mass scheme
# alpha_GF = 0.00755898078237864
# Pole masses/widths for particles [GeV]
# mw = 80.35797361
# gw = 2.084298894
# mz = 91.15348062
# gz = 2.494266379
# s^2_thetaw (derived) = (0.222868505240788,-0.00110716741475141)
# charged leptons
# m_e = 0.0005109989461
# m_m = 0.10565837
# m_t = 1.77686
# quarks
# m_d = 0.05
# m_u = 0.05
# m_s = 0.2
# m_c = 1.51
# m_b = 4.92
# m_t = 173
# Ecms (default) = 118507

# channel_id = 6
# process  = nu_e nu_mu~ -> nu_e nu_mu~
-0.99	5.23681138715094e-10
-0.97	4.80931404351759e-09
-0.95	1.36346458043113e-08
-0.93	2.728063852371e-08
-0.91	4.60459404907434e-08
-0.89	7.02481384001681e-08
-0.87	1.00225110451708e-07
-0.85	1.3633648953331e-07
-0.83	1.7896524663598e-07
-0.81	2.28519405699059e-07
-0.79	2.85433902257427e-07
-0.77	3.50172599571746e-07
-0.75	4.2323047738698e-07
-0.73	5.05136010103425e-07
-0.71	5.96453752981337e-07
-0.69	6.97787157061433e-07
-0.67	8.09781635799499e-07
-0.65	9.33127909018759e-07
-0.63	1.06856565271888e-06
-0.61	1.21688748659149e-06
-0.59	1.37894333483244e-06
-0.57	1.55564520007249e-06
-0.55	1.74797239504164e-06
-0.53	1.95697728202174e-06
-0.51	2.183791576323e-06
-0.49	2.42963327705493e-06
-0.47	2.69581429648259e-06
-0.45	2.98374886841755e-06
-0.429999999999999	3.29496282656894e-06
-0.409999999999999	3.63110385578464e-06
-0.389999999999999	3.99395283289322e-06
-0.369999999999999	4.38543638970608e-06
-0.349999999999999	4.80764084900131e-06
-0.329999999999999	5.26282770539527e-06
-0.309999999999999	5.75345084739906e-06
-0.289999999999999	6.28217574523331e-06
-0.269999999999999	6.85190086182415e-06
-0.249999999999999	7.46578158264913e-06
-0.229999999999999	8.12725700473335e-06
-0.209999999999999	8.8400799772989e-06
-0.189999999999999	9.6083508477788e-06
-0.169999999999999	1.04365554388504e-05
-0.149999999999999	1.13296078669247e-05
-0.129999999999999	1.22928989127011e-05
-0.109999999999999	1.33323507730861e-05
-0.0899999999999994	1.44544791647913e-05
-0.0699999999999994	1.56664639179789e-05
-0.0499999999999994	1.69762293991872e-05
-0.0299999999999994	1.83925363436209e-05
-0.00999999999999938	1.9925086966633e-05
0.0100000000000006	2.15846455739566e-05
0.0300000000000006	2.33831773138829e-05
0.0500000000000006	2.53340082296159e-05
0.0700000000000006	2.74520103985619e-05
0.0900000000000006	2.9753816715388e-05
0.110000000000001	3.22580708230645e-05
0.130000000000001	3.49857188666217e-05
0.150000000000001	3.79603511970508e-05
0.170000000000001	4.12086039641011e-05
0.190000000000001	4.47606328062683e-05
0.210000000000001	4.8650673704481e-05
0.230000000000001	5.29177096848534e-05
0.250000000000001	5.76062666635422e-05
0.270000000000001	6.27673676279823e-05
0.290000000000001	6.84596819535723e-05
0.310000000000001	7.47509165188887e-05
0.330000000000001	8.17195081647733e-05
0.350000000000001	8.94566939886405e-05
0.370000000000001	9.80690584277388e-05
0.390000000000001	0.000107681686100969
0.410000000000001	0.000118442089832998
0.430000000000001	0.000130525138304546
0.450000000000001	0.000144139283330563
0.470000000000001	0.000159534491604806
0.490000000000001	0.000177012432821342
0.510000000000001	0.00019693968485324
0.530000000000001	0.000219765016793632
0.550000000000001	0.000246042248039005
0.570000000000001	0.000276460828428158
0.590000000000001	0.000311887256409313
0.610000000000001	0.000353421938208198
0.630000000000001	0.000402478406158901
0.650000000000001	0.000460895496754336
0.670000000000001	0.000531099080659771
0.690000000000001	0.000616339934299729
0.710000000000001	0.000721051496456349
0.730000000000001	0.000851401621464985
0.750000000000001	0.00101616813106952
0.770000000000001	0.00122817426692254
0.790000000000001	0.00150673258275858
0.810000000000001	0.00188199359066652
0.830000000000001	0.00240310027164494
0.850000000000001	0.00315447934759838
0.870000000000001	0.00429103645409104
0.890000000000001	0.00612212927850409
0.910000000000001	0.00933993593820985
0.930000000000001	0.0157644004028942
0.950000000000001	0.0315414939876455
0.970000000000001	0.0894188922994143
0.990000000000001	0.821063945569878
