# Program settings for SigmaNu
# Electroweak scheme and input parameters
# Scheme = Complex mass scheme
# alpha_GF = 0.00755898078237864
# Pole masses/widths for particles [GeV]
# mw = 80.35797361
# gw = 2.084298894
# mz = 91.15348062
# gz = 2.494266379
# s^2_thetaw (derived) = (0.222868505240788,-0.00110716741475141)
# charged leptons
# m_e = 0.0005109989461
# m_m = 0.10565837
# m_t = 1.77686
# quarks
# m_d = 0.05
# m_u = 0.05
# m_s = 0.2
# m_c = 1.51
# m_b = 4.92
# m_t = 173
# Ecms (default) = 121644

# channel_id = 6
# process  = nu_e nu_mu~ -> nu_e nu_mu~
-0.99	4.97019675820404e-10
-0.97	4.56446400602059e-09
-0.95	1.2940483712338e-08
-0.93	2.58917366663575e-08
-0.91	4.37016664945093e-08
-0.89	6.66716910449623e-08
-0.87	9.51224865984988e-08
-0.85	1.29395376558858e-07
-0.83	1.69853834253497e-07
-0.81	2.16885110473454e-07
-0.79	2.70901997493991e-07
-0.77	3.32344742560555e-07
-0.75	4.01683125214265e-07
-0.73	4.79418714386637e-07
-0.71	5.66087322936597e-07
-0.69	6.62261679259111e-07
-0.67	7.68554337792777e-07
-0.65	8.85620852726528e-07
-0.63	1.01416324199135e-06
-0.61	1.15493377176536e-06
-0.59	1.30873909527063e-06
-0.57	1.47644478365579e-06
-0.55	1.65898029130861e-06
-0.53	1.85734440310445e-06
-0.51	2.07261121696338e-06
-0.49	2.30593672176529e-06
-0.47	2.55856603828431e-06
-0.45	2.83184139949613e-06
-0.429999999999999	3.12721095655452e-06
-0.409999999999999	3.4462385081267e-06
-0.389999999999999	3.79061426385646e-06
-0.369999999999999	4.16216676776537e-06
-0.349999999999999	4.56287612473544e-06
-0.329999999999999	4.99488869322694e-06
-0.309999999999999	5.46053343053501e-06
-0.289999999999999	5.9623401037251e-06
-0.269999999999999	6.50305961056412e-06
-0.249999999999999	7.08568669106368e-06
-0.229999999999999	7.71348535260994e-06
-0.209999999999999	8.3900173812008e-06
-0.189999999999999	9.11917436940219e-06
-0.169999999999999	9.90521375991707e-06
-0.149999999999999	1.07527994841248e-05
-0.129999999999999	1.16670478700233e-05
-0.109999999999999	1.26535796066506e-05
-0.0899999999999994	1.37185786859026e-05
-0.0699999999999994	1.48688594021578e-05
-0.0499999999999994	1.61119426807608e-05
-0.0299999999999994	1.74561432350047e-05
-0.00999999999999938	1.89106693262438e-05
0.0100000000000006	2.04857372336947e-05
0.0300000000000006	2.21927029425536e-05
0.0500000000000006	2.404421404787e-05
0.0700000000000006	2.60543854681488e-05
0.0900000000000006	2.82390032935181e-05
0.110000000000001	3.06157619924528e-05
0.130000000000001	3.32045413119665e-05
0.150000000000001	3.60277305849232e-05
0.170000000000001	3.91106098772281e-05
0.190000000000001	4.24817995616537e-05
0.210000000000001	4.61737926177553e-05
0.230000000000001	5.0223587391951e-05
0.250000000000001	5.46734429249281e-05
0.270000000000001	5.95717845543407e-05
0.290000000000001	6.49742947183858e-05
0.310000000000001	7.09452332476728e-05
0.330000000000001	7.7559043659212e-05
0.350000000000001	8.49023180496194e-05
0.370000000000001	9.30762145034339e-05
0.390000000000001	0.000102199449420184
0.410000000000001	0.000112412025558416
0.430000000000001	0.000123879908813909
0.450000000000001	0.000136800938460448
0.470000000000001	0.000151412355080955
0.490000000000001	0.000168000470001297
0.510000000000001	0.000186913198180168
0.530000000000001	0.000208576461353784
0.550000000000001	0.00023351588334184
0.570000000000001	0.000262385813323982
0.590000000000001	0.000296008635372165
0.610000000000001	0.00033542873287156
0.630000000000001	0.000381987673784309
0.650000000000001	0.00043743067763331
0.670000000000001	0.000504060111731102
0.690000000000001	0.000584961252577351
0.710000000000001	0.000684341828872043
0.730000000000001	0.000808055684694634
0.750000000000001	0.000964433756676084
0.770000000000001	0.00116564644720131
0.790000000000001	0.00143002309761683
0.810000000000001	0.00178617924477915
0.830000000000001	0.0022807559865493
0.850000000000001	0.00299388187053331
0.870000000000001	0.00407257630106486
0.890000000000001	0.00581044768084264
0.910000000000001	0.00886443586075042
0.930000000000001	0.0149618338528617
0.950000000000001	0.0299357352865965
0.970000000000001	0.0848667659983498
0.990000000000001	0.779271578612068
