# Program settings for SigmaNu
# Electroweak scheme and input parameters
# Scheme = Complex mass scheme
# alpha_GF = 0.00755898078237864
# Pole masses/widths for particles [GeV]
# mw = 80.35797361
# gw = 2.084298894
# mz = 91.15348062
# gz = 2.494266379
# s^2_thetaw (derived) = (0.222868505240788,-0.00110716741475141)
# charged leptons
# m_e = 0.0005109989461
# m_m = 0.10565837
# m_t = 1.77686
# quarks
# m_d = 0.05
# m_u = 0.05
# m_s = 0.2
# m_c = 1.51
# m_b = 4.92
# m_t = 173
# Ecms (default) = 6.28676e-11

# channel_id = 6
# process  = nu_e nu_mu~ -> nu_e nu_mu~
-0.99	4.16521378533132e-28
-0.97	3.74869240679814e-27
-0.95	1.04130344633282e-26
-0.93	2.04095475481232e-26
-0.91	3.37382316611832e-26
-0.89	5.03990868025083e-26
-0.87	7.03921129720983e-26
-0.85	9.37173101699533e-26
-0.83	1.20374678396073e-25
-0.81	1.50364217650458e-25
-0.79	1.83685927933108e-25
-0.77	2.20339809244023e-25
-0.75	2.60325861583203e-25
-0.73	3.03644084950648e-25
-0.71	3.50294479346358e-25
-0.69	4.00277044770333e-25
-0.67	4.53591781222574e-25
-0.65	5.10238688703079e-25
-0.63	5.70217767211849e-25
-0.61	6.33529016748884e-25
-0.59	7.00172437314184e-25
-0.57	7.70148028907749e-25
-0.55	8.43455791529579e-25
-0.53	9.20095725179674e-25
-0.51	1.00006782985803e-24
-0.49	1.08337210556466e-24
-0.47	1.17000855229955e-24
-0.45	1.2599771700627e-24
-0.429999999999999	1.35327795885412e-24
-0.409999999999999	1.44991091867381e-24
-0.389999999999999	1.54987604952176e-24
-0.369999999999999	1.65317335139797e-24
-0.349999999999999	1.75980282430245e-24
-0.329999999999999	1.8697644682352e-24
-0.309999999999999	1.98305828319621e-24
-0.289999999999999	2.09968426918548e-24
-0.269999999999999	2.21964242620302e-24
-0.249999999999999	2.34293275424883e-24
-0.229999999999999	2.4695552533229e-24
-0.209999999999999	2.59950992342523e-24
-0.189999999999999	2.73279676455583e-24
-0.169999999999999	2.8694157767147e-24
-0.149999999999999	3.00936695990183e-24
-0.129999999999999	3.15265031411722e-24
-0.109999999999999	3.29926583936088e-24
-0.0899999999999994	3.44921353563281e-24
-0.0699999999999994	3.602493402933e-24
-0.0499999999999994	3.75910544126145e-24
-0.0299999999999994	3.91904965061817e-24
-0.00999999999999938	4.08232603100316e-24
0.0100000000000006	4.24893458241641e-24
0.0300000000000006	4.41887530485792e-24
0.0500000000000006	4.5921481983277e-24
0.0700000000000006	4.76875326282575e-24
0.0900000000000006	4.94869049835206e-24
0.110000000000001	5.13195990490663e-24
0.130000000000001	5.31856148248947e-24
0.150000000000001	5.50849523110058e-24
0.170000000000001	5.70176115073995e-24
0.190000000000001	5.89835924140758e-24
0.210000000000001	6.09828950310348e-24
0.230000000000001	6.30155193582765e-24
0.250000000000001	6.50814653958007e-24
0.270000000000001	6.71807331436077e-24
0.290000000000001	6.93133226016973e-24
0.310000000000001	7.14792337700696e-24
0.330000000000001	7.36784666487244e-24
0.350000000000001	7.5911021237662e-24
0.370000000000001	7.81768975368822e-24
0.390000000000001	8.04760955463851e-24
0.410000000000001	8.28086152661706e-24
0.430000000000001	8.51744566962387e-24
0.450000000000001	8.75736198365895e-24
0.470000000000001	9.00061046872229e-24
0.490000000000001	9.2471911248139e-24
0.510000000000001	9.49710395193378e-24
0.530000000000001	9.75034895008192e-24
0.550000000000001	1.00069261192583e-23
0.570000000000001	1.0266835459463e-23
0.590000000000001	1.05300769706959e-23
0.610000000000001	1.07966506529571e-23
0.630000000000001	1.10665565062466e-23
0.650000000000001	1.13397945305643e-23
0.670000000000001	1.16163647259103e-23
0.690000000000001	1.18962670922846e-23
0.710000000000001	1.21795016296871e-23
0.730000000000001	1.24660683381179e-23
0.750000000000001	1.2755967217577e-23
0.770000000000001	1.30491982680643e-23
0.790000000000001	1.33457614895799e-23
0.810000000000001	1.36456568821237e-23
0.830000000000001	1.39488844456958e-23
0.850000000000001	1.42554441802962e-23
0.870000000000001	1.45653360859249e-23
0.890000000000001	1.48785601625818e-23
0.910000000000001	1.51951164102669e-23
0.930000000000001	1.55150048289804e-23
0.950000000000001	1.58382254187221e-23
0.970000000000001	1.6164778179492e-23
0.990000000000001	1.64946631112903e-23
