# Program settings for SigmaNu
# Electroweak scheme and input parameters
# Scheme = Complex mass scheme
# alpha_GF = 0.00755898078237864
# Pole masses/widths for particles [GeV]
# mw = 80.35797361
# gw = 2.084298894
# mz = 91.15348062
# gz = 2.494266379
# s^2_thetaw (derived) = (0.222868505240788,-0.00110716741475141)
# charged leptons
# m_e = 0.0005109989461
# m_m = 0.10565837
# m_t = 1.77686
# quarks
# m_d = 0.05
# m_u = 0.05
# m_s = 0.2
# m_c = 1.51
# m_b = 4.92
# m_t = 173
# Ecms (default) = 271525

# channel_id = 6
# process  = nu_e nu_mu~ -> nu_e nu_mu~
-0.99	9.97552390985374e-11
-0.97	9.16119068517687e-10
-0.95	2.59724339591335e-09
-0.93	5.19664830170741e-09
-0.91	8.77122288508342e-09
-0.89	1.33814637977441e-08
-0.87	1.90917329941753e-08
-0.85	2.59705364516944e-08
-0.83	3.40908257932822e-08
-0.81	4.35303249464572e-08
-0.79	5.43718841948279e-08
-0.77	6.6703864228421e-08
-0.75	8.06205530777906e-08
-0.73	9.62226191291195e-08
-0.71	1.13617603767426e-07
-0.69	1.32920457587626e-07
-0.67	1.54254124554359e-07
-0.65	1.77750178987803e-07
-0.63	2.0354952081181e-07
-0.61	2.31803135131431e-07
-0.59	2.62672922919378e-07
-0.57	2.96332610397013e-07
-0.55	3.32968745608594e-07
-0.53	3.72781791723642e-07
-0.51	4.15987327779684e-07
-0.49	4.62817368917759e-07
-0.47	5.13521819690814e-07
-0.45	5.68370075769726e-07
-0.429999999999999	6.27652791367272e-07
-0.409999999999999	6.91683831987113e-07
-0.389999999999999	7.60802434729904e-07
-0.369999999999999	8.35375601407684e-07
-0.349999999999999	9.15800753196467e-07
-0.329999999999999	1.00250867957323e-06
-0.309999999999999	1.09596681892986e-06
-0.289999999999999	1.19668291364294e-06
-0.269999999999999	1.3052090886356e-06
-0.249999999999999	1.42214640975328e-06
-0.229999999999999	1.54814998677698e-06
-0.209999999999999	1.6839346958417e-06
-0.189999999999999	1.8302816076872e-06
-0.169999999999999	1.98804522187299e-06
-0.149999999999999	2.15816162323904e-06
-0.129999999999999	2.34165769597614e-06
-0.109999999999999	2.53966155327833e-06
-0.0899999999999994	2.75341436741274e-06
-0.0699999999999994	2.98428381705365e-06
-0.0499999999999994	3.23377940699105e-06
-0.0299999999999994	3.50356996120343e-06
-0.00999999999999938	3.79550364547736e-06
0.0100000000000006	4.11163094237693e-06
0.0300000000000006	4.45423108206503e-06
0.0500000000000006	4.82584253058664e-06
0.0700000000000006	5.22929825695339e-06
0.0900000000000006	5.66776664705974e-06
0.110000000000001	6.14479911292784e-06
0.130000000000001	6.66438566875032e-06
0.150000000000001	7.23102002192415e-06
0.170000000000001	7.84977607230869e-06
0.190000000000001	8.52639814526619e-06
0.210000000000001	9.26740782850484e-06
0.230000000000001	1.00802309721025e-05
0.250000000000001	1.09733492888052e-05
0.270000000000001	1.19564821158254e-05
0.290000000000001	1.30408053480033e-05
0.310000000000001	1.42392164311982e-05
0.330000000000001	1.55666567587244e-05
0.350000000000001	1.70405060417031e-05
0.370000000000001	1.86810675030785e-05
0.390000000000001	2.05121684627931e-05
0.410000000000001	2.25619085877616e-05
0.430000000000001	2.48635985611258e-05
0.450000000000001	2.74569463183627e-05
0.470000000000001	3.03895679683045e-05
0.490000000000001	3.37189285330673e-05
0.510000000000001	3.75148574097173e-05
0.530000000000001	4.18628406277545e-05
0.550000000000001	4.68683752927167e-05
0.570000000000001	5.26627948226759e-05
0.590000000000001	5.94111587347648e-05
0.610000000000001	6.7323083810176e-05
0.630000000000001	7.6667834491701e-05
0.650000000000001	8.77956918364068e-05
0.670000000000001	0.000101168761718552
0.690000000000001	0.000117406287405572
0.710000000000001	0.000137352799317548
0.730000000000001	0.000162183219715428
0.750000000000001	0.000193569648756416
0.770000000000001	0.000233954807877598
0.790000000000001	0.000287017584596944
0.810000000000001	0.000358501421890372
0.830000000000001	0.000457767704709631
0.850000000000001	0.0006008991623229
0.870000000000001	0.000817404393245643
0.890000000000001	0.00116621446357003
0.910000000000001	0.00177918662606833
0.930000000000001	0.0030030164155935
0.950000000000001	0.00600851657487709
0.970000000000001	0.0170343427688726
0.990000000000001	0.15643305976871
