# Program settings for SigmaNu
# Electroweak scheme and input parameters
# Scheme = Complex mass scheme
# alpha_GF = 0.00755898078237864
# Pole masses/widths for particles [GeV]
# mw = 80.35797361
# gw = 2.084298894
# mz = 91.15348062
# gz = 2.494266379
# s^2_thetaw (derived) = (0.222868505240788,-0.00110716741475141)
# charged leptons
# m_e = 0.0005109989461
# m_m = 0.10565837
# m_t = 1.77686
# quarks
# m_d = 0.05
# m_u = 0.05
# m_s = 0.2
# m_c = 1.51
# m_b = 4.92
# m_t = 173
# Ecms (default) = 141715

# channel_id = 6
# process  = nu_e nu_mu~ -> nu_e nu_mu~
-0.99	3.66204311889438e-10
-0.97	3.36309906192547e-09
-0.95	9.53455404848581e-09
-0.93	1.90770429388762e-08
-0.91	3.21994071557761e-08
-0.89	4.91237315405776e-08
-0.87	7.00862905609741e-08
-0.85	9.53385714991181e-08
-0.83	1.25148381716437e-07
-0.81	1.59801047826341e-07
-0.79	1.9960071542609e-07
-0.77	2.44871758954856e-07
-0.75	2.95960312268902e-07
-0.73	3.53235931670915e-07
-0.71	4.17093404415002e-07
-0.69	4.87954717150282e-07
-0.67	5.66271200385465e-07
-0.65	6.52525866878808e-07
-0.63	7.47235963910369e-07
-0.61	8.5095576170885e-07
-0.59	9.6427960292094e-07
-0.57	1.08784524096995e-06
-0.55	1.22233749850281e-06
-0.53	1.3684922809281e-06
-0.51	1.52710098436998e-06
-0.49	1.6990153422826e-06
-0.47	1.8851527605779e-06
-0.45	2.08650219752423e-06
-0.429999999999999	2.30413065199899e-06
-0.409999999999999	2.5391903320732e-06
-0.389999999999999	2.79292658554258e-06
-0.369999999999999	3.06668668510249e-06
-0.349999999999999	3.36192957363495e-06
-0.329999999999999	3.68023668981945e-06
-0.309999999999999	4.02332401133657e-06
-0.289999999999999	4.3930554727061e-06
-0.269999999999999	4.7914579377729e-06
-0.249999999999999	5.22073793359881e-06
-0.229999999999999	5.68330038372896e-06
-0.209999999999999	6.18176961530622e-06
-0.189999999999999	6.71901295730922e-06
-0.169999999999999	7.29816729749953e-06
-0.149999999999999	7.92266902494967e-06
-0.129999999999999	8.59628785507502e-06
-0.109999999999999	9.32316511708856e-06
-0.0899999999999994	1.0107857182412e-05
-0.0699999999999994	1.09553848300919e-05
-0.0499999999999994	1.18712894857328e-05
-0.0299999999999994	1.28616974388868e-05
-0.00999999999999938	1.39333933464501e-05
0.0100000000000006	1.50939045741816e-05
0.0300000000000006	1.63515982247076e-05
0.0500000000000006	1.77157930605306e-05
0.0700000000000006	1.91968889700874e-05
0.0900000000000006	2.08065171634079e-05
0.110000000000001	2.25577149464177e-05
0.130000000000001	2.44651297414653e-05
0.150000000000001	2.65452580375046e-05
0.170000000000001	2.8816726220015e-05
0.190000000000001	3.13006218178027e-05
0.210000000000001	3.40208857025578e-05
0.230000000000001	3.70047783076722e-05
0.250000000000001	4.02834361549309e-05
0.270000000000001	4.38925391043723e-05
0.290000000000001	4.78731140605798e-05
0.310000000000001	5.22725077664858e-05
0.330000000000001	5.71455703242281e-05
0.350000000000001	6.25561029327974e-05
0.370000000000001	6.85786390399756e-05
0.390000000000001	7.53006490959198e-05
0.410000000000001	8.28252873849976e-05
0.430000000000001	9.12748378876275e-05
0.450000000000001	0.000100795068960891
0.470000000000001	0.00011156077993824
0.490000000000001	0.000123782925594996
0.510000000000001	0.000137717850417473
0.530000000000001	0.000153679374488725
0.550000000000001	0.000172054778657034
0.570000000000001	0.000193326188979466
0.590000000000001	0.000218099540117455
0.610000000000001	0.000247144336511804
0.630000000000001	0.000281449049162017
0.650000000000001	0.000322299560912011
0.670000000000001	0.000371392263097305
0.690000000000001	0.000431000397514935
0.710000000000001	0.000504224233265368
0.730000000000001	0.000595376904325597
0.750000000000001	0.00071059667784004
0.770000000000001	0.000858850758282837
0.790000000000001	0.00105364428926247
0.810000000000001	0.00131606134311675
0.830000000000001	0.00168046734082073
0.850000000000001	0.00220590149410256
0.870000000000001	0.00300068873216465
0.890000000000001	0.00428116209771902
0.910000000000001	0.00653136113279539
0.930000000000001	0.0110239754709852
0.950000000000001	0.022056916921093
0.970000000000001	0.0625310834394865
0.990000000000001	0.574201405868341
