# Program settings for SigmaNu
# Electroweak scheme and input parameters
# Scheme = Complex mass scheme
# alpha_GF = 0.00755898078237864
# Pole masses/widths for particles [GeV]
# mw = 80.35797361
# gw = 2.084298894
# mz = 91.15348062
# gz = 2.494266379
# s^2_thetaw (derived) = (0.222868505240788,-0.00110716741475141)
# charged leptons
# m_e = 0.0005109989461
# m_m = 0.10565837
# m_t = 1.77686
# quarks
# m_d = 0.05
# m_u = 0.05
# m_s = 0.2
# m_c = 1.51
# m_b = 4.92
# m_t = 173
# Ecms (default) = 3542610

# channel_id = 6
# process  = nu_e nu_mu~ -> nu_e nu_mu~
-0.99	5.8601504774878e-13
-0.97	5.38176807313441e-12
-0.95	1.52575817917593e-11
-0.93	3.05278615088197e-11
-0.91	5.15268039328164e-11
-0.89	7.86097984495426e-11
-0.87	1.12154941284053e-10
-0.85	1.525646728503e-10
-0.83	2.002675496439e-10
-0.81	2.55720163209943e-10
-0.79	3.19409220029958e-10
-0.77	3.91853797637657e-10
-0.75	4.7360779391151e-10
-0.73	5.65262588326274e-10
-0.71	6.67449936001112e-10
-0.69	7.80845117688487e-10
-0.67	9.06170371439636e-10
-0.65	1.04419863459802e-09
-0.63	1.1957576280567e-09
-0.61	1.36173431842082e-09
-0.59	1.54307979790185e-09
-0.57	1.74081462650542e-09
-0.55	1.95603468643885e-09
-0.53	2.1899176047512e-09
-0.51	2.44372980713536e-09
-0.49	2.71883427369438e-09
-0.47	3.01669907644889e-09
-0.45	3.33890678861137e-09
-0.429999999999999	3.68716486737608e-09
-0.409999999999999	4.06331712540688e-09
-0.389999999999999	4.4693564216266e-09
-0.369999999999999	4.90743871964637e-09
-0.349999999999999	5.37989868260999e-09
-0.329999999999999	5.88926699682211e-09
-0.309999999999999	6.438289643824e-09
-0.289999999999999	7.02994937222284e-09
-0.269999999999999	7.66748965733987e-09
-0.249999999999999	8.35444147954196e-09
-0.229999999999999	9.09465330206482e-09
-0.209999999999999	9.89232468755354e-09
-0.189999999999999	1.075204406104e-08
-0.169999999999999	1.1678831207585e-08
-0.149999999999999	1.26781851876855e-08
-0.129999999999999	1.37561384656473e-08
-0.109999999999999	1.49193181789377e-08
-0.0899999999999994	1.61750156343396e-08
-0.0699999999999994	1.7531265304783e-08
-0.0499999999999994	1.89969348255076e-08
-0.0299999999999994	2.05818277577317e-08
-0.00999999999999938	2.22968012122365e-08
0.0100000000000006	2.41539008166369e-08
0.0300000000000006	2.61665159841809e-08
0.0500000000000006	2.83495590182601e-08
0.0700000000000006	3.07196722901648e-08
0.0900000000000006	3.32954685893638e-08
0.110000000000001	3.60978108057431e-08
0.130000000000001	3.91501384131014e-08
0.150000000000001	4.24788498488226e-08
0.170000000000001	4.61137519116e-08
0.190000000000001	5.0088589838795e-08
0.210000000000001	5.44416749234814e-08
0.230000000000001	5.92166305808844e-08
0.250000000000001	6.4463282930109e-08
0.270000000000001	7.02387285607979e-08
0.290000000000001	7.66086206644627e-08
0.310000000000001	8.36487257485015e-08
0.330000000000001	9.14468175667582e-08
0.350000000000001	1.00104993863832e-07
0.370000000000001	1.09742526666799e-07
0.390000000000001	1.20499390447188e-07
0.410000000000001	1.32540657746126e-07
0.430000000000001	1.46062013425809e-07
0.450000000000001	1.61296723263306e-07
0.470000000000001	1.78524509920331e-07
0.490000000000001	1.98082953903568e-07
0.510000000000001	2.20382270754186e-07
0.530000000000001	2.45924651560511e-07
0.550000000000001	2.75329843333361e-07
0.570000000000001	3.09369369625101e-07
0.590000000000001	3.490128794493e-07
0.610000000000001	3.95491775475757e-07
0.630000000000001	4.50387863305502e-07
0.650000000000001	5.15758884447668e-07
0.670000000000001	5.94319500680468e-07
0.690000000000001	6.89707485155289e-07
0.710000000000001	8.0688407183905e-07
0.730000000000001	9.52751398866284e-07
0.750000000000001	1.13713230285669e-06
0.770000000000001	1.37437667849935e-06
0.790000000000001	1.68609635070183e-06
0.810000000000001	2.10603150258741e-06
0.830000000000001	2.68917615285176e-06
0.850000000000001	3.53000932339486e-06
0.870000000000001	4.80188130778564e-06
0.890000000000001	6.85098708765577e-06
0.910000000000001	1.04519331719054e-05
0.930000000000001	1.76414160746931e-05
0.950000000000001	3.52975134563115e-05
0.970000000000001	0.000100070213409026
0.990000000000001	0.000919011528101025
