# Program settings for SigmaNu
# Electroweak scheme and input parameters
# Scheme = Complex mass scheme
# alpha_GF = 0.00755898078237864
# Pole masses/widths for particles [GeV]
# mw = 80.35797361
# gw = 2.084298894
# mz = 91.15348062
# gz = 2.494266379
# s^2_thetaw (derived) = (0.222868505240788,-0.00110716741475141)
# charged leptons
# m_e = 0.0005109989461
# m_m = 0.10565837
# m_t = 1.77686
# quarks
# m_d = 0.05
# m_u = 0.05
# m_s = 0.2
# m_c = 1.51
# m_b = 4.92
# m_t = 173
# Ecms (default) = 349046

# channel_id = 6
# process  = nu_e nu_mu~ -> nu_e nu_mu~
-0.99	6.03656757495427e-11
-0.97	5.5437836837527e-10
-0.95	1.57169041330403e-09
-0.93	3.14468884113194e-09
-0.91	5.30779940358457e-09
-0.89	8.09763091935445e-09
-0.87	1.15531312485771e-08
-0.85	1.57157559569205e-08
-0.83	2.06296508390205e-08
-0.81	2.63418495921759e-08
-0.79	3.29024880663966e-08
-0.77	4.03650366678494e-08
-0.75	4.87865526615325e-08
-0.73	5.82279543079293e-08
-0.71	6.87543189801361e-08
-0.69	8.04352076455571e-08
-0.67	9.33450183632198e-08
-0.65	1.07563371748105e-07
-0.63	1.23175531692227e-07
-0.61	1.40272865013871e-07
-0.59	1.58953344137558e-07
-0.57	1.79322097395058e-07
-0.55	2.0149201209037e-07
-0.53	2.25584396098557e-07
-0.51	2.51729704480859e-07
-0.49	2.80068338409409e-07
-0.47	3.10751524619433e-07
-0.45	3.43942284662504e-07
-0.429999999999999	3.79816504442026e-07
-0.409999999999999	4.18564115895958e-07
-0.389999999999999	4.6039040428025e-07
-0.369999999999999	5.05517456333443e-07
-0.349999999999999	5.54185766707991e-07
-0.329999999999999	6.06656022484301e-07
-0.309999999999999	6.63211088395126e-07
-0.289999999999999	7.24158218647461e-07
-0.269999999999999	7.89831525015626e-07
-0.249999999999999	8.60594735288061e-07
-0.229999999999999	9.36844281295001e-07
-0.209999999999999	1.01901276176186e-06
-0.189999999999999	1.10757283228871e-06
-0.169999999999999	1.20304158304938e-06
-0.149999999999999	1.30598547457668e-06
-0.129999999999999	1.4170259135476e-06
-0.109999999999999	1.53684556416355e-06
-0.0899999999999994	1.66619550697667e-06
-0.0699999999999994	1.80590337638445e-06
-0.0499999999999994	1.95688263116961e-06
-0.0299999999999994	2.1201431402258e-06
-0.00999999999999938	2.29680329900852e-06
0.0100000000000006	2.4881039325659e-06
0.0300000000000006	2.69542428983733e-06
0.0500000000000006	2.92030049327759e-06
0.0700000000000006	3.16444688031621e-06
0.0900000000000006	3.4297807619307e-06
0.110000000000001	3.71845123281907e-06
0.130000000000001	4.03287280258678e-06
0.150000000000001	4.37576478481884e-06
0.170000000000001	4.75019758970504e-06
0.190000000000001	5.15964732750291e-06
0.210000000000001	5.60806045959755e-06
0.230000000000001	6.09993065107463e-06
0.250000000000001	6.64039050986274e-06
0.270000000000001	7.23532157775532e-06
0.290000000000001	7.8914868152507e-06
0.310000000000001	8.61669095920434e-06
0.330000000000001	9.41997561726703e-06
0.350000000000001	1.03118579165041e-05
0.370000000000001	1.13046241129029e-05
0.390000000000001	1.24126930285076e-05
0.410000000000001	1.36530688462018e-05
0.430000000000001	1.50459091345274e-05
0.450000000000001	1.66152426847377e-05
0.470000000000001	1.8389883827203e-05
0.490000000000001	2.04046068478077e-05
0.510000000000001	2.27016681906487e-05
0.530000000000001	2.53327987298769e-05
0.550000000000001	2.83618388114122e-05
0.570000000000001	3.18682633283317e-05
0.590000000000001	3.59519561354226e-05
0.610000000000001	4.07397644058658e-05
0.630000000000001	4.63946304148267e-05
0.650000000000001	5.31285227207392e-05
0.670000000000001	6.12210794042419e-05
0.690000000000001	7.10470284686019e-05
0.710000000000001	8.31174279115821e-05
0.730000000000001	9.81432686705723e-05
0.750000000000001	0.000117136403381777
0.770000000000001	0.000141575017682092
0.790000000000001	0.000173685349654074
0.810000000000001	0.000216942980882872
0.830000000000001	0.000277012852093631
0.850000000000001	0.000363627255270467
0.870000000000001	0.00049464300978214
0.890000000000001	0.000705721648540154
0.910000000000001	0.00107665528901914
0.930000000000001	0.00181724350135839
0.950000000000001	0.00363599371224692
0.970000000000001	0.0103081866260267
0.990000000000001	0.0946652496161405
