# Program settings for SigmaNu
# Electroweak scheme and input parameters
# Scheme = Complex mass scheme
# alpha_GF = 0.00755898078237864
# Pole masses/widths for particles [GeV]
# mw = 80.35797361
# gw = 2.084298894
# mz = 91.15348062
# gz = 2.494266379
# s^2_thetaw (derived) = (0.222868505240788,-0.00110716741475141)
# charged leptons
# m_e = 0.0005109989461
# m_m = 0.10565837
# m_t = 1.77686
# quarks
# m_d = 0.05
# m_u = 0.05
# m_s = 0.2
# m_c = 1.51
# m_b = 4.92
# m_t = 173
# Ecms (default) = 208824

# channel_id = 6
# process  = nu_e nu_mu~ -> nu_e nu_mu~
-0.99	1.68653154995815e-10
-0.97	1.54885470084728e-09
-0.95	4.39108056444343e-09
-0.93	8.78581551348767e-09
-0.91	1.48292402124896e-08
-0.89	2.26236345044477e-08
-0.87	3.22778131812854e-08
-0.85	4.39075972072524e-08
-0.83	5.7636323663355e-08
-0.81	7.35953980194471e-08
-0.79	9.1924892718274e-08
-0.77	1.12774196477517e-07
-0.75	1.36302719187427e-07
-0.73	1.62680657809474e-07
-0.71	1.92089829273007e-07
-0.69	2.24724577030727e-07
-0.67	2.60792758679658e-07
-0.65	3.00516822893362e-07
-0.63	3.44134984856465e-07
-0.61	3.91902510458871e-07
-0.59	4.44093120711645e-07
-0.57	5.01000529209284e-07
-0.55	5.62940127006917e-07
-0.53	6.30250831032711e-07
-0.51	7.03297114146395e-07
-0.49	7.82471237220443e-07
-0.47	8.68195706203466e-07
-0.45	9.60925980074808e-07
-0.429999999999999	1.06115345897333e-06
-0.409999999999999	1.16940878564935e-06
-0.389999999999999	1.286265497827e-06
-0.369999999999999	1.41234407416815e-06
-0.349999999999999	1.5483164224109e-06
-0.329999999999999	1.69491086504532e-06
-0.309999999999999	1.85291768574519e-06
-0.289999999999999	2.02319530888029e-06
-0.269999999999999	2.20667719501359e-06
-0.249999999999999	2.40437954760458e-06
-0.229999999999999	2.61740994051419e-06
-0.209999999999999	2.84697699271843e-06
-0.189999999999999	3.0944012363506e-06
-0.169999999999999	3.36112734736163e-06
-0.149999999999999	3.64873793539235e-06
-0.129999999999999	3.95896912171275e-06
-0.109999999999999	4.29372817230754e-06
-0.0899999999999994	4.6551134986029e-06
-0.0699999999999994	5.04543739245075e-06
-0.0499999999999994	5.46725192667702e-06
-0.0299999999999994	5.92337853006778e-06
-0.00999999999999938	6.41694183897966e-06
0.0100000000000006	6.95140854039418e-06
0.0300000000000006	7.53063205767049e-06
0.0500000000000006	8.15890409611958e-06
0.0700000000000006	8.84101426794503e-06
0.0900000000000006	9.58231926410114e-06
0.110000000000001	1.03888233457285e-05
0.130000000000001	1.1267272304799e-05
0.150000000000001	1.22252635114502e-05
0.170000000000001	1.32713752488367e-05
0.190000000000001	1.44153192672445e-05
0.210000000000001	1.5668121409717e-05
0.230000000000001	1.70423363269177e-05
0.250000000000001	1.85523037828797e-05
0.270000000000001	2.02144559538201e-05
0.290000000000001	2.20476875713689e-05
0.310000000000001	2.40738039383217e-05
0.330000000000001	2.63180659938416e-05
0.350000000000001	2.88098570625985e-05
0.370000000000001	3.15835031564863e-05
0.390000000000001	3.46792883643657e-05
0.410000000000001	3.81447198937936e-05
0.430000000000001	4.20361150483056e-05
0.450000000000001	4.64206067577291e-05
0.470000000000001	5.13786980424195e-05
0.490000000000001	5.70075431578955e-05
0.510000000000001	6.34252004021471e-05
0.530000000000001	7.0776198225333e-05
0.550000000000001	7.92388971414266e-05
0.570000000000001	8.90353382591258e-05
0.590000000000001	0.000100444582276535
0.610000000000001	0.000113821021362727
0.630000000000001	0.000129619891975536
0.650000000000001	0.000148433402612469
0.670000000000001	0.000171042820168595
0.690000000000001	0.000198495078321283
0.710000000000001	0.000232217995919723
0.730000000000001	0.000274197973729311
0.750000000000001	0.000327261973594755
0.770000000000001	0.000395539819171787
0.790000000000001	0.000485251275252598
0.810000000000001	0.000606106574433105
0.830000000000001	0.000773932667920909
0.850000000000001	0.00101592002558696
0.870000000000001	0.00138195770436234
0.890000000000001	0.00197167812452746
0.910000000000001	0.00300800689164568
0.930000000000001	0.00507708691879318
0.950000000000001	0.0101583549362888
0.970000000000001	0.0287991519112504
0.990000000000001	0.264468433245783
