# Program settings for SigmaNu
# Electroweak scheme and input parameters
# Scheme = Complex mass scheme
# alpha_GF = 0.00755898078237864
# Pole masses/widths for particles [GeV]
# mw = 80.35797361
# gw = 2.084298894
# mz = 91.15348062
# gz = 2.494266379
# s^2_thetaw (derived) = (0.222868505240788,-0.00110716741475141)
# charged leptons
# m_e = 0.0005109989461
# m_m = 0.10565837
# m_t = 1.77686
# quarks
# m_d = 0.05
# m_u = 0.05
# m_s = 0.2
# m_c = 1.51
# m_b = 4.92
# m_t = 173
# Ecms (default) = 408639

# channel_id = 6
# process  = nu_e nu_mu~ -> nu_e nu_mu~
-0.99	4.40428878977993e-11
-0.97	4.04475292247354e-10
-0.95	1.14670769234872e-09
-0.93	2.29436971496318e-09
-0.91	3.87257844091635e-09
-0.89	5.90804372004479e-09
-0.87	8.42918197041539e-09
-0.85	1.14662392359067e-08
-0.83	1.50514243555905e-08
-0.81	1.92190531867671e-08
-0.79	2.4005704922133e-08
-0.77	2.94503916516972e-08
-0.75	3.55947424432044e-08
-0.73	4.2483203352665e-08
-0.71	5.01632549310768e-08
-0.69	5.86856489667755e-08
-0.67	6.81046663976281e-08
-0.65	7.84783985464113e-08
-0.63	8.98690540795685e-08
-0.61	1.02343294368015e-07
-0.59	1.15972600243225e-07
-0.57	1.30833673497722e-07
-0.55	1.47008876882223e-07
-0.53	1.64586716809201e-07
-0.51	1.83662373492405e-07
-0.49	2.04338283843597e-07
-0.47	2.26724783122263e-07
-0.45	2.50940812104314e-07
-0.429999999999999	2.77114697416872e-07
-0.409999999999999	3.05385013695847e-07
-0.389999999999999	3.35901537382005e-07
-0.369999999999999	3.68826303304162e-07
-0.349999999999999	4.04334776734021e-07
-0.329999999999999	4.42617155370453e-07
-0.309999999999999	4.8387981776238e-07
-0.289999999999999	5.28346937057547e-07
-0.269999999999999	5.76262281727185e-07
-0.249999999999999	6.27891228133191e-07
-0.229999999999999	6.83523013558073e-07
-0.209999999999999	7.43473262708325e-07
-0.189999999999999	8.08086825849696e-07
-0.169999999999999	8.77740972783499e-07
-0.149999999999999	9.52848994003466e-07
-0.129999999999999	1.03386426879762e-06
-0.109999999999999	1.12128487004149e-06
-0.0899999999999994	1.21565878728938e-06
-0.0699999999999994	1.31758986390365e-06
-0.0499999999999994	1.42774456085573e-06
-0.0299999999999994	1.5468596800887e-06
-0.00999999999999938	1.67575120469979e-06
0.0100000000000006	1.81532444261429e-06
0.0300000000000006	1.96658569605209e-06
0.0500000000000006	2.13065572240373e-06
0.0700000000000006	2.30878530499428e-06
0.0900000000000006	2.50237331697926e-06
0.110000000000001	2.71298774129419e-06
0.130000000000001	2.94239020802437e-06
0.150000000000001	3.19256473273743e-06
0.170000000000001	3.46575149165997e-06
0.190000000000001	3.76448666045554e-06
0.210000000000001	4.09164958374638e-06
0.230000000000001	4.45051884688024e-06
0.250000000000001	4.84483920896363e-06
0.270000000000001	5.27890185249812e-06
0.290000000000001	5.75764104454517e-06
0.310000000000001	6.28675113394343e-06
0.330000000000001	6.87282889254583e-06
0.350000000000001	7.52354763366364e-06
0.370000000000001	8.24787143007202e-06
0.390000000000001	9.0563202783759e-06
0.410000000000001	9.96130045887648e-06
0.430000000000001	1.09775189674779e-05
0.450000000000001	1.21225072508724e-05
0.470000000000001	1.34172882934178e-05
0.490000000000001	1.48872334734465e-05
0.510000000000001	1.65631731651025e-05
0.530000000000001	1.84828503035009e-05
0.550000000000001	2.06928429159957e-05
0.570000000000001	2.32511360237033e-05
0.590000000000001	2.62306050632761e-05
0.610000000000001	2.97237979579019e-05
0.630000000000001	3.38495976840269e-05
0.650000000000001	3.87626568861808e-05
0.670000000000001	4.46670000205638e-05
0.690000000000001	5.18360293335995e-05
0.710000000000001	6.06426137015063e-05
0.730000000000001	7.16054934695718e-05
0.750000000000001	8.54629182860895e-05
0.770000000000001	0.000103293375318319
0.790000000000001	0.00012672113237786
0.810000000000001	0.000158281981008386
0.830000000000001	0.000202109074091131
0.850000000000001	0.000265303113459923
0.870000000000001	0.000360892475942344
0.890000000000001	0.000514895903321015
0.910000000000001	0.000785529934305034
0.930000000000001	0.0013258649421749
0.950000000000001	0.00265283030119734
0.970000000000001	0.00752088669321149
0.990000000000001	0.0690684155328397
