# Program settings for SigmaNu
# Electroweak scheme and input parameters
# Scheme = Complex mass scheme
# alpha_GF = 0.00755898078237864
# Pole masses/widths for particles [GeV]
# mw = 80.35797361
# gw = 2.084298894
# mz = 91.15348062
# gz = 2.494266379
# s^2_thetaw (derived) = (0.222868505240788,-0.00110716741475141)
# charged leptons
# m_e = 0.0005109989461
# m_m = 0.10565837
# m_t = 1.77686
# quarks
# m_d = 0.05
# m_u = 0.05
# m_s = 0.2
# m_c = 1.51
# m_b = 4.92
# m_t = 173
# Ecms (default) = 2226920

# channel_id = 6
# process  = nu_e nu_mu~ -> nu_e nu_mu~
-0.99	1.48301732351728e-12
-0.97	1.36195398294053e-11
-0.95	3.86120769392174e-11
-0.93	7.72562882788921e-11
-0.91	1.30397919208523e-10
-0.89	1.98936347000229e-10
-0.87	2.83828412699523e-10
-0.85	3.86092564735394e-10
-0.83	5.06813343016208e-10
-0.81	6.47146235225618e-10
-0.79	8.08322940353609e-10
-0.77	9.91657078206402e-10
-0.75	1.19855038778535e-09
-0.73	1.43049946206639e-09
-0.71	1.68910307191347e-09
-0.69	1.97607013769653e-09
-0.67	2.29322841374308e-09
-0.65	2.64253395813104e-09
-0.63	3.02608146864245e-09
-0.61	3.44611557507454e-09
-0.59	3.90504318869688e-09
-0.57	4.40544702162611e-09
-0.55	4.95010040246551e-09
-0.53	5.54198352996002e-09
-0.51	6.18430132392125e-09
-0.49	6.88050305260011e-09
-0.47	7.63430393839718e-09
-0.45	8.44970896973696e-09
-0.429999999999999	9.3310391766e-09
-0.409999999999999	1.02829606612027e-08
-0.389999999999999	1.13105167143401e-08
-0.369999999999999	1.24191633927902e-08
-0.349999999999999	1.36148089848947e-08
-0.329999999999999	1.49038578511404e-08
-0.309999999999999	1.62932591956411e-08
-0.289999999999999	1.77905614044936e-08
-0.269999999999999	1.94039726800112e-08
-0.249999999999999	2.11424288081463e-08
-0.229999999999999	2.30156690228059e-08
-0.209999999999999	2.50343210786024e-08
-0.189999999999999	2.72099968169128e-08
-0.169999999999999	2.95553997138669e-08
-0.149999999999999	3.20844461389708e-08
-0.129999999999999	3.48124023367673e-08
-0.109999999999999	3.77560394800385e-08
-0.0899999999999994	4.09338095424228e-08
-0.0699999999999994	4.43660452142177e-08
-0.0499999999999994	4.80751876539826e-08
-0.0299999999999994	5.20860465506329e-08
-0.00999999999999938	5.64260977912412e-08
0.0100000000000006	6.11258250201837e-08
0.0300000000000006	6.62191125749829e-08
0.0500000000000006	7.17436987427384e-08
0.0700000000000006	7.77417000609929e-08
0.0900000000000006	8.42602195676834e-08
0.110000000000001	9.13520545877458e-08
0.130000000000001	9.90765229587818e-08
0.150000000000001	1.07500430712135e-07
0.170000000000001	1.16699209355295e-07
0.190000000000001	1.26758257328738e-07
0.210000000000001	1.37774528304625e-07
0.230000000000001	1.49858419243166e-07
0.250000000000001	1.63136024171111e-07
0.270000000000001	1.7775183635883e-07
0.290000000000001	1.93872003108772e-07
0.310000000000001	2.11688265302464e-07
0.330000000000001	2.31422750335081e-07
0.350000000000001	2.53333835056857e-07
0.370000000000001	2.77723358952928e-07
0.390000000000001	3.04945552796697e-07
0.410000000000001	3.35418162576016e-07
0.430000000000001	3.69636404305979e-07
0.450000000000001	4.08190599318631e-07
0.470000000000001	4.51788636513207e-07
0.490000000000001	5.01284824552645e-07
0.510000000000001	5.57717288219899e-07
0.530000000000001	6.22356913090585e-07
0.550000000000001	6.9677208130889e-07
0.570000000000001	7.82915273066103e-07
0.590000000000001	8.83240360941703e-07
0.610000000000001	1.00086363258212e-06
0.630000000000001	1.13978813375656e-06
0.650000000000001	1.30522135230408e-06
0.670000000000001	1.50403323185614e-06
0.690000000000001	1.74542981666205e-06
0.710000000000001	2.0419664083976e-06
0.730000000000001	2.41111011844644e-06
0.750000000000001	2.87771941494867e-06
0.770000000000001	3.47810930676921e-06
0.790000000000001	4.26697243294706e-06
0.810000000000001	5.32969444033172e-06
0.830000000000001	6.80544765704776e-06
0.850000000000001	8.93332836430253e-06
0.870000000000001	1.2152030881679e-05
0.890000000000001	1.73376643134001e-05
0.910000000000001	2.64505107013154e-05
0.930000000000001	4.46447992912415e-05
0.950000000000001	8.9326750220188e-05
0.970000000000001	0.000253245784171074
0.990000000000001	0.00232572435165989
