# Program settings for SigmaNu
# Electroweak scheme and input parameters
# Scheme = Complex mass scheme
# alpha_GF = 0.00755898078237864
# Pole masses/widths for particles [GeV]
# mw = 80.35797361
# gw = 2.084298894
# mz = 91.15348062
# gz = 2.494266379
# s^2_thetaw (derived) = (0.222868505240788,-0.00110716741475141)
# charged leptons
# m_e = 0.0005109989461
# m_m = 0.10565837
# m_t = 1.77686
# quarks
# m_d = 0.05
# m_u = 0.05
# m_s = 0.2
# m_c = 1.51
# m_b = 4.92
# m_t = 173
# Ecms (default) = 231864

# channel_id = 6
# process  = nu_e nu_mu~ -> nu_e nu_mu~
-0.99	1.36800811764325e-10
-0.97	1.25633333418369e-09
-0.95	3.56176785809079e-09
-0.93	7.12649992814689e-09
-0.91	1.20285452419387e-08
-0.89	1.83508667667046e-08
-0.87	2.61817282088951e-08
-0.85	3.56150762409482e-08
-0.83	4.67509541361293e-08
-0.81	5.96959497369078e-08
-0.79	7.45636809886772e-08
-0.77	9.14753226127296e-08
-0.75	1.10560177874876e-07
-0.73	1.31956299834255e-07
-0.71	1.55811166936715e-07
-0.69	1.82282418355602e-07
-0.67	2.11538655087768e-07
-0.65	2.4376031349327e-07
-0.63	2.79140618733926e-07
-0.61	3.17886626430916e-07
-0.59	3.60220361838636e-07
-0.57	4.06380066937418e-07
-0.55	4.56621567099986e-07
-0.53	5.11219770407388e-07
-0.51	5.70470314304847e-07
-0.49	6.34691376125706e-07
-0.47	7.04225666106794e-07
-0.45	7.79442623910998e-07
-0.429999999999999	8.60740842409504e-07
-0.409999999999999	9.48550745612148e-07
-0.389999999999999	1.0433375512342e-06
-0.369999999999999	1.14560455252809e-06
-0.349999999999999	1.25589675877928e-06
-0.329999999999999	1.37480493937324e-06
-0.309999999999999	1.50297012271237e-06
-0.289999999999999	1.64108860864816e-06
-0.269999999999999	1.78991756167535e-06
-0.249999999999999	1.95028126212565e-06
-0.229999999999999	2.12307810425775e-06
-0.209999999999999	2.30928844377754e-06
-0.189999999999999	2.50998341331142e-06
-0.169999999999999	2.72633484315001e-06
-0.149999999999999	2.95962644672667e-06
-0.129999999999999	3.21126645646394e-06
-0.109999999999999	3.48280192662559e-06
-0.0899999999999994	3.77593495665078e-06
-0.0699999999999994	4.09254113234643e-06
-0.0499999999999994	4.43469053478663e-06
-0.0299999999999994	4.80467172968562e-06
-0.00999999999999938	5.20501922570033e-06
0.0100000000000006	5.63854498147935e-06
0.0300000000000006	6.10837465194261e-06
0.0500000000000006	6.61798939881851e-06
0.0700000000000006	7.17127425465684e-06
0.0900000000000006	7.7725742307031e-06
0.110000000000001	8.42675960650506e-06
0.130000000000001	9.13930214489847e-06
0.150000000000001	9.91636435550806e-06
0.170000000000001	1.07649044030749e-05
0.190000000000001	1.16927998497963e-05
0.210000000000001	1.27089941675203e-05
0.230000000000001	1.38236709009953e-05
0.250000000000001	1.50484615670459e-05
0.270000000000001	1.6396694916135e-05
0.290000000000001	1.78836971693846e-05
0.310000000000001	1.95271554209225e-05
0.330000000000001	2.13475597606771e-05
0.350000000000001	2.33687440995812e-05
0.370000000000001	2.56185515470391e-05
0.390000000000001	2.81296580316207e-05
0.410000000000001	3.09405984238686e-05
0.430000000000001	3.40970537931428e-05
0.450000000000001	3.76534781685856e-05
0.470000000000001	4.16751705610691e-05
0.490000000000001	4.62409364230113e-05
0.510000000000001	5.14465372604437e-05
0.530000000000001	5.74092055142432e-05
0.550000000000001	6.42736160841993e-05
0.570000000000001	7.22198748440499e-05
0.590000000000001	8.14743384038932e-05
0.610000000000001	9.23244675697325e-05
0.630000000000001	0.000105139521755837
0.650000000000001	0.00012039986357301
0.670000000000001	0.000138739208050811
0.690000000000001	0.000161006762611385
0.710000000000001	0.00018836068509426
0.730000000000001	0.000222412220368655
0.750000000000001	0.000265454424421286
0.770000000000001	0.000320837154214909
0.790000000000001	0.00039360549801714
0.810000000000001	0.000491635796670696
0.830000000000001	0.00062776589749348
0.850000000000001	0.000824051038391199
0.870000000000001	0.00112095816672237
0.890000000000001	0.00159930302773276
0.910000000000001	0.0024399093687399
0.930000000000001	0.00411822114973583
0.950000000000001	0.00823984052747744
0.970000000000001	0.0233601676643919
0.990000000000001	0.214523200024726
