# Program settings for SigmaNu
# Electroweak scheme and input parameters
# Scheme = Complex mass scheme
# alpha_GF = 0.00755898078237864
# Pole masses/widths for particles [GeV]
# mw = 80.35797361
# gw = 2.084298894
# mz = 91.15348062
# gz = 2.494266379
# s^2_thetaw (derived) = (0.222868505240788,-0.00110716741475141)
# charged leptons
# m_e = 0.0005109989461
# m_m = 0.10565837
# m_t = 1.77686
# quarks
# m_d = 0.05
# m_u = 0.05
# m_s = 0.2
# m_c = 1.51
# m_b = 4.92
# m_t = 173
# Ecms (default) = 0.595248

# channel_id = 6
# process  = nu_e nu_mu~ -> nu_e nu_mu~
-0.99	3.73372732769546e-08
-0.97	3.36035745858484e-07
-0.95	9.33433422846528e-07
-0.93	1.8295310678864e-06
-0.91	3.02432944462539e-06
-0.89	4.51782931671274e-06
-0.87	6.31003144779959e-06
-0.85	8.40093660153912e-06
-0.83	1.07905455415864e-05
-0.81	1.34788590315984e-05
-0.79	1.64658778352343e-05
-0.77	1.97516027161548e-05
-0.75	2.33360344380229e-05
-0.73	2.72191737645035e-05
-0.71	3.14010214592633e-05
-0.69	3.58815782859712e-05
-0.67	4.06608450082977e-05
-0.65	4.57388223899156e-05
-0.63	5.11155111944993e-05
-0.61	5.67909121857257e-05
-0.59	6.2765026127273e-05
-0.57	6.90378537828218e-05
-0.55	7.56093959160545e-05
-0.53	8.24796532906555e-05
-0.51	8.9648626670311e-05
-0.49	9.71163168187093e-05
-0.47	0.000104882724499541
-0.45	0.000112947850476497
-0.429999999999999	0.000121311695513273
-0.409999999999999	0.000129974260373565
-0.389999999999999	0.00013893554582107
-0.369999999999999	0.000148195552619488
-0.349999999999999	0.000157754281532521
-0.329999999999999	0.000167611733323874
-0.309999999999999	0.000177767908757252
-0.289999999999999	0.000188222808596363
-0.269999999999999	0.000198976433604916
-0.249999999999999	0.000210028784546624
-0.229999999999999	0.0002213798621852
-0.209999999999999	0.000233029667284359
-0.189999999999999	0.000244978200607819
-0.169999999999999	0.0002572254629193
-0.149999999999999	0.000269771454982523
-0.129999999999999	0.000282616177561211
-0.109999999999999	0.00029575963141909
-0.0899999999999994	0.000309201817319888
-0.0699999999999994	0.000322942736027332
-0.0499999999999994	0.000336982388305155
-0.0299999999999994	0.00035132077491709
-0.00999999999999938	0.000365957896626872
0.0100000000000006	0.000380893754198238
0.0300000000000006	0.000396128348394926
0.0500000000000006	0.000411661679980679
0.0700000000000006	0.000427493749719238
0.0900000000000006	0.000443624558374349
0.110000000000001	0.000460054106709758
0.130000000000001	0.000476782395489215
0.150000000000001	0.00049380942547647
0.170000000000001	0.000511135197435276
0.190000000000001	0.000528759712129387
0.210000000000001	0.00054668297032256
0.230000000000001	0.000564904972778554
0.250000000000001	0.000583425720261128
0.270000000000001	0.000602245213534046
0.290000000000001	0.000621363453361072
0.310000000000001	0.000640780440505972
0.330000000000001	0.000660496175732514
0.350000000000001	0.00068051065980447
0.370000000000001	0.00070082389348561
0.390000000000001	0.000721435877539709
0.410000000000001	0.000742346612730544
0.430000000000001	0.000763556099821891
0.450000000000001	0.000785064339577533
0.470000000000001	0.000806871332761249
0.490000000000001	0.000828977080136824
0.510000000000001	0.000851381582468045
0.530000000000001	0.000874084840518698
0.550000000000001	0.000897086855052574
0.570000000000001	0.000920387626833466
0.590000000000001	0.000943987156625164
0.610000000000001	0.000967885445191467
0.630000000000001	0.00099208249329617
0.650000000000001	0.00101657830170307
0.670000000000001	0.00104137287117598
0.690000000000001	0.00106646620247869
0.710000000000001	0.00109185829637502
0.730000000000001	0.00111754915362876
0.750000000000001	0.00114353877500373
0.770000000000001	0.00116982716126374
0.790000000000001	0.0011964143131726
0.810000000000001	0.00122330023149413
0.830000000000001	0.00125048491699214
0.850000000000001	0.00127796837043046
0.870000000000001	0.0013057505925729
0.890000000000001	0.00133383158418329
0.910000000000001	0.00136221134602545
0.930000000000001	0.00139088987886321
0.950000000000001	0.0014198671834604
0.970000000000001	0.00144914326058085
0.990000000000001	0.00147871811098839
