# Program settings for SigmaNu
# Electroweak scheme and input parameters
# Scheme = Complex mass scheme
# alpha_GF = 0.00755898078237864
# Pole masses/widths for particles [GeV]
# mw = 80.35797361
# gw = 2.084298894
# mz = 91.15348062
# gz = 2.494266379
# s^2_thetaw (derived) = (0.222868505240788,-0.00110716741475141)
# charged leptons
# m_e = 0.0005109989461
# m_m = 0.10565837
# m_t = 1.77686
# quarks
# m_d = 0.05
# m_u = 0.05
# m_s = 0.2
# m_c = 1.51
# m_b = 4.92
# m_t = 173
# Ecms (default) = 338302

# channel_id = 6
# process  = nu_e nu_mu~ -> nu_e nu_mu~
-0.99	6.42608199992823e-11
-0.97	5.90150082743499e-10
-0.95	1.67310501326357e-09
-0.93	3.34760244143697e-09
-0.91	5.65028946838655e-09
-0.89	8.62013712634808e-09
-0.87	1.22986064175238e-08
-0.85	1.67298278613563e-08
-0.83	2.1960795795434e-08
-0.81	2.8041578804239e-08
-0.79	3.50255477938489e-08
-0.77	4.2969623391401e-08
-0.75	5.1934544527796e-08
-0.73	6.19851602632377e-08
-0.71	7.31907471406047e-08
-0.69	8.56253546045838e-08
-0.67	9.93681813086806e-08
-0.65	1.1450398545194e-07
-0.63	1.31123532647385e-07
-0.61	1.49324085230491e-07
-0.59	1.69209937374964e-07
-0.57	1.90893000902372e-07
-0.55	2.14493447260356e-07
-0.53	2.40140411811664e-07
-0.51	2.67972767334668e-07
-0.49	2.98139974499333e-07
-0.47	3.30803018066761e-07
-0.45	3.66135438684268e-07
-0.429999999999999	4.04324471433494e-07
-0.409999999999999	4.45572303762129e-07
-0.389999999999999	4.90097467120835e-07
-0.369999999999999	5.3813637857181e-07
-0.349999999999999	5.89945050876344e-07
-0.329999999999999	6.45800992156024e-07
-0.309999999999999	7.06005319215289e-07
-0.289999999999999	7.70885112082851e-07
-0.269999999999999	8.40796041360425e-07
-0.249999999999999	9.16125304660439e-07
-0.229999999999999	9.97294913891112e-07
-0.209999999999999	1.08476538155314e-06
-0.189999999999999	1.17903986172313e-06
-0.169999999999999	1.2806688102271e-06
-0.149999999999999	1.39025523891116e-06
-0.129999999999999	1.50846065120845e-06
-0.109999999999999	1.63601176076617e-06
-0.0899999999999994	1.77370811220061e-06
-0.0699999999999994	1.92243074366995e-06
-0.0499999999999994	2.08315205560285e-06
-0.0299999999999994	2.25694707947621e-06
-0.00999999999999938	2.44500637608943e-06
0.0100000000000006	2.6486508356989e-06
0.0300000000000006	2.869348704361e-06
0.0500000000000006	3.10873522403231e-06
0.0700000000000006	3.36863535110295e-06
0.0900000000000006	3.6510901125355e-06
0.110000000000001	3.95838727503599e-06
0.130000000000001	4.2930971463185e-06
0.150000000000001	4.65811450578706e-06
0.170000000000001	5.05670788422744e-06
0.190000000000001	5.49257769059974e-06
0.210000000000001	5.96992503475638e-06
0.230000000000001	6.49353353898505e-06
0.250000000000001	7.06886699668777e-06
0.270000000000001	7.70218646065551e-06
0.290000000000001	8.40069127659105e-06
0.310000000000001	9.17268978795745e-06
0.330000000000001	1.0027807019029e-05
0.350000000000001	1.09772387224882e-05
0.370000000000001	1.2034063934302e-05
0.390000000000001	1.32136318619024e-05
0.410000000000001	1.45340438958829e-05
0.430000000000001	1.6016758287028e-05
0.450000000000001	1.76873543023206e-05
0.470000000000001	1.95765055382672e-05
0.490000000000001	2.17212301173501e-05
0.510000000000001	2.41665111119313e-05
0.530000000000001	2.69674173688353e-05
0.550000000000001	3.01919085789692e-05
0.570000000000001	3.39245878106398e-05
0.590000000000001	3.82717839964816e-05
0.610000000000001	4.33685292144586e-05
0.630000000000001	4.93882797059293e-05
0.650000000000001	5.65566814499919e-05
0.670000000000001	6.51714163696294e-05
0.690000000000001	7.5631392051168e-05
0.710000000000001	8.84806428579414e-05
0.730000000000001	0.000104476036895002
0.750000000000001	0.000124694717257815
0.770000000000001	0.000150710250467692
0.790000000000001	0.000184892524025105
0.810000000000001	0.000230941383547548
0.830000000000001	0.000294887303407256
0.850000000000001	0.000387090557211605
0.870000000000001	0.000526560185039435
0.890000000000001	0.000751258797444288
0.910000000000001	0.00114612713185248
0.930000000000001	0.00193450214469187
0.950000000000001	0.0038706078308544
0.970000000000001	0.0109733243976739
0.990000000000001	0.10077342523092
