# Program settings for SigmaNu
# Electroweak scheme and input parameters
# Scheme = Complex mass scheme
# alpha_GF = 0.00755898078237864
# Pole masses/widths for particles [GeV]
# mw = 80.35797361
# gw = 2.084298894
# mz = 91.15348062
# gz = 2.494266379
# s^2_thetaw (derived) = (0.222868505240788,-0.00110716741475141)
# charged leptons
# m_e = 0.0005109989461
# m_m = 0.10565837
# m_t = 1.77686
# quarks
# m_d = 0.05
# m_u = 0.05
# m_s = 0.2
# m_c = 1.51
# m_b = 4.92
# m_t = 173
# Ecms (default) = 443606

# channel_id = 6
# process  = nu_e nu_mu~ -> nu_e nu_mu~
-0.99	3.73732268524387e-11
-0.97	3.43223334736111e-10
-0.95	9.73055328078114e-10
-0.93	1.94692046716003e-09
-0.91	3.28613221285336e-09
-0.89	5.01335559313634e-09
-0.87	7.15270376906304e-09
-0.85	9.72984245704899e-09
-0.83	1.27721029316707e-08
-0.81	1.6308604408203e-08
-0.79	2.03703866878063e-08
-0.77	2.4990554041737e-08
-0.75	3.02044314154464e-08
-0.73	3.60497341504015e-08
-0.71	4.25667525525518e-08
-0.69	4.97985527834668e-08
-0.67	5.77911957154493e-08
-0.65	6.65939755778737e-08
-0.63	7.62596804314691e-08
-0.61	8.68448767435697e-08
-0.59	9.84102206042882e-08
-0.57	1.11020798425545e-07
-0.55	1.24746500307004e-07
-0.53	1.39662429641142e-07
-0.51	1.55849352970792e-07
-0.49	1.73394194614587e-07
-0.47	1.92390581148083e-07
-0.45	2.12939441481967e-07
-0.429999999999999	2.35149669026411e-07
-0.409999999999999	2.5913885328733e-07
-0.389999999999999	2.85034089223812e-07
-0.369999999999999	3.12972873827037e-07
-0.349999999999999	3.43104100684344e-07
-0.329999999999999	3.75589164796792e-07
-0.309999999999999	4.10603191659317e-07
-0.289999999999999	4.48336406630569e-07
-0.269999999999999	4.88995662963827e-07
-0.249999999999999	5.32806149599964e-07
-0.229999999999999	5.80013303008553e-07
-0.209999999999999	6.30884951088813e-07
-0.189999999999999	6.85713721510302e-07
-0.169999999999999	7.44819752007672e-07
-0.149999999999999	8.08553746194366e-07
-0.129999999999999	8.77300425609251e-07
-0.109999999999999	9.51482437180486e-07
-0.0899999999999994	1.0315647853551e-06
-0.0699999999999994	1.11805987013591e-06
-0.0499999999999994	1.21153322660262e-06
-0.0299999999999994	1.31261007868292e-06
-0.00999999999999938	1.4219828406171e-06
0.0100000000000006	1.54041972451931e-06
0.0300000000000006	1.66877464267223e-06
0.0500000000000006	1.80799862994814e-06
0.0700000000000006	1.95915305660593e-06
0.0900000000000006	2.12342495667142e-06
0.110000000000001	2.30214486471976e-06
0.130000000000001	2.49680763741574e-06
0.150000000000001	2.70909683984199e-06
0.170000000000001	2.94091340591414e-06
0.190000000000001	3.19440944415285e-06
0.210000000000001	3.47202826406478e-06
0.230000000000001	3.7765519566526e-06
0.250000000000001	4.11115819141032e-06
0.270000000000001	4.4794883133152e-06
0.290000000000001	4.88572936606044e-06
0.310000000000001	5.33471337174033e-06
0.330000000000001	5.83203811657136e-06
0.350000000000001	6.3842149016238e-06
0.370000000000001	6.99885032061872e-06
0.390000000000001	7.68487126899939e-06
0.410000000000001	8.45280527559239e-06
0.430000000000001	9.315132174821e-06
0.450000000000001	1.02867285298056e-05
0.470000000000001	1.13854336986284e-05
0.490000000000001	1.26327769322127e-05
0.510000000000001	1.40549197916652e-05
0.530000000000001	1.56838895921438e-05
0.550000000000001	1.75592107947546e-05
0.570000000000001	1.97300874310519e-05
0.590000000000001	2.22583590113538e-05
0.610000000000001	2.52225584208276e-05
0.630000000000001	2.87235655377129e-05
0.650000000000001	3.28926131135177e-05
0.670000000000001	3.79028290707746e-05
0.690000000000001	4.39862128688291e-05
0.710000000000001	5.14591678293129e-05
0.730000000000001	6.0761878642908e-05
0.750000000000001	7.25207978344626e-05
0.770000000000001	8.76510914658445e-05
0.790000000000001	0.000107531055782655
0.810000000000001	0.000134312473909995
0.830000000000001	0.00017150259350129
0.850000000000001	0.000225126819775761
0.870000000000001	0.000306240574571312
0.890000000000001	0.000436922447642563
0.910000000000001	0.000666572952470395
0.930000000000001	0.00112508225982418
0.950000000000001	0.00225109868231365
0.970000000000001	0.00638196303816873
0.990000000000001	0.0586091745199826
