# Program settings for SigmaNu
# Electroweak scheme and input parameters
# Scheme = Complex mass scheme
# alpha_GF = 0.00755898078237864
# Pole masses/widths for particles [GeV]
# mw = 80.35797361
# gw = 2.084298894
# mz = 91.15348062
# gz = 2.494266379
# s^2_thetaw (derived) = (0.222868505240788,-0.00110716741475141)
# charged leptons
# m_e = 0.0005109989461
# m_m = 0.10565837
# m_t = 1.77686
# quarks
# m_d = 0.05
# m_u = 0.05
# m_s = 0.2
# m_c = 1.51
# m_b = 4.92
# m_t = 173
# Ecms (default) = 755724

# channel_id = 6
# process  = nu_e nu_mu~ -> nu_e nu_mu~
-0.99	1.28774245835768e-11
-0.97	1.18262001521436e-10
-0.95	3.35278692063327e-10
-0.93	6.70836415287927e-10
-0.91	1.13227899769956e-09
-0.89	1.72741596561035e-09
-0.87	2.46455581818625e-09
-0.85	3.35254200748804e-09
-0.83	4.40079187503883e-09
-0.81	5.61933882030079e-09
-0.79	7.01887800528007e-09
-0.77	8.61081593168185e-09
-0.75	1.04073242630414e-08
-0.73	1.24213983045602e-08
-0.71	1.46669205985453e-08
-0.69	1.71587301440346e-08
-0.67	1.99126978061417e-08
-0.65	2.29458085447217e-08
-0.63	2.62762511641368e-08
-0.61	2.99235163673206e-08
-0.59	3.39085039893149e-08
-0.57	3.82536403895051e-08
-0.55	4.29830070996584e-08
-0.53	4.81224819586224e-08
-0.51	5.36998941165332e-08
-0.49	5.97451944643782e-08
-0.47	6.62906432419773e-08
-0.45	7.33710168026576e-08
-0.429999999999999	8.10238357705062e-08
-0.409999999999999	8.92896171212839e-08
-0.389999999999999	9.82121530569506e-08
-0.369999999999999	1.07838819933483e-07
-0.349999999999999	1.18220920950733e-07
-0.329999999999999	1.29414066831556e-07
-0.309999999999999	1.41478599317214e-07
-0.289999999999999	1.54480063001399e-07
-0.269999999999999	1.68489731832981e-07
-0.249999999999999	1.83585197558084e-07
-0.229999999999999	1.99851028469588e-07
-0.209999999999999	2.17379508115843e-07
-0.189999999999999	2.36271465125505e-07
-0.169999999999999	2.56637207074555e-07
-0.149999999999999	2.78597573406319e-07
-0.129999999999999	3.02285124878668e-07
-0.109999999999999	3.27845489931116e-07
-0.0899999999999994	3.55438891832254e-07
-0.0699999999999994	3.852418846004e-07
-0.0499999999999994	4.17449330629682e-07
-0.0299999999999994	4.52276658876486e-07
-0.00999999999999938	4.89962449585964e-07
0.0100000000000006	5.30771400138444e-07
0.0300000000000006	5.74997737012969e-07
0.0500000000000006	6.22969151530079e-07
0.0700000000000006	6.75051352491798e-07
0.0900000000000006	7.31653347773186e-07
0.110000000000001	7.93233590216376e-07
0.130000000000001	8.60307151961564e-07
0.150000000000001	9.33454127071851e-07
0.170000000000001	1.01332950685016e-06
0.190000000000001	1.10067482805553e-06
0.210000000000001	1.19633196451091e-06
0.230000000000001	1.30125952158414e-06
0.250000000000001	1.41655240632841e-06
0.270000000000001	1.54346529118342e-06
0.290000000000001	1.68344087614349e-06
0.310000000000001	1.83814409686065e-06
0.330000000000001	2.00950374293191e-06
0.350000000000001	2.19976336733151e-06
0.370000000000001	2.41154392031126e-06
0.390000000000001	2.64792127919919e-06
0.410000000000001	2.91252284031699e-06
0.430000000000001	3.20964869221429e-06
0.450000000000001	3.5444247474306e-06
0.470000000000001	3.92299778799652e-06
0.490000000000001	4.3527859964805e-06
0.510000000000001	4.84280367816994e-06
0.530000000000001	5.40408626024793e-06
0.550000000000001	6.05025240917168e-06
0.570000000000001	6.79825601355455e-06
0.590000000000001	7.66940468104026e-06
0.610000000000001	8.69075793953321e-06
0.630000000000001	9.89707526546872e-06
0.650000000000001	1.13335746149118e-05
0.670000000000001	1.30599094739505e-05
0.690000000000001	1.51560182889918e-05
0.710000000000001	1.7730921966167e-05
0.730000000000001	2.09362919115154e-05
0.750000000000001	2.49879805698819e-05
0.770000000000001	3.02013204516733e-05
0.790000000000001	3.70512217104189e-05
0.810000000000001	4.62791096881417e-05
0.830000000000001	5.90934531203653e-05
0.850000000000001	7.75703856950751e-05
0.870000000000001	0.000105519201158424
0.890000000000001	0.000150547375526228
0.910000000000001	0.000229676528579501
0.930000000000001	0.000387662112083732
0.950000000000001	0.000775646593029819
0.970000000000001	0.00219899519848237
0.990000000000001	0.0201947651083645
