# Program settings for SigmaNu
# Electroweak scheme and input parameters
# Scheme = Complex mass scheme
# alpha_GF = 0.00755898078237864
# Pole masses/widths for particles [GeV]
# mw = 80.35797361
# gw = 2.084298894
# mz = 91.15348062
# gz = 2.494266379
# s^2_thetaw (derived) = (0.222868505240788,-0.00110716741475141)
# charged leptons
# m_e = 0.0005109989461
# m_m = 0.10565837
# m_t = 1.77686
# quarks
# m_d = 0.05
# m_u = 0.05
# m_s = 0.2
# m_c = 1.51
# m_b = 4.92
# m_t = 173
# Ecms (default) = 224979

# channel_id = 6
# process  = nu_e nu_mu~ -> nu_e nu_mu~
-0.99	1.45301918840879e-10
-0.97	1.33440468496166e-09
-0.95	3.78310404278159e-09
-0.93	7.56935649871426e-09
-0.91	1.27760258185879e-08
-0.89	1.94912304721229e-08
-0.87	2.78087190678652e-08
-0.85	3.78282763323727e-08
-0.83	4.96561624492295e-08
-0.81	6.34055888651589e-08
-0.79	7.91972339958728e-08
-0.77	9.71598026276563e-08
-0.75	1.17430633216942e-07
-0.73	1.4015635774488e-07
-0.71	1.65493619293564e-07
-0.69	1.93609853082508e-07
-0.67	2.24684137346512e-07
-0.65	2.58908121159014e-07
-0.63	2.96487037119412e-07
-0.61	3.3764080774153e-07
-0.59	3.82605255418222e-07
-0.57	4.31633427011155e-07
-0.55	4.84997045444882e-07
-0.53	5.42988102193545e-07
-0.51	6.05920606263489e-07
-0.49	6.74132507227109e-07
-0.47	7.47987812088519e-07
-0.45	8.278789183028e-07
-0.429999999999999	9.14229188177339e-07
-0.409999999999999	1.00749579321458e-06
-0.389999999999999	1.1081728607791e-06
-0.369999999999999	1.21679495986952e-06
-0.349999999999999	1.33394096784263e-06
-0.329999999999999	1.46023836578744e-06
-0.309999999999999	1.5963680170145e-06
-0.289999999999999	1.7430694909715e-06
-0.269999999999999	1.90114700401048e-06
-0.249999999999999	2.07147605904428e-06
-0.229999999999999	2.25501087851292e-06
-0.209999999999999	2.45279273956561e-06
-0.189999999999999	2.66595933734655e-06
-0.169999999999999	2.89575532223494e-06
-0.149999999999999	3.1435441804132e-06
-0.129999999999999	3.41082165493197e-06
-0.109999999999999	3.69923093737205e-06
-0.0899999999999994	4.01057989933125e-06
-0.0699999999999994	4.34686067959193e-06
-0.0499999999999994	4.71027199855825e-06
-0.0299999999999994	5.10324463837999e-06
-0.00999999999999938	5.52847060757249e-06
0.0100000000000006	5.98893660598074e-06
0.0300000000000006	6.48796252347993e-06
0.0500000000000006	7.02924584870802e-06
0.0700000000000006	7.61691303852106e-06
0.0900000000000006	8.2555791125295e-06
0.110000000000001	8.95041699993891e-06
0.130000000000001	9.70723849069573e-06
0.150000000000001	1.05325890460103e-05
0.170000000000001	1.1433859225908e-05
0.190000000000001	1.24194161211788e-05
0.210000000000001	1.3498758970145e-05
0.230000000000001	1.46827041447807e-05
0.250000000000001	1.59836059691757e-05
0.270000000000001	1.74156214707297e-05
0.290000000000001	1.89950292745256e-05
0.310000000000001	2.07406155882508e-05
0.330000000000001	2.2674143799416e-05
0.350000000000001	2.48209289085517e-05
0.370000000000001	2.7210544254598e-05
0.390000000000001	2.98776963170757e-05
0.410000000000001	3.28633146042592e-05
0.430000000000001	3.62159189027796e-05
0.450000000000001	3.99933471288124e-05
0.470000000000001	4.42649561096494e-05
0.490000000000001	4.91144484319745e-05
0.510000000000001	5.46435364197225e-05
0.530000000000001	6.097673757901e-05
0.550000000000001	6.82677172045189e-05
0.570000000000001	7.6707773316559e-05
0.590000000000001	8.65373287846407e-05
0.610000000000001	9.80617078097832e-05
0.630000000000001	0.000111673116327436
0.650000000000001	0.000127881767638685
0.670000000000001	0.00014736075707879
0.690000000000001	0.000171012063484822
0.710000000000001	0.000200065814874052
0.730000000000001	0.000236233381966586
0.750000000000001	0.000281950315595432
0.770000000000001	0.000340774639089445
0.790000000000001	0.000418064951750722
0.810000000000001	0.000522187044366861
0.830000000000001	0.000666776530489545
0.850000000000001	0.00087525919767684
0.870000000000001	0.00119061667453459
0.890000000000001	0.00169868671879989
0.910000000000001	0.00259152971401738
0.930000000000001	0.00437413426644776
0.950000000000001	0.00875187601118972
0.970000000000001	0.0248117892083302
0.990000000000001	0.227853278457347
