# Program settings for SigmaNu
# Electroweak scheme and input parameters
# Scheme = Complex mass scheme
# alpha_GF = 0.00755898078237864
# Pole masses/widths for particles [GeV]
# mw = 80.35797361
# gw = 2.084298894
# mz = 91.15348062
# gz = 2.494266379
# s^2_thetaw (derived) = (0.222868505240788,-0.00110716741475141)
# charged leptons
# m_e = 0.0005109989461
# m_m = 0.10565837
# m_t = 1.77686
# quarks
# m_d = 0.05
# m_u = 0.05
# m_s = 0.2
# m_c = 1.51
# m_b = 4.92
# m_t = 173
# Ecms (default) = 510754

# channel_id = 6
# process  = nu_e nu_mu~ -> nu_e nu_mu~
-0.99	2.81923888041318e-11
-0.97	2.58909559503233e-10
-0.95	7.34021556585295e-10
-0.93	1.46865399215299e-09
-0.91	2.47888461580353e-09
-0.89	3.78181072801206e-09
-0.87	5.39562202440209e-09
-0.85	7.33967936640622e-09
-0.83	9.63460002461416e-09
-0.81	1.23023499976996e-08
-0.79	1.53663440729488e-08
-0.77	1.88515543649152e-08
-0.75	2.27846281475478e-08
-0.73	2.71940158833756e-08
-0.71	3.21101104522183e-08
-0.69	3.75653986928589e-08
-0.67	4.3594626495791e-08
-0.65	5.0234978825423e-08
-0.63	5.75262762081312e-08
-0.61	6.55111894008118e-08
-0.59	7.42354741559387e-08
-0.57	8.37482282269334e-08
-0.55	9.41021730157248e-08
-0.53	1.05353962557199e-07
-0.51	1.17564522867995e-07
-0.49	1.30799425065838e-07
-0.47	1.45129296097368e-07
-0.45	1.60630271405483e-07
-0.429999999999999	1.77384494431186e-07
-0.409999999999999	1.95480668491201e-07
-0.389999999999999	2.1501466731452e-07
-0.369999999999999	2.36090211374235e-07
-0.349999999999999	2.58819618134197e-07
-0.329999999999999	2.833246354651e-07
-0.309999999999999	3.09737368797709e-07
-0.289999999999999	3.38201314103223e-07
-0.269999999999999	3.68872510559194e-07
-0.249999999999999	4.01920828818444e-07
-0.229999999999999	4.37531413201148e-07
-0.209999999999999	4.75906298940617e-07
-0.189999999999999	5.17266228908485e-07
-0.169999999999999	5.6185269811811e-07
-0.149999999999999	6.09930258869255e-07
-0.129999999999999	6.61789124789988e-07
-0.109999999999999	7.17748118421343e-07
-0.0899999999999994	7.78158014582125e-07
-0.0699999999999994	8.43405340798257e-07
-0.0499999999999994	9.13916706894834e-07
-0.0299999999999994	9.901637488154e-07
-0.00999999999999938	1.07266878733131e-06
0.0100000000000006	1.16201132113206e-06
0.0300000000000006	1.25883549659424e-06
0.0500000000000006	1.36385872425371e-06
0.0700000000000006	1.47788164584313e-06
0.0900000000000006	1.60179969721379e-06
0.110000000000001	1.73661656346403e-06
0.130000000000001	1.88345988561157e-06
0.150000000000001	2.04359965635401e-06
0.170000000000001	2.21846983997529e-06
0.190000000000001	2.40969387363829e-06
0.210000000000001	2.61911486117705e-06
0.230000000000001	2.84883146532592e-06
0.250000000000001	3.10124075237975e-06
0.270000000000001	3.37908956097618e-06
0.290000000000001	3.68553637610055e-06
0.310000000000001	4.02422622044955e-06
0.330000000000001	4.39938176881592e-06
0.350000000000001	4.815914803457e-06
0.370000000000001	5.27956333768991e-06
0.390000000000001	5.79706135088393e-06
0.410000000000001	6.37635025590244e-06
0.430000000000001	7.02684418210217e-06
0.450000000000001	7.75976522472044e-06
0.470000000000001	8.58857045546409e-06
0.490000000000001	9.52950040687623e-06
0.510000000000001	1.0602289982378e-05
0.530000000000001	1.18310989014147e-05
0.550000000000001	1.32457423356664e-05
0.570000000000001	1.48833372152836e-05
0.590000000000001	1.67905320106517e-05
0.610000000000001	1.90265677958162e-05
0.630000000000001	2.16675430408451e-05
0.650000000000001	2.48124528270681e-05
0.670000000000001	2.85918957500228e-05
0.690000000000001	3.31808799980765e-05
0.710000000000001	3.8818083598082e-05
0.730000000000001	4.5835558739625e-05
0.750000000000001	5.47058682859935e-05
0.770000000000001	6.61193654404654e-05
0.790000000000001	8.1115764524265e-05
0.810000000000001	0.000101318257815217
0.830000000000001	0.000129372529035397
0.850000000000001	0.000169823828207084
0.870000000000001	0.000231011787004682
0.890000000000001	0.000329591339784179
0.910000000000001	0.000502827657558276
0.930000000000001	0.000848703130967156
0.950000000000001	0.00169811134791013
0.970000000000001	0.00481422246711293
0.990000000000001	0.044211848844765
