# Program settings for SigmaNu
# Electroweak scheme and input parameters
# Scheme = Complex mass scheme
# alpha_GF = 0.00755898078237864
# Pole masses/widths for particles [GeV]
# mw = 80.35797361
# gw = 2.084298894
# mz = 91.15348062
# gz = 2.494266379
# s^2_thetaw (derived) = (0.222868505240788,-0.00110716741475141)
# charged leptons
# m_e = 0.0005109989461
# m_m = 0.10565837
# m_t = 1.77686
# quarks
# m_d = 0.05
# m_u = 0.05
# m_s = 0.2
# m_c = 1.51
# m_b = 4.92
# m_t = 173
# Ecms (default) = 149316

# channel_id = 6
# process  = nu_e nu_mu~ -> nu_e nu_mu~
-0.99	3.29869708999264e-10
-0.97	3.02941411065989e-09
-0.95	8.58854052948641e-09
-0.93	1.71842286249642e-08
-0.91	2.90045986906341e-08
-0.89	4.42497004346705e-08
-0.87	6.31323653053571e-08
-0.85	8.58791281591714e-08
-0.83	1.12731224663499e-07
-0.81	1.43945671488203e-07
-0.79	1.79796437078937e-07
-0.77	2.20575711630015e-07
-0.75	2.66595285796929e-07
-0.73	3.18188048721005e-07
-0.71	3.75709617095738e-07
-0.69	4.39540108302722e-07
-0.67	5.10086072103896e-07
-0.65	5.87782597018025e-07
-0.63	6.73095609358232e-07
-0.61	7.66524384993036e-07
-0.59	8.68604296249437e-07
-0.57	9.79909819041913e-07
-0.55	1.10105782833086e-06
-0.53	1.23271121344015e-06
-0.51	1.37558284865702e-06
-0.49	1.53043995896879e-06
-0.47	1.69810892584313e-06
-0.45	1.87948058372728e-06
-0.429999999999999	2.07551606454103e-06
-0.409999999999999	2.28725325499948e-06
-0.389999999999999	2.51581394028266e-06
-0.369999999999999	2.76241171755191e-06
-0.349999999999999	3.02836077431667e-06
-0.329999999999999	3.3150856399364e-06
-0.309999999999999	3.62413203390653e-06
-0.289999999999999	3.95717895238889e-06
-0.269999999999999	4.31605215513902e-06
-0.249999999999999	4.70273923907419e-06
-0.229999999999999	5.11940651283963e-06
-0.209999999999999	5.56841791961358e-06
-0.189999999999999	6.05235629394676e-06
-0.169999999999999	6.5740472837505e-06
-0.149999999999999	7.13658632195125e-06
-0.129999999999999	7.74336909543028e-06
-0.109999999999999	8.3981260336286e-06
-0.0899999999999994	9.10496142802723e-06
-0.0699999999999994	9.86839789956777e-06
-0.0499999999999994	1.06934270576066e-05
-0.0299999999999994	1.15855673457095e-05
-0.00999999999999938	1.25509302521048e-05
0.0100000000000006	1.35962962829104e-05
0.0300000000000006	1.47292023631052e-05
0.0500000000000006	1.59580426546369e-05
0.0700000000000006	1.72921851769756e-05
0.0900000000000006	1.87421071004956e-05
0.110000000000001	2.0319552179835e-05
0.130000000000001	2.20377145316967e-05
0.150000000000001	2.3911453876622e-05
0.170000000000001	2.59575485052364e-05
0.190000000000001	2.81949936590685e-05
0.210000000000001	3.06453548164555e-05
0.230000000000001	3.33331876536008e-05
0.250000000000001	3.62865393532578e-05
0.270000000000001	3.95375496507528e-05
0.290000000000001	4.31231747973906e-05
0.310000000000001	4.70860638347053e-05
0.330000000000001	5.14756246876764e-05
0.350000000000001	5.63493282594659e-05
0.370000000000001	6.17743128594924e-05
0.390000000000001	6.78293702039304e-05
0.410000000000001	7.46074197101557e-05
0.430000000000001	8.22186124643608e-05
0.450000000000001	9.07942538361713e-05
0.470000000000001	0.000100491799751793
0.490000000000001	0.00011150127427935
0.510000000000001	0.000124053587686202
0.530000000000001	0.000138431423179768
0.550000000000001	0.000154983636050273
0.570000000000001	0.000174144516381099
0.590000000000001	0.000196459878739998
0.610000000000001	0.000222622878312466
0.630000000000001	0.000253523911302374
0.650000000000001	0.000290321277008495
0.670000000000001	0.000334543053220672
0.690000000000001	0.000388236934044152
0.710000000000001	0.000454195584675365
0.730000000000001	0.000536304196949647
0.750000000000001	0.000640092009676862
0.770000000000001	0.000773636517623513
0.790000000000001	0.000949102910278351
0.810000000000001	0.00118548334233038
0.830000000000001	0.00151373357544277
0.850000000000001	0.00198703509711541
0.870000000000001	0.00270296513529668
0.890000000000001	0.00385639284144435
0.910000000000001	0.00588333309915867
0.930000000000001	0.00993020478606298
0.950000000000001	0.019868504611484
0.970000000000001	0.0563270852418607
0.990000000000001	0.517237888237036
