# Program settings for SigmaNu
# Electroweak scheme and input parameters
# Scheme = Complex mass scheme
# alpha_GF = 0.00755898078237864
# Pole masses/widths for particles [GeV]
# mw = 80.35797361
# gw = 2.084298894
# mz = 91.15348062
# gz = 2.494266379
# s^2_thetaw (derived) = (0.222868505240788,-0.00110716741475141)
# charged leptons
# m_e = 0.0005109989461
# m_m = 0.10565837
# m_t = 1.77686
# quarks
# m_d = 0.05
# m_u = 0.05
# m_s = 0.2
# m_c = 1.51
# m_b = 4.92
# m_t = 173
# Ecms (default) = 216117

# channel_id = 6
# process  = nu_e nu_mu~ -> nu_e nu_mu~
-0.99	1.57462608315832e-10
-0.97	1.44608442792914e-09
-0.95	4.09972170031323e-09
-0.93	8.20285531013471e-09
-0.91	1.3845284102417e-08
-0.89	2.11225014055185e-08
-0.87	3.01361018871585e-08
-0.85	4.09942215110198e-08
-0.83	5.38120136451471e-08
-0.81	6.87121646894661e-08
-0.79	8.58254529423471e-08
-0.77	1.0529135481991e-07
-0.75	1.27258702982018e-07
-0.73	1.51886401411728e-07
-0.71	1.79344203047266e-07
-0.69	2.09813556185396e-07
-0.67	2.43488526571378e-07
-0.65	2.80576802874176e-07
-0.63	3.21300794128101e-07
-0.61	3.65898828717692e-07
-0.59	4.14626465607268e-07
-0.57	4.67757929788924e-07
-0.55	5.25587685364128e-07
-0.53	5.88432161309593e-07
-0.51	6.56631646836589e-07
-0.49	7.30552375368266e-07
-0.47	8.10588818571063e-07
-0.45	8.97166214630117e-07
-0.429999999999999	9.90743358108628e-07
-0.409999999999999	1.09181568234069e-06
-0.389999999999999	1.20091866945072e-06
-0.369999999999999	1.31863162785822e-06
-0.349999999999999	1.4455818826176e-06
-0.329999999999999	1.58244943028266e-06
-0.309999999999999	1.7299721173195e-06
-0.289999999999999	1.88895140959363e-06
-0.269999999999999	2.06025883033471e-06
-0.249999999999999	2.24484315548205e-06
-0.229999999999999	2.44373846873426e-06
-0.209999999999999	2.65807319432304e-06
-0.189999999999999	2.88908024393529e-06
-0.169999999999999	3.13810843584056e-06
-0.149999999999999	3.40663536977297e-06
-0.129999999999999	3.69628197123793e-06
-0.109999999999999	4.00882895460127e-06
-0.0899999999999994	4.34623549672117e-06
-0.0699999999999994	4.71066046341334e-06
-0.0499999999999994	5.10448659143765e-06
-0.0299999999999994	5.53034810111531e-06
-0.00999999999999938	5.99116230180637e-06
0.0100000000000006	6.4901658576375e-06
0.0300000000000006	7.03095650825162e-06
0.0500000000000006	7.61754119421426e-06
0.0700000000000006	8.25439172570195e-06
0.0900000000000006	8.94650936464832e-06
0.110000000000001	9.69949997538783e-06
0.130000000000001	1.05196617507964e-05
0.150000000000001	1.1414087957733e-05
0.170000000000001	1.23907876902279e-05
0.190000000000001	1.34588283012832e-05
0.210000000000001	1.46285040435775e-05
0.230000000000001	1.59115365375092e-05
0.250000000000001	1.73213140704781e-05
0.270000000000001	1.88731785057288e-05
0.290000000000001	2.05847708657404e-05
0.310000000000001	2.24764496211263e-05
0.330000000000001	2.45717995895361e-05
0.350000000000001	2.68982544444974e-05
0.370000000000001	2.94878625882848e-05
0.390000000000001	3.2378235168295e-05
0.410000000000001	3.56137271804553e-05
0.430000000000001	3.92469191470608e-05
0.450000000000001	4.33404895757436e-05
0.470000000000001	4.79695999294166e-05
0.490000000000001	5.32249580598167e-05
0.510000000000001	5.9216788831832e-05
0.530000000000001	6.60800309098275e-05
0.550000000000001	7.3981210190684e-05
0.570000000000001	8.3127634863726e-05
0.590000000000001	9.37798493349267e-05
0.610000000000001	0.000106268731076748
0.630000000000001	0.000121019310617467
0.650000000000001	0.000138584502141486
0.670000000000001	0.000159693733811379
0.690000000000001	0.000185324473032303
0.710000000000001	0.000216809799873001
0.730000000000001	0.000256004313284575
0.750000000000001	0.000305547400406229
0.770000000000001	0.000369294862777405
0.790000000000001	0.000453053771513378
0.810000000000001	0.000565890066551178
0.830000000000001	0.000722580551249596
0.850000000000001	0.000948511558767089
0.870000000000001	0.00129026192149891
0.890000000000001	0.00184085328909236
0.910000000000001	0.00280841983127112
0.930000000000001	0.00474021316790431
0.950000000000001	0.00948433275190006
0.970000000000001	0.0268883028386157
0.990000000000001	0.246921552398289
