# Program settings for SigmaNu
# Electroweak scheme and input parameters
# Scheme = Complex mass scheme
# alpha_GF = 0.00755898078237864
# Pole masses/widths for particles [GeV]
# mw = 80.35797361
# gw = 2.084298894
# mz = 91.15348062
# gz = 2.494266379
# s^2_thetaw (derived) = (0.222868505240788,-0.00110716741475141)
# charged leptons
# m_e = 0.0005109989461
# m_m = 0.10565837
# m_t = 1.77686
# quarks
# m_d = 0.05
# m_u = 0.05
# m_s = 0.2
# m_c = 1.51
# m_b = 4.92
# m_t = 173
# Ecms (default) = 2.62626e-06

# channel_id = 6
# process  = nu_e nu_mu~ -> nu_e nu_mu~
-0.99	7.26873729029546e-19
-0.97	6.54186356126599e-18
-0.95	1.81718432257388e-17
-0.93	3.56168127224481e-17
-0.91	5.88767720513937e-17
-0.89	8.79517212125756e-17
-0.87	1.22841660205994e-16
-0.85	1.63546589031649e-16
-0.83	2.10066507689541e-16
-0.81	2.62401416179668e-16
-0.79	3.20551314502033e-16
-0.77	3.84516202656633e-16
-0.75	4.5429608064347e-16
-0.73	5.29890948462543e-16
-0.71	6.11300806113853e-16
-0.69	6.985256535974e-16
-0.67	7.91565490913182e-16
-0.65	8.90420318061201e-16
-0.63	9.95090135041457e-16
-0.61	1.10557494185395e-15
-0.59	1.22187473849868e-15
-0.57	1.34398952497564e-15
-0.55	1.47191930128484e-15
-0.53	1.60566406742628e-15
-0.51	1.74522382339995e-15
-0.49	1.89059856920586e-15
-0.47	2.04178830484401e-15
-0.45	2.19879303031439e-15
-0.429999999999999	2.36161274561701e-15
-0.409999999999999	2.53024745075187e-15
-0.389999999999999	2.70469714571896e-15
-0.369999999999999	2.88496183051829e-15
-0.349999999999999	3.07104150514986e-15
-0.329999999999999	3.26293616961366e-15
-0.309999999999999	3.4606458239097e-15
-0.289999999999999	3.66417046803797e-15
-0.269999999999999	3.87351010199848e-15
-0.249999999999999	4.08866472579123e-15
-0.229999999999999	4.30963433941621e-15
-0.209999999999999	4.53641894287344e-15
-0.189999999999999	4.76901853616289e-15
-0.169999999999999	5.00743311928458e-15
-0.149999999999999	5.25166269223851e-15
-0.129999999999999	5.50170725502468e-15
-0.109999999999999	5.75756680764308e-15
-0.0899999999999994	6.01924135009372e-15
-0.0699999999999994	6.28673088237659e-15
-0.0499999999999994	6.56003540449171e-15
-0.0299999999999994	6.83915491643905e-15
-0.00999999999999938	7.12408941821864e-15
0.0100000000000006	7.41483890983046e-15
0.0300000000000006	7.71140339127451e-15
0.0500000000000006	8.01378286255081e-15
0.0700000000000006	8.32197732365934e-15
0.0900000000000006	8.6359867746001e-15
0.110000000000001	8.95581121537311e-15
0.130000000000001	9.28145064597834e-15
0.150000000000001	9.61290506641582e-15
0.170000000000001	9.95017447668553e-15
0.190000000000001	1.02932588767875e-14
0.210000000000001	1.06421582667217e-14
0.230000000000001	1.09968726464881e-14
0.250000000000001	1.13574020160867e-14
0.270000000000001	1.17237463755176e-14
0.290000000000001	1.20959057247808e-14
0.310000000000001	1.24738800638761e-14
0.330000000000001	1.28576693928037e-14
0.350000000000001	1.32472737115636e-14
0.370000000000001	1.36426930201557e-14
0.390000000000001	1.404392731858e-14
0.410000000000001	1.44509766068365e-14
0.430000000000001	1.48638408849253e-14
0.450000000000001	1.52825201528463e-14
0.470000000000001	1.57070144105996e-14
0.490000000000001	1.61373236581851e-14
0.510000000000001	1.65734478956028e-14
0.530000000000001	1.70153871228528e-14
0.550000000000001	1.7463141339935e-14
0.570000000000001	1.79167105468494e-14
0.590000000000001	1.83760947435961e-14
0.610000000000001	1.8841293930175e-14
0.630000000000001	1.93123081065862e-14
0.650000000000001	1.97891372728295e-14
0.670000000000001	2.02717814289052e-14
0.690000000000001	2.0760240574813e-14
0.710000000000001	2.12545147105531e-14
0.730000000000001	2.17546038361255e-14
0.750000000000001	2.226050795153e-14
0.770000000000001	2.27722270567668e-14
0.790000000000001	2.32897611518359e-14
0.810000000000001	2.38131102367372e-14
0.830000000000001	2.43422743114707e-14
0.850000000000001	2.48772533760364e-14
0.870000000000001	2.54180474304344e-14
0.890000000000001	2.59646564746646e-14
0.910000000000001	2.65170805087271e-14
0.930000000000001	2.70753195326218e-14
0.950000000000001	2.76393735463487e-14
0.970000000000001	2.82092425499079e-14
0.990000000000001	2.87849265432993e-14
