# Program settings for SigmaNu
# Electroweak scheme and input parameters
# Scheme = Complex mass scheme
# alpha_GF = 0.00755898078237864
# Pole masses/widths for particles [GeV]
# mw = 80.35797361
# gw = 2.084298894
# mz = 91.15348062
# gz = 2.494266379
# s^2_thetaw (derived) = (0.222868505240788,-0.00110716741475141)
# charged leptons
# m_e = 0.0005109989461
# m_m = 0.10565837
# m_t = 1.77686
# quarks
# m_d = 0.05
# m_u = 0.05
# m_s = 0.2
# m_c = 1.51
# m_b = 4.92
# m_t = 173
# Ecms (default) = 1122620

# channel_id = 6
# process  = nu_e nu_mu~ -> nu_e nu_mu~
-0.99	5.83565892708945e-12
-0.97	5.35927584391565e-11
-0.95	1.51938151945332e-10
-0.93	3.04002752416083e-10
-0.91	5.13114559702726e-10
-0.89	7.82812614713066e-10
-0.87	1.11686207774884e-09
-0.85	1.51927053357136e-09
-0.83	1.99430563627547e-09
-0.81	2.54651421876701e-09
-0.79	3.18074300470658e-09
-0.77	3.90216107537575e-09
-0.75	4.71628426023804e-09
-0.73	5.62900163823091e-09
-0.71	6.64660435729417e-09
-0.69	7.7758170026095e-09
-0.67	9.02383176983345e-09
-0.65	1.03983457286404e-08
-0.63	1.19076014946004e-08
-0.61	1.35604316643137e-08
-0.59	1.53663074104049e-08
-0.57	1.73353916801318e-08
-0.55	1.94785974947829e-08
-0.53	2.18076519076529e-08
-0.51	2.43351662472587e-08
-0.49	2.70747133508609e-08
-0.47	3.00409125827242e-08
-0.45	3.32495235336114e-08
-0.429999999999999	3.67175494147471e-08
-0.409999999999999	4.04633512932606e-08
-0.389999999999999	4.45067744696835e-08
-0.369999999999999	4.88692884746889e-08
-0.349999999999999	5.35741423657684e-08
-0.329999999999999	5.86465372394942e-08
-0.309999999999999	6.41138181468246e-08
-0.289999999999999	7.00056879140078e-08
-0.269999999999999	7.63544457376994e-08
-0.249999999999999	8.31952538491101e-08
-0.229999999999999	9.05664360393504e-08
-0.209999999999999	9.85098124198733e-08
-0.189999999999999	1.07071075473989e-07
-0.169999999999999	1.16300213257145e-07
-0.149999999999999	1.26251986548433e-07
-0.129999999999999	1.36986467872081e-07
-0.109999999999999	1.48569651630294e-07
-0.0899999999999994	1.61074146160283e-07
-0.0699999999999994	1.74579960400998e-07
-0.0499999999999994	1.89175400093456e-07
-0.0299999999999994	2.04958091122539e-07
-0.00999999999999938	2.22036150836881e-07
0.0100000000000006	2.4052953208076e-07
0.0300000000000006	2.60571569392799e-07
0.0500000000000006	2.82310762565568e-07
0.0700000000000006	3.05912839764362e-07
0.0900000000000006	3.31563150984783e-07
0.110000000000001	3.59469453186082e-07
0.130000000000001	3.89865161481044e-07
0.150000000000001	4.23013156951507e-07
0.170000000000001	4.5921026184343e-07
0.190000000000001	4.98792518186365e-07
0.210000000000001	5.42141437733179e-07
0.230000000000001	5.89691431443222e-07
0.250000000000001	6.41938678078465e-07
0.270000000000001	6.99451757243597e-07
0.290000000000001	7.62884456946452e-07
0.310000000000001	8.32991275676445e-07
0.330000000000001	9.10646282554633e-07
0.350000000000001	9.96866187950014e-07
0.370000000000001	1.09283872727058e-06
0.390000000000001	1.19995779512556e-06
0.410000000000001	1.31986721786418e-06
0.430000000000001	1.45451566562493e-06
0.450000000000001	1.60622604702449e-06
0.470000000000001	1.77778389788783e-06
0.490000000000001	1.97255091435248e-06
0.510000000000001	2.19461210715538e-06
0.530000000000001	2.4489683984277e-06
0.550000000000001	2.74179135632077e-06
0.570000000000001	3.08076397094958e-06
0.590000000000001	3.47554220643762e-06
0.610000000000001	3.93838862352331e-06
0.630000000000001	4.48505516720072e-06
0.650000000000001	5.13603324980654e-06
0.670000000000001	5.91835603032375e-06
0.690000000000001	6.8682491998368e-06
0.710000000000001	8.03511774310093e-06
0.730000000000001	9.48769456553621e-06
0.750000000000001	1.13237974849582e-05
0.770000000000001	1.36863256877465e-05
0.790000000000001	1.67904941425028e-05
0.810000000000001	2.09722944794352e-05
0.830000000000001	2.67793683460712e-05
0.850000000000001	3.51525570673705e-05
0.870000000000001	4.78181180646714e-05
0.890000000000001	6.82235310598217e-05
0.910000000000001	0.000104082483894715
0.930000000000001	0.000175676808872333
0.950000000000001	0.000351499769534116
0.970000000000001	0.000996519085339448
0.990000000000001	0.0091516850796872
