# Program settings for SigmaNu
# Electroweak scheme and input parameters
# Scheme = Complex mass scheme
# alpha_GF = 0.00755898078237864
# Pole masses/widths for particles [GeV]
# mw = 80.35797361
# gw = 2.084298894
# mz = 91.15348062
# gz = 2.494266379
# s^2_thetaw (derived) = (0.222868505240788,-0.00110716741475141)
# charged leptons
# m_e = 0.0005109989461
# m_m = 0.10565837
# m_t = 1.77686
# quarks
# m_d = 0.05
# m_u = 0.05
# m_s = 0.2
# m_c = 1.51
# m_b = 4.92
# m_t = 173
# Ecms (default) = 185.68

# channel_id = 6
# process  = nu_e nu_mu~ -> nu_e nu_mu~
-0.99	0.000138236384120026
-0.97	0.0012645053639289
-0.95	0.00357052238906507
-0.93	0.00711475838528269
-0.91	0.0119586219287549
-0.89	0.0181666248409957
-0.87	0.0258065583802804
-0.85	0.0349496807957387
-0.83	0.0456709170723928
-0.81	0.0580490717631037
-0.79	0.0721670558772314
-0.77	0.0881121288764286
-0.75	0.105976156916052
-0.73	0.125855888566953
-0.71	0.147853249357754
-0.69	0.172075656593055
-0.67	0.198636356029405
-0.65	0.227654782129491
-0.63	0.259256943767128
-0.61	0.293575837422755
-0.59	0.330751890092883
-0.57	0.3709334343391
-0.55	0.414277218124911
-0.53	0.460948952334117
-0.51	0.511123899135249
-0.49	0.564987504655596
-0.47	0.622736079758958
-0.45	0.684577533086983
-0.429999999999999	0.75073216092906
-0.409999999999999	0.821433498934811
-0.389999999999999	0.896929241181664
-0.369999999999999	0.977482232663683
-0.349999999999999	1.06337154188364
-0.329999999999999	1.15489362091596
-0.309999999999999	1.25236356107229
-0.289999999999999	1.35611645315422
-0.269999999999999	1.46650886223046
-0.249999999999999	1.583920427941
-0.229999999999999	1.70875560252438
-0.209999999999999	1.84144554010204
-0.189999999999999	1.98245015225567
-0.169999999999999	2.13226034662233
-0.149999999999999	2.29140046713262
-0.129999999999999	2.46043095665989
-0.109999999999999	2.63995126526655
-0.0899999999999994	2.83060302996749
-0.0699999999999994	3.03307355502489
-0.0499999999999994	3.24809962529735
-0.0299999999999994	3.47647168914967
-0.00999999999999938	3.71903845196053
0.0100000000000006	3.97671192642567
0.0300000000000006	4.25047299174318
0.0500000000000006	4.5413775204974
0.0700000000000006	4.8505631397641
0.0900000000000006	5.17925670179845
0.110000000000001	5.52878254982415
0.130000000000001	5.90057167613659
0.150000000000001	6.29617188322259
0.170000000000001	6.71725907419249
0.190000000000001	7.16564981688211
0.210000000000001	7.6433153469462
0.230000000000001	8.15239719965459
0.250000000000001	8.69522468853682
0.270000000000001	9.27433448225358
0.290000000000001	9.89249257000208
0.310000000000001	10.5527189514813
0.330000000000001	11.2583154412703
0.350000000000001	12.0128970410179
0.370000000000001	12.8204274080602
0.390000000000001	13.685259038374
0.410000000000001	14.6121788880836
0.430000000000001	15.6064602846817
0.450000000000001	16.673922131205
0.470000000000001	17.8209965893639
0.490000000000001	19.0548066480223
0.510000000000001	20.3832552501152
0.530000000000001	21.8151279749986
0.550000000000001	23.3602116681002
0.570000000000001	25.0294318930227
0.590000000000001	26.8350126751761
0.610000000000001	28.7906627390131
0.630000000000001	30.9117933496201
0.650000000000001	33.2157740011118
0.670000000000001	35.72223361058
0.690000000000001	38.453416657835
0.710000000000001	41.4346059639396
0.730000000000001	44.6946266661258
0.750000000000001	48.2664496105906
0.770000000000001	52.1879170997361
0.790000000000001	56.5026200374717
0.810000000000001	61.2609634800684
0.830000000000001	66.521468059918
0.850000000000001	72.3523685919956
0.870000000000001	78.8335896388475
0.890000000000001	86.059202653573
0.910000000000001	94.1405030462365
0.930000000000001	103.209891743221
0.950000000000001	113.425809811826
0.970000000000001	124.979064311734
0.990000000000001	138.101010408694
