# Program settings for SigmaNu
# Electroweak scheme and input parameters
# Scheme = Complex mass scheme
# alpha_GF = 0.00755898078237864
# Pole masses/widths for particles [GeV]
# mw = 80.35797361
# gw = 2.084298894
# mz = 91.15348062
# gz = 2.494266379
# s^2_thetaw (derived) = (0.222868505240788,-0.00110716741475141)
# charged leptons
# m_e = 0.0005109989461
# m_m = 0.10565837
# m_t = 1.77686
# quarks
# m_d = 0.05
# m_u = 0.05
# m_s = 0.2
# m_c = 1.51
# m_b = 4.92
# m_t = 173
# Ecms (default) = 0.206856

# channel_id = 6
# process  = nu_e nu_mu~ -> nu_e nu_mu~
-0.99	4.50936440144178e-09
-0.97	4.058428378984e-08
-0.95	1.12734133240845e-07
-0.93	2.20958923892767e-07
-0.91	3.65258666883918e-07
-0.89	5.45633373352612e-07
-0.87	7.62083054437169e-07
-0.85	1.01460772127592e-06
-0.83	1.30320738500717e-06
-0.81	1.62788205676927e-06
-0.79	1.98863174770054e-06
-0.77	2.38545646893932e-06
-0.75	2.81835623162396e-06
-0.73	3.28733104689278e-06
-0.71	3.79238092588415e-06
-0.69	4.33350587973641e-06
-0.67	4.91070591958791e-06
-0.65	5.52398105657701e-06
-0.63	6.17333130184208e-06
-0.61	6.85875666652147e-06
-0.59	7.58025716175355e-06
-0.57	8.3378327986767e-06
-0.55	9.13148358842928e-06
-0.53	9.96120954214968e-06
-0.51	1.08270106709763e-05
-0.49	1.17288869860475e-05
-0.47	1.26668384985016e-05
-0.45	1.36408652194771e-05
-0.429999999999999	1.46509671601124e-05
-0.409999999999999	1.56971443315458e-05
-0.389999999999999	1.67793967449157e-05
-0.369999999999999	1.78977244113607e-05
-0.349999999999999	1.9052127342019e-05
-0.329999999999999	2.0242605548029e-05
-0.309999999999999	2.14691590405293e-05
-0.289999999999999	2.27317878306582e-05
-0.269999999999999	2.40304919295541e-05
-0.249999999999999	2.53652713483555e-05
-0.229999999999999	2.67361260982008e-05
-0.209999999999999	2.81430561902284e-05
-0.189999999999999	2.95860616355767e-05
-0.169999999999999	3.10651424453843e-05
-0.149999999999999	3.25802986307895e-05
-0.129999999999999	3.41315302029308e-05
-0.109999999999999	3.57188371729466e-05
-0.0899999999999994	3.73422195519755e-05
-0.0699999999999994	3.90016773511557e-05
-0.0499999999999994	4.06972105816259e-05
-0.0299999999999994	4.24288192545244e-05
-0.00999999999999938	4.41965033809898e-05
0.0100000000000006	4.60002629721606e-05
0.0300000000000006	4.78400980391751e-05
0.0500000000000006	4.97160085931718e-05
0.0700000000000006	5.16279946452893e-05
0.0900000000000006	5.3576056206666e-05
0.110000000000001	5.55601932884404e-05
0.130000000000001	5.75804059017511e-05
0.150000000000001	5.96366940577364e-05
0.170000000000001	6.17290577675349e-05
0.190000000000001	6.38574970422851e-05
0.210000000000001	6.60220118931256e-05
0.230000000000001	6.82226023311947e-05
0.250000000000001	7.04592683676311e-05
0.270000000000001	7.27320100135732e-05
0.290000000000001	7.50408272801596e-05
0.310000000000001	7.73857201785288e-05
0.330000000000001	7.97666887198192e-05
0.350000000000001	8.21837329151695e-05
0.370000000000001	8.46368527757182e-05
0.390000000000001	8.71260483126037e-05
0.410000000000001	8.96513195369646e-05
0.430000000000001	9.22126664599396e-05
0.450000000000001	9.48100890926672e-05
0.470000000000001	9.74435874462857e-05
0.490000000000001	0.000100113161531934
0.510000000000001	0.00010281881136075
0.530000000000001	0.000105560536943874
0.550000000000001	0.000108338338292442
0.570000000000001	0.000111152215417594
0.590000000000001	0.000114002168330469
0.610000000000001	0.000116888197042205
0.630000000000001	0.00011981030156394
0.650000000000001	0.000122768481906814
0.670000000000001	0.000125762738081964
0.690000000000001	0.00012879307010053
0.710000000000001	0.00013185947797365
0.730000000000001	0.000134961961712462
0.750000000000001	0.000138100521328105
0.770000000000001	0.000141275156831718
0.790000000000001	0.00014448586823444
0.810000000000001	0.000147732655547408
0.830000000000001	0.000151015518781762
0.850000000000001	0.00015433445794864
0.870000000000001	0.000157689473059181
0.890000000000001	0.000161080564124523
0.910000000000001	0.000164507731155805
0.930000000000001	0.000167970974164166
0.950000000000001	0.000171470293160745
0.970000000000001	0.000175005688156679
0.990000000000001	0.000178577159163108
