# Program settings for SigmaNu
# Electroweak scheme and input parameters
# Scheme = Complex mass scheme
# alpha_GF = 0.00755898078237864
# Pole masses/widths for particles [GeV]
# mw = 80.35797361
# gw = 2.084298894
# mz = 91.15348062
# gz = 2.494266379
# s^2_thetaw (derived) = (0.222868505240788,-0.00110716741475141)
# charged leptons
# m_e = 0.0005109989461
# m_m = 0.10565837
# m_t = 1.77686
# quarks
# m_d = 0.05
# m_u = 0.05
# m_s = 0.2
# m_c = 1.51
# m_b = 4.92
# m_t = 173
# Ecms (default) = 226340

# channel_id = 6
# process  = nu_e nu_mu~ -> nu_e nu_mu~
-0.99	1.43559749657897e-10
-0.97	1.31840518040855e-09
-0.95	3.73774464706371e-09
-0.93	7.47859995813584e-09
-0.91	1.26228413435601e-08
-0.89	1.92575307333165e-08
-0.87	2.74752926909038e-08
-0.85	3.73747155248392e-08
-0.83	4.90607853600045e-08
-0.81	6.26453562388488e-08
-0.79	7.82476596439321e-08
-0.77	9.59948571922914e-08
-0.75	1.16022640653502e-07
-0.73	1.38475883892599e-07
-0.71	1.63509351842575e-07
-0.69	1.91288472176238e-07
-0.67	2.21990175982068e-07
-0.65	2.55803814462973e-07
-0.63	2.92932159481513e-07
-0.61	3.33592496682774e-07
-0.59	3.78017820951526e-07
-0.57	4.26458145120181e-07
-0.55	4.79181934158288e-07
-0.53	5.36477678565336e-07
-0.51	5.98655622383095e-07
-0.49	6.66049663172322e-07
-0.47	7.39019443497237e-07
-0.45	8.17952655971916e-07
-0.429999999999999	9.03267586794596e-07
-0.409999999999999	9.95415925986799e-07
-0.389999999999999	1.09488587633195e-06
-0.369999999999999	1.20220559735289e-06
-0.349999999999999	1.3179470256741e-06
-0.329999999999999	1.44273011889427e-06
-0.309999999999999	1.57722757678163e-06
-0.289999999999999	1.72217010135587e-06
-0.269999999999999	1.8783522664257e-06
-0.249999999999999	2.04663907763594e-06
-0.229999999999999	2.22797331631275e-06
-0.209999999999999	2.42338377470701e-06
-0.189999999999999	2.63399450701446e-06
-0.169999999999999	2.8610352402745e-06
-0.149999999999999	3.10585311249057e-06
-0.129999999999999	3.36992593277689e-06
-0.109999999999999	3.65487719087271e-06
-0.0899999999999994	3.96249308202403e-06
-0.0699999999999994	4.29474185930142e-06
-0.0499999999999994	4.65379588048764e-06
-0.0299999999999994	5.04205678269548e-06
-0.00999999999999938	5.4621842973045e-06
0.0100000000000006	5.91712931368112e-06
0.0300000000000006	6.41017191628057e-06
0.0500000000000006	6.94496526092005e-06
0.0700000000000006	7.52558632831551e-06
0.0900000000000006	8.15659480408111e-06
0.110000000000001	8.84310159410317e-06
0.130000000000001	9.59084880508402e-06
0.150000000000001	1.04063034182894e-05
0.170000000000001	1.1296767381087e-05
0.190000000000001	1.22705074630299e-05
0.210000000000001	1.33369090067854e-05
0.230000000000001	1.45066586962755e-05
0.250000000000001	1.57919627275353e-05
0.270000000000001	1.7206808385549e-05
0.290000000000001	1.87672791150907e-05
0.310000000000001	2.04919358777e-05
0.330000000000001	2.2402281118447e-05
0.350000000000001	2.45233263116964e-05
0.370000000000001	2.68842902128874e-05
0.390000000000001	2.95194631718608e-05
0.410000000000001	3.24692839533181e-05
0.430000000000001	3.57816905931596e-05
0.450000000000001	3.95138275328123e-05
0.470000000000001	4.37342200135309e-05
0.490000000000001	4.85255670308963e-05
0.510000000000001	5.39883613817595e-05
0.530000000000001	6.02456276120324e-05
0.550000000000001	6.74491885755579e-05
0.570000000000001	7.5788048637248e-05
0.590000000000001	8.54997480067606e-05
0.610000000000001	9.68859500617436e-05
0.630000000000001	0.000110334158207126
0.650000000000001	0.000126348468312092
0.670000000000001	0.000145593905334525
0.690000000000001	0.000168961633435976
0.710000000000001	0.000197667031472469
0.730000000000001	0.000233400950938757
0.750000000000001	0.000278569740580848
0.770000000000001	0.000336688763292078
0.790000000000001	0.00041305236920123
0.810000000000001	0.000515926044003141
0.830000000000001	0.000658781911572931
0.850000000000001	0.000864764886827182
0.870000000000001	0.00117634125394534
0.890000000000001	0.00167831958815574
0.910000000000001	0.00256045750129447
0.930000000000001	0.00432168889036414
0.950000000000001	0.00864694239477544
0.970000000000001	0.0245143023327498
0.990000000000001	0.225121495282894
