# Program settings for SigmaNu
# Electroweak scheme and input parameters
# Scheme = Complex mass scheme
# alpha_GF = 0.00755898078237864
# Pole masses/widths for particles [GeV]
# mw = 80.35797361
# gw = 2.084298894
# mz = 91.15348062
# gz = 2.494266379
# s^2_thetaw (derived) = (0.222868505240788,-0.00110716741475141)
# charged leptons
# m_e = 0.0005109989461
# m_m = 0.10565837
# m_t = 1.77686
# quarks
# m_d = 0.05
# m_u = 0.05
# m_s = 0.2
# m_c = 1.51
# m_b = 4.92
# m_t = 173
# Ecms (default) = 1454160

# channel_id = 6
# process  = nu_e nu_mu~ -> nu_e nu_mu~
-0.99	3.47801191254685e-12
-0.97	3.1940909264333e-11
-0.95	9.05540760857667e-11
-0.93	1.81183514618713e-10
-0.91	3.05812689508494e-10
-0.89	4.66550844395067e-10
-0.87	6.65641988496781e-10
-0.85	9.05474614315549e-10
-0.83	1.18859221385846e-09
-0.81	1.51770466775283e-09
-0.79	1.89570058941992e-09
-0.77	2.32566071517029e-09
-0.75	2.81087244080768e-09
-0.73	3.3548456162139e-09
-0.71	3.9613297215864e-09
-0.69	4.63433256268993e-09
-0.67	5.37814063786458e-09
-0.65	6.19734134683712e-09
-0.63	7.09684723087603e-09
-0.61	8.08192245582132e-09
-0.59	9.15821177436156e-09
-0.57	1.0331772232033e-08
-0.55	1.16091079132536e-08
-0.53	1.29972080598291e-08
-0.51	1.450358893542e-08
-0.49	1.61363398561799e-08
-0.47	1.79041738610458e-08
-0.45	1.98164835559813e-08
-0.429999999999999	2.18834027360575e-08
-0.409999999999999	2.4115874468979e-08
-0.389999999999999	2.65257264151897e-08
-0.369999999999999	2.91257542649518e-08
-0.349999999999999	3.19298142940811e-08
-0.329999999999999	3.49529261800501e-08
-0.309999999999999	3.82113873821704e-08
-0.289999999999999	4.17229005773581e-08
-0.269999999999999	4.55067158611582e-08
-0.249999999999999	4.95837896777147e-08
-0.229999999999999	5.39769627387917e-08
-0.209999999999999	5.87111595386601e-08
-0.189999999999999	6.38136124781756e-08
-0.169999999999999	6.93141140891913e-08
-0.149999999999999	7.52453014135246e-08
-0.129999999999999	8.1642977256004e-08
-0.109999999999999	8.85464738193845e-08
-0.0899999999999994	9.59990651655063e-08
-0.0699999999999994	1.04048436063177e-07
-0.0499999999999994	1.12747216117312e-07
-0.0299999999999994	1.22153589673508e-07
-0.00999999999999938	1.32331993916518e-07
0.0100000000000006	1.43353919903886e-07
0.0300000000000006	1.55298834089578e-07
0.0500000000000006	1.6825524131307e-07
0.0700000000000006	1.82321914403738e-07
0.0900000000000006	1.97609320664887e-07
0.110000000000001	2.14241281793795e-07
0.130000000000001	2.32356911568207e-07
0.150000000000001	2.52112885277827e-07
0.170000000000001	2.73686106909372e-07
0.190000000000001	2.97276855166972e-07
0.210000000000001	3.23112508392663e-07
0.230000000000001	3.51451972486559e-07
0.250000000000001	3.8259096652833e-07
0.270000000000001	4.16868359994986e-07
0.290000000000001	4.54673805977622e-07
0.310000000000001	4.96456980312138e-07
0.330000000000001	5.42738822097266e-07
0.350000000000001	5.94125283621143e-07
0.370000000000001	6.51324246903057e-07
0.390000000000001	7.15166463409435e-07
0.410000000000001	7.86631642182117e-07
0.430000000000001	8.66881177037365e-07
0.450000000000001	9.57299505317361e-07
0.470000000000001	1.05954678695814e-06
0.490000000000001	1.17562656942965e-06
0.510000000000001	1.30797349066693e-06
0.530000000000001	1.45956806542008e-06
0.550000000000001	1.63408850531993e-06
0.570000000000001	1.83611381897121e-06
0.590000000000001	2.07139889376334e-06
0.610000000000001	2.34725213054159e-06
0.630000000000001	2.67306157890953e-06
0.650000000000001	3.06103997806987e-06
0.670000000000001	3.52729890278212e-06
0.690000000000001	4.09342861310697e-06
0.710000000000001	4.78887413666292e-06
0.730000000000001	5.65459980771465e-06
0.750000000000001	6.74890436669159e-06
0.770000000000001	8.156954737401e-06
0.790000000000001	1.00070175493373e-05
0.810000000000001	1.24993414872255e-05
0.830000000000001	1.59603171844737e-05
0.850000000000001	2.09506795708715e-05
0.870000000000001	2.84992661638395e-05
0.890000000000001	4.06607511540734e-05
0.910000000000001	6.20324395775035e-05
0.930000000000001	0.000104702164978717
0.950000000000001	0.000209491448169055
0.970000000000001	0.000593918614083558
0.990000000000001	0.00545434609303658
