# Program settings for SigmaNu
# Electroweak scheme and input parameters
# Scheme = Complex mass scheme
# alpha_GF = 0.00755898078237864
# Pole masses/widths for particles [GeV]
# mw = 80.35797361
# gw = 2.084298894
# mz = 91.15348062
# gz = 2.494266379
# s^2_thetaw (derived) = (0.222868505240788,-0.00110716741475141)
# charged leptons
# m_e = 0.0005109989461
# m_m = 0.10565837
# m_t = 1.77686
# quarks
# m_d = 0.05
# m_u = 0.05
# m_s = 0.2
# m_c = 1.51
# m_b = 4.92
# m_t = 173
# Ecms (default) = 364414

# channel_id = 6
# process  = nu_e nu_mu~ -> nu_e nu_mu~
-0.99	5.5381574149303e-11
-0.97	5.08606030451091e-10
-0.95	1.44192354518644e-09
-0.93	2.88504710881556e-09
-0.91	4.86956010561727e-09
-0.89	7.42904874159185e-09
-0.87	1.05992451408824e-08
-0.85	1.441818208409e-08
-0.83	1.89263604616355e-08
-0.81	2.41669306264993e-08
-0.79	3.0185888954683e-08
-0.77	3.70322910602333e-08
-0.75	4.47584832665104e-08
-0.73	5.34203541087116e-08
-0.71	6.30776078369167e-08
-0.69	7.37940621069074e-08
-0.67	8.56379722909286e-08
-0.65	9.86823851161033e-08
-0.63	1.13005524648619e-07
-0.61	1.28691213991964e-07
-0.59	1.45829336463055e-07
-0.57	1.64516340457569e-07
-0.55	1.84855792722786e-07
-0.53	2.0695898533143e-07
-0.51	2.30945602303699e-07
-0.49	2.56944452568669e-07
-0.47	2.85094276804403e-07
-0.45	3.15544636664678e-07
-0.429999999999999	3.48456896008141e-07
-0.409999999999999	3.84005305015242e-07
-0.389999999999999	4.22378199535642e-07
-0.369999999999999	4.63779329684925e-07
-0.349999999999999	5.08429333640711e-07
-0.329999999999999	5.56567374818063e-07
-0.309999999999999	6.08452963183588e-07
-0.289999999999999	6.64367984457975e-07
-0.269999999999999	7.24618964430673e-07
-0.249999999999999	7.89539599655182e-07
-0.229999999999999	8.59493590513347e-07
-0.209999999999999	9.34877818157839e-07
-0.189999999999999	1.016125913315e-06
-0.169999999999999	1.10371227253868e-06
-0.149999999999999	1.19815658647184e-06
-0.129999999999999	1.3000289552663e-06
-0.109999999999999	1.4099556788632e-06
-0.0899999999999994	1.52862582474993e-06
-0.0699999999999994	1.65679869358167e-06
-0.0499999999999994	1.79531232429803e-06
-0.0299999999999994	1.94509320583715e-06
-0.00999999999999938	2.10716739319052e-06
0.0100000000000006	2.28267326252848e-06
0.0300000000000006	2.47287618492792e-06
0.0500000000000006	2.67918545270119e-06
0.0700000000000006	2.90317385879569e-06
0.0900000000000006	3.14660041117285e-06
0.110000000000001	3.41143676426598e-06
0.130000000000001	3.69989807340481e-06
0.150000000000001	4.01447913172502e-06
0.170000000000001	4.35799684063847e-06
0.190000000000001	4.73364030495605e-06
0.210000000000001	5.14503014602685e-06
0.230000000000001	5.59628900897153e-06
0.250000000000001	6.09212572737436e-06
0.270000000000001	6.637936232887e-06
0.290000000000001	7.23992510144684e-06
0.310000000000001	7.9052526709867e-06
0.330000000000001	8.64221402788573e-06
0.350000000000001	9.46045795154744e-06
0.370000000000001	1.03712562820175e-05
0.390000000000001	1.13878373499062e-05
0.410000000000001	1.25258013861411e-05
0.430000000000001	1.38036416477815e-05
0.450000000000001	1.5243402986815e-05
0.470000000000001	1.68715206759794e-05
0.490000000000001	1.87198978594148e-05
0.510000000000001	2.08273020746287e-05
0.530000000000001	2.32411930323375e-05
0.550000000000001	2.60201400958757e-05
0.570000000000001	2.92370563086418e-05
0.590000000000001	3.29835786090193e-05
0.610000000000001	3.7376081026519e-05
0.630000000000001	4.25640524996163e-05
0.650000000000001	4.87419603941103e-05
0.670000000000001	5.61663544633004e-05
0.690000000000001	6.5181023283737e-05
0.710000000000001	7.6254829342094e-05
0.730000000000001	9.00400606063861e-05
0.750000000000001	0.000107465026108903
0.770000000000001	0.000129885865124105
0.790000000000001	0.000159345006477477
0.810000000000001	0.000199031070571908
0.830000000000001	0.000254141272784797
0.850000000000001	0.00033360435953695
0.870000000000001	0.000453802804652503
0.890000000000001	0.00064745375385206
0.910000000000001	0.000987761310200593
0.930000000000001	0.00166720302079154
0.950000000000001	0.00333578877916611
0.970000000000001	0.00945709655420057
0.990000000000001	0.0868493928855945
