# Program settings for SigmaNu
# Electroweak scheme and input parameters
# Scheme = Complex mass scheme
# alpha_GF = 0.00755898078237864
# Pole masses/widths for particles [GeV]
# mw = 80.35797361
# gw = 2.084298894
# mz = 91.15348062
# gz = 2.494266379
# s^2_thetaw (derived) = (0.222868505240788,-0.00110716741475141)
# charged leptons
# m_e = 0.0005109989461
# m_m = 0.10565837
# m_t = 1.77686
# quarks
# m_d = 0.05
# m_u = 0.05
# m_s = 0.2
# m_c = 1.51
# m_b = 4.92
# m_t = 173
# Ecms (default) = 1563190

# channel_id = 6
# process  = nu_e nu_mu~ -> nu_e nu_mu~
-0.99	3.00976035841074e-12
-0.97	2.76406421063771e-11
-0.95	7.8362603508688e-11
-0.93	1.56790423272487e-10
-0.91	2.64640528315113e-10
-0.89	4.03738190676325e-10
-0.87	5.76025304220713e-10
-0.85	7.8356879402921e-10
-0.83	1.02856971680121e-09
-0.81	1.31337311663076e-09
-0.79	1.64047870726007e-09
-0.77	2.01255245944007e-09
-0.75	2.43243918044291e-09
-0.73	2.90317618219099e-09
-0.71	3.42800814502404e-09
-0.69	4.01040329597248e-09
-0.67	4.65407103371536e-09
-0.65	5.36298114737594e-09
-0.63	6.14138479317727e-09
-0.61	6.99383741200986e-09
-0.59	7.92522379246076e-09
-0.57	8.94078550817195e-09
-0.55	1.00461509859479e-08
-0.53	1.12473684922925e-08
-0.51	1.25509423615811e-08
-0.49	1.39638728295042e-08
-0.47	1.54936998815166e-08
-0.45	1.71485515786622e-08
-0.429999999999999	1.89371973833526e-08
-0.409999999999999	2.08691070766754e-08
-0.389999999999999	2.29545159380065e-08
-0.369999999999999	2.52044969487927e-08
-0.349999999999999	2.76310408873262e-08
-0.329999999999999	3.0247145302516e-08
-0.309999999999999	3.30669134948418e-08
-0.289999999999999	3.61056647951937e-08
-0.269999999999999	3.93800576210942e-08
-0.249999999999999	4.29082270096162e-08
-0.229999999999999	4.6709938582818e-08
-0.209999999999999	5.08067612015513e-08
-0.189999999999999	5.52222609152762e-08
-0.169999999999999	5.99822192290081e-08
-0.149999999999999	6.51148791957884e-08
-0.129999999999999	7.06512234188062e-08
-0.109999999999999	7.66252887294336e-08
-0.0899999999999994	8.30745231179334e-08
-0.0699999999999994	9.00401914594336e-08
-0.0499999999999994	9.75678377322201e-08
-0.0299999999999994	1.05707812809663e-07
-0.00999999999999938	1.14515878572331e-07
0.0100000000000006	1.24053901096905e-07
0.0300000000000006	1.34390648113278e-07
0.0500000000000006	1.4560270888135e-07
0.0700000000000006	1.57775558251376e-07
0.0900000000000006	1.71004791097661e-07
0.110000000000001	1.85397558760332e-07
0.130000000000001	2.01074245857308e-07
0.150000000000001	2.18170434177807e-07
0.170000000000001	2.36839210779065e-07
0.190000000000001	2.57253890451862e-07
0.210000000000001	2.79611239147705e-07
0.230000000000001	3.04135305759461e-07
0.250000000000001	3.31081996129297e-07
0.270000000000001	3.60744557074468e-07
0.290000000000001	3.93460181929196e-07
0.310000000000001	4.29618005793194e-07
0.330000000000001	4.69668832716822e-07
0.350000000000001	5.14137034448223e-07
0.370000000000001	5.63635189468061e-07
0.390000000000001	6.18882203550711e-07
0.410000000000001	6.80725885596956e-07
0.430000000000001	7.50171268706396e-07
0.450000000000001	8.28416400719613e-07
0.470000000000001	9.16897931000538e-07
0.490000000000001	1.0173496655138e-06
0.510000000000001	1.13187846213941e-06
0.530000000000001	1.26306356311296e-06
0.550000000000001	1.4140879752602e-06
0.570000000000001	1.58891422632938e-06
0.590000000000001	1.79252241200261e-06
0.610000000000001	2.03123698887666e-06
0.630000000000001	2.31318207514662e-06
0.650000000000001	2.64892618515022e-06
0.670000000000001	3.05241176096838e-06
0.690000000000001	3.54232232393068e-06
0.710000000000001	4.14413866030645e-06
0.730000000000001	4.8933099963882e-06
0.750000000000001	5.84028619989164e-06
0.770000000000001	7.05876800628017e-06
0.790000000000001	8.65975325982336e-06
0.810000000000001	1.08165307766073e-05
0.830000000000001	1.38115485870122e-05
0.850000000000001	1.81300487928742e-05
0.870000000000001	2.46623545305563e-05
0.890000000000001	3.51865152472116e-05
0.910000000000001	5.36808919755462e-05
0.930000000000001	9.06059101313091e-05
0.950000000000001	0.000181287211773114
0.970000000000001	0.000513958223813982
0.990000000000001	0.0047200177920597
