# Program settings for SigmaNu
# Electroweak scheme and input parameters
# Scheme = Complex mass scheme
# alpha_GF = 0.00755898078237864
# Pole masses/widths for particles [GeV]
# mw = 80.35797361
# gw = 2.084298894
# mz = 91.15348062
# gz = 2.494266379
# s^2_thetaw (derived) = (0.222868505240788,-0.00110716741475141)
# charged leptons
# m_e = 0.0005109989461
# m_m = 0.10565837
# m_t = 1.77686
# quarks
# m_d = 0.05
# m_u = 0.05
# m_s = 0.2
# m_c = 1.51
# m_b = 4.92
# m_t = 173
# Ecms (default) = 268443

# channel_id = 6
# process  = nu_e nu_mu~ -> nu_e nu_mu~
-0.99	1.02058971886217e-10
-0.97	9.3727578719903e-10
-0.95	2.65722375177614e-09
-0.93	5.31665893072915e-09
-0.91	8.97378421153472e-09
-0.89	1.36904933464532e-08
-0.87	1.95326346552374e-08
-0.85	2.65702961818975e-08
-0.83	3.48781142831638e-08
-0.81	4.45356078311699e-08
-0.79	5.56275404414159e-08
-0.77	6.8244313392294e-08
-0.75	8.24823921878088e-08
-0.73	9.84447700345379e-08
-0.71	1.16241471861862e-07
-0.69	1.35990102916203e-07
-0.67	1.57816446411341e-07
-0.65	1.81855115224681e-07
-0.63	2.08250263201336e-07
-0.61	2.37156362273217e-07
-0.59	2.68739052329233e-07
-0.57	3.03176071597381e-07
-0.55	3.40658276233716e-07
-0.53	3.8139075887327e-07
-0.51	4.25594077102551e-07
-0.49	4.73505604184358e-07
-0.47	5.25381015928645e-07
-0.45	5.81495929388083e-07
-0.429999999999999	6.42147711098634e-07
-0.409999999999999	7.07657474924997e-07
-0.389999999999999	7.78372292256481e-07
-0.369999999999999	8.54667640387589e-07
-0.349999999999999	9.36950118476713e-07
-0.329999999999999	1.02566046458539e-06
-0.309999999999999	1.12127691205424e-06
-0.289999999999999	1.22431892898226e-06
-0.269999999999999	1.33535139097837e-06
-0.249999999999999	1.45498924480755e-06
-0.229999999999999	1.58390272925218e-06
-0.209999999999999	1.72282322968309e-06
-0.189999999999999	1.8725498547633e-06
-0.169999999999999	2.03395683772869e-06
-0.149999999999999	2.20800188121265e-06
-0.129999999999999	2.39573558410471e-06
-0.109999999999999	2.59831211206352e-06
-0.0899999999999994	2.81700130078827e-06
-0.0699999999999994	3.05320241390333e-06
-0.0499999999999994	3.30845981645741e-06
-0.0299999999999994	3.58448087197843e-06
-0.00999999999999938	3.88315642749199e-06
0.0100000000000006	4.20658431907083e-06
0.0300000000000006	4.55709641304482e-06
0.0500000000000006	4.93728979837543e-06
0.0700000000000006	5.35006286819207e-06
0.0900000000000006	5.79865717856714e-06
0.110000000000001	6.28670615724029e-06
0.130000000000001	6.81829196312445e-06
0.150000000000001	7.39801208054044e-06
0.170000000000001	8.03105758513512e-06
0.190000000000001	8.72330546074739e-06
0.210000000000001	9.48142790352191e-06
0.230000000000001	1.03130222548481e-05
0.250000000000001	1.12267661026881e-05
0.270000000000001	1.22326032409483e-05
0.290000000000001	1.33419676586422e-05
0.310000000000001	1.45680546529894e-05
0.330000000000001	1.59261506712138e-05
0.350000000000001	1.74340367884092e-05
0.370000000000001	1.91124851065325e-05
0.390000000000001	2.09858732093765e-05
0.410000000000001	2.30829496924827e-05
0.430000000000001	2.54377945098373e-05
0.450000000000001	2.80910326046801e-05
0.470000000000001	3.10913797234288e-05
0.490000000000001	3.44976279746589e-05
0.510000000000001	3.83812193823224e-05
0.530000000000001	4.2829614173935e-05
0.550000000000001	4.79507457847762e-05
0.570000000000001	5.38789806211422e-05
0.590000000000001	6.07831900518731e-05
0.610000000000001	6.88778317058644e-05
0.630000000000001	7.8438388363822e-05
0.650000000000001	8.98232304005858e-05
0.670000000000001	0.000103505135465396
0.690000000000001	0.000120117647495539
0.710000000000001	0.000140524800309425
0.730000000000001	0.000165928649555621
0.750000000000001	0.000198039910481423
0.770000000000001	0.000239357716143329
0.790000000000001	0.000293645913367532
0.810000000000001	0.000366780582705529
0.830000000000001	0.000468339298375727
0.850000000000001	0.000614776199551834
0.870000000000001	0.000836281347220007
0.890000000000001	0.00119314674180877
0.910000000000001	0.00182027469871862
0.930000000000001	0.0030723671931819
0.950000000000001	0.00614727512320027
0.970000000000001	0.0174277254132349
0.990000000000001	0.160045536013638
