# Program settings for SigmaNu
# Electroweak scheme and input parameters
# Scheme = Complex mass scheme
# alpha_GF = 0.00755898078237864
# Pole masses/widths for particles [GeV]
# mw = 80.35797361
# gw = 2.084298894
# mz = 91.15348062
# gz = 2.494266379
# s^2_thetaw (derived) = (0.222868505240788,-0.00110716741475141)
# charged leptons
# m_e = 0.0005109989461
# m_m = 0.10565837
# m_t = 1.77686
# quarks
# m_d = 0.05
# m_u = 0.05
# m_s = 0.2
# m_c = 1.51
# m_b = 4.92
# m_t = 173
# Ecms (default) = 3837320

# channel_id = 6
# process  = nu_e nu_mu~ -> nu_e nu_mu~
-0.99	4.99458515646247e-13
-0.97	4.58686155533284e-12
-0.95	1.30039820365856e-11
-0.93	2.60187864692492e-11
-0.91	4.39161095049628e-11
-0.89	6.69988482379359e-11
-0.87	9.55892527197453e-11
-0.85	1.30030321466532e-10
-0.83	1.70687311636837e-10
-0.81	2.17949374560948e-10
-0.79	2.72231328421077e-10
-0.77	3.33975581130693e-10
-0.75	4.0365421785776e-10
-0.73	4.81771269199842e-10
-0.71	5.6886517777089e-10
-0.69	6.65511482925447e-10
-0.67	7.72325745554775e-10
-0.65	8.89966737374403e-10
-0.63	1.01913992192199e-09
-0.61	1.16060125764234e-09
-0.59	1.3151613570037e-09
-0.57	1.48369003962526e-09
-0.55	1.66712132196756e-09
-0.53	1.86645889132551e-09
-0.51	2.08278211775854e-09
-0.49	2.3172526643023e-09
-0.47	2.57112176345554e-09
-0.45	2.84573823667065e-09
-0.429999999999999	3.14255734356819e-09
-0.409999999999999	3.46315055904467e-09
-0.389999999999999	3.80921638958661e-09
-0.369999999999999	4.18259235521929e-09
-0.349999999999999	4.5852682809365e-09
-0.329999999999999	5.01940106156639e-09
-0.309999999999999	5.48733108729241e-09
-0.289999999999999	5.99160054401604e-09
-0.269999999999999	6.53497383407871e-09
-0.249999999999999	7.12046039933739e-09
-0.229999999999999	7.75134027115545e-09
-0.209999999999999	8.43119272165912e-09
-0.189999999999999	9.16392844898731e-09
-0.169999999999999	9.95382579787887e-09
-0.149999999999999	1.08055715978019e-08
-0.129999999999999	1.1724307296371e-08
-0.109999999999999	1.27156811789958e-08
-0.0899999999999994	1.3785907600203e-08
-0.0699999999999994	1.49418343123519e-08
-0.0499999999999994	1.61910191690395e-08
-0.0299999999999994	1.75418177102058e-08
-0.00999999999999938	1.90034834122912e-08
0.0100000000000006	2.05862827203561e-08
0.0300000000000006	2.23016273831191e-08
0.0500000000000006	2.41622271030875e-08
0.0700000000000006	2.61822661134118e-08
0.0900000000000006	2.83776080275643e-08
0.110000000000001	3.07660342115047e-08
0.130000000000001	3.33675220443882e-08
0.150000000000001	3.62045708193846e-08
0.170000000000001	3.93025847637408e-08
0.190000000000001	4.26903248218063e-08
0.210000000000001	4.64004435707814e-08
0.230000000000001	5.04701210904583e-08
0.250000000000001	5.49418240028232e-08
0.270000000000001	5.98642155257364e-08
0.290000000000001	6.52932516380376e-08
0.310000000000001	7.12935078613013e-08
0.330000000000001	7.79397934500369e-08
0.350000000000001	8.53191259445268e-08
0.370000000000001	9.3533160464206e-08
0.390000000000001	1.02701196747414e-07
0.410000000000001	1.12963925526895e-07
0.430000000000001	1.24488128306482e-07
0.450000000000001	1.37472616668522e-07
0.470000000000001	1.52155797230973e-07
0.490000000000001	1.68825388644876e-07
0.510000000000001	1.878310161398e-07
0.530000000000001	2.09600695373218e-07
0.550000000000001	2.34662634492364e-07
0.570000000000001	2.63674400244744e-07
0.590000000000001	2.97462420995612e-07
0.610000000000001	3.37076216809692e-07
0.630000000000001	3.83863954909364e-07
0.650000000000001	4.39579440979277e-07
0.670000000000001	5.06536371486212e-07
0.690000000000001	5.87835207399646e-07
0.710000000000001	6.87704390581554e-07
0.730000000000001	8.1202658853479e-07
0.750000000000001	9.69173769576419e-07
0.770000000000001	1.17137629733506e-06
0.790000000000001	1.43705385245018e-06
0.810000000000001	1.79496307165857e-06
0.830000000000001	2.2919751593424e-06
0.850000000000001	3.00861424617737e-06
0.870000000000001	4.0926261642161e-06
0.890000000000001	5.83907165208871e-06
0.910000000000001	8.90814505427827e-06
0.930000000000001	1.50357154955613e-05
0.950000000000001	3.00839438834755e-05
0.970000000000001	8.52894837488132e-05
0.990000000000001	0.000783270247606472
