# Program settings for SigmaNu
# Electroweak scheme and input parameters
# Scheme = Complex mass scheme
# alpha_GF = 0.00755898078237864
# Pole masses/widths for particles [GeV]
# mw = 80.35797361
# gw = 2.084298894
# mz = 91.15348062
# gz = 2.494266379
# s^2_thetaw (derived) = (0.222868505240788,-0.00110716741475141)
# charged leptons
# m_e = 0.0005109989461
# m_m = 0.10565837
# m_t = 1.77686
# quarks
# m_d = 0.05
# m_u = 0.05
# m_s = 0.2
# m_c = 1.51
# m_b = 4.92
# m_t = 173
# Ecms (default) = 2517.92

# channel_id = 6
# process  = nu_e nu_mu~ -> nu_e nu_mu~
-0.99	1.1569864717422e-06
-0.97	1.06250966987142e-05
-0.95	3.0121859791648e-05
-0.93	6.02671113902913e-05
-0.91	0.000101719651393793
-0.89	0.000155179998879422
-0.87	0.000221393368648178
-0.85	0.000301152889589385
-0.83	0.000395303087123166
-0.81	0.000504743654282415
-0.79	0.000630433538563938
-0.77	0.000773395374546064
-0.75	0.000934720295475469
-0.73	0.00111557316061368
-0.71	0.00131719823915378
-0.69	0.00154092539602837
-0.67	0.0017881768299966
-0.65	0.00206047442009748
-0.63	0.00235944774297628
-0.61	0.00268684283083061
-0.59	0.00304453174790057
-0.57	0.00343452307267604
-0.55	0.00385897338347043
-0.53	0.0043201998568949
-0.51	0.00482069410226903
-0.49	0.00536313737036908
-0.47	0.00595041729242721
-0.45	0.00658564632528868
-0.429999999999999	0.00727218210149889
-0.409999999999999	0.00801364990928613
-0.389999999999999	0.00881396755746899
-0.369999999999999	0.00967737291488242
-0.349999999999999	0.010608454453736
-0.329999999999999	0.0116121851722774
-0.309999999999999	0.0126939603252898
-0.289999999999999	0.013859639452553
-0.269999999999999	0.0151155932669484
-0.249999999999999	0.0164687560471568
-0.229999999999999	0.0179266842770551
-0.209999999999999	0.019497622387504
-0.189999999999999	0.0211905765893721
-0.169999999999999	0.0230153979430839
-0.149999999999999	0.0249828759942843
-0.129999999999999	0.0271048445228906
-0.109999999999999	0.0293943012106268
-0.0899999999999994	0.0318655433383447
-0.0699999999999994	0.0345343219892038
-0.0499999999999994	0.0374180176695973
-0.0299999999999994	0.040535840782065
-0.00999999999999938	0.04390906101254
0.0100000000000006	0.0475612704520881
0.0300000000000006	0.0515186861908208
0.0500000000000006	0.0558104992365792
0.0700000000000006	0.0604692779709056
0.0900000000000006	0.0655314360201041
0.110000000000001	0.0710377764667747
0.130000000000001	0.0770341268556002
0.150000000000001	0.0835720825831965
0.170000000000001	0.0907098801696226
0.190000000000001	0.0985134268022819
0.210000000000001	0.107057518701042
0.230000000000001	0.116427288644739
0.250000000000001	0.12671993291199
0.270000000000001	0.1380467805749
0.290000000000001	0.150535784418435
0.310000000000001	0.164334533926385
0.330000000000001	0.179613918394784
0.350000000000001	0.196572604531003
0.370000000000001	0.215442540960501
0.390000000000001	0.236495766219644
0.410000000000001	0.260052883180666
0.430000000000001	0.286493680176372
0.450000000000001	0.31627053999683
0.470000000000001	0.349925500875581
0.490000000000001	0.388112145880126
0.510000000000001	0.431623939722785
0.530000000000001	0.481431267196758
0.550000000000001	0.53873035140017
0.570000000000001	0.605008593627563
0.590000000000001	0.682132921555453
0.610000000000001	0.772470851149954
0.630000000000001	0.879058814333697
0.650000000000001	1.00583999143796
0.670000000000001	1.15800635624631
0.690000000000001	1.34250037450398
0.710000000000001	1.56876723487499
0.730000000000001	1.84991095906354
0.750000000000001	2.2045217370786
0.770000000000001	2.65965822533094
0.790000000000001	3.25589823772757
0.810000000000001	4.05627023298805
0.830000000000001	5.16287754751094
0.850000000000001	6.74981151815349
0.870000000000001	9.1334578977634
0.890000000000001	12.9378238962702
0.910000000000001	19.5354692198047
0.930000000000001	32.4463350983824
0.950000000000001	63.0849005936267
0.970000000000001	167.536503757013
0.990000000000001	1142.0147223424
