# Program settings for SigmaNu
# Electroweak scheme and input parameters
# Scheme = Complex mass scheme
# alpha_GF = 0.00755898078237864
# Pole masses/widths for particles [GeV]
# mw = 80.35797361
# gw = 2.084298894
# mz = 91.15348062
# gz = 2.494266379
# s^2_thetaw (derived) = (0.222868505240788,-0.00110716741475141)
# charged leptons
# m_e = 0.0005109989461
# m_m = 0.10565837
# m_t = 1.77686
# quarks
# m_d = 0.05
# m_u = 0.05
# m_s = 0.2
# m_c = 1.51
# m_b = 4.92
# m_t = 173
# Ecms (default) = 305963

# channel_id = 6
# process  = nu_e nu_mu~ -> nu_e nu_mu~
-0.99	7.85629094351495e-11
-0.97	7.2149573393172e-10
-0.95	2.04547650569068e-09
-0.93	4.09265532510929e-09
-0.91	6.90783558610557e-09
-0.89	1.05386618349976e-08
-0.87	1.50358227634739e-08
-0.85	2.04532707164586e-08
-0.83	2.68484592372226e-08
-0.81	3.42826003297976e-08
-0.79	4.28209432946816e-08
-0.77	5.25330771902854e-08
-0.75	6.34932591922236e-08
-0.73	7.5780771368438e-08
-0.71	8.94803086637055e-08
-0.69	1.04682401196308e-07
-0.67	1.21483874317078e-07
-0.65	1.39988350271911e-07
-0.63	1.60306795749172e-07
-0.61	1.82558120090143e-07
-0.59	2.06869829501813e-07
-0.57	2.33378743246063e-07
-0.55	2.62231778498512e-07
-0.53	2.93586811386252e-07
-0.51	3.27613622640981e-07
-0.49	3.64494937359489e-07
-0.47	4.04427569566601e-07
-0.45	4.47623683649692e-07
-0.429999999999999	4.94312186305508e-07
-0.409999999999999	5.44740264440968e-07
-0.389999999999999	5.99175086537011e-07
-0.369999999999999	6.57905687362198e-07
-0.349999999999999	7.21245058662515e-07
-0.329999999999999	7.89532471616885e-07
-0.309999999999999	8.63136060507146e-07
-0.289999999999999	9.42455701293288e-07
-0.269999999999999	1.02792622371278e-06
-0.249999999999999	1.12002100126069e-06
-0.229999999999999	1.21925597010271e-06
-0.209999999999999	1.32619413580513e-06
-0.189999999999999	1.44145063594784e-06
-0.169999999999999	1.56569843747999e-06
-0.149999999999999	1.69967476039676e-06
-0.129999999999999	1.84418833434378e-06
-0.109999999999999	2.00012761256171e-06
-0.0899999999999994	2.16847008873913e-06
-0.0699999999999994	2.35029288755316e-06
-0.0499999999999994	2.54678482981157e-06
-0.0299999999999994	2.75926020924283e-06
-0.00999999999999938	2.98917456144846e-06
0.0100000000000006	3.23814275799888e-06
0.0300000000000006	3.50795982220939e-06
0.0500000000000006	3.8006249403986e-06
0.0700000000000006	4.11836923672508e-06
0.0900000000000006	4.46368799522546e-06
0.110000000000001	4.83937815480548e-06
0.130000000000001	5.24858207853814e-06
0.150000000000001	5.69483881655973e-06
0.170000000000001	6.18214435359248e-06
0.190000000000001	6.71502267260373e-06
0.210000000000001	7.29860989490621e-06
0.230000000000001	7.93875429991276e-06
0.250000000000001	8.64213571901038e-06
0.270000000000001	9.41640868333528e-06
0.290000000000001	1.02703748461175e-05
0.310000000000001	1.12141916800842e-05
0.330000000000001	1.22596263830363e-05
0.350000000000001	1.34203664669929e-05
0.370000000000001	1.47124018761563e-05
0.390000000000001	1.61544979820037e-05
0.410000000000001	1.77687848728439e-05
0.430000000000001	1.95814966094356e-05
0.450000000000001	2.16239054536527e-05
0.470000000000001	2.39335118050785e-05
0.490000000000001	2.65555726445703e-05
0.510000000000001	2.95450826040699e-05
0.530000000000001	3.2969366807574e-05
0.550000000000001	3.69115102444835e-05
0.570000000000001	4.14749454765962e-05
0.590000000000001	4.67896662965475e-05
0.610000000000001	5.30207578904314e-05
0.630000000000001	6.03802813903671e-05
0.650000000000001	6.91441031496148e-05
0.670000000000001	7.96761579694186e-05
0.690000000000001	9.24641353533662e-05
0.710000000000001	0.000108173151357548
0.730000000000001	0.000127728524575136
0.750000000000001	0.000152447129753326
0.770000000000001	0.000184252750212317
0.790000000000001	0.000226042721234118
0.810000000000001	0.000282340334562986
0.830000000000001	0.000360518220214216
0.850000000000001	0.000473242455883875
0.870000000000001	0.000643752770449977
0.890000000000001	0.000918460799360061
0.910000000000001	0.00140121181651767
0.930000000000001	0.00236504889615955
0.950000000000001	0.00473205647358395
0.970000000000001	0.0134155533895273
0.990000000000001	0.123201082218302
