# Program settings for SigmaNu
# Electroweak scheme and input parameters
# Scheme = Complex mass scheme
# alpha_GF = 0.00755898078237864
# Pole masses/widths for particles [GeV]
# mw = 80.35797361
# gw = 2.084298894
# mz = 91.15348062
# gz = 2.494266379
# s^2_thetaw (derived) = (0.222868505240788,-0.00110716741475141)
# charged leptons
# m_e = 0.0005109989461
# m_m = 0.10565837
# m_t = 1.77686
# quarks
# m_d = 0.05
# m_u = 0.05
# m_s = 0.2
# m_c = 1.51
# m_b = 4.92
# m_t = 173
# Ecms (default) = 1202210

# channel_id = 6
# process  = nu_e nu_mu~ -> nu_e nu_mu~
-0.99	5.08855859459202e-12
-0.97	4.67316364741982e-11
-0.95	1.32486527847909e-10
-0.93	2.65083315868082e-10
-0.91	4.47423938854724e-10
-0.89	6.82594358011501e-10
-0.87	9.73877705384663e-10
-0.85	1.32476850150034e-09
-0.83	1.73898804128352e-09
-0.81	2.22050105707712e-09
-0.79	2.77353377897437e-09
-0.77	3.40259352540261e-09
-0.75	4.1124899711242e-09
-0.73	4.90835825574565e-09
-0.71	5.79568411367482e-09
-0.69	6.78033122649502e-09
-0.67	7.86857102122779e-09
-0.65	9.06711516327422e-09
-0.63	1.03831510213448e-08
-0.61	1.18243804138612e-08
-0.59	1.33990619826593e-08
-0.57	1.51160575809361e-08
-0.55	1.69848831089664e-08
-0.53	1.90157642839668e-08
-0.51	2.1219697890544e-08
-0.49	2.36085191265258e-08
-0.47	2.61949757369027e-08
-0.45	2.89928097176047e-08
-0.429999999999999	3.20168474726275e-08
-0.409999999999999	3.52830994246782e-08
-0.389999999999999	3.88088702134077e-08
-0.369999999999999	4.26128807693064e-08
-0.349999999999999	4.67154037287877e-08
-0.329999999999999	5.11384138608617e-08
-0.309999999999999	5.59057554128099e-08
-0.289999999999999	6.10433285570318e-08
-0.269999999999999	6.65792974404287e-08
-0.249999999999999	7.25443227093272e-08
-0.229999999999999	7.89718218166252e-08
-0.209999999999999	8.58982609250984e-08
-0.189999999999999	9.33634828155601e-08
-0.169999999999999	1.01411075907646e-07
-0.149999999999999	1.10088790324813e-07
-0.129999999999999	1.19449007908518e-07
-0.109999999999999	1.29549274239846e-07
-0.0899999999999994	1.40452902097115e-07
-0.0699999999999994	1.52229657410938e-07
-0.0499999999999994	1.64956540730033e-07
-0.0299999999999994	1.78718679551429e-07
-0.00999999999999938	1.93610349684122e-07
0.0100000000000006	2.09736147213573e-07
0.0300000000000006	2.27212336750952e-07
0.0500000000000006	2.46168406655569e-07
0.0700000000000006	2.66748868026378e-07
0.0900000000000006	2.8911534174124e-07
0.110000000000001	3.13448987028313e-07
0.130000000000001	3.39953336427895e-07
0.150000000000001	3.68857616118861e-07
0.170000000000001	4.00420648184507e-07
0.190000000000001	4.34935453445779e-07
0.210000000000001	4.72734701263116e-07
0.230000000000001	5.14197187872723e-07
0.250000000000001	5.59755569595819e-07
0.270000000000001	6.09905634601935e-07
0.290000000000001	6.65217470803282e-07
0.310000000000001	7.26348983306071e-07
0.330000000000001	7.94062340022089e-07
0.350000000000001	8.69244088708759e-07
0.370000000000001	9.52929906973863e-07
0.390000000000001	1.04633523844672e-06
0.410000000000001	1.15089346141256e-06
0.430000000000001	1.26830377084056e-06
0.450000000000001	1.40059168893655e-06
0.470000000000001	1.55018613805715e-06
0.490000000000001	1.72001843893288e-06
0.510000000000001	1.91365062577951e-06
0.530000000000001	2.13544338621827e-06
0.550000000000001	2.39077818393813e-06
0.570000000000001	2.68635440738381e-06
0.590000000000001	3.03059183239226e-06
0.610000000000001	3.43418312635326e-06
0.630000000000001	3.91086361847971e-06
0.650000000000001	4.47850134315751e-06
0.670000000000001	5.16066858554379e-06
0.690000000000001	5.9889533047813e-06
0.710000000000001	7.00643549729373e-06
0.730000000000001	8.2730486564253e-06
0.750000000000001	9.87408764217394e-06
0.770000000000001	1.19341572187559e-05
0.790000000000001	1.4640919829693e-05
0.810000000000001	1.82873523573377e-05
0.830000000000001	2.33509855755426e-05
0.850000000000001	3.06522112317727e-05
0.870000000000001	4.16962856468894e-05
0.890000000000001	5.94893309790016e-05
0.910000000000001	9.07575037465008e-05
0.930000000000001	0.00015318609062426
0.950000000000001	0.000306499628122226
0.970000000000001	0.000868941516597513
0.990000000000001	0.00798005880616043
