# Program settings for SigmaNu
# Electroweak scheme and input parameters
# Scheme = Complex mass scheme
# alpha_GF = 0.00755898078237864
# Pole masses/widths for particles [GeV]
# mw = 80.35797361
# gw = 2.084298894
# mz = 91.15348062
# gz = 2.494266379
# s^2_thetaw (derived) = (0.222868505240788,-0.00110716741475141)
# charged leptons
# m_e = 0.0005109989461
# m_m = 0.10565837
# m_t = 1.77686
# quarks
# m_d = 0.05
# m_u = 0.05
# m_s = 0.2
# m_c = 1.51
# m_b = 4.92
# m_t = 173
# Ecms (default) = 162793

# channel_id = 6
# process  = nu_e nu_mu~ -> nu_e nu_mu~
-0.99	2.7751325425892e-10
-0.97	2.5485897808331e-09
-0.95	7.22537951337232e-09
-0.93	1.44567721593398e-08
-0.91	2.44010298357355e-08
-0.89	3.72264506556608e-08
-0.87	5.3112085774038e-08
-0.85	7.22485147699911e-08
-0.83	9.48386847433826e-08
-0.81	1.2109881906009e-07
-0.79	1.51259402302044e-07
-0.77	1.85566248672034e-07
-0.75	2.24281661879179e-07
-0.73	2.67685695399517e-07
-0.71	3.16077522979555e-07
-0.69	3.69776930342928e-07
-0.67	4.29125940287581e-07
-0.65	4.94490584741599e-07
-0.63	5.66262838901245e-07
-0.61	6.44862734329401e-07
-0.59	7.30740669874695e-07
-0.57	8.24379941513938e-07
-0.55	9.26299514760842e-07
-0.53	1.03705706616638e-06
-0.51	1.15725232371162e-06
-0.49	1.28753073962207e-06
-0.47	1.42858753338248e-06
-0.45	1.58117214758469e-06
-0.429999999999999	1.74609316479246e-06
-0.409999999999999	1.92422373996901e-06
-0.389999999999999	2.11650761031545e-06
-0.369999999999999	2.32396575276743e-06
-0.349999999999999	2.54770376907463e-06
-0.329999999999999	2.78892008956104e-06
-0.309999999999999	3.04891509958975e-06
-0.289999999999999	3.32910130774039e-06
-0.269999999999999	3.63101469211475e-06
-0.249999999999999	3.95632738145463e-06
-0.229999999999999	4.30686185140668e-06
-0.209999999999999	4.68460684393334e-06
-0.189999999999999	5.09173525030469e-06
-0.169999999999999	5.53062423623137e-06
-0.149999999999999	6.00387793262677e-06
-0.129999999999999	6.51435306857172e-06
-0.109999999999999	7.06518798595092e-06
-0.0899999999999994	7.6598355499609e-06
-0.0699999999999994	8.30210055874363e-06
-0.0499999999999994	8.99618236184536e-06
-0.0299999999999994	9.74672352483498e-06
-0.00999999999999938	1.0558865530958e-05
0.0100000000000006	1.1438312696037e-05
0.0300000000000006	1.23914056973276e-05
0.0500000000000006	1.34252063899692e-05
0.0700000000000006	1.454759591775e-05
0.0900000000000006	1.57673885329872e-05
0.110000000000001	1.70944640423723e-05
0.130000000000001	1.85399224159242e-05
0.150000000000001	2.01162648660183e-05
0.170000000000001	2.18376066633392e-05
0.190000000000001	2.37199281593035e-05
0.210000000000001	2.57813719991516e-05
0.230000000000001	2.80425964276577e-05
0.250000000000001	3.05271970311493e-05
0.270000000000001	3.32622123867793e-05
0.290000000000001	3.62787331200099e-05
0.310000000000001	3.96126390985144e-05
0.330000000000001	4.33054963174156e-05
0.350000000000001	4.74056540110048e-05
0.370000000000001	5.19695944296034e-05
0.390000000000001	5.70636036265971e-05
0.410000000000001	6.27658530385983e-05
0.430000000000001	6.91690107986218e-05
0.450000000000001	7.63835417626843e-05
0.470000000000001	8.4541910786621e-05
0.490000000000001	9.38039817281588e-05
0.510000000000001	0.000104364015283143
0.530000000000001	0.000116459827810857
0.550000000000001	0.000130384905082639
0.570000000000001	0.000146504607666576
0.590000000000001	0.000165278119734666
0.610000000000001	0.000187288580560496
0.630000000000001	0.000213285064872867
0.650000000000001	0.00024424202965826
0.670000000000001	0.000281445020207566
0.690000000000001	0.000326616726157662
0.710000000000001	0.000382106568700731
0.730000000000001	0.000451183093308468
0.750000000000001	0.000538497954736759
0.770000000000001	0.0006508466133566
0.790000000000001	0.000798463440296758
0.810000000000001	0.000997326222416054
0.830000000000001	0.00127347753933542
0.850000000000001	0.00167165812840104
0.870000000000001	0.00227395819139952
0.890000000000001	0.00324431820388326
0.910000000000001	0.00494955119493999
0.930000000000001	0.00835412393852338
0.950000000000001	0.0167150807040035
0.970000000000001	0.0473872978440205
0.990000000000001	0.435152863800624
