# Program settings for SigmaNu
# Electroweak scheme and input parameters
# Scheme = Complex mass scheme
# alpha_GF = 0.00755898078237864
# Pole masses/widths for particles [GeV]
# mw = 80.35797361
# gw = 2.084298894
# mz = 91.15348062
# gz = 2.494266379
# s^2_thetaw (derived) = (0.222868505240788,-0.00110716741475141)
# charged leptons
# m_e = 0.0005109989461
# m_m = 0.10565837
# m_t = 1.77686
# quarks
# m_d = 0.05
# m_u = 0.05
# m_s = 0.2
# m_c = 1.51
# m_b = 4.92
# m_t = 173
# Ecms (default) = 2673190

# channel_id = 6
# process  = nu_e nu_mu~ -> nu_e nu_mu~
-0.99	1.02919057483091e-12
-0.97	9.45174530588809e-12
-0.95	2.67961709085636e-11
-0.93	5.36146425835588e-11
-0.91	9.04940942392216e-11
-0.89	1.38058679482925e-10
-0.87	1.96972430872274e-10
-0.85	2.67942135515001e-10
-0.83	3.51720446960619e-10
-0.81	4.49109255393018e-10
-0.79	5.60963340437786e-10
-0.77	6.88194333471828e-10
-0.75	8.31775019200317e-10
-0.73	9.92744009487174e-10
-0.71	1.17221082603519e-09
-0.69	1.37136143256287e-09
-0.67	1.59146426167655e-09
-0.65	1.83387678675692e-09
-0.63	2.10005269494747e-09
-0.61	2.39154972383989e-09
-0.59	2.71003823180205e-09
-0.57	3.05731058021037e-09
-0.55	3.43529141526944e-09
-0.53	3.84604894779167e-09
-0.51	4.29180734145701e-09
-0.49	4.7749603338993e-09
-0.47	5.29808623072767e-09
-0.45	5.86396443059088e-09
-0.429999999999999	6.47559365998119e-09
-0.409999999999999	7.13621212006719e-09
-0.389999999999999	7.84931977492805e-09
-0.369999999999999	8.61870304170962e-09
-0.349999999999999	9.44846217911355e-09
-0.329999999999999	1.03430417120678e-08
-0.309999999999999	1.13072642783641e-08
-0.289999999999999	1.23463683386177e-08
-0.269999999999999	1.34660502554676e-08
-0.249999999999999	1.46725113230954e-08
-0.229999999999999	1.59725104158624e-08
-0.209999999999999	1.73734230274524e-08
-0.189999999999999	1.88833075922073e-08
-0.169999999999999	2.05109801217297e-08
-0.149999999999999	2.22660983564515e-08
-0.129999999999999	2.41592568287406e-08
-0.109999999999999	2.62020944673722e-08
-0.0899999999999994	2.84074166503455e-08
-0.0699999999999994	3.07893339432897e-08
-0.0499999999999994	3.33634201554768e-08
-0.0299999999999994	3.6146892818804e-08
-0.00999999999999938	3.91588197645418e-08
0.0100000000000006	4.2420356159983e-08
0.0300000000000006	4.59550171997061e-08
0.0500000000000006	4.97889926583735e-08
0.0700000000000006	5.39515107472449e-08
0.0900000000000006	5.8475260230029e-08
0.110000000000001	6.33968816155988e-08
0.130000000000001	6.87575405455451e-08
0.150000000000001	7.46035993495474e-08
0.170000000000001	8.09874063013847e-08
0.190000000000001	8.79682265687816e-08
0.210000000000001	9.5613344467599e-08
0.230000000000001	1.03999373743106e-07
0.250000000000001	1.13213821656634e-07
0.270000000000001	1.23356964253755e-07
0.290000000000001	1.34544105136032e-07
0.310000000000001	1.46908309444371e-07
0.330000000000001	1.60603730079857e-07
0.350000000000001	1.75809676492428e-07
0.370000000000001	1.92735620513687e-07
0.390000000000001	2.11627392701223e-07
0.410000000000001	2.32774902167571e-07
0.430000000000001	2.56521820999755e-07
0.450000000000001	2.83277822871633e-07
0.470000000000001	3.13534171490588e-07
0.490000000000001	3.47883743565946e-07
0.510000000000001	3.87046981289288e-07
0.530000000000001	4.31905859163823e-07
0.550000000000001	4.83548809609901e-07
0.570000000000001	5.43330823022665e-07
0.590000000000001	6.12954848191374e-07
0.610000000000001	6.9458353949419e-07
0.630000000000001	7.9099494743425e-07
0.650000000000001	9.05802986279675e-07
0.670000000000001	1.04377528835093e-06
0.690000000000001	1.21130070288731e-06
0.710000000000001	1.41709241086703e-06
0.730000000000001	1.67327231160785e-06
0.750000000000001	1.99709178925374e-06
0.770000000000001	2.41375288624334e-06
0.790000000000001	2.96121143008594e-06
0.810000000000001	3.69872371097083e-06
0.830000000000001	4.72287312652993e-06
0.850000000000001	6.1995887201343e-06
0.870000000000001	8.43331742291027e-06
0.890000000000001	1.203206512309e-05
0.910000000000001	1.83562366223594e-05
0.930000000000001	3.09827857139498e-05
0.950000000000001	6.19913548042962e-05
0.970000000000001	0.000175748582029861
0.990000000000001	0.00161401625784226
