# Program settings for SigmaNu
# Electroweak scheme and input parameters
# Scheme = Complex mass scheme
# alpha_GF = 0.00755898078237864
# Pole masses/widths for particles [GeV]
# mw = 80.35797361
# gw = 2.084298894
# mz = 91.15348062
# gz = 2.494266379
# s^2_thetaw (derived) = (0.222868505240788,-0.00110716741475141)
# charged leptons
# m_e = 0.0005109989461
# m_m = 0.10565837
# m_t = 1.77686
# quarks
# m_d = 0.05
# m_u = 0.05
# m_s = 0.2
# m_c = 1.51
# m_b = 4.92
# m_t = 173
# Ecms (default) = 113.384

# channel_id = 6
# process  = nu_e nu_mu~ -> nu_e nu_mu~
-0.99	0.000210215518873634
-0.97	0.00191520332743914
-0.95	0.00538582972900605
-0.93	0.010687643401174
-0.91	0.0178886514069094
-0.89	0.027059422384523
-0.87	0.0382731946430873
-0.85	0.0516059894261791
-0.83	0.0671367296225887
-0.81	0.0849473642194386
-0.79	0.105122998811082
-0.77	0.127752032496283
-0.75	0.152926301516615
-0.73	0.180741230010823
-0.71	0.211295988283238
-0.69	0.244693659009242
-0.67	0.281041411827442
-0.65	0.320450686796778
-0.63	0.363037387227276
-0.61	0.408922082425912
-0.59	0.458230220934045
-0.57	0.511092354870499
-0.55	0.567644376034572
-0.53	0.628027764466535
-0.51	0.692389850209534
-0.49	0.760884089066591
-0.47	0.833670353199998
-0.45	0.910915237477825
-0.429999999999999	0.992792382534216
-0.409999999999999	1.07948281557667
-0.389999999999999	1.17117531004522
-0.369999999999999	1.26806676530551
-0.349999999999999	1.3703626076412
-0.329999999999999	1.47827721390055
-0.309999999999999	1.59203435924908
-0.289999999999999	1.71186769058442
-0.269999999999999	1.83802122728268
-0.249999999999999	1.97074989106716
-0.229999999999999	2.1103200669225
-0.209999999999999	2.25701019711981
-0.189999999999999	2.41111141057278
-0.169999999999999	2.57292818991228
-0.149999999999999	2.74277907884803
-0.129999999999999	2.92099743258296
-0.109999999999999	3.10793221425898
-0.0899999999999994	3.30394884064509
-0.0699999999999994	3.50943008053037
-0.0499999999999994	3.7247770095587
-0.0299999999999994	3.95041002553972
-0.00999999999999938	4.18676992859568
0.0100000000000006	4.4343190708572
0.0300000000000006	4.69354258080676
0.0500000000000006	4.96494966778992
0.0700000000000006	5.2490750126736
0.0900000000000006	5.54648025113336
0.110000000000001	5.85775555660113
0.130000000000001	6.18352133050595
0.150000000000001	6.52443000809966
0.170000000000001	6.88116798888104
0.190000000000001	7.25445770142507
0.210000000000001	7.64505981329381
0.230000000000001	8.05377559766209
0.250000000000001	8.48144946934323
0.270000000000001	8.92897170405876
0.290000000000001	9.39728135607207
0.310000000000001	9.88736939071477
0.330000000000001	10.4002820498885
0.350000000000001	10.9371244703434
0.370000000000001	11.4990645764341
0.390000000000001	12.0873372711593
0.410000000000001	12.7032489516221
0.430000000000001	13.348182377638
0.450000000000001	14.0236019250888
0.470000000000001	14.7310592588195
0.490000000000001	15.472199463432
0.510000000000001	16.2487676742925
0.530000000000001	17.0626162554952
0.550000000000001	17.9157125764639
0.570000000000001	18.8101474443976
0.590000000000001	19.7481442559561
0.610000000000001	20.7320689385127
0.630000000000001	21.764440759092
0.650000000000001	22.8479440878577
0.670000000000001	23.9854412128688
0.690000000000001	25.1799863139224
0.710000000000001	26.4348407158325
0.730000000000001	27.753489555657
0.750000000000001	29.1396600144173
0.770000000000001	30.5973412820303
0.790000000000001	32.13080644481
0.810000000000001	33.7446365083662
0.830000000000001	35.4437467954619
0.850000000000001	37.233415988899
0.870000000000001	39.1193181243649
0.890000000000001	41.1075578781028
0.910000000000001	43.2047095400584
0.930000000000001	45.4178601157909
0.950000000000001	47.7546570610349
0.970000000000001	50.2233612227157
0.990000000000001	52.8329056410458
