# Program settings for SigmaNu
# Electroweak scheme and input parameters
# Scheme = Complex mass scheme
# alpha_GF = 0.00755898078237864
# Pole masses/widths for particles [GeV]
# mw = 80.35797361
# gw = 2.084298894
# mz = 91.15348062
# gz = 2.494266379
# s^2_thetaw (derived) = (0.222868505240788,-0.00110716741475141)
# charged leptons
# m_e = 0.0005109989461
# m_m = 0.10565837
# m_t = 1.77686
# quarks
# m_d = 0.05
# m_u = 0.05
# m_s = 0.2
# m_c = 1.51
# m_b = 4.92
# m_t = 173
# Ecms (default) = 10.3296

# channel_id = 6
# process  = nu_e nu_mu~ -> nu_e nu_mu~
-0.99	1.09630314520799e-05
-0.97	9.86922908556853e-05
-0.95	0.000274214744858587
-0.93	0.000537597156970449
-0.91	0.000888906341470487
-0.89	0.00132820916345037
-0.87	0.00185557253885716
-0.85	0.00247106343453627
-0.83	0.00317474886827448
-0.81	0.00396669590884302
-0.79	0.00484697167604063
-0.77	0.00581564334073673
-0.75	0.00687277812491457
-0.73	0.00801844330171446
-0.71	0.00925270619547707
-0.69	0.0105756341817867
-0.67	0.0119872946875145
-0.65	0.0134877551908621
-0.63	0.015077083221405
-0.61	0.0167553463601357
-0.59	0.0185226122395076
-0.57	0.0203789485434785
-0.55	0.0223244230075538
-0.53	0.0243591034188309
-0.51	0.0264830576160419
-0.49	0.0286963534895982
-0.47	0.0309990589816338
-0.45	0.0333912420860489
-0.429999999999999	0.0358729708485544
-0.409999999999999	0.0384443133667153
-0.389999999999999	0.0411053377899946
-0.369999999999999	0.0438561123197975
-0.349999999999999	0.0466967052095152
-0.329999999999999	0.0496271847645693
-0.309999999999999	0.0526476193424555
-0.289999999999999	0.0557580773527877
-0.269999999999999	0.0589586272573427
-0.249999999999999	0.0622493375701039
-0.229999999999999	0.0656302768573057
-0.209999999999999	0.069101513737478
-0.189999999999999	0.0726631168814901
-0.169999999999999	0.0763151550125958
-0.149999999999999	0.080057696906477
-0.129999999999999	0.0838908113912889
-0.109999999999999	0.087814567347704
-0.0899999999999994	0.0918290337089569
-0.0699999999999994	0.0959342794608888
-0.0499999999999994	0.100130373641992
-0.0299999999999994	0.104417385343456
-0.00999999999999938	0.108795383709209
0.0100000000000006	0.113264437935967
0.0300000000000006	0.117824617273273
0.0500000000000006	0.122475991023549
0.0700000000000006	0.127218628542135
0.0900000000000006	0.132052599237335
0.110000000000001	0.136977972570465
0.130000000000001	0.141994818055896
0.150000000000001	0.147103205261096
0.170000000000001	0.152303203806683
0.190000000000001	0.157594883366461
0.210000000000001	0.162978313667473
0.230000000000001	0.16845356449004
0.250000000000001	0.17402070566781
0.270000000000001	0.179679807087803
0.290000000000001	0.185430938690456
0.310000000000001	0.191274170469666
0.330000000000001	0.197209572472841
0.350000000000001	0.20323721480094
0.370000000000001	0.209357167608521
0.390000000000001	0.215569501103786
0.410000000000001	0.221874285548628
0.430000000000001	0.228271591258674
0.450000000000001	0.234761488603335
0.470000000000001	0.241344048005846
0.490000000000001	0.248019339943318
0.510000000000001	0.254787434946777
0.530000000000001	0.261648403601217
0.550000000000001	0.268602316545641
0.570000000000001	0.27564924447311
0.590000000000001	0.282789258130785
0.610000000000001	0.290022428319978
0.630000000000001	0.297348825896196
0.650000000000001	0.304768521769185
0.670000000000001	0.312281586902979
0.690000000000001	0.319888092315947
0.710000000000001	0.327588109080836
0.730000000000001	0.335381708324818
0.750000000000001	0.343268961229542
0.770000000000001	0.35124993903117
0.790000000000001	0.359324713020434
0.810000000000001	0.367493354542675
0.830000000000001	0.375755934997893
0.850000000000001	0.384112525840796
0.870000000000001	0.392563198580839
0.890000000000001	0.401108024782278
0.910000000000001	0.409747076064215
0.930000000000001	0.418480424100641
0.950000000000001	0.427308140620488
0.970000000000001	0.436230297407674
0.990000000000001	0.445246966301147
