# Program settings for SigmaNu
# Electroweak scheme and input parameters
# Scheme = Complex mass scheme
# alpha_GF = 0.00755898078237864
# Pole masses/widths for particles [GeV]
# mw = 80.35797361
# gw = 2.084298894
# mz = 91.15348062
# gz = 2.494266379
# s^2_thetaw (derived) = (0.222868505240788,-0.00110716741475141)
# charged leptons
# m_e = 0.0005109989461
# m_m = 0.10565837
# m_t = 1.77686
# quarks
# m_d = 0.05
# m_u = 0.05
# m_s = 0.2
# m_c = 1.51
# m_b = 4.92
# m_t = 173
# Ecms (default) = 108697

# channel_id = 6
# process  = nu_e nu_mu~ -> nu_e nu_mu~
-0.99	6.22471866085998e-10
-0.97	5.71657533396924e-09
-0.95	1.62067768928973e-08
-0.93	3.24270411821618e-08
-0.91	5.47323554633942e-08
-0.89	8.35002180664028e-08
-0.87	1.1913224674555e-07
-0.85	1.62055917887063e-07
-0.83	2.12726448629161e-07
-0.81	2.7162883520644e-07
-0.79	3.39280062223885e-07
-0.77	4.16231499122455e-07
-0.75	5.03071501838609e-07
-0.73	6.0042823960826e-07
-0.71	7.0897276904903e-07
-0.69	8.29422380104745e-07
-0.67	9.62544241188868e-07
-0.65	1.10915937396061e-06
-0.63	1.27014699165629e-06
-0.61	1.44644923883414e-06
-0.59	1.6390763748369e-06
-0.57	1.84911244830576e-06
-0.55	2.07772151577767e-06
-0.53	2.32615446386314e-06
-0.51	2.59575650184855e-06
-0.49	2.88797539992954e-06
-0.47	3.20437055781494e-06
-0.45	3.54662299932692e-06
-0.429999999999999	3.91654640107571e-06
-0.409999999999999	4.31609927755601e-06
-0.389999999999999	4.74739846139272e-06
-0.369999999999999	5.2127340363022e-06
-0.349999999999999	5.71458590204247e-06
-0.329999999999999	6.2556421756874e-06
-0.309999999999999	6.83881966255294e-06
-0.289999999999999	7.46728666371344e-06
-0.269999999999999	8.14448842609245e-06
-0.249999999999999	8.87417558657362e-06
-0.229999999999999	9.66043601462773e-06
-0.209999999999999	1.05077305200031e-05
-0.189999999999999	1.1420932964781e-05
-0.169999999999999	1.24053754046129e-05
-0.149999999999999	1.34668989847329e-05
-0.129999999999999	1.46119114354077e-05
-0.109999999999999	1.58474521525639e-05
-0.0899999999999994	1.71812660169576e-05
-0.0699999999999994	1.86218873049971e-05
-0.0499999999999994	2.0178735283094e-05
-0.0299999999999994	2.18622233637028e-05
-0.00999999999999938	2.36838840456067e-05
0.0100000000000006	2.56565122767198e-05
0.0300000000000006	2.77943303812247e-05
0.0500000000000006	3.01131783050613e-05
0.0700000000000006	3.26307336808781e-05
0.0900000000000006	3.53667671289019e-05
0.110000000000001	3.83434393362808e-05
0.130000000000001	4.15856478487879e-05
0.150000000000001	4.51214332355057e-05
0.170000000000001	4.89824564401394e-05
0.190000000000001	5.32045618302791e-05
0.210000000000001	5.78284438533317e-05
0.230000000000001	6.29004395093808e-05
0.250000000000001	6.84734743281092e-05
0.270000000000001	7.46081965513936e-05
0.290000000000001	8.13743432625686e-05
0.310000000000001	8.88523939281541e-05
0.330000000000001	9.71355821302611e-05
0.350000000000001	0.000106332356410648
0.370000000000001	0.00011656940784717
0.390000000000001	0.000127995417661527
0.410000000000001	0.000140785726242748
0.430000000000001	0.000155148190370164
0.450000000000001	0.000171330585230922
0.470000000000001	0.000189630032440565
0.490000000000001	0.000210405110091335
0.510000000000001	0.000234091549005396
0.530000000000001	0.000261222776111369
0.550000000000001	0.000292457085744598
0.570000000000001	0.00032861398852503
0.590000000000001	0.000370723442777766
0.610000000000001	0.00042009343978293
0.630000000000001	0.000478404166070679
0.650000000000001	0.000547841343022666
0.670000000000001	0.000631288466003484
0.690000000000001	0.000732609548518584
0.710000000000001	0.000857074366619173
0.730000000000001	0.00101201429555302
0.750000000000001	0.00120786302653009
0.770000000000001	0.00145986280364056
0.790000000000001	0.00179096933164783
0.810000000000001	0.00223702074777055
0.830000000000001	0.00285643038704281
0.850000000000001	0.00374955120062022
0.870000000000001	0.00510051002029325
0.890000000000001	0.00727702096394976
0.910000000000001	0.0111018316069451
0.930000000000001	0.018738187475683
0.950000000000001	0.0374913669267363
0.970000000000001	0.106285914941044
0.990000000000001	0.975911617519522
