# Program settings for SigmaNu
# Electroweak scheme and input parameters
# Scheme = Complex mass scheme
# alpha_GF = 0.00755898078237864
# Pole masses/widths for particles [GeV]
# mw = 80.35797361
# gw = 2.084298894
# mz = 91.15348062
# gz = 2.494266379
# s^2_thetaw (derived) = (0.222868505240788,-0.00110716741475141)
# charged leptons
# m_e = 0.0005109989461
# m_m = 0.10565837
# m_t = 1.77686
# quarks
# m_d = 0.05
# m_u = 0.05
# m_s = 0.2
# m_c = 1.51
# m_b = 4.92
# m_t = 173
# Ecms (default) = 197431

# channel_id = 6
# process  = nu_e nu_mu~ -> nu_e nu_mu~
-0.99	1.886794407987e-10
-0.97	1.73276947417097e-09
-0.95	4.91248814556055e-09
-0.93	9.82906460150618e-09
-0.91	1.65901002296809e-08
-0.89	2.53100198271892e-08
-0.87	3.61105591154086e-08
-0.85	4.9121291917563e-08
-0.83	6.44802006551506e-08
-0.81	8.23342941981154e-08
-0.79	1.02840277526162e-07
-0.77	1.26165278130442e-07
-0.75	1.52487634612381e-07
-0.73	1.81997753526918e-07
-0.71	2.14899041179255e-07
-0.69	2.51408917826843e-07
-0.67	2.91759922572759e-07
-0.65	3.36200918175355e-07
-0.63	3.84998406056612e-07
-0.61	4.38437962984542e-07
-0.59	4.96825812252676e-07
-0.57	5.60490543704153e-07
-0.55	6.29784998675132e-07
-0.53	7.05088337891952e-07
-0.51	7.86808312583481e-07
-0.49	8.75383761604755e-07
-0.47	9.7128736025772e-07
-0.45	1.07502864979458e-06
-0.429999999999999	1.1871573803638e-06
-0.409999999999999	1.3082672044841e-06
-0.389999999999999	1.4389997630965e-06
-0.369999999999999	1.58004921195542e-06
-0.349999999999999	1.73216724269876e-06
-0.329999999999999	1.8961686605343e-06
-0.309999999999999	2.07293758926716e-06
-0.289999999999999	2.26343438458153e-06
-0.269999999999999	2.46870334832466e-06
-0.249999999999999	2.68988135032162e-06
-0.229999999999999	2.92820748032956e-06
-0.209999999999999	3.1850338715486e-06
-0.189999999999999	3.46183785915973e-06
-0.169999999999999	3.76023566328124e-06
-0.149999999999999	4.08199781628104e-06
-0.129999999999999	4.42906659047537e-06
-0.109999999999999	4.80357572500596e-06
-0.0899999999999994	5.20787280149752e-06
-0.0699999999999994	5.64454467864434e-06
-0.0499999999999994	6.11644646824677e-06
-0.0299999999999994	6.62673462199633e-06
-0.00999999999999938	7.17890480270058e-06
0.0100000000000006	7.77683533964674e-06
0.0300000000000006	8.42483722043804e-06
0.0500000000000006	9.12771175720163e-06
0.0700000000000006	9.89081729152383e-06
0.0900000000000006	1.0720146579924e-05
0.110000000000001	1.16224168430165e-05
0.130000000000001	1.26051748832437e-05
0.150000000000001	1.36769201994657e-05
0.170000000000001	1.48472496793071e-05
0.190000000000001	1.61270282678688e-05
0.210000000000001	1.75285910412221e-05
0.230000000000001	1.90659834169633e-05
0.250000000000001	2.07552478942419e-05
0.270000000000001	2.26147678418735e-05
0.290000000000001	2.4665681593138e-05
0.310000000000001	2.69323836598403e-05
0.330000000000001	2.94431345196628e-05
0.350000000000001	3.22308065364436e-05
0.370000000000001	3.53338016661651e-05
0.390000000000001	3.87971874160933e-05
0.410000000000001	4.26741121000567e-05
0.430000000000001	4.70275802565111e-05
0.450000000000001	5.19326963194017e-05
0.470000000000001	5.747952240437e-05
0.490000000000001	6.37767490627099e-05
0.510000000000001	7.09564530749561e-05
0.530000000000001	7.91803244907004e-05
0.550000000000001	8.86479027069809e-05
0.570000000000001	9.96075944313219e-05
0.590000000000001	0.000112371596572004
0.610000000000001	0.000127336382503855
0.630000000000001	0.000145011244320794
0.650000000000001	0.000166058710454872
0.670000000000001	0.00019135281685086
0.690000000000001	0.000222064811947902
0.710000000000001	0.000259792056270171
0.730000000000001	0.000306756819132135
0.750000000000001	0.000366121740381606
0.770000000000001	0.000442507025292704
0.790000000000001	0.00054287098258373
0.810000000000001	0.000678076851040438
0.830000000000001	0.000865830893625236
0.850000000000001	0.00113655220619277
0.870000000000001	0.00154605371723063
0.890000000000001	0.00220579826585792
0.910000000000001	0.00336518171483791
0.930000000000001	0.00567994548236991
0.950000000000001	0.0113645626543699
0.970000000000001	0.0322187375236405
0.990000000000001	0.295869394132439
