# Program settings for SigmaNu
# Electroweak scheme and input parameters
# Scheme = Complex mass scheme
# alpha_GF = 0.00755898078237864
# Pole masses/widths for particles [GeV]
# mw = 80.35797361
# gw = 2.084298894
# mz = 91.15348062
# gz = 2.494266379
# s^2_thetaw (derived) = (0.222868505240788,-0.00110716741475141)
# charged leptons
# m_e = 0.0005109989461
# m_m = 0.10565837
# m_t = 1.77686
# quarks
# m_d = 0.05
# m_u = 0.05
# m_s = 0.2
# m_c = 1.51
# m_b = 4.92
# m_t = 173
# Ecms (default) = 341718

# channel_id = 6
# process  = nu_e nu_mu~ -> nu_e nu_mu~
-0.99	6.2982469230049e-11
-0.97	5.78410132784094e-10
-0.95	1.6398216677591e-09
-0.93	3.28100805099634e-09
-0.91	5.53788735703617e-09
-0.89	8.44865536120586e-09
-0.87	1.20539482754365e-08
-0.85	1.63970187237754e-08
-0.83	2.15239261780327e-08
-0.81	2.74837432004386e-08
-0.79	3.43287789812192e-08
-0.77	4.21148218165048e-08
-0.75	5.09014023480771e-08
-0.73	6.07520795835775e-08
-0.71	7.17347519367198e-08
-0.69	8.39219957749474e-08
-0.67	9.73914342405101e-08
-0.65	1.12226139424294e-07
-0.63	1.28515071324745e-07
-0.61	1.46353557422451e-07
-0.59	1.65843817150786e-07
-0.57	1.87095536051933e-07
-0.55	2.10226494984134e-07
-0.53	2.35363260400184e-07
-0.51	2.62641942460591e-07
-0.49	2.92209028590894e-07
-0.47	3.24222301057249e-07
-0.45	3.58851848235846e-07
-0.429999999999999	3.96281180511714e-07
-0.409999999999999	4.36708463186211e-07
-0.389999999999999	4.80347880429913e-07
-0.369999999999999	5.27431146223715e-07
-0.349999999999999	5.78209180427366e-07
-0.329999999999999	6.32953970650414e-07
-0.309999999999999	6.91960643534134e-07
-0.289999999999999	7.55549772453685e-07
-0.269999999999999	8.24069952600608e-07
-0.249999999999999	8.97900679005535e-07
-0.229999999999999	9.77455568428812e-07
-0.209999999999999	1.06318597232514e-06
-0.189999999999999	1.15558503544978e-06
-0.169999999999999	1.2551922633266e-06
-0.149999999999999	1.36259867199464e-06
-0.129999999999999	1.47845260549808e-06
-0.109999999999999	1.60346632085851e-06
-0.0899999999999994	1.73842345722923e-06
-0.0699999999999994	1.88418752614215e-06
-0.0499999999999994	2.04171158391638e-06
-0.0299999999999994	2.21204927626447e-06
-0.00999999999999938	2.39636747997942e-06
0.0100000000000006	2.59596080864798e-06
0.0300000000000006	2.81226830028607e-06
0.0500000000000006	3.04689266673564e-06
0.0700000000000006	3.30162256025494e-06
0.0900000000000006	3.57845840535095e-06
0.110000000000001	3.8796424578441e-06
0.130000000000001	4.20769389393323e-06
0.150000000000001	4.56544990674437e-06
0.170000000000001	4.95611400569462e-06
0.190000000000001	5.38331298696016e-06
0.210000000000001	5.85116438709422e-06
0.230000000000001	6.3643566670814e-06
0.250000000000001	6.92824492827893e-06
0.270000000000001	7.54896567143791e-06
0.290000000000001	8.23357502462662e-06
0.310000000000001	8.99021605222387e-06
0.330000000000001	9.82832230650243e-06
0.350000000000001	1.07588668214222e-05
0.370000000000001	1.17946684498101e-05
0.390000000000001	1.29507710551218e-05
0.410000000000001	1.42449159344141e-05
0.430000000000001	1.56981344664551e-05
0.450000000000001	1.73354970662739e-05
0.470000000000001	1.91870671362372e-05
0.490000000000001	2.1289126392181e-05
0.510000000000001	2.36857630520137e-05
0.530000000000001	2.64309504704669e-05
0.550000000000001	2.95912964071132e-05
0.570000000000001	3.32497209100741e-05
0.590000000000001	3.75104376964164e-05
0.610000000000001	4.25057926332669e-05
0.630000000000001	4.84057913745208e-05
0.650000000000001	5.54315910950308e-05
0.670000000000001	6.38749518939394e-05
0.690000000000001	7.41268458398501e-05
0.710000000000001	8.67204847549745e-05
0.730000000000001	0.000102397680278261
0.750000000000001	0.000122214147774784
0.770000000000001	0.000147712150633948
0.790000000000001	0.00018121443193456
0.810000000000001	0.000226347235896103
0.830000000000001	0.00028902107210293
0.850000000000001	0.000379390116361239
0.870000000000001	0.000516085260503442
0.890000000000001	0.000736313922572979
0.910000000000001	0.00112332711036661
0.930000000000001	0.00189601893512084
0.950000000000001	0.00379360963756207
0.970000000000001	0.0107550323403325
0.990000000000001	0.0987687801375013
