# Program settings for SigmaNu
# Electroweak scheme and input parameters
# Scheme = Complex mass scheme
# alpha_GF = 0.00755898078237864
# Pole masses/widths for particles [GeV]
# mw = 80.35797361
# gw = 2.084298894
# mz = 91.15348062
# gz = 2.494266379
# s^2_thetaw (derived) = (0.222868505240788,-0.00110716741475141)
# charged leptons
# m_e = 0.0005109989461
# m_m = 0.10565837
# m_t = 1.77686
# quarks
# m_d = 0.05
# m_u = 0.05
# m_s = 0.2
# m_c = 1.51
# m_b = 4.92
# m_t = 173
# Ecms (default) = 108916

# channel_id = 6
# process  = nu_e nu_mu~ -> nu_e nu_mu~
-0.99	6.19971148199635e-10
-0.97	5.6936095699549e-09
-0.95	1.6141667804609e-08
-0.93	3.22967688232731e-08
-0.91	5.45124737632625e-08
-0.89	8.31647643942675e-08
-0.87	1.18653645013335e-07
-0.85	1.61404874665106e-07
-0.83	2.11871841700734e-07
-0.81	2.7053759393345e-07
-0.79	3.37917039037054e-07
-0.77	4.14559331383978e-07
-0.75	5.01050463252925e-07
-0.73	5.98016080276458e-07
-0.71	7.06124543173482e-07
-0.69	8.2609026025177e-07
-0.67	9.58677317907452e-07
-0.65	1.10470343943292e-06
-0.63	1.26504430591939e-06
-0.61	1.44063827696041e-06
-0.59	1.63249155329038e-06
-0.57	1.84168382850185e-06
-0.55	2.06937448266032e-06
-0.53	2.3168093770747e-06
-0.51	2.58532831679896e-06
-0.49	2.8763732557694e-06
-0.47	3.19149732897646e-06
-0.45	3.5323748069128e-06
-0.429999999999999	3.90081207994152e-06
-0.409999999999999	4.29875979444043e-06
-0.389999999999999	4.72832627889247e-06
-0.369999999999999	5.19179241685552e-06
-0.349999999999999	5.69162814536491e-06
-0.329999999999999	6.23051078228267e-06
-0.309999999999999	6.81134541498423e-06
-0.289999999999999	7.43728761624826e-06
-0.269999999999999	8.11176879210483e-06
-0.249999999999999	8.83852451167548e-06
-0.229999999999999	9.62162622187634e-06
-0.209999999999999	1.04655168116573e-05
-0.189999999999999	1.13750505629119e-05
-0.169999999999999	1.23555381103657e-05
-0.149999999999999	1.34127971331195e-05
-0.129999999999999	1.4553209619119e-05
-0.109999999999999	1.57837866843289e-05
-0.0899999999999994	1.71122420953423e-05
-0.0699999999999994	1.85470758431033e-05
-0.0499999999999994	2.00976693532191e-05
-0.0299999999999994	2.17743942034793e-05
-0.00999999999999938	2.358873656221e-05
0.0100000000000006	2.55534399751343e-05
0.0300000000000006	2.76826696299364e-05
0.0500000000000006	2.99922018374638e-05
0.0700000000000006	3.24996432125964e-05
0.0900000000000006	3.52246849494783e-05
0.110000000000001	3.81893987073843e-05
0.130000000000001	4.14185820092335e-05
0.150000000000001	4.4940162774562e-05
0.170000000000001	4.87856747531417e-05
0.190000000000001	5.29908183122684e-05
0.210000000000001	5.75961244144957e-05
0.230000000000001	6.26477439068442e-05
0.250000000000001	6.81983896973946e-05
0.270000000000001	7.43084663814627e-05
0.290000000000001	8.10474308826342e-05
0.310000000000001	8.84954393516258e-05
0.330000000000001	9.67453508168476e-05
0.350000000000001	0.00010590517814238
0.370000000000001	0.000116101103441586
0.390000000000001	0.000127481210629402
0.410000000000001	0.00014022013568874
0.430000000000001	0.000154524900362962
0.450000000000001	0.000170642284436948
0.470000000000001	0.000188868215882101
0.490000000000001	0.000209559832254478
0.510000000000001	0.00023315111389089
0.530000000000001	0.000260173344755836
0.550000000000001	0.000291282174585684
0.570000000000001	0.000327293821741228
0.590000000000001	0.000369234106849691
0.610000000000001	0.000418405766543068
0.630000000000001	0.000476482237473531
0.650000000000001	0.000545640460248355
0.670000000000001	0.000628752346278151
0.690000000000001	0.000729666386066991
0.710000000000001	0.000853631185286236
0.730000000000001	0.00100794866674277
0.750000000000001	0.00120301060629798
0.770000000000001	0.00145399801537764
0.790000000000001	0.00178377437901001
0.810000000000001	0.0022280338626006
0.830000000000001	0.00284495513927106
0.850000000000001	0.00373448801731745
0.870000000000001	0.0050800196489159
0.890000000000001	0.00724778697025098
0.910000000000001	0.011057232444748
0.930000000000001	0.0186629116059814
0.950000000000001	0.0373407573721551
0.970000000000001	0.105858961280883
0.990000000000001	0.971992083883864
