# Program settings for SigmaNu
# Electroweak scheme and input parameters
# Scheme = Complex mass scheme
# alpha_GF = 0.00755898078237864
# Pole masses/widths for particles [GeV]
# mw = 80.35797361
# gw = 2.084298894
# mz = 91.15348062
# gz = 2.494266379
# s^2_thetaw (derived) = (0.222868505240788,-0.00110716741475141)
# charged leptons
# m_e = 0.0005109989461
# m_m = 0.10565837
# m_t = 1.77686
# quarks
# m_d = 0.05
# m_u = 0.05
# m_s = 0.2
# m_c = 1.51
# m_b = 4.92
# m_t = 173
# Ecms (default) = 131033

# channel_id = 6
# process  = nu_e nu_mu~ -> nu_e nu_mu~
-0.99	4.28344964629688e-10
-0.97	3.93377822131623e-09
-0.95	1.11524579920005e-08
-0.93	2.23141972438334e-08
-0.91	3.76632753627442e-08
-0.89	5.74594624065266e-08
-0.87	8.19791258726984e-08
-0.85	1.11516427509617e-07
-0.83	1.46384618471061e-07
-0.81	1.86917441974384e-07
-0.79	2.33470653581513e-07
-0.77	2.86423670293253e-07
-0.75	3.46181360844961e-07
-0.73	4.13175990932256e-07
-0.71	4.87869338597892e-07
-0.69	5.70754996696879e-07
-0.67	6.62360881251259e-07
-0.65	7.63251966637076e-07
-0.63	8.74033270946893e-07
-0.61	9.95353117579525e-07
-0.59	1.12790670216803e-06
-0.57	1.27243999741807e-06
-0.55	1.42975403234974e-06
-0.53	1.60070958688514e-06
-0.51	1.78623234777946e-06
-0.49	1.98731857764796e-06
-0.47	2.20504135540119e-06
-0.45	2.440557453892e-06
-0.429999999999999	2.69511492914694e-06
-0.409999999999999	2.9700615053737e-06
-0.389999999999999	3.26685385120812e-06
-0.369999999999999	3.58706785562785e-06
-0.349999999999999	3.93241002689731e-06
-0.329999999999999	4.30473015515443e-06
-0.309999999999999	4.70603539920075e-06
-0.289999999999999	5.13850598118491e-06
-0.269999999999999	5.60451269973848e-06
-0.249999999999999	6.10663650340708e-06
-0.229999999999999	6.64769040272527e-06
-0.209999999999999	7.2307440419837e-06
-0.189999999999999	7.85915130180189e-06
-0.169999999999999	8.53658136246665e-06
-0.149999999999999	9.26705372734297e-06
-0.129999999999999	1.00549777876017e-05
-0.109999999999999	1.09051976065885e-05
-0.0899999999999994	1.18230427175056e-05
-0.0699999999999994	1.28143858655352e-05
-0.0499999999999994	1.38857087898307e-05
-0.0299999999999994	1.5044177337809e-05
-0.00999999999999938	1.62977274411693e-05
0.0100000000000006	1.76551637691299e-05
0.0300000000000006	1.91262732208875e-05
0.0500000000000006	2.07219558405775e-05
0.0700000000000006	2.24543762521192e-05
0.0900000000000006	2.43371393412139e-05
0.110000000000001	2.6385494686674e-05
0.130000000000001	2.86165752006909e-05
0.150000000000001	3.10496766258799e-05
0.170000000000001	3.37065860185217e-05
0.190000000000001	3.66119692037896e-05
0.210000000000001	3.97938295266361e-05
0.230000000000001	4.32840531820639e-05
0.250000000000001	4.71190601773557e-05
0.270000000000001	5.13405848057697e-05
0.290000000000001	5.599661573156e-05
0.310000000000001	6.11425338544681e-05
0.330000000000001	6.68424966589042e-05
0.350000000000001	7.31711316140582e-05
0.370000000000001	8.02156195643315e-05
0.390000000000001	8.80782736010311e-05
0.410000000000001	9.68797519958186e-05
0.430000000000001	0.000106763088780256
0.450000000000001	0.000117898787358511
0.470000000000001	0.000130491308291807
0.490000000000001	0.000144787402691134
0.510000000000001	0.000161086913418542
0.530000000000001	0.000179756911785321
0.550000000000001	0.000201250395187363
0.570000000000001	0.000226131300197469
0.590000000000001	0.00025510838065149
0.610000000000001	0.000289081715744214
0.630000000000001	0.000329207506868066
0.650000000000001	0.000376989833956662
0.670000000000001	0.000434412943019212
0.690000000000001	0.000504135813940321
0.710000000000001	0.000589784788670116
0.730000000000001	0.00069640487970123
0.750000000000001	0.00083117593103922
0.770000000000001	0.00100458675247815
0.790000000000001	0.00123243411213069
0.810000000000001	0.00153937973292789
0.830000000000001	0.00196562031855821
0.850000000000001	0.00258021309741102
0.870000000000001	0.00350986395300989
0.890000000000001	0.00500761390581655
0.910000000000001	0.0076396351110913
0.930000000000001	0.0128945671936855
0.950000000000001	0.0257995803503224
0.970000000000001	0.0731412135763298
0.990000000000001	0.67161800499748
