# Program settings for SigmaNu
# Electroweak scheme and input parameters
# Scheme = Complex mass scheme
# alpha_GF = 0.00755898078237864
# Pole masses/widths for particles [GeV]
# mw = 80.35797361
# gw = 2.084298894
# mz = 91.15348062
# gz = 2.494266379
# s^2_thetaw (derived) = (0.222868505240788,-0.00110716741475141)
# charged leptons
# m_e = 0.0005109989461
# m_m = 0.10565837
# m_t = 1.77686
# quarks
# m_d = 0.05
# m_u = 0.05
# m_s = 0.2
# m_c = 1.51
# m_b = 4.92
# m_t = 173
# Ecms (default) = 208021

# channel_id = 6
# process  = nu_e nu_mu~ -> nu_e nu_mu~
-0.99	1.69957733098409e-10
-0.97	1.56083551388904e-09
-0.95	4.42504676866824e-09
-0.93	8.85377618932016e-09
-0.91	1.49439484238306e-08
-0.89	2.27986344774611e-08
-0.87	3.25274908539861e-08
-0.85	4.42472344241338e-08
-0.83	5.80821563145722e-08
-0.81	7.41646784519722e-08
-0.79	9.26359567772595e-08
-0.77	1.13646535570183e-07
-0.75	1.37357057799522e-07
-0.73	1.63939036946163e-07
-0.71	1.93575696342436e-07
-0.69	2.26462882740041e-07
-0.67	2.62810061570525e-07
-0.65	3.02841402207859e-07
-0.63	3.46796962495259e-07
-0.61	3.94933982872979e-07
-0.59	4.47528301657737e-07
-0.57	5.04875904397655e-07
-0.55	5.67294621782426e-07
-0.53	6.35125992353698e-07
-0.51	7.0873730826662e-07
-0.49	7.88523864636774e-07
-0.47	8.74911435609598e-07
-0.45	9.68359003261733e-07
-0.429999999999999	1.06936176884376e-06
-0.409999999999999	1.17845447976976e-06
-0.389999999999999	1.29621511023163e-06
-0.369999999999999	1.42326893845966e-06
-0.349999999999999	1.56029306957786e-06
-0.329999999999999	1.70802145984532e-06
-0.309999999999999	1.86725050599101e-06
-0.289999999999999	2.0388452725262e-06
-0.269999999999999	2.22374644058016e-06
-0.249999999999999	2.42297807421687e-06
-0.229999999999999	2.6376563146759e-06
-0.209999999999999	2.86899912992255e-06
-0.189999999999999	3.11833726675717e-06
-0.169999999999999	3.38712657608288e-06
-0.149999999999999	3.67696190944605e-06
-0.129999999999999	3.98959281747504e-06
-0.109999999999999	4.32694131936223e-06
-0.0899999999999994	4.69112205830157e-06
-0.0699999999999994	5.08446521233391e-06
-0.0499999999999994	5.50954259524266e-06
-0.0299999999999994	5.96919746031015e-06
-0.00999999999999938	6.46657861377897e-06
0.0100000000000006	7.00517955836739e-06
0.0300000000000006	7.58888352467783e-06
0.0500000000000006	8.22201541548944e-06
0.0700000000000006	8.90940189191305e-06
0.0900000000000006	9.65644108031134e-06
0.110000000000001	1.04691836863563e-05
0.130000000000001	1.13544276824837e-05
0.150000000000001	1.2319829206472e-05
0.170000000000001	1.33740328967312e-05
0.190000000000001	1.45268256264623e-05
0.210000000000001	1.57893185264683e-05
0.230000000000001	1.71741633608906e-05
0.250000000000001	1.86958108155477e-05
0.270000000000001	2.03708201737839e-05
0.290000000000001	2.22182323228479e-05
0.310000000000001	2.42600212351602e-05
0.330000000000001	2.65216432497295e-05
0.350000000000001	2.90327089787623e-05
0.370000000000001	3.18278099546169e-05
0.390000000000001	3.49475418738359e-05
0.410000000000001	3.8439779424284e-05
0.430000000000001	4.23612755380875e-05
0.450000000000001	4.67796824352121e-05
0.470000000000001	5.17761258470982e-05
0.490000000000001	5.74485115417403e-05
0.510000000000001	6.39158110274762e-05
0.530000000000001	7.13236707178676e-05
0.550000000000001	7.98518307894711e-05
0.570000000000001	8.97240498934429e-05
0.590000000000001	0.000101221547330446
0.610000000000001	0.000114701456578837
0.630000000000001	0.000130622535459918
0.650000000000001	0.000149581573345157
0.670000000000001	0.000172365880413654
0.690000000000001	0.000200030488619554
0.710000000000001	0.000234014261320715
0.730000000000001	0.000276318964545097
0.750000000000001	0.000329793427321229
0.770000000000001	0.000398599418399642
0.790000000000001	0.000489004813791421
0.810000000000001	0.000610794956774224
0.830000000000001	0.000779919223224763
0.850000000000001	0.00102377840656229
0.870000000000001	0.0013926474646823
0.890000000000001	0.00198692949139063
0.910000000000001	0.00303127445488437
0.930000000000001	0.00511635915358877
0.950000000000001	0.0102369314026114
0.970000000000001	0.0290219155802182
0.990000000000001	0.266514012301923
