# Program settings for SigmaNu
# Electroweak scheme and input parameters
# Scheme = Complex mass scheme
# alpha_GF = 0.00755898078237864
# Pole masses/widths for particles [GeV]
# mw = 80.35797361
# gw = 2.084298894
# mz = 91.15348062
# gz = 2.494266379
# s^2_thetaw (derived) = (0.222868505240788,-0.00110716741475141)
# charged leptons
# m_e = 0.0005109989461
# m_m = 0.10565837
# m_t = 1.77686
# quarks
# m_d = 0.05
# m_u = 0.05
# m_s = 0.2
# m_c = 1.51
# m_b = 4.92
# m_t = 173
# Ecms (default) = 187005

# channel_id = 6
# process  = nu_e nu_mu~ -> nu_e nu_mu~
-0.99	2.10304619569635e-10
-0.97	1.93136795054692e-09
-0.95	5.47552475870417e-09
-0.93	1.09556063969613e-08
-0.91	1.8491546802765e-08
-0.89	2.82108853762469e-08
-0.87	4.02493103707202e-08
-0.85	5.47512464917803e-08
-0.83	7.18704907801738e-08
-0.81	9.17709012757755e-08
-0.79	1.14627143430948e-07
-0.77	1.40625499767473e-07
-0.75	1.69964748859225e-07
-0.73	2.02857120380986e-07
-0.71	2.39529333701413e-07
-0.69	2.80223728325977e-07
-0.67	3.25199495425725e-07
-0.65	3.74734020734032e-07
-0.63	4.29124350272276e-07
-0.61	4.88688791695024e-07
-0.59	5.53768665547428e-07
-0.57	6.24730222426785e-07
-0.55	7.0196674396533e-07
-0.53	7.85900847735707e-07
-0.51	8.76987018662739e-07
-0.49	9.75714392350376e-07
-0.47	1.08260981895352e-06
-0.45	1.19824123990241e-06
-0.429999999999999	1.32322141399429e-06
-0.409999999999999	1.45821203418809e-06
-0.389999999999999	1.60392828197203e-06
-0.369999999999999	1.76114387253852e-06
-0.349999999999999	1.93069665133514e-06
-0.329999999999999	2.11349481102714e-06
-0.309999999999999	2.31052380770283e-06
-0.289999999999999	2.52285406650811e-06
-0.269999999999999	2.75164958008897e-06
-0.249999999999999	2.99817751857946e-06
-0.229999999999999	3.26381898779663e-06
-0.209999999999999	3.550081093268e-06
-0.189999999999999	3.85861049229744e-06
-0.169999999999999	4.19120864516788e-06
-0.149999999999999	4.54984901062608e-06
-0.129999999999999	4.93669647102399e-06
-0.109999999999999	5.35412932015457e-06
-0.0899999999999994	5.80476420345271e-06
-0.0699999999999994	6.29148446771846e-06
-0.0499999999999994	6.81747245818646e-06
-0.0299999999999994	7.38624639748937e-06
-0.00999999999999938	8.00170259742018e-06
0.0100000000000006	8.66816389484829e-06
0.0300000000000006	9.39043537327318e-06
0.0500000000000006	1.01738686383322e-05
0.0700000000000006	1.10244361679914e-05
0.0900000000000006	1.19488175674036e-05
0.110000000000001	1.29544999388772e-05
0.130000000000001	1.40498950474694e-05
0.150000000000001	1.52444765461101e-05
0.170000000000001	1.65489412515713e-05
0.190000000000001	1.7975399374031e-05
0.210000000000001	1.95375997508108e-05
0.230000000000001	2.12511975881757e-05
0.250000000000001	2.31340740654834e-05
0.270000000000001	2.52067195258643e-05
0.290000000000001	2.74926950316372e-05
0.310000000000001	3.00191910239743e-05
0.330000000000001	3.28177069997514e-05
0.350000000000001	3.59248829239005e-05
0.370000000000001	3.93835221163151e-05
0.390000000000001	4.32438574065055e-05
0.410000000000001	4.75651285952951e-05
0.430000000000001	5.24175613585454e-05
0.450000000000001	5.78848680714023e-05
0.470000000000001	6.40674331332987e-05
0.490000000000001	7.10864044371043e-05
0.510000000000001	7.90889964663859e-05
0.530000000000001	8.82554310330294e-05
0.550000000000001	9.88081173145139e-05
0.570000000000001	0.000111023932614688
0.590000000000001	0.000125250855605239
0.610000000000001	0.000141930800574802
0.630000000000001	0.000161631430980862
0.650000000000001	0.000185091209431909
0.670000000000001	0.000213284347462193
0.690000000000001	0.000247516333363583
0.710000000000001	0.000289567605254161
0.730000000000001	0.000341915132315718
0.750000000000001	0.000408084032282104
0.770000000000001	0.00049322404309611
0.790000000000001	0.000605090981091857
0.810000000000001	0.000755793144441736
0.830000000000001	0.000965066147068428
0.850000000000001	0.00126681547468157
0.870000000000001	0.00172325086933569
0.890000000000001	0.00245861008406038
0.910000000000001	0.00375087250426759
0.930000000000001	0.00633093441345837
0.950000000000001	0.0126670688737972
0.970000000000001	0.0359113190609087
0.990000000000001	0.329776763800744
