# Program settings for SigmaNu
# Electroweak scheme and input parameters
# Scheme = Complex mass scheme
# alpha_GF = 0.00755898078237864
# Pole masses/widths for particles [GeV]
# mw = 80.35797361
# gw = 2.084298894
# mz = 91.15348062
# gz = 2.494266379
# s^2_thetaw (derived) = (0.222868505240788,-0.00110716741475141)
# charged leptons
# m_e = 0.0005109989461
# m_m = 0.10565837
# m_t = 1.77686
# quarks
# m_d = 0.05
# m_u = 0.05
# m_s = 0.2
# m_c = 1.51
# m_b = 4.92
# m_t = 173
# Ecms (default) = 1322200

# channel_id = 6
# process  = nu_e nu_mu~ -> nu_e nu_mu~
-0.99	4.20688991092885e-12
-0.97	3.8634683349708e-11
-0.95	1.09531260572022e-10
-0.93	2.19153677101332e-10
-0.91	3.69901067157657e-10
-0.89	5.64324703135313e-10
-0.87	8.05138865481849e-10
-0.85	1.09523259691764e-09
-0.83	1.43768242251494e-09
-0.81	1.83576612560038e-09
-0.79	2.29297767886536e-09
-0.77	2.81304344058913e-09
-0.75	3.39993973764124e-09
-0.73	4.05791197009689e-09
-0.71	4.79149538705426e-09
-0.69	5.60553769980181e-09
-0.67	6.5052237170877e-09
-0.65	7.49610220817441e-09
-0.63	8.58411522294051e-09
-0.61	9.77563012489072e-09
-0.59	1.10774746229826e-08
-0.57	1.24969751221701e-08
-0.55	1.40419987510742e-08
-0.53	1.57209994688862e-08
-0.51	1.75430687032625e-08
-0.49	1.95179910274858e-08
-0.47	2.16563054495962e-08
-0.45	2.39693729597698e-08
-0.429999999999999	2.64694510663787e-08
-0.409999999999999	2.91697761476064e-08
-0.389999999999999	3.20846545561938e-08
-0.369999999999999	3.52295635422114e-08
-0.349999999999999	3.86212632054606e-08
-0.329999999999999	4.22779208584831e-08
-0.309999999999999	4.62192493771015e-08
-0.289999999999999	5.04666613425701e-08
-0.269999999999999	5.50434410433004e-08
-0.249999999999999	5.99749367113738e-08
-0.229999999999999	6.5288775727594e-08
-0.209999999999999	7.10151059481919e-08
-0.189999999999999	7.71868667980083e-08
-0.169999999999999	8.38400943529246e-08
-0.149999999999999	9.10142653153959e-08
-0.129999999999999	9.87526855916681e-08
-0.109999999999999	1.07102930132723e-07
-0.0899999999999994	1.16117341833857e-07
-0.0699999999999994	1.258535986378e-07
-0.0499999999999994	1.36375359599924e-07
-0.0299999999999994	1.47753002608936e-07
-0.00999999999999938	1.6006446878405e-07
0.0100000000000006	1.73396231379167e-07
0.0300000000000006	1.87844410427831e-07
0.0500000000000006	2.03516058500195e-07
0.0700000000000006	2.20530647992417e-07
0.0900000000000006	2.39021796555265e-07
0.110000000000001	2.59139274879303e-07
0.130000000000001	2.81051350457334e-07
0.150000000000001	3.04947532614783e-07
0.170000000000001	3.31041798649813e-07
0.190000000000001	3.59576399157079e-07
0.210000000000001	3.9082636357017e-07
0.230000000000001	4.25104856029551e-07
0.250000000000001	4.62769568698039e-07
0.270000000000001	5.04230387052908e-07
0.290000000000001	5.49958622776103e-07
0.310000000000001	6.00498189105642e-07
0.330000000000001	6.56479196999874e-07
0.350000000000001	7.18634586600537e-07
0.370000000000001	7.87820588930292e-07
0.390000000000001	8.65042053890698e-07
0.410000000000001	9.51484005611859e-07
0.430000000000001	1.04855122820562e-06
0.450000000000001	1.15791829196328e-06
0.470000000000001	1.28159327223903e-06
0.490000000000001	1.4219995947558e-06
0.510000000000001	1.58208211821185e-06
0.530000000000001	1.76544597610783e-06
0.550000000000001	1.97654021334884e-06
0.570000000000001	2.22090344949585e-06
0.590000000000001	2.50549660875573e-06
0.610000000000001	2.83915969456706e-06
0.630000000000001	3.23324818570722e-06
0.650000000000001	3.70253421339978e-06
0.670000000000001	4.26650581323811e-06
0.690000000000001	4.95127785991555e-06
0.710000000000001	5.79246609883084e-06
0.730000000000001	6.83961965304634e-06
0.750000000000001	8.16325477798219e-06
0.770000000000001	9.86638660731632e-06
0.790000000000001	1.2104162272789e-05
0.810000000000001	1.51187960517372e-05
0.830000000000001	1.93050794065882e-05
0.850000000000001	2.53412590124611e-05
0.870000000000001	3.44717831533823e-05
0.890000000000001	4.9181918654389e-05
0.910000000000001	7.50324155442239e-05
0.930000000000001	0.000126644322267854
0.950000000000001	0.000253394015112364
0.970000000000001	0.000718384530626136
0.990000000000001	0.00659739719311251
