# Program settings for SigmaNu
# Electroweak scheme and input parameters
# Scheme = Complex mass scheme
# alpha_GF = 0.00755898078237864
# Pole masses/widths for particles [GeV]
# mw = 80.35797361
# gw = 2.084298894
# mz = 91.15348062
# gz = 2.494266379
# s^2_thetaw (derived) = (0.222868505240788,-0.00110716741475141)
# charged leptons
# m_e = 0.0005109989461
# m_m = 0.10565837
# m_t = 1.77686
# quarks
# m_d = 0.05
# m_u = 0.05
# m_s = 0.2
# m_c = 1.51
# m_b = 4.92
# m_t = 173
# Ecms (default) = 2583190

# channel_id = 6
# process  = nu_e nu_mu~ -> nu_e nu_mu~
-0.99	1.10215520093364e-12
-0.97	1.0121828261475e-11
-0.95	2.86958896186277e-11
-0.93	5.74156610198958e-11
-0.91	9.69096871444159e-11
-0.89	1.47846371066701e-10
-0.87	2.10936822035878e-10
-0.85	2.8693793494168e-10
-0.83	3.76655722824147e-10
-0.81	4.80948925996545e-10
-0.79	6.00732923819038e-10
-0.77	7.36983977916851e-10
-0.75	8.90743838718202e-10
-0.73	1.06312475063671e-09
-0.71	1.2553148950889e-09
-0.69	1.46858431487564e-09
-0.67	1.70429136833022e-09
-0.65	1.96388976711983e-09
-0.63	2.24893625776415e-09
-0.61	2.56109901390374e-09
-0.59	2.90216681422278e-09
-0.57	3.27405908983626e-09
-0.55	3.67883693504079e-09
-0.53	4.11871518677599e-09
-0.51	4.59607569115179e-09
-0.49	5.11348189020383e-09
-0.47	5.67369487891834e-09
-0.45	6.27969110184345e-09
-0.429999999999999	6.93468188065234e-09
-0.409999999999999	7.64213498928891e-09
-0.389999999999999	8.40579852232986e-09
-0.369999999999999	9.2297273355532e-09
-0.349999999999999	1.01183123761386e-08
-0.329999999999999	1.10763132642997e-08
-0.309999999999999	1.21088945394839e-08
-0.289999999999999	1.32216660437861e-08
-0.269999999999999	1.44207279843596e-08
-0.249999999999999	1.57127212971009e-08
-0.229999999999999	1.71048840278191e-08
-0.209999999999999	1.86051145569689e-08
-0.189999999999999	2.02220426228467e-08
-0.169999999999999	2.19651092495671e-08
-0.149999999999999	2.38446568645703e-08
-0.129999999999999	2.58720311012418e-08
-0.109999999999999	2.80596960320201e-08
-0.0899999999999994	3.04213648741659e-08
-0.0699999999999994	3.29721485640501e-08
-0.0499999999999994	3.57287250185709e-08
-0.0299999999999994	3.87095324092222e-08
-0.00999999999999938	4.19349903841325e-08
0.0100000000000006	4.54277539094633e-08
0.0300000000000006	4.92130052931621e-08
0.0500000000000006	5.331879103803e-08
0.0700000000000006	5.77764114938992e-08
0.0900000000000006	6.26208728994524e-08
0.110000000000001	6.7891413398123e-08
0.130000000000001	7.36321170760467e-08
0.150000000000001	7.98926331274553e-08
0.170000000000001	8.67290210651138e-08
0.190000000000001	9.42047476700003e-08
0.210000000000001	1.02391867389977e-07
0.230000000000001	1.11372425513658e-07
0.250000000000001	1.21240133143223e-07
0.270000000000001	1.3210237541003e-07
0.290000000000001	1.44082630382334e-07
0.310000000000001	1.57323396874809e-07
0.330000000000001	1.71989756482326e-07
0.350000000000001	1.8827373082603e-07
0.370000000000001	2.06399642275437e-07
0.390000000000001	2.26630749583543e-07
0.410000000000001	2.4927751501425e-07
0.430000000000001	2.74707975340324e-07
0.450000000000001	3.03360848114042e-07
0.470000000000001	3.3576222525922e-07
0.490000000000001	3.72547015571048e-07
0.510000000000001	4.14486737101497e-07
0.530000000000001	4.62525892072265e-07
0.550000000000001	5.17830077488009e-07
0.570000000000001	5.81850345996801e-07
0.590000000000001	6.56410377204661e-07
0.610000000000001	7.43826147204854e-07
0.630000000000001	8.47072656818348e-07
0.650000000000001	9.70020029320887e-07
0.670000000000001	1.11777389905863e-06
0.690000000000001	1.29717605371809e-06
0.710000000000001	1.5175573965786e-06
0.730000000000001	1.79189921086599e-06
0.750000000000001	2.13867592024063e-06
0.770000000000001	2.58487626978672e-06
0.790000000000001	3.17114697118733e-06
0.810000000000001	3.96094529833181e-06
0.830000000000001	5.05770194346763e-06
0.850000000000001	6.63910951456205e-06
0.870000000000001	9.03119875371627e-06
0.890000000000001	1.28850802175394e-05
0.910000000000001	1.96576048079882e-05
0.930000000000001	3.31793149820265e-05
0.950000000000001	6.63862411317252e-05
0.970000000000001	0.0001882083030889
0.990000000000001	0.00172844213512461
