# Program settings for SigmaNu
# Electroweak scheme and input parameters
# Scheme = Complex mass scheme
# alpha_GF = 0.00755898078237864
# Pole masses/widths for particles [GeV]
# mw = 80.35797361
# gw = 2.084298894
# mz = 91.15348062
# gz = 2.494266379
# s^2_thetaw (derived) = (0.222868505240788,-0.00110716741475141)
# charged leptons
# m_e = 0.0005109989461
# m_m = 0.10565837
# m_t = 1.77686
# quarks
# m_d = 0.05
# m_u = 0.05
# m_s = 0.2
# m_c = 1.51
# m_b = 4.92
# m_t = 173
# Ecms (default) = 986383

# channel_id = 6
# process  = nu_e nu_mu~ -> nu_e nu_mu~
-0.99	7.55899907360335e-12
-0.97	6.94193434603936e-11
-0.95	1.96807312431535e-10
-0.93	3.93778415139929e-10
-0.91	6.64643449740475e-10
-0.89	1.0139865784012e-09
-0.87	1.44668485845466e-09
-0.85	1.96792936254509e-09
-0.83	2.58324803424534e-09
-0.81	3.29853044079232e-09
-0.79	4.12005460151623e-09
-0.77	5.05451608944184e-09
-0.75	6.10905962467484e-09
-0.73	7.2913134018432e-09
-0.71	8.60942642037809e-09
-0.69	1.00721091161708e-08
-0.67	1.16886776265714e-08
-0.65	1.34691020583029e-08
-0.63	1.54240591702325e-08
-0.61	1.75649899307345e-08
-0.59	1.99041624633689e-08
-0.57	2.24547409556773e-08
-0.55	2.52308611750926e-08
-0.53	2.82477133144706e-08
-0.51	3.15216329789714e-08
-0.49	3.50702012275651e-08
-0.47	3.89123546982045e-08
-0.45	4.30685069779033e-08
-0.429999999999999	4.75606825301773e-08
-0.409999999999999	5.24126646655839e-08
-0.389999999999999	5.7650159240009e-08
-0.369999999999999	6.33009759941238e-08
-0.349999999999999	6.93952297110309e-08
-0.329999999999999	7.59655636734673e-08
-0.309999999999999	8.30473982539997e-08
-0.289999999999999	9.06792078798055e-08
-0.269999999999999	9.89028300877892e-08
-0.249999999999999	1.07763810937849e-07
-0.229999999999999	1.17311791696337e-07
-0.209999999999999	1.27600942455269e-07
-0.189999999999999	1.38690449236365e-07
-0.169999999999999	1.50645062167443e-07
-0.149999999999999	1.63535713542483e-07
-0.129999999999999	1.77440216022629e-07
-0.109999999999999	1.92444052948571e-07
-0.0899999999999994	2.08641274770307e-07
-0.0699999999999994	2.26135518025988e-07
-0.0499999999999994	2.45041166200951e-07
-0.0299999999999994	2.65484675274605e-07
-0.00999999999999938	2.87606090945118e-07
0.0100000000000006	3.11560789570034e-07
0.0300000000000006	3.3752148097597e-07
0.0500000000000006	3.65680518724747e-07
0.0700000000000006	3.96252572495847e-07
0.0900000000000006	4.29477728360699e-07
0.110000000000001	4.65625096399255e-07
0.130000000000001	5.04997022005189e-07
0.150000000000001	5.47934018194947e-07
0.170000000000001	5.9482056238151e-07
0.190000000000001	6.46091933833404e-07
0.210000000000001	7.02242309296463e-07
0.230000000000001	7.63834386492328e-07
0.250000000000001	8.31510871717189e-07
0.270000000000001	9.06008252945919e-07
0.290000000000001	9.88173389618383e-07
0.310000000000001	1.07898359266717e-06
0.330000000000001	1.17957105429566e-06
0.350000000000001	1.29125273162337e-06
0.370000000000001	1.41556711255007e-06
0.390000000000001	1.55431972545644e-06
0.410000000000001	1.70963983829706e-06
0.430000000000001	1.88405158683449e-06
0.450000000000001	2.08056386240958e-06
0.470000000000001	2.30278480292026e-06
0.490000000000001	2.55506885360845e-06
0.510000000000001	2.84270737776645e-06
0.530000000000001	3.17217812966618e-06
0.550000000000001	3.55147521536303e-06
0.570000000000001	3.99055050384497e-06
0.590000000000001	4.50191148090642e-06
0.610000000000001	5.10144198807272e-06
0.630000000000001	5.80954570796375e-06
0.650000000000001	6.65276541182601e-06
0.670000000000001	7.66611747340136e-06
0.690000000000001	8.89652546291577e-06
0.710000000000001	1.04079842468252e-05
0.730000000000001	1.2289524377554e-05
0.750000000000001	1.46678504409556e-05
0.770000000000001	1.77280614561447e-05
0.790000000000001	2.17489279349768e-05
0.810000000000001	2.71656638341063e-05
0.830000000000001	3.46876358895464e-05
0.850000000000001	4.55335270396802e-05
0.870000000000001	6.19393789851414e-05
0.890000000000001	8.83707529910807e-05
0.910000000000001	0.000134819279907711
0.930000000000001	0.000227556255354572
0.950000000000001	0.000455301802594414
0.970000000000001	0.00129080280582445
0.990000000000001	0.0118542783770232
