# Program settings for SigmaNu
# Electroweak scheme and input parameters
# Scheme = Complex mass scheme
# alpha_GF = 0.00755898078237864
# Pole masses/widths for particles [GeV]
# mw = 80.35797361
# gw = 2.084298894
# mz = 91.15348062
# gz = 2.494266379
# s^2_thetaw (derived) = (0.222868505240788,-0.00110716741475141)
# charged leptons
# m_e = 0.0005109989461
# m_m = 0.10565837
# m_t = 1.77686
# quarks
# m_d = 0.05
# m_u = 0.05
# m_s = 0.2
# m_c = 1.51
# m_b = 4.92
# m_t = 173
# Ecms (default) = 214818

# channel_id = 6
# process  = nu_e nu_mu~ -> nu_e nu_mu~
-0.99	1.59372711662851e-10
-0.97	1.46362618419279e-09
-0.95	4.14945345674257e-09
-0.93	8.30236021084934e-09
-0.91	1.40132345980074e-08
-0.89	2.13787283300631e-08
-0.87	3.05016684706137e-08
-0.85	4.14915027285079e-08
-0.83	5.44647813416842e-08
-0.81	6.95456789595164e-08
-0.79	8.68665602887133e-08
-0.77	1.06568593666376e-07
-0.75	1.28802417169395e-07
-0.73	1.53728862368182e-07
-0.71	1.81519741391718e-07
-0.69	2.12358703598227e-07
-0.67	2.46442168850558e-07
-0.65	2.83980345188319e-07
-0.63	3.25198339582051e-07
-0.61	3.70337371462401e-07
-0.59	4.19656099855564e-07
-0.57	4.73432076243991e-07
-0.55	5.31963336730272e-07
-0.53	5.95570148737419e-07
-0.51	6.64596929359859e-07
-0.49	7.39414354620459e-07
-0.47	8.20421681329703e-07
-0.45	9.08049306030369e-07
-0.429999999999999	1.0027615886993e-06
-0.409999999999999	1.10505997253123e-06
-0.389999999999999	1.21548643532348e-06
-0.369999999999999	1.33462731280376e-06
-0.349999999999999	1.46311753980095e-06
-0.329999999999999	1.60164536157543e-06
-0.309999999999999	1.75095757504878e-06
-0.289999999999999	1.91186536827768e-06
-0.269999999999999	2.08525083651438e-06
-0.249999999999999	2.27207426483544e-06
-0.229999999999999	2.47338228090315e-06
-0.209999999999999	2.69031699731145e-06
-0.189999999999999	2.92412628159529e-06
-0.169999999999999	3.17617531387784e-06
-0.149999999999999	3.44795961793127e-06
-0.129999999999999	3.74111978191315e-06
-0.109999999999999	4.05745812116113e-06
-0.0899999999999994	4.39895757834542e-06
-0.0699999999999994	4.76780320742163e-06
-0.0499999999999994	5.16640664895698e-06
-0.0299999999999994	5.59743407770235e-06
-0.00999999999999938	6.06383819146002e-06
0.0100000000000006	6.56889491673284e-06
0.0300000000000006	7.11624563556729e-06
0.0500000000000006	7.70994589474505e-06
0.0700000000000006	8.35452174976025e-06
0.0900000000000006	9.055035130379e-06
0.110000000000001	9.81715990289782e-06
0.130000000000001	1.06472706604457e-05
0.150000000000001	1.15525467147786e-05
0.170000000000001	1.25410943142639e-05
0.190000000000001	1.36220908034484e-05
0.210000000000001	1.48059553094577e-05
0.230000000000001	1.61045516418157e-05
0.250000000000001	1.75314304945436e-05
0.270000000000001	1.91021198353477e-05
0.290000000000001	2.08344746811046e-05
0.310000000000001	2.27491004608086e-05
0.330000000000001	2.48698680876654e-05
0.350000000000001	2.72245440192668e-05
0.370000000000001	2.98455654208682e-05
0.390000000000001	3.27709996816593e-05
0.410000000000001	3.60457398455242e-05
0.430000000000001	3.97230042623403e-05
0.450000000000001	4.38662317607686e-05
0.470000000000001	4.85514955490166e-05
0.490000000000001	5.38706038092809e-05
0.510000000000001	5.99351184876195e-05
0.530000000000001	6.68816151197343e-05
0.550000000000001	7.48786396419617e-05
0.570000000000001	8.4136014991546e-05
0.590000000000001	9.49174461026914e-05
0.610000000000001	0.000107557824149027
0.630000000000001	0.000122487335480242
0.650000000000001	0.000140265601389792
0.670000000000001	0.0001616308983445
0.690000000000001	0.000187572550882069
0.710000000000001	0.000219439809944722
0.730000000000001	0.000259109771611989
0.750000000000001	0.000309253839974964
0.770000000000001	0.000373774589154448
0.790000000000001	0.000458549532569823
0.810000000000001	0.000572754583883955
0.830000000000001	0.000731345795242287
0.850000000000001	0.000960017446286122
0.870000000000001	0.00130591338872183
0.890000000000001	0.00186318365892966
0.910000000000001	0.00284248716440162
0.930000000000001	0.00479771384856405
0.950000000000001	0.00959938102612129
0.970000000000001	0.0272144642263661
0.990000000000001	0.249916624636595
