# Program settings for SigmaNu
# Electroweak scheme and input parameters
# Scheme = Complex mass scheme
# alpha_GF = 0.00755898078237864
# Pole masses/widths for particles [GeV]
# mw = 80.35797361
# gw = 2.084298894
# mz = 91.15348062
# gz = 2.494266379
# s^2_thetaw (derived) = (0.222868505240788,-0.00110716741475141)
# charged leptons
# m_e = 0.0005109989461
# m_m = 0.10565837
# m_t = 1.77686
# quarks
# m_d = 0.05
# m_u = 0.05
# m_s = 0.2
# m_c = 1.51
# m_b = 4.92
# m_t = 173
# Ecms (default) = 34.2229

# channel_id = 6
# process  = nu_e nu_mu~ -> nu_e nu_mu~
-0.99	9.4948960714807e-05
-0.97	0.000856656102841215
-0.95	0.0023854983967642
-0.93	0.00468718018067347
-0.91	0.00776744828894188
-0.89	0.0116320924043311
-0.87	0.0162869454134851
-0.85	0.0217378837657456
-0.83	0.0279908278353243
-0.81	0.0350517422868675
-0.79	0.0429266364444481
-0.77	0.0516215646640213
-0.75	0.0611426267093816
-0.73	0.0714959681316546
-0.71	0.082687780652366
-0.69	0.0947243025501209
-0.67	0.107611819050934
-0.65	0.121356662722249
-0.63	0.135965213870687
-0.61	0.151443900943559
-0.59	0.167799200934193
-0.57	0.185037639791101
-0.55	0.203165792831044
-0.53	0.22219028515602
-0.51	0.242117792074229
-0.49	0.262955039525052
-0.47	0.28470880450809
-0.45	0.307385915516301
-0.429999999999999	0.330993252973287
-0.409999999999999	0.355537749674767
-0.389999999999999	0.381026391234288
-0.369999999999999	0.407466216533215
-0.349999999999999	0.434864318175053
-0.329999999999999	0.463227842944133
-0.309999999999999	0.492563992268728
-0.289999999999999	0.522880022688637
-0.269999999999999	0.554183246327277
-0.249999999999999	0.586481031368354
-0.229999999999999	0.619780802537142
-0.209999999999999	0.654090041586429
-0.189999999999999	0.689416287787179
-0.169999999999999	0.725767138423967
-0.149999999999999	0.763150249295229
-0.129999999999999	0.801573335218385
-0.109999999999999	0.841044170539892
-0.0899999999999994	0.881570589650276
-0.0699999999999994	0.923160487504193
-0.0499999999999994	0.965821820145587
-0.0299999999999994	1.00956260523799
-0.00999999999999938	1.05439092260004
0.0100000000000006	1.10031491474621
0.0300000000000006	1.14734278743292
0.0500000000000006	1.19548281021
0.0700000000000006	1.24474331697756
0.0900000000000006	1.29513270654839
0.110000000000001	1.34665944321592
0.130000000000001	1.39933205732776
0.150000000000001	1.45315914586499
0.170000000000001	1.5081493730271
0.190000000000001	1.56431147082286
0.210000000000001	1.6216542396669
0.230000000000001	1.68018654898244
0.250000000000001	1.7399173378098
0.270000000000001	1.80085561542117
0.290000000000001	1.8630104619414
0.310000000000001	1.92639102897507
0.330000000000001	1.99100654023979
0.350000000000001	2.05686629220589
0.370000000000001	2.1239796547425
0.390000000000001	2.19235607177017
0.410000000000001	2.26200506191998
0.430000000000001	2.33293621919937
0.450000000000001	2.40515921366464
0.470000000000001	2.4786837921003
0.490000000000001	2.55351977870518
0.510000000000001	2.62967707578563
0.530000000000001	2.70716566445561
0.550000000000001	2.78599560534403
0.570000000000001	2.86617703930912
0.590000000000001	2.94772018816022
0.610000000000001	3.03063535538685
0.630000000000001	3.11493292689517
0.650000000000001	3.20062337175211
0.670000000000001	3.28771724293696
0.690000000000001	3.37622517810074
0.710000000000001	3.46615790033334
0.730000000000001	3.55752621893852
0.750000000000001	3.65034103021692
0.770000000000001	3.74461331825708
0.790000000000001	3.84035415573463
0.810000000000001	3.93757470471973
0.830000000000001	4.0362862174929
0.850000000000001	4.13650003736918
0.870000000000001	4.23822759953092
0.890000000000001	4.34148043186921
0.910000000000001	4.44627015583398
0.930000000000001	4.552608487293
0.950000000000001	4.6605072373998
0.970000000000001	4.76997831347066
0.990000000000001	4.88103371987072
