# Program settings for SigmaNu
# Electroweak scheme and input parameters
# Scheme = Complex mass scheme
# alpha_GF = 0.00755898078237864
# Pole masses/widths for particles [GeV]
# mw = 80.35797361
# gw = 2.084298894
# mz = 91.15348062
# gz = 2.494266379
# s^2_thetaw (derived) = (0.222868505240788,-0.00110716741475141)
# charged leptons
# m_e = 0.0005109989461
# m_m = 0.10565837
# m_t = 1.77686
# quarks
# m_d = 0.05
# m_u = 0.05
# m_s = 0.2
# m_c = 1.51
# m_b = 4.92
# m_t = 173
# Ecms (default) = 148121

# channel_id = 6
# process  = nu_e nu_mu~ -> nu_e nu_mu~
-0.99	3.35213774017105e-10
-0.97	3.07849223273828e-09
-0.95	8.72767945927941e-09
-0.93	1.7462622276684e-08
-0.91	2.94744886261101e-08
-0.89	4.4966569126058e-08
-0.87	6.41551432059554e-08
-0.85	8.72704157057377e-08
-0.83	1.14557530436995e-07
-0.81	1.46277667874198e-07
-0.79	1.82709234895135e-07
-0.77	2.24149155327991e-07
-0.75	2.70914270999711e-07
-0.73	3.23342864029413e-07
-0.71	3.81796312286432e-07
-0.69	4.46660891251947e-07
-0.67	5.18349737005624e-07
-0.65	5.97304986726461e-07
-0.63	6.84000114975887e-07
-0.61	7.78942486150608e-07
-0.59	8.82676145886894e-07
-0.57	9.95784876906591e-07
-0.55	1.11889554786364e-06
-0.53	1.25268178723161e-06
-0.51	1.39786801822926e-06
-0.49	1.55523389528442e-06
-0.47	1.72561918767028e-06
-0.45	1.90992916181056e-06
-0.429999999999999	2.10914052045615e-06
-0.409999999999999	2.32430796461978e-06
-0.389999999999999	2.55657145297655e-06
-0.369999999999999	2.80716424358328e-06
-0.349999999999999	3.07742181445916e-06
-0.329999999999999	3.36879177306679e-06
-0.309999999999999	3.68284488034576e-06
-0.289999999999999	4.02128733305081e-06
-0.269999999999999	4.38597446917396e-06
-0.249999999999999	4.77892608571176e-06
-0.229999999999999	5.20234358660775e-06
-0.209999999999999	5.65862921211614e-06
-0.189999999999999	6.15040764001249e-06
-0.169999999999999	6.68055029512963e-06
-0.149999999999999	7.25220275796606e-06
-0.129999999999999	7.86881572723722e-06
-0.109999999999999	8.53418006721242e-06
-0.0899999999999994	9.25246656094946e-06
-0.0699999999999994	1.00282710981088e-05
-0.0499999999999994	1.08666661546071e-05
-0.0299999999999994	1.1773259575541e-05
-0.00999999999999938	1.27542618582815e-05
0.0100000000000006	1.38165633565026e-05
0.0300000000000006	1.49678230970904e-05
0.0500000000000006	1.62165712315515e-05
0.0700000000000006	1.75723275458734e-05
0.0900000000000006	1.90457389457234e-05
0.110000000000001	2.06487394403007e-05
0.130000000000001	2.23947368974235e-05
0.150000000000001	2.42988317723181e-05
0.170000000000001	2.63780741720341e-05
0.190000000000001	2.86517670701678e-05
0.210000000000001	3.11418253161605e-05
0.230000000000001	3.38732023999146e-05
0.250000000000001	3.68743998819016e-05
0.270000000000001	4.01780781764002e-05
0.290000000000001	4.3821792243428e-05
0.310000000000001	4.78488820590209e-05
0.330000000000001	5.23095559796244e-05
0.350000000000001	5.72622159637296e-05
0.370000000000001	6.27750879923709e-05
0.390000000000001	6.89282402436776e-05
0.410000000000001	7.58160974719312e-05
0.430000000000001	8.35505952607505e-05
0.450000000000001	9.22651661856799e-05
0.470000000000001	0.000102119817028996
0.490000000000001	0.000113307650332505
0.510000000000001	0.000126063317210684
0.530000000000001	0.000140674080460944
0.550000000000001	0.000157494446978006
0.570000000000001	0.000176965742527394
0.590000000000001	0.000199642624099242
0.610000000000001	0.000226229476275883
0.630000000000001	0.000257631120036412
0.650000000000001	0.00029502461958281
0.670000000000001	0.00033996280815088
0.690000000000001	0.00039452655325445
0.710000000000001	0.000461553762276103
0.730000000000001	0.000544992568513307
0.750000000000001	0.000650461786289519
0.770000000000001	0.000786169768341809
0.790000000000001	0.000964478783830581
0.810000000000001	0.00120468866551674
0.830000000000001	0.00153825666592174
0.850000000000001	0.00201922582365186
0.870000000000001	0.00274675413351106
0.890000000000001	0.00391886764708107
0.910000000000001	0.00597864469787939
0.930000000000001	0.0100910760347611
0.950000000000001	0.0201903754638515
0.970000000000001	0.0572395686472689
0.990000000000001	0.525616154666648
