# Program settings for SigmaNu
# Electroweak scheme and input parameters
# Scheme = Complex mass scheme
# alpha_GF = 0.00755898078237864
# Pole masses/widths for particles [GeV]
# mw = 80.35797361
# gw = 2.084298894
# mz = 91.15348062
# gz = 2.494266379
# s^2_thetaw (derived) = (0.222868505240788,-0.00110716741475141)
# charged leptons
# m_e = 0.0005109989461
# m_m = 0.10565837
# m_t = 1.77686
# quarks
# m_d = 0.05
# m_u = 0.05
# m_s = 0.2
# m_c = 1.51
# m_b = 4.92
# m_t = 173
# Ecms (default) = 787.242

# channel_id = 6
# process  = nu_e nu_mu~ -> nu_e nu_mu~
-0.99	1.15534952020731e-05
-0.97	0.000106074835265527
-0.95	0.000300644645930112
-0.93	0.000601370426647866
-0.91	0.0010147388022919
-0.89	0.00154764198918
-0.87	0.00220740636295641
-0.85	0.00300182331734846
-0.83	0.00393918262190978
-0.81	0.00502830850810515
-0.79	0.00627859873675303
-0.77	0.00770006692622305
-0.75	0.00930338845023496
-0.73	0.0110999502470154
-0.71	0.0131019049183918
-0.69	0.0153222295386523
-0.67	0.0177747896392663
-0.65	0.0204744088875184
-0.63	0.0234369450355326
-0.61	0.0266793727819523
-0.59	0.0302198742627078
-0.57	0.0340779379710554
-0.55	0.0382744670017522
-0.53	0.0428318976214494
-0.51	0.047774329288968
-0.49	0.0531276673872023
-0.47	0.0589197800854708
-0.45	0.0651806709300912
-0.429999999999999	0.0719426689651907
-0.409999999999999	0.0792406384192295
-0.389999999999999	0.0871122102600754
-0.369999999999999	0.0955980382281768
-0.349999999999999	0.104742082309884
-0.329999999999999	0.11459192301887
-0.309999999999999	0.125199110321874
-0.289999999999999	0.136619551586356
-0.269999999999999	0.148913943554717
-0.249999999999999	0.162148254077681
-0.229999999999999	0.17639426018631
-0.209999999999999	0.191730150069546
-0.189999999999999	0.208241197678132
-0.169999999999999	0.226020520027663
-0.149999999999999	0.245169928861023
-0.129999999999999	0.265800890199603
-0.109999999999999	0.288035607519011
-0.0899999999999994	0.312008246896534
-0.0699999999999994	0.337866325577388
-0.0499999999999994	0.365772289096814
-0.0299999999999994	0.395905306500963
-0.00999999999999938	0.428463318486465
0.0100000000000006	0.463665379619301
0.0300000000000006	0.501754343437964
0.0500000000000006	0.542999948494101
0.0700000000000006	0.58770237461262
0.0900000000000006	0.636196352338075
0.110000000000001	0.688855925277307
0.130000000000001	0.746099985616503
0.150000000000001	0.808398728464973
0.170000000000001	0.87628120211924
0.190000000000001	0.95034417047968
0.210000000000001	1.0312625528072
0.230000000000001	1.11980176754972
0.250000000000001	1.21683238474194
0.270000000000001	1.32334759031067
0.290000000000001	1.44048409193102
0.310000000000001	1.56954725850104
0.330000000000001	1.71204149549634
0.350000000000001	1.86970713231544
0.370000000000001	2.04456545704931
0.390000000000001	2.2389740091233
0.410000000000001	2.45569487321085
0.430000000000001	2.69797956832029
0.450000000000001	2.96967527900343
0.470000000000001	3.27535875371572
0.490000000000001	3.62050637703403
0.510000000000001	4.01171197121703
0.530000000000001	4.45696819245246
0.550000000000001	4.96603355542544
0.570000000000001	5.55091606596894
0.590000000000001	6.22651760368876
0.610000000000001	7.01150286382757
0.630000000000001	7.92948655373082
0.650000000000001	9.01067879296906
0.670000000000001	10.2942016996357
0.690000000000001	11.8314080283197
0.710000000000001	13.6907276757632
0.730000000000001	15.9648990758347
0.750000000000001	18.7820223780585
0.770000000000001	22.3229214485818
0.790000000000001	26.8492777810126
0.810000000000001	32.7508841078761
0.830000000000001	40.6283985410433
0.850000000000001	51.4456034498523
0.870000000000001	66.8266495305451
0.890000000000001	89.6800342243288
0.910000000000001	125.633554202441
0.930000000000001	186.749451745027
0.950000000000001	302.827323856028
0.970000000000001	564.931651795963
0.990000000000001	1372.6350988622
