# Program settings for SigmaNu
# Electroweak scheme and input parameters
# Scheme = Complex mass scheme
# alpha_GF = 0.00755898078237864
# Pole masses/widths for particles [GeV]
# mw = 80.35797361
# gw = 2.084298894
# mz = 91.15348062
# gz = 2.494266379
# s^2_thetaw (derived) = (0.222868505240788,-0.00110716741475141)
# charged leptons
# m_e = 0.0005109989461
# m_m = 0.10565837
# m_t = 1.77686
# quarks
# m_d = 0.05
# m_u = 0.05
# m_s = 0.2
# m_c = 1.51
# m_b = 4.92
# m_t = 173
# Ecms (default) = 526459

# channel_id = 6
# process  = nu_e nu_mu~ -> nu_e nu_mu~
-0.99	2.65354417428216e-11
-0.97	2.43692706597218e-10
-0.95	6.90881017198257e-10
-0.93	1.38233701033467e-09
-0.91	2.33319350045841e-09
-0.89	3.55954293099177e-09
-0.87	5.07850593733269e-09
-0.85	6.90830548793981e-09
-0.83	9.06834711768628e-09
-0.81	1.15793058209408e-08
-0.79	1.44632202312542e-08
-0.77	1.7743594780889e-08
-0.75	2.14455106076177e-08
-0.73	2.55957460592689e-08
-0.71	3.02229077395701e-08
-0.69	3.53575731432851e-08
-0.67	4.10324460459922e-08
-0.65	4.72825259458701e-08
-0.63	5.41452930035909e-08
-0.61	6.16609100941899e-08
-0.59	6.98724437743143e-08
-0.57	7.88261061826568e-08
-0.55	8.85715201342877e-08
-0.53	9.91620099452104e-08
-0.51	1.10654920836664e-07
-0.49	1.23111970125173e-07
-0.47	1.36599633810736e-07
-0.45	1.51189572639619e-07
-0.429999999999999	1.66959102249063e-07
-0.409999999999999	1.83991712609486e-07
-0.389999999999999	2.02377642678059e-07
-0.369999999999999	2.22214516980596e-07
-0.349999999999999	2.43608051764091e-07
-0.329999999999999	2.66672839430566e-07
-0.309999999999999	2.91533221198873e-07
-0.289999999999999	3.18324259373871e-07
-0.269999999999999	3.47192822266891e-07
-0.249999999999999	3.78298796749438e-07
-0.229999999999999	4.11816445683548e-07
-0.209999999999999	4.47935930117448e-07
-0.189999999999999	4.86865019236648e-07
-0.169999999999999	5.28831014706077e-07
-0.149999999999999	5.74082920334866e-07
-0.129999999999999	6.2289389307133e-07
-0.109999999999999	6.75564017349708e-07
-0.0899999999999994	7.32423451955942e-07
-0.0699999999999994	7.93836007095013e-07
-0.0499999999999994	8.60203219520594e-07
-0.0299999999999994	9.31969005792058e-07
-0.00999999999999938	1.00962498840545e-06
0.0100000000000006	1.0937166072665e-06
0.0300000000000006	1.18485015044008e-06
0.0500000000000006	1.28370086420794e-06
0.0700000000000006	1.39102233431513e-06
0.0900000000000006	1.50765736930627e-06
0.110000000000001	1.63455066485791e-06
0.130000000000001	1.77276358732531e-06
0.150000000000001	1.92349148833197e-06
0.170000000000001	2.0880840540131e-06
0.190000000000001	2.26806930752507e-06
0.210000000000001	2.46518202826305e-06
0.230000000000001	2.68139753460243e-06
0.250000000000001	2.91897201045718e-06
0.270000000000001	3.18049085497367e-06
0.290000000000001	3.46892692002553e-06
0.310000000000001	3.78771100000033e-06
0.330000000000001	4.14081759113469e-06
0.350000000000001	4.5328697963363e-06
0.370000000000001	4.96926838963851e-06
0.390000000000001	5.45635157538865e-06
0.410000000000001	6.00159402715226e-06
0.430000000000001	6.61385657928309e-06
0.450000000000001	7.30370177275968e-06
0.470000000000001	8.08379576916015e-06
0.490000000000001	8.96942459905964e-06
0.510000000000001	9.97916328989026e-06
0.530000000000001	1.11357516262116e-05
0.550000000000001	1.24672524579759e-05
0.570000000000001	1.40086012487274e-05
0.590000000000001	1.5803704806841e-05
0.610000000000001	1.79083224416766e-05
0.630000000000001	2.03940801021607e-05
0.650000000000001	2.33541546504647e-05
0.670000000000001	2.69114690359572e-05
0.690000000000001	3.12307457248799e-05
0.710000000000001	3.65366349677471e-05
0.730000000000001	4.3141673317901e-05
0.750000000000001	5.14906497989811e-05
0.770000000000001	6.2233343631337e-05
0.790000000000001	7.63483622321604e-05
0.810000000000001	9.5363498363224e-05
0.830000000000001	0.000121768941592107
0.850000000000001	0.000159842805064782
0.870000000000001	0.000217434577416388
0.890000000000001	0.000310220337090996
0.910000000000001	0.000473275080249907
0.930000000000001	0.000798822510908516
0.950000000000001	0.00159830873633671
0.970000000000001	0.00453127800220042
0.990000000000001	0.0416134234512535
