# Program settings for SigmaNu
# Electroweak scheme and input parameters
# Scheme = Complex mass scheme
# alpha_GF = 0.00755898078237864
# Pole masses/widths for particles [GeV]
# mw = 80.35797361
# gw = 2.084298894
# mz = 91.15348062
# gz = 2.494266379
# s^2_thetaw (derived) = (0.222868505240788,-0.00110716741475141)
# charged leptons
# m_e = 0.0005109989461
# m_m = 0.10565837
# m_t = 1.77686
# quarks
# m_d = 0.05
# m_u = 0.05
# m_s = 0.2
# m_c = 1.51
# m_b = 4.92
# m_t = 173
# Ecms (default) = 484181

# channel_id = 6
# process  = nu_e nu_mu~ -> nu_e nu_mu~
-0.99	3.13718362842131e-11
-0.97	2.88108551885724e-10
-0.95	8.16802160996433e-10
-0.93	1.63428409382907e-09
-0.91	2.75844529710539e-09
-0.89	4.20831125010458e-09
-0.87	6.00412302407661e-09
-0.85	8.16742493640528e-09
-0.83	1.07211594074272e-08
-0.81	1.36897696907909e-08
-0.79	1.70993112184904e-08
-0.77	2.09775723801609e-08
-0.75	2.53542056439356e-08
-0.73	3.0260870024351e-08
-0.71	3.57313860128235e-08
-0.69	4.18019042097052e-08
-0.67	4.85110890356611e-08
-0.65	5.5900319056198e-08
-0.63	6.40139056290095e-08
-0.61	7.28993317821563e-08
-0.59	8.26075134551733e-08
-0.57	9.31930854886778e-08
-0.55	1.04714715035236e-07
-0.53	1.17235445390083e-07
-0.51	1.30823073610589e-07
-0.49	1.45550565714784e-07
-0.47	1.61496513729753e-07
-0.45	1.78745639409345e-07
-0.429999999999999	1.97389350068229e-07
-0.409999999999999	2.17526352698492e-07
-0.389999999999999	2.3926333336053e-07
-0.369999999999999	2.62715709789407e-07
-0.349999999999999	2.88008466251916e-07
-0.329999999999999	3.1527708095264e-07
-0.309999999999999	3.4466855774854e-07
-0.289999999999999	3.76342575625505e-07
-0.269999999999999	4.10472771358225e-07
-0.249999999999999	4.47248173065917e-07
-0.229999999999999	4.86874805050183e-07
-0.209999999999999	5.29577487428554e-07
-0.189999999999999	5.75601857744082e-07
-0.169999999999999	6.25216646041235e-07
-0.149999999999999	6.7871623997735e-07
-0.129999999999999	7.36423582539982e-07
-0.109999999999999	7.9869345205063e-07
-0.0899999999999994	8.65916182583427e-07
-0.0699999999999994	9.3852189299463e-07
-0.0499999999999994	1.01698530479206e-06
-0.0299999999999994	1.10183124350236e-06
-0.00999999999999938	1.19364093555125e-06
0.0100000000000006	1.29305923362362e-06
0.0300000000000006	1.4008029288488e-06
0.0500000000000006	1.51767033901065e-06
0.0700000000000006	1.64455239963519e-06
0.0900000000000006	1.78244553094138e-06
0.110000000000001	1.93246661039529e-06
0.130000000000001	2.09587045072998e-06
0.150000000000001	2.27407027032018e-06
0.170000000000001	2.46866175131169e-06
0.190000000000001	2.68145141686692e-06
0.210000000000001	2.9144902301149e-06
0.230000000000001	3.17011353418941e-06
0.250000000000001	3.45098872877059e-06
0.270000000000001	3.76017243207136e-06
0.290000000000001	4.10117933279118e-06
0.310000000000001	4.47806552748373e-06
0.330000000000001	4.89552991052482e-06
0.350000000000001	5.35903819905397e-06
0.370000000000001	5.87497552092088e-06
0.390000000000001	6.45083529183585e-06
0.410000000000001	7.09545453141831e-06
0.430000000000001	7.81930906394463e-06
0.450000000000001	8.63488657606312e-06
0.470000000000001	9.55716178423708e-06
0.490000000000001	1.06042067753781e-05
0.510000000000001	1.17979820909863e-05
0.530000000000001	1.31653721048386e-05
0.550000000000001	1.47395544462969e-05
0.570000000000001	1.65618319715294e-05
0.590000000000001	1.86841140126942e-05
0.610000000000001	2.11723226579651e-05
0.630000000000001	2.41111385130333e-05
0.650000000000001	2.76107209989722e-05
0.670000000000001	3.18163971906975e-05
0.690000000000001	3.69229121223746e-05
0.710000000000001	4.3195861139084e-05
0.730000000000001	5.10047441749717e-05
0.750000000000001	6.08754181610049e-05
0.770000000000001	7.35760920303949e-05
0.790000000000001	9.02637356013177e-05
0.810000000000001	0.000112744599311731
0.830000000000001	0.000143962738136249
0.850000000000001	0.000188975999899255
0.870000000000001	0.000257064531257373
0.890000000000001	0.000366761552144464
0.910000000000001	0.000559534867982164
0.930000000000001	0.000944416969796301
0.950000000000001	0.00188961838761026
0.970000000000001	0.00535715255912311
0.990000000000001	0.0491978494821732
