# Program settings for SigmaNu
# Electroweak scheme and input parameters
# Scheme = Complex mass scheme
# alpha_GF = 0.00755898078237864
# Pole masses/widths for particles [GeV]
# mw = 80.35797361
# gw = 2.084298894
# mz = 91.15348062
# gz = 2.494266379
# s^2_thetaw (derived) = (0.222868505240788,-0.00110716741475141)
# charged leptons
# m_e = 0.0005109989461
# m_m = 0.10565837
# m_t = 1.77686
# quarks
# m_d = 0.05
# m_u = 0.05
# m_s = 0.2
# m_c = 1.51
# m_b = 4.92
# m_t = 173
# Ecms (default) = 4434320

# channel_id = 6
# process  = nu_e nu_mu~ -> nu_e nu_mu~
-0.99	3.74025658000045e-13
-0.97	3.43492774204408e-12
-0.95	9.73819203300565e-12
-0.93	1.94844885506016e-11
-0.91	3.28871192301897e-11
-0.89	5.01729122896078e-11
-0.87	7.1583188647066e-11
-0.85	9.73748069638923e-11
-0.83	1.27821294559795e-10
-0.81	1.63214072199148e-10
-0.79	2.03863781584371e-10
-0.77	2.50101725327779e-10
-0.75	3.02281430219068e-10
-0.73	3.60780345776162e-10
-0.71	4.26001691379096e-10
-0.69	4.98376466758782e-10
-0.67	5.78365642266606e-10
-0.65	6.6646254721166e-10
-0.63	7.63195476648856e-10
-0.61	8.6913053936595e-10
-0.59	9.84874772489001e-10
-0.57	1.11107955114792e-09
-0.55	1.2484443250676e-09
-0.53	1.39772071783494e-09
-0.51	1.55971702900679e-09
-0.49	1.73530318424832e-09
-0.47	1.92541618441984e-09
-0.45	2.131066111071e-09
-0.429999999999999	2.35334275328401e-09
-0.409999999999999	2.59342292938121e-09
-0.389999999999999	2.852578586855e-09
-0.369999999999999	3.13218577519767e-09
-0.349999999999999	3.43373459935218e-09
-0.329999999999999	3.75884027656376e-09
-0.309999999999999	4.10925543683347e-09
-0.289999999999999	4.48688382737009e-09
-0.269999999999999	4.8937956048992e-09
-0.249999999999999	5.33224442700428e-09
-0.229999999999999	5.80468658555189e-09
-0.209999999999999	6.31380246253788e-09
-0.189999999999999	6.86252063240784e-09
-0.169999999999999	7.45404498628991e-09
-0.149999999999999	8.09188531413064e-09
-0.129999999999999	8.7798918522724e-09
-0.109999999999999	9.52229438878011e-09
-0.0899999999999994	1.03237466195461e-08
-0.0699999999999994	1.11893765682275e-08
-0.0499999999999994	1.21248440265353e-08
-0.0299999999999994	1.31364061434193e-08
-0.00999999999999938	1.42309924986321e-08
0.0100000000000006	1.54162912459482e-08
0.0300000000000006	1.67008482138873e-08
0.0500000000000006	1.80941812196427e-08
0.0700000000000006	1.96069123008336e-08
0.0900000000000006	2.12509211197088e-08
0.110000000000001	2.30395234710773e-08
0.130000000000001	2.4987679661266e-08
0.150000000000001	2.71122385629597e-08
0.170000000000001	2.94322244444913e-08
0.190000000000001	3.19691752931223e-08
0.210000000000001	3.47475433932868e-08
0.230000000000001	3.77951715054755e-08
0.250000000000001	4.11438612823875e-08
0.270000000000001	4.48300547738329e-08
0.290000000000001	4.88956553034677e-08
0.310000000000001	5.33890210456471e-08
0.330000000000001	5.83661738316308e-08
0.350000000000001	6.38922778177869e-08
0.370000000000001	7.00434586918491e-08
0.390000000000001	7.69090555316585e-08
0.410000000000001	8.45944263245852e-08
0.430000000000001	9.32244674531596e-08
0.450000000000001	1.02948061418572e-07
0.470000000000001	1.13943741951934e-07
0.490000000000001	1.2642697070748e-07
0.510000000000001	1.40659568842999e-07
0.530000000000001	1.56962061153402e-07
0.550000000000001	1.75730002813194e-07
0.570000000000001	1.97455820777461e-07
0.590000000000001	2.2275839610291e-07
0.610000000000001	2.5242367481234e-07
0.630000000000001	2.87461248529849e-07
0.650000000000001	3.29184476236781e-07
0.670000000000001	3.79325998020904e-07
0.690000000000001	4.40207632255833e-07
0.710000000000001	5.14995899696437e-07
0.730000000000001	6.0809610833924e-07
0.750000000000001	7.25777709749987e-07
0.770000000000001	8.77199562339008e-07
0.790000000000001	1.07615547078309e-06
0.810000000000001	1.34418019663936e-06
0.830000000000001	1.71637381854992e-06
0.850000000000001	2.25303782351311e-06
0.870000000000001	3.0648134976276e-06
0.890000000000001	4.37266070954499e-06
0.910000000000001	6.67097412727279e-06
0.930000000000001	1.12596807332237e-05
0.950000000000001	2.25287319729712e-05
0.970000000000001	6.38700810457149e-05
0.990000000000001	0.000586561600409894
