# Program settings for SigmaNu
# Electroweak scheme and input parameters
# Scheme = Complex mass scheme
# alpha_GF = 0.00755898078237864
# Pole masses/widths for particles [GeV]
# mw = 80.35797361
# gw = 2.084298894
# mz = 91.15348062
# gz = 2.494266379
# s^2_thetaw (derived) = (0.222868505240788,-0.00110716741475141)
# charged leptons
# m_e = 0.0005109989461
# m_m = 0.10565837
# m_t = 1.77686
# quarks
# m_d = 0.05
# m_u = 0.05
# m_s = 0.2
# m_c = 1.51
# m_b = 4.92
# m_t = 173
# Ecms (default) = 323022

# channel_id = 6
# process  = nu_e nu_mu~ -> nu_e nu_mu~
-0.99	7.04841041093731e-11
-0.97	6.47302662286979e-10
-0.95	1.83513543568092e-09
-0.93	3.67179813295259e-09
-0.91	6.19748691203372e-09
-0.89	9.4549469210485e-09
-0.87	1.34896544170534e-08
-0.85	1.83500137014089e-08
-0.83	2.40875702375837e-08
-0.81	3.07572414586898e-08
-0.79	3.84175669298767e-08
-0.77	4.71309797069779e-08
-0.75	5.69641009298687e-08
-0.73	6.79880599095918e-08
-0.71	8.02788422155348e-08
-0.69	9.3917668546373e-08
-0.67	1.08991407480198e-07
-0.65	1.25593025549933e-07
-0.63	1.43822078485195e-07
-0.61	1.63785247907404e-07
-0.59	1.85596928268383e-07
-0.57	2.09379869392192e-07
-0.55	2.35265880625148e-07
-0.53	2.63396603331104e-07
-0.51	2.93924359300924e-07
-0.49	3.27013083592043e-07
-0.47	3.6283935139341e-07
-0.45	4.01593509743837e-07
-0.429999999999999	4.43480926341777e-07
-0.409999999999999	4.88723369300312e-07
-0.389999999999999	5.37560533555903e-07
-0.369999999999999	5.90251731772643e-07
-0.349999999999999	6.47077770041699e-07
-0.329999999999999	7.08343031513486e-07
-0.309999999999999	7.74377794383035e-07
-0.289999999999999	8.45540814454839e-07
-0.269999999999999	9.22222206934787e-07
-0.249999999999999	1.00484666724452e-06
-0.229999999999999	1.09387707666062e-06
-0.209999999999999	1.18981854560736e-06
-0.189999999999999	1.29322295566988e-06
-0.169999999999999	1.40469407107795e-06
-0.149999999999999	1.52489330182162e-06
-0.129999999999999	1.6545462140428e-06
-0.109999999999999	1.79444989932141e-06
-0.0899999999999994	1.94548133345552e-06
-0.0699999999999994	2.10860687795296e-06
-0.0499999999999994	2.28489310448785e-06
-0.0299999999999994	2.47551915499265e-06
-0.00999999999999938	2.68179088905385e-06
0.0100000000000006	2.90515711735169e-06
0.0300000000000006	3.1472282769035e-06
0.0500000000000006	3.40979797319104e-06
0.0700000000000006	3.69486789884889e-06
0.0900000000000006	4.00467674223899e-06
0.110000000000001	4.34173382674846e-06
0.130000000000001	4.708858379194e-06
0.150000000000001	5.1092255212409e-06
0.170000000000001	5.54642032153984e-06
0.190000000000001	6.02450155175328e-06
0.210000000000001	6.54807717434389e-06
0.230000000000001	7.12239407707787e-06
0.250000000000001	7.75344518936489e-06
0.270000000000001	8.44809790983355e-06
0.290000000000001	9.21424879810914e-06
0.310000000000001	1.0061010811407e-05
0.330000000000001	1.09989411004457e-05
0.350000000000001	1.20403196600337e-05
0.370000000000001	1.31994921530153e-05
0.390000000000001	1.44932942662528e-05
0.410000000000001	1.59415804022656e-05
0.430000000000001	1.75678869156015e-05
0.450000000000001	1.94002702727622e-05
0.470000000000001	2.14723746250703e-05
0.490000000000001	2.38248030791216e-05
0.510000000000001	2.65068950489757e-05
0.530000000000001	2.95790524697991e-05
0.550000000000001	3.31158165215237e-05
0.570000000000001	3.72099835722996e-05
0.590000000000001	4.19781798734658e-05
0.610000000000001	4.75685145478346e-05
0.630000000000001	5.41712420291916e-05
0.650000000000001	6.2033860748555e-05
0.670000000000001	7.14828813240445e-05
0.690000000000001	8.29558431257276e-05
0.710000000000001	9.70494669422121e-05
0.730000000000001	0.000114593918947193
0.750000000000001	0.000136770656967729
0.770000000000001	0.000165305637800059
0.790000000000001	0.000202798257966259
0.810000000000001	0.000253306670253332
0.830000000000001	0.000323445362965567
0.850000000000001	0.000424577937298506
0.870000000000001	0.000577554338678097
0.890000000000001	0.000824013613628956
0.910000000000001	0.00125712245786827
0.930000000000001	0.00212184652660046
0.950000000000001	0.00424545120532397
0.970000000000001	0.0120360154935235
0.990000000000001	0.110532432051922
