# Program settings for SigmaNu
# Electroweak scheme and input parameters
# Scheme = Complex mass scheme
# alpha_GF = 0.00755898078237864
# Pole masses/widths for particles [GeV]
# mw = 80.35797361
# gw = 2.084298894
# mz = 91.15348062
# gz = 2.494266379
# s^2_thetaw (derived) = (0.222868505240788,-0.00110716741475141)
# charged leptons
# m_e = 0.0005109989461
# m_m = 0.10565837
# m_t = 1.77686
# quarks
# m_d = 0.05
# m_u = 0.05
# m_s = 0.2
# m_c = 1.51
# m_b = 4.92
# m_t = 173
# Ecms (default) = 1533730

# channel_id = 6
# process  = nu_e nu_mu~ -> nu_e nu_mu~
-0.99	3.12649421101689e-12
-0.97	2.87126871389111e-11
-0.95	8.14019048208068e-11
-0.93	1.6287155531516e-10
-0.91	2.74904637326457e-10
-0.89	4.19397216250389e-10
-0.87	5.9836650249643e-10
-0.85	8.13959587038424e-10
-0.83	1.06846289477669e-09
-0.81	1.36431242257148e-09
-0.79	1.70410483580871e-09
-0.77	2.09060950517744e-09
-0.75	2.52678157408005e-09
-0.73	3.01577615688091e-09
-0.71	3.56096377916623e-09
-0.69	4.16594718349323e-09
-0.67	4.83457963793387e-09
-0.65	5.57098490027331e-09
-0.63	6.37957900824709e-09
-0.61	7.26509408596897e-09
-0.59	8.23260437903195e-09
-0.57	9.28755475602743e-09
-0.55	1.04357919428471e-08
-0.53	1.16835987886063e-08
-0.51	1.30377318989287e-08
-0.49	1.45054630143343e-08
-0.47	1.60946245593553e-08
-0.45	1.78136598426821e-08
-0.429999999999999	1.96716784511881e-08
-0.409999999999999	2.1678517452351e-08
-0.389999999999999	2.38448091018631e-08
-0.369999999999999	2.61820558478444e-08
-0.349999999999999	2.87027135321014e-08
-0.329999999999999	3.1420283814754e-08
-0.309999999999999	3.43494169941761e-08
-0.289999999999999	3.75060265630106e-08
-0.269999999999999	4.0907417037139e-08
-0.249999999999999	4.4572426822827e-08
-0.229999999999999	4.85215881537244e-08
-0.209999999999999	5.27773064410674e-08
-0.189999999999999	5.73640617458561e-08
-0.169999999999999	6.23086355113067e-08
-0.149999999999999	6.76403662000425e-08
-0.129999999999999	7.33914380785546e-08
-0.109999999999999	7.95972081000563e-08
-0.0899999999999994	8.62965766787826e-08
-0.0699999999999994	9.35324091520861e-08
-0.0499999999999994	1.01352015925912e-07
-0.0299999999999994	1.09807700737184e-07
-0.00999999999999938	1.18957388196469e-07
0.0100000000000006	1.28865343862285e-07
0.0300000000000006	1.3960300262766e-07
0.0500000000000006	1.51249924274429e-07
0.0700000000000006	1.63894898803274e-07
0.0900000000000006	1.77637228745044e-07
0.110000000000001	1.92588221315065e-07
0.130000000000001	2.08872930260422e-07
0.150000000000001	2.26632195923269e-07
0.170000000000001	2.46025042857301e-07
0.190000000000001	2.67231507884369e-07
0.210000000000001	2.90455988542602e-07
0.230000000000001	3.15931223483024e-07
0.250000000000001	3.43923043880826e-07
0.270000000000001	3.74736070159636e-07
0.290000000000001	4.08720573729971e-07
0.310000000000001	4.46280782334252e-07
0.330000000000001	4.87884984501773e-07
0.350000000000001	5.3407788978989e-07
0.370000000000001	5.85495835595144e-07
0.390000000000001	6.42885610522144e-07
0.410000000000001	7.07127905822127e-07
0.430000000000001	7.79266734900864e-07
0.450000000000001	8.60546612000457e-07
0.470000000000001	9.52459907069416e-07
0.490000000000001	1.0568076719043e-06
0.510000000000001	1.17577847907146e-06
0.530000000000001	1.31205160696537e-06
0.550000000000001	1.46893351563817e-06
0.570000000000001	1.65054041985809e-06
0.590000000000001	1.86204556879677e-06
0.610000000000001	2.11001871370678e-06
0.630000000000001	2.4028990674854e-06
0.650000000000001	2.75166504530912e-06
0.670000000000001	3.17079984820474e-06
0.690000000000001	3.67971163965438e-06
0.710000000000001	4.30486948064078e-06
0.730000000000001	5.08309749905179e-06
0.750000000000001	6.06680226547833e-06
0.770000000000001	7.33254300532793e-06
0.790000000000001	8.99562262463068e-06
0.810000000000001	1.12360509623017e-05
0.830000000000001	1.43472308216332e-05
0.850000000000001	1.88332244637519e-05
0.870000000000001	2.56188862883724e-05
0.890000000000001	3.65512275488718e-05
0.910000000000001	5.57629103577976e-05
0.930000000000001	9.41200686154603e-05
0.950000000000001	0.000188318452240346
0.970000000000001	0.000533892135012797
0.990000000000001	0.00490308389070309
