# Program settings for SigmaNu
# Electroweak scheme and input parameters
# Scheme = Complex mass scheme
# alpha_GF = 0.00755898078237864
# Pole masses/widths for particles [GeV]
# mw = 80.35797361
# gw = 2.084298894
# mz = 91.15348062
# gz = 2.494266379
# s^2_thetaw (derived) = (0.222868505240788,-0.00110716741475141)
# charged leptons
# m_e = 0.0005109989461
# m_m = 0.10565837
# m_t = 1.77686
# quarks
# m_d = 0.05
# m_u = 0.05
# m_s = 0.2
# m_c = 1.51
# m_b = 4.92
# m_t = 173
# Ecms (default) = 1599290

# channel_id = 6
# process  = nu_e nu_mu~ -> nu_e nu_mu~
-0.99	2.87541815685302e-12
-0.97	2.64068878300884e-11
-0.95	7.48648483986098e-11
-0.93	1.49792002091726e-10
-0.91	2.52828162228831e-10
-0.89	3.85717128893756e-10
-0.87	5.50314118520068e-10
-0.85	7.48593797925076e-10
-0.83	9.82658978510819e-10
-0.81	1.25475003212263e-09
-0.79	1.56725509649478e-09
-0.77	1.92272114540319e-09
-0.75	2.32386600668503e-09
-0.73	2.77359142028367e-09
-0.71	3.274997238564e-09
-0.69	3.83139688246013e-09
-0.67	4.44633417973435e-09
-0.65	5.12360172593189e-09
-0.63	5.86726092473269e-09
-0.61	6.68166388258169e-09
-0.59	7.57147735301666e-09
-0.57	8.54170894934609e-09
-0.55	9.59773587065128e-09
-0.53	1.07453364159524e-08
-0.51	1.19907245953171e-08
-0.49	1.33405881853182e-08
-0.47	1.48021306202852e-08
-0.45	1.63831171610803e-08
-0.429999999999999	1.8091925840654e-08
-0.409999999999999	1.99376037515488e-08
-0.389999999999999	2.19299293161866e-08
-0.369999999999999	2.40794812677975e-08
-0.349999999999999	2.63977151701239e-08
-0.329999999999999	2.88970484198011e-08
-0.309999999999999	3.15909548092459e-08
-0.289999999999999	3.44940698831437e-08
-0.269999999999999	3.76223085019928e-08
-0.249999999999999	4.09929962361698e-08
-0.229999999999999	4.46250164590389e-08
-0.209999999999999	4.85389752942682e-08
-0.189999999999999	5.27573869085948e-08
-0.169999999999999	5.73048820363154e-08
-0.149999999999999	6.22084430872926e-08
-0.129999999999999	6.74976697403093e-08
-0.109999999999999	7.32050795752889e-08
-0.0899999999999994	7.93664490722171e-08
-0.0699999999999994	8.60212012273298e-08
-0.0499999999999994	9.3212847140055e-08
-0.0299999999999994	1.00989490246676e-07
-0.00999999999999938	1.09404403467591e-07
0.0100000000000006	1.18516691455384e-07
0.0300000000000006	1.28392052457021e-07
0.0500000000000006	1.39103657131466e-07
0.0700000000000006	1.50733165115157e-07
0.0900000000000006	1.63371904356115e-07
0.110000000000001	1.77122243439403e-07
0.130000000000001	1.92099193553735e-07
0.150000000000001	2.08432284725588e-07
0.170000000000001	2.26267770892839e-07
0.190000000000001	2.45771230851652e-07
0.210000000000001	2.67130647804333e-07
0.230000000000001	2.90560070106475e-07
0.250000000000001	3.16303981111704e-07
0.270000000000001	3.44642538415172e-07
0.290000000000001	3.75897884553689e-07
0.310000000000001	4.10441785382237e-07
0.330000000000001	4.48704923081231e-07
0.350000000000001	4.91188263796988e-07
0.370000000000001	5.38477043255659e-07
0.390000000000001	5.91258078503893e-07
0.410000000000001	6.50341336057688e-07
0.430000000000001	7.16686988849252e-07
0.450000000000001	7.91439609240007e-07
0.470000000000001	8.75971721013613e-07
0.490000000000001	9.71939740817512e-07
0.510000000000001	1.08135648585146e-06
0.530000000000001	1.20668607255347e-06
0.550000000000001	1.35096943261055e-06
0.570000000000001	1.51799222431741e-06
0.590000000000001	1.71251225423793e-06
0.610000000000001	1.94057168361459e-06
0.630000000000001	2.20993200647384e-06
0.650000000000001	2.53069000611547e-06
0.670000000000001	2.91616579659656e-06
0.690000000000001	3.38420895073343e-06
0.710000000000001	3.95916290689818e-06
0.730000000000001	4.67489459709002e-06
0.750000000000001	5.57960203346947e-06
0.770000000000001	6.74369628164416e-06
0.790000000000001	8.27322074063777e-06
0.810000000000001	1.03337293921735e-05
0.830000000000001	1.31950630554632e-05
0.850000000000001	1.73208048052968e-05
0.870000000000001	2.35615377547508e-05
0.890000000000001	3.36159472175317e-05
0.910000000000001	5.12848180837174e-05
0.930000000000001	8.65616694570997e-05
0.950000000000001	0.000173195365887296
0.970000000000001	0.000491017443945278
0.990000000000001	0.00450933764273081
