# Program settings for SigmaNu
# Electroweak scheme and input parameters
# Scheme = Complex mass scheme
# alpha_GF = 0.00755898078237864
# Pole masses/widths for particles [GeV]
# mw = 80.35797361
# gw = 2.084298894
# mz = 91.15348062
# gz = 2.494266379
# s^2_thetaw (derived) = (0.222868505240788,-0.00110716741475141)
# charged leptons
# m_e = 0.0005109989461
# m_m = 0.10565837
# m_t = 1.77686
# quarks
# m_d = 0.05
# m_u = 0.05
# m_s = 0.2
# m_c = 1.51
# m_b = 4.92
# m_t = 173
# Ecms (default) = 134812

# channel_id = 6
# process  = nu_e nu_mu~ -> nu_e nu_mu~
-0.99	4.04667153506241e-10
-0.97	3.71632905172605e-09
-0.95	1.05359787270995e-08
-0.93	2.10807256817872e-08
-0.91	3.55813461709885e-08
-0.89	5.42832508380275e-08
-0.87	7.74475303030163e-08
-0.85	1.05352085817422e-07
-0.83	1.38292852825943e-07
-0.81	1.76585126089436e-07
-0.79	2.20564995928825e-07
-0.77	2.70590906161856e-07
-0.75	3.2704534543599e-07
-0.73	3.90336684927215e-07
-0.71	4.60901176793977e-07
-0.69	5.39205129368165e-07
-0.67	6.25747276854743e-07
-0.65	7.21061363324885e-07
-0.63	8.25718963055651e-07
-0.61	9.4033256182777e-07
-0.59	1.06555892668342e-06
-0.57	1.20210279491559e-06
-0.55	1.35072091676493e-06
-0.53	1.51222649050317e-06
-0.51	1.68749403335817e-06
-0.49	1.87746473717241e-06
-0.47	2.08315236388378e-06
-0.45	2.30564974299483e-06
-0.429999999999999	2.54613594129203e-06
-0.409999999999999	2.80588418435267e-06
-0.389999999999999	3.08627062002613e-06
-0.369999999999999	3.3887840263229e-06
-0.349999999999999	3.7150365802569e-06
-0.329999999999999	4.06677582047888e-06
-0.309999999999999	4.44589795538721e-06
-0.289999999999999	4.85446269025208e-06
-0.269999999999999	5.29470977227313e-06
-0.249999999999999	5.7690774820449e-06
-0.229999999999999	6.28022333439232e-06
-0.209999999999999	6.83104729187815e-06
-0.189999999999999	7.42471784158148e-06
-0.169999999999999	8.06470134134047e-06
-0.149999999999999	8.75479510716584e-06
-0.129999999999999	9.49916479093994e-06
-0.109999999999999	1.03023866892299e-05
-0.0899999999999994	1.11694957330148e-05
-0.0699999999999994	1.2106040037985e-05
-0.0499999999999994	1.31181430502888e-05
-0.0299999999999994	1.42125745087163e-05
-0.00999999999999938	1.5396831668205e-05
0.0100000000000006	1.66792324998028e-05
0.0300000000000006	1.80690229095836e-05
0.0500000000000006	1.95765004169979e-05
0.0700000000000006	2.12131572188289e-05
0.0900000000000006	2.29918461599876e-05
0.110000000000001	2.49269738644603e-05
0.130000000000001	2.70347261842229e-05
0.150000000000001	2.93333322464899e-05
0.170000000000001	3.1843374779345e-05
0.190000000000001	3.45881561495599e-05
0.210000000000001	3.75941317550579e-05
0.230000000000001	4.08914252109099e-05
0.250000000000001	4.4514443328268e-05
0.270000000000001	4.85026134457566e-05
0.290000000000001	5.29012715493532e-05
0.310000000000001	5.77627372390858e-05
0.330000000000001	6.3147621555492e-05
0.350000000000001	6.91264267736118e-05
0.370000000000001	7.57815146298283e-05
0.390000000000001	8.32095426412909e-05
0.410000000000001	9.15244994381189e-05
0.430000000000001	0.000100861512544773
0.450000000000001	0.000111381660433448
0.470000000000001	0.000123278101683788
0.490000000000001	0.000136783947731531
0.510000000000001	0.000152182467013172
0.530000000000001	0.000169820440232061
0.550000000000001	0.000190125824447967
0.570000000000001	0.000213631383525974
0.590000000000001	0.00024100669355194
0.610000000000001	0.000273102080113382
0.630000000000001	0.000311009833384026
0.650000000000001	0.000356150892485211
0.670000000000001	0.000410399820616551
0.690000000000001	0.000476268617821691
0.710000000000001	0.000557183173723191
0.730000000000001	0.000657909629287632
0.750000000000001	0.000785230951044583
0.770000000000001	0.000949056163630295
0.790000000000001	0.00116430884572607
0.810000000000001	0.0014542875099514
0.830000000000001	0.00185696693728903
0.850000000000001	0.00243758714229734
0.870000000000001	0.00331585022593091
0.890000000000001	0.00473081019896011
0.910000000000001	0.0072173438671801
0.930000000000001	0.0121818065541537
0.950000000000001	0.0243734965622684
0.970000000000001	0.0690983975985518
0.990000000000001	0.634499438596944
