# Program settings for SigmaNu
# Electroweak scheme and input parameters
# Scheme = Complex mass scheme
# alpha_GF = 0.00755898078237864
# Pole masses/widths for particles [GeV]
# mw = 80.35797361
# gw = 2.084298894
# mz = 91.15348062
# gz = 2.494266379
# s^2_thetaw (derived) = (0.222868505240788,-0.00110716741475141)
# charged leptons
# m_e = 0.0005109989461
# m_m = 0.10565837
# m_t = 1.77686
# quarks
# m_d = 0.05
# m_u = 0.05
# m_s = 0.2
# m_c = 1.51
# m_b = 4.92
# m_t = 173
# Ecms (default) = 6.57904e-09

# channel_id = 6
# process  = nu_e nu_mu~ -> nu_e nu_mu~
-0.99	4.5615095484058e-24
-0.97	4.10535859356522e-23
-0.95	1.14037738710145e-22
-0.93	2.23513967871884e-22
-0.91	3.69482273420869e-22
-0.89	5.51942655357101e-22
-0.87	7.70895113680579e-22
-0.85	1.0263396483913e-21
-0.83	1.31827625948927e-21
-0.81	1.64670494697449e-21
-0.79	2.01162571084695e-21
-0.77	2.41303855110666e-21
-0.75	2.85094346775362e-21
-0.73	3.32534046078782e-21
-0.71	3.83622953020927e-21
-0.69	4.38361067601796e-21
-0.67	4.9674838982139e-21
-0.65	5.58784919679709e-21
-0.63	6.24470657176753e-21
-0.61	6.9380560231252e-21
-0.59	7.66789755087013e-21
-0.57	8.4342311550023e-21
-0.55	9.23705683552172e-21
-0.53	1.00763745924284e-20
-0.51	1.09521844257223e-20
-0.49	1.18644863354035e-20
-0.47	1.28132803214719e-20
-0.45	1.37985663839275e-20
-0.429999999999999	1.48203445227704e-20
-0.409999999999999	1.58786147380006e-20
-0.389999999999999	1.69733770296179e-20
-0.369999999999999	1.81046313976226e-20
-0.349999999999999	1.92723778420145e-20
-0.329999999999999	2.04766163627936e-20
-0.309999999999999	2.171734695996e-20
-0.289999999999999	2.29945696335136e-20
-0.269999999999999	2.43082843834544e-20
-0.249999999999999	2.56584912097826e-20
-0.229999999999999	2.70451901124979e-20
-0.209999999999999	2.84683810916005e-20
-0.189999999999999	2.99280641470904e-20
-0.169999999999999	3.14242392789675e-20
-0.149999999999999	3.29569064872318e-20
-0.129999999999999	3.45260657718834e-20
-0.109999999999999	3.61317171329222e-20
-0.0899999999999994	3.77738605703483e-20
-0.0699999999999994	3.94524960841616e-20
-0.0499999999999994	4.11676236743622e-20
-0.0299999999999994	4.291924334095e-20
-0.00999999999999938	4.47073550839251e-20
0.0100000000000006	4.65319589032874e-20
0.0300000000000006	4.8393054799037e-20
0.0500000000000006	5.02906427711738e-20
0.0700000000000006	5.22247228196978e-20
0.0900000000000006	5.41952949446091e-20
0.110000000000001	5.62023591459077e-20
0.130000000000001	5.82459154235935e-20
0.150000000000001	6.03259637776665e-20
0.170000000000001	6.24425042081268e-20
0.190000000000001	6.45955367149743e-20
0.210000000000001	6.67850612982091e-20
0.230000000000001	6.90110779578311e-20
0.250000000000001	7.12735866938404e-20
0.270000000000001	7.35725875062369e-20
0.290000000000001	7.59080803950206e-20
0.310000000000001	7.82800653601917e-20
0.330000000000001	8.06885424017499e-20
0.350000000000001	8.31335115196954e-20
0.370000000000001	8.56149727140282e-20
0.390000000000001	8.81329259847481e-20
0.410000000000001	9.06873713318554e-20
0.430000000000001	9.32783087553499e-20
0.450000000000001	9.59057382552316e-20
0.470000000000001	9.85696598315006e-20
0.490000000000001	1.01270073484157e-19
0.510000000000001	1.040069792132e-19
0.530000000000001	1.06780377018631e-19
0.550000000000001	1.09590266900449e-19
0.570000000000001	1.12436648858654e-19
0.590000000000001	1.15319522893247e-19
0.610000000000001	1.18238889004226e-19
0.630000000000001	1.21194747191593e-19
0.650000000000001	1.24187097455347e-19
0.670000000000001	1.27215939795489e-19
0.690000000000001	1.30281274212018e-19
0.710000000000001	1.33383100704934e-19
0.730000000000001	1.36521419274237e-19
0.750000000000001	1.39696229919927e-19
0.770000000000001	1.42907532642005e-19
0.790000000000001	1.4615532744047e-19
0.810000000000001	1.49439614315322e-19
0.830000000000001	1.52760393266561e-19
0.850000000000001	1.56117664294188e-19
0.870000000000001	1.59511427398202e-19
0.890000000000001	1.62941682578603e-19
0.910000000000001	1.66408429835391e-19
0.930000000000001	1.69911669168567e-19
0.950000000000001	1.7345140057813e-19
0.970000000000001	1.7702762406408e-19
0.990000000000001	1.80640339626417e-19
