# Program settings for SigmaNu
# Electroweak scheme and input parameters
# Scheme = Complex mass scheme
# alpha_GF = 0.00755898078237864
# Pole masses/widths for particles [GeV]
# mw = 80.35797361
# gw = 2.084298894
# mz = 91.15348062
# gz = 2.494266379
# s^2_thetaw (derived) = (0.222868505240788,-0.00110716741475141)
# charged leptons
# m_e = 0.0005109989461
# m_m = 0.10565837
# m_t = 1.77686
# quarks
# m_d = 0.05
# m_u = 0.05
# m_s = 0.2
# m_c = 1.51
# m_b = 4.92
# m_t = 173
# Ecms (default) = 231420

# channel_id = 6
# process  = nu_e nu_mu~ -> nu_e nu_mu~
-0.99	1.37326244385594e-10
-0.97	1.26115873329036e-09
-0.95	3.57544810593377e-09
-0.93	7.15387180886257e-09
-0.91	1.20747451868986e-08
-0.89	1.84213498562736e-08
-0.87	2.6282288531816e-08
-0.85	3.57518687218042e-08
-0.83	4.6930517951519e-08
-0.81	5.99252334522026e-08
-0.79	7.48500695596438e-08
-0.77	9.18266664100283e-08
-0.75	1.1098482390464e-07
-0.73	1.32463125344799e-07
-0.71	1.56409615620099e-07
-0.69	1.8298253937353e-07
-0.67	2.12351145174393e-07
-0.65	2.44696562413125e-07
-0.63	2.8021275840189e-07
-0.61	3.19107584033022e-07
-0.59	3.61603917328295e-07
-0.57	4.07940915321541e-07
-0.55	4.58375385974272e-07
-0.53	5.13183293250276e-07
-0.51	5.7266141009603e-07
-0.49	6.37129135918609e-07
-0.47	7.06930497255939e-07
-0.45	7.82436352735884e-07
-0.429999999999999	8.64046826167902e-07
-0.409999999999999	9.52193994758928e-07
-0.389999999999999	1.04734486305895e-06
-0.369999999999999	1.15000465739777e-06
-0.349999999999999	1.26072048036352e-06
-0.329999999999999	1.38008537040229e-06
-0.309999999999999	1.50874281801471e-06
-0.289999999999999	1.64739179744023e-06
-0.269999999999999	1.79679238133382e-06
-0.249999999999999	1.95777201596965e-06
-0.229999999999999	2.13123254620981e-06
-0.209999999999999	2.31815809316564e-06
-0.189999999999999	2.51962390353e-06
-0.169999999999999	2.73680630842514e-06
-0.149999999999999	2.97099395184301e-06
-0.129999999999999	3.22360047502412e-06
-0.109999999999999	3.49617887424478e-06
-0.0899999999999994	3.79043778646267e-06
-0.0699999999999994	4.10826000133924e-06
-0.0499999999999994	4.45172355083109e-06
-0.0299999999999994	4.82312579070272e-06
-0.00999999999999938	5.22501096429232e-06
0.0100000000000006	5.66020183057475e-06
0.0300000000000006	6.1318360496578e-06
0.0500000000000006	6.64340815390746e-06
0.0700000000000006	7.19881809771989e-06
0.0900000000000006	7.80242758089783e-06
0.110000000000001	8.45912558902481e-06
0.130000000000001	9.17440490118151e-06
0.150000000000001	9.95445169629448e-06
0.170000000000001	1.08062508644009e-05
0.190000000000001	1.17377102242646e-05
0.210000000000001	1.27578075983016e-05
0.230000000000001	1.38767656447655e-05
0.250000000000001	1.51062605554324e-05
0.270000000000001	1.64596722745399e-05
0.290000000000001	1.79523858889729e-05
0.310000000000001	1.96021564263845e-05
0.330000000000001	2.14295526761179e-05
0.350000000000001	2.34585000916377e-05
0.370000000000001	2.57169487236123e-05
0.390000000000001	2.82377000040096e-05
0.410000000000001	3.10594368100859e-05
0.430000000000001	3.42280156653885e-05
0.450000000000001	3.77980997488607e-05
0.470000000000001	4.18352388751081e-05
0.490000000000001	4.64185411764722e-05
0.510000000000001	5.1644135964526e-05
0.530000000000001	5.76297059522651e-05
0.550000000000001	6.45204817138691e-05
0.570000000000001	7.24972608823756e-05
0.590000000000001	8.17872694690992e-05
0.610000000000001	9.26790723729695e-05
0.630000000000001	0.000105543347276841
0.650000000000001	0.000120862301790003
0.670000000000001	0.000139272084942857
0.690000000000001	0.000161625165830306
0.710000000000001	0.00018908415059353
0.730000000000001	0.0002232664726372
0.750000000000001	0.000266473995208287
0.770000000000001	0.000322069441527222
0.790000000000001	0.000395117277218053
0.810000000000001	0.000493524094838206
0.830000000000001	0.000630177049704887
0.850000000000001	0.000827216090083811
0.870000000000001	0.00112526358971124
0.890000000000001	0.00160544569232962
0.910000000000001	0.00244928065476194
0.930000000000001	0.00413403852096999
0.950000000000001	0.00827148820971845
0.970000000000001	0.0234498889452321
0.990000000000001	0.215347102500825
