# Program settings for SigmaNu
# Electroweak scheme and input parameters
# Scheme = Complex mass scheme
# alpha_GF = 0.00755898078237864
# Pole masses/widths for particles [GeV]
# mw = 80.35797361
# gw = 2.084298894
# mz = 91.15348062
# gz = 2.494266379
# s^2_thetaw (derived) = (0.222868505240788,-0.00110716741475141)
# charged leptons
# m_e = 0.0005109989461
# m_m = 0.10565837
# m_t = 1.77686
# quarks
# m_d = 0.05
# m_u = 0.05
# m_s = 0.2
# m_c = 1.51
# m_b = 4.92
# m_t = 173
# Ecms (default) = 324323

# channel_id = 6
# process  = nu_e nu_mu~ -> nu_e nu_mu~
-0.99	6.99197538716617e-11
-0.97	6.42119856669191e-10
-0.95	1.82044192245452e-09
-0.93	3.64239887811198e-09
-0.91	6.14786504008201e-09
-0.89	9.3792433058147e-09
-0.87	1.33816458143266e-08
-0.85	1.82030893047555e-08
-0.83	2.38947065277803e-08
-0.81	3.05109752051319e-08
-0.79	3.81099661889948e-08
-0.77	4.67536126479472e-08
-0.75	5.65080023015774e-08
-0.73	6.74436949447449e-08
-0.71	7.96360677477037e-08
-0.69	9.31656910935126e-08
-0.67	1.08118738023368e-07
-0.65	1.24587430708369e-07
-0.63	1.42670527758117e-07
-0.61	1.62473856618634e-07
-0.59	1.84110895811477e-07
-0.57	2.07703412330887e-07
-0.55	2.33382160155847e-07
-0.53	2.61287646560157e-07
-0.51	2.91570973728905e-07
-0.49	3.24394764128982e-07
-0.47	3.59934179152162e-07
-0.45	3.98378041772037e-07
-0.429999999999999	4.39930075354868e-07
-0.409999999999999	4.84810272367189e-07
-0.389999999999999	5.33256408562955e-07
-0.369999999999999	5.85525720349116e-07
-0.349999999999999	6.41896765466762e-07
-0.329999999999999	7.02671489940141e-07
-0.309999999999999	7.68177527502446e-07
-0.289999999999999	8.38770761482669e-07
-0.269999999999999	9.14838183523685e-07
-0.249999999999999	9.96801088608294e-07
-0.229999999999999	1.0851186518289e-06
-0.209999999999999	1.18029193930654e-06
-0.189999999999999	1.28286841383721e-06
-0.169999999999999	1.39344700544917e-06
-0.149999999999999	1.51268382837467e-06
-0.129999999999999	1.64129863931429e-06
-0.109999999999999	1.78008214771902e-06
-0.0899999999999994	1.92990430764346e-06
-0.0699999999999994	2.0917237431613e-06
-0.0499999999999994	2.26659848615289e-06
-0.0299999999999994	2.45569823743293e-06
-0.00999999999999938	2.66031840087122e-06
0.0100000000000006	2.88189618685506e-06
0.0300000000000006	3.12202913800425e-06
0.0500000000000006	3.38249649881558e-06
0.0700000000000006	3.66528393483322e-06
0.0900000000000006	3.97261220975894e-06
0.110000000000001	4.30697055540801e-06
0.130000000000001	4.67115562570065e-06
0.150000000000001	5.06831711983849e-06
0.170000000000001	5.50201140165867e-06
0.190000000000001	5.97626474518059e-06
0.210000000000001	6.49564821798141e-06
0.230000000000001	7.06536669721632e-06
0.250000000000001	7.69136512830308e-06
0.270000000000001	8.38045592420832e-06
0.290000000000001	9.14047241864458e-06
0.310000000000001	9.98045460350465e-06
0.330000000000001	1.09108751008667e-05
0.350000000000001	1.1943915582492e-05
0.370000000000001	1.30938068488603e-05
0.390000000000001	1.43772497874355e-05
0.410000000000001	1.58139398311962e-05
0.430000000000001	1.74272248846316e-05
0.450000000000001	1.92449367727213e-05
0.470000000000001	2.13004502660021e-05
0.490000000000001	2.36340433715875e-05
0.510000000000001	2.62946604545272e-05
0.530000000000001	2.93422198260196e-05
0.550000000000001	3.28506658324886e-05
0.570000000000001	3.69120518436785e-05
0.590000000000001	4.16420703123995e-05
0.610000000000001	4.71876444872087e-05
0.630000000000001	5.37375054803758e-05
0.650000000000001	6.15371700626872e-05
0.670000000000001	7.09105345608155e-05
0.690000000000001	8.22916350735128e-05
0.710000000000001	9.62724145918765e-05
0.730000000000001	0.000113676392353066
0.750000000000001	0.000135675566543486
0.770000000000001	0.00016398207465321
0.790000000000001	0.000201174500489246
0.810000000000001	0.000251278504238586
0.830000000000001	0.000320855613695278
0.850000000000001	0.000421178444658621
0.870000000000001	0.000572930002567571
0.890000000000001	0.000817415941392881
0.910000000000001	0.00124705699716947
0.930000000000001	0.00210485745662932
0.950000000000001	0.00421145904969275
0.970000000000001	0.0119396468466132
0.990000000000001	0.109647451757233
