# Program settings for SigmaNu
# Electroweak scheme and input parameters
# Scheme = Complex mass scheme
# alpha_GF = 0.00755898078237864
# Pole masses/widths for particles [GeV]
# mw = 80.35797361
# gw = 2.084298894
# mz = 91.15348062
# gz = 2.494266379
# s^2_thetaw (derived) = (0.222868505240788,-0.00110716741475141)
# charged leptons
# m_e = 0.0005109989461
# m_m = 0.10565837
# m_t = 1.77686
# quarks
# m_d = 0.05
# m_u = 0.05
# m_s = 0.2
# m_c = 1.51
# m_b = 4.92
# m_t = 173
# Ecms (default) = 394915

# channel_id = 6
# process  = nu_e nu_mu~ -> nu_e nu_mu~
-0.99	4.71572152393097e-11
-0.97	4.33076242829089e-10
-0.95	1.22779281827061e-09
-0.93	2.45660744850224e-09
-0.91	4.14641327424015e-09
-0.89	6.3258088318743e-09
-0.87	9.02521989957084e-09
-0.85	1.22770312564062e-08
-0.83	1.61157292683194e-08
-0.81	2.05780563093358e-08
-0.79	2.57031781321134e-08
-0.77	3.15328654197906e-08
-0.75	3.81116908829629e-08
-0.73	4.54872434132025e-08
-0.71	5.37103609699473e-08
-0.69	6.28353840631939e-08
-0.67	7.29204319029787e-08
-0.65	8.40277035212543e-08
-0.63	9.62238064360775e-08
-0.61	1.09580115726187e-07
-0.59	1.24173166720865e-07
-0.57	1.40085084891016e-07
-0.55	1.57404056959049e-07
-0.53	1.76224847735002e-07
-0.51	1.96649367742873e-07
-0.49	2.18787297334702e-07
-0.47	2.42756773712114e-07
-0.45	2.68685148099784e-07
-0.429999999999999	2.9670982125865e-07
-0.409999999999999	3.26979166607706e-07
-0.389999999999999	3.59653551464157e-07
-0.369999999999999	3.94906468338889e-07
-0.349999999999999	4.32925789868746e-07
-0.329999999999999	4.73915162865702e-07
-0.309999999999999	5.18095559159488e-07
-0.289999999999999	5.6570700345651e-07
-0.269999999999999	6.17010501395941e-07
-0.249999999999999	6.72290194427981e-07
-0.229999999999999	7.31855772158282e-07
-0.209999999999999	7.96045177503453e-07
-0.189999999999999	8.65227645514319e-07
-0.169999999999999	9.39807123202173e-07
-0.149999999999999	1.02022612533781e-06
-0.129999999999999	1.10697009021378e-06
-0.109999999999999	1.20057231004818e-06
-0.0899999999999994	1.30161952340696e-06
-0.0699999999999994	1.41075827215484e-06
-0.0499999999999994	1.52870214353284e-06
-0.0299999999999994	1.65624003964924e-06
-0.00999999999999938	1.79424564276193e-06
0.0100000000000006	1.94368827622388e-06
0.0300000000000006	2.1056453991116e-06
0.0500000000000006	2.28131701893604e-06
0.0700000000000006	2.47204236343388e-06
0.0900000000000006	2.67931922178323e-06
0.110000000000001	2.9048264508991e-06
0.130000000000001	3.15045024787001e-06
0.150000000000001	3.41831492041248e-06
0.170000000000001	3.71081905033083e-06
0.190000000000001	4.03067814934278e-06
0.210000000000001	4.38097516401447e-06
0.230000000000001	4.76522051242868e-06
0.250000000000001	5.18742375013267e-06
0.270000000000001	5.6521794943216e-06
0.290000000000001	6.16477092002927e-06
0.310000000000001	6.7312950303572e-06
0.330000000000001	7.35881506282915e-06
0.350000000000001	8.05554691995607e-06
0.370000000000001	8.83108853484945e-06
0.390000000000001	9.6967037856715e-06
0.410000000000001	1.06656762156358e-05
0.430000000000001	1.17537527698797e-05
0.450000000000001	1.29797045645764e-05
0.470000000000001	1.43660411443032e-05
0.490000000000001	1.59399279276563e-05
0.510000000000001	1.773437534103e-05
0.530000000000001	1.97897951670485e-05
0.550000000000001	2.21560590202312e-05
0.570000000000001	2.48952521106223e-05
0.590000000000001	2.80854029822933e-05
0.610000000000001	3.18256037300169e-05
0.630000000000001	3.62431436836135e-05
0.650000000000001	4.15036111549942e-05
0.670000000000001	4.78254574045107e-05
0.690000000000001	5.5501417264435e-05
0.710000000000001	6.49307255934702e-05
0.730000000000001	7.66688034527826e-05
0.750000000000001	9.15061029505815e-05
0.770000000000001	0.000110597372278822
0.790000000000001	0.000135681733008748
0.810000000000001	0.000169474285249706
0.830000000000001	0.000216400441524472
0.850000000000001	0.00028406300169841
0.870000000000001	0.000386411592347336
0.890000000000001	0.000551304765940477
0.910000000000001	0.000841075606671277
0.930000000000001	0.00141961822469132
0.950000000000001	0.00284041444941224
0.970000000000001	0.00805269421774107
0.990000000000001	0.0739522254803139
