# Program settings for SigmaNu
# Electroweak scheme and input parameters
# Scheme = Complex mass scheme
# alpha_GF = 0.00755898078237864
# Pole masses/widths for particles [GeV]
# mw = 80.35797361
# gw = 2.084298894
# mz = 91.15348062
# gz = 2.494266379
# s^2_thetaw (derived) = (0.222868505240788,-0.00110716741475141)
# charged leptons
# m_e = 0.0005109989461
# m_m = 0.10565837
# m_t = 1.77686
# quarks
# m_d = 0.05
# m_u = 0.05
# m_s = 0.2
# m_c = 1.51
# m_b = 4.92
# m_t = 173
# Ecms (default) = 166831

# channel_id = 6
# process  = nu_e nu_mu~ -> nu_e nu_mu~
-0.99	2.64241904238622e-10
-0.97	2.42671010008103e-09
-0.95	6.87984452396361e-09
-0.93	1.37654146224772e-08
-0.91	2.32341140409153e-08
-0.89	3.54461924755668e-08
-0.87	5.05721384286208e-08
-0.85	6.8793417509939e-08
-0.83	9.03032714060228e-08
-0.81	1.15307583166955e-07
-0.79	1.44025815053817e-07
-0.77	1.76692025849861e-07
-0.75	2.13555975277546e-07
-0.73	2.54884323990502e-07
-0.71	3.00961938536396e-07
-0.69	3.5209331172668e-07
-0.67	4.08604110017824e-07
-0.65	4.70842860823288e-07
-0.63	5.39182794156565e-07
-0.61	6.14023854676309e-07
-0.59	6.95794902091917e-07
-0.57	7.84956120023001e-07
-0.55	8.82001655825054e-07
-0.53	9.87462516638171e-07
-0.51	1.10190975003455e-06
-0.49	1.22595794119024e-06
-0.47	1.36026906255368e-06
-0.45	1.50555671660445e-06
-0.429999999999999	1.66259081758228e-06
-0.409999999999999	1.83220276412327e-06
-0.389999999999999	2.01529116169395e-06
-0.369999999999999	2.212828161711e-06
-0.349999999999999	2.42586649344916e-06
-0.329999999999999	2.65554727547875e-06
-0.309999999999999	2.90310870568186e-06
-0.289999999999999	3.16989574316401e-06
-0.269999999999999	3.45737091195337e-06
-0.249999999999999	3.76712637567836e-06
-0.229999999999999	4.10089745493443e-06
-0.209999999999999	4.4605777853922e-06
-0.189999999999999	4.84823634558363e-06
-0.169999999999999	5.266136619605e-06
-0.149999999999999	5.71675820275484e-06
-0.129999999999999	6.20282120867171e-06
-0.109999999999999	6.72731389642449e-06
-0.0899999999999994	7.29352400716474e-06
-0.0699999999999994	7.90507438474658e-06
-0.0499999999999994	8.56596355607383e-06
-0.0299999999999994	9.28061206846595e-06
-0.00999999999999938	1.00539155275326e-05
0.0100000000000006	1.0891305455519e-05
0.0300000000000006	1.17988193038459e-05
0.0500000000000006	1.27831812134464e-05
0.0700000000000006	1.38518954336533e-05
0.0900000000000006	1.50133546989569e-05
0.110000000000001	1.62769663409936e-05
0.130000000000001	1.7653299503752e-05
0.150000000000001	1.91542575629992e-05
0.170000000000001	2.07932807649009e-05
0.190000000000001	2.25855852439936e-05
0.210000000000001	2.4548446022888e-05
0.230000000000001	2.67015334221189e-05
0.250000000000001	2.90673146335317e-05
0.270000000000001	3.16715351882955e-05
0.290000000000001	3.4543798887923e-05
0.310000000000001	3.77182697439504e-05
0.330000000000001	4.12345259721726e-05
0.350000000000001	4.51386046381002e-05
0.370000000000001	4.94842868845775e-05
0.390000000000001	5.43346888181878e-05
0.410000000000001	5.97642435437948e-05
0.430000000000001	6.58611875991601e-05
0.450000000000001	7.27307031672737e-05
0.470000000000001	8.04989203436137e-05
0.490000000000001	8.93180579466249e-05
0.510000000000001	9.93730867028474e-05
0.530000000000001	0.00011089045007827
0.550000000000001	0.000124149598722635
0.570000000000001	0.00013949842087965
0.590000000000001	0.000157374141557933
0.610000000000001	0.000178332013080321
0.630000000000001	0.000203085287854097
0.650000000000001	0.000232561822311461
0.670000000000001	0.000267985684328297
0.690000000000001	0.000310997181027274
0.710000000000001	0.000363833379574399
0.730000000000001	0.0004296065171508
0.750000000000001	0.000512745797369908
0.770000000000001	0.000619721708795986
0.790000000000001	0.00076027919599731
0.810000000000001	0.00094963195940227
0.830000000000001	0.00121257717751939
0.850000000000001	0.00159171601214055
0.870000000000001	0.00216521298544007
0.890000000000001	0.00308916871019871
0.910000000000001	0.00471285477335638
0.930000000000001	0.00795461625232086
0.950000000000001	0.0159157440291812
0.970000000000001	0.0451212123449009
0.990000000000001	0.41434528158903
