# Program settings for SigmaNu
# Electroweak scheme and input parameters
# Scheme = Complex mass scheme
# alpha_GF = 0.00755898078237864
# Pole masses/widths for particles [GeV]
# mw = 80.35797361
# gw = 2.084298894
# mz = 91.15348062
# gz = 2.494266379
# s^2_thetaw (derived) = (0.222868505240788,-0.00110716741475141)
# charged leptons
# m_e = 0.0005109989461
# m_m = 0.10565837
# m_t = 1.77686
# quarks
# m_d = 0.05
# m_u = 0.05
# m_s = 0.2
# m_c = 1.51
# m_b = 4.92
# m_t = 173
# Ecms (default) = 703013

# channel_id = 6
# process  = nu_e nu_mu~ -> nu_e nu_mu~
-0.99	1.48808839684614e-11
-0.97	1.36661108827741e-10
-0.95	3.87441081937243e-10
-0.93	7.7520460644263e-10
-0.91	1.3084380554611e-09
-0.89	1.99616595511736e-09
-0.87	2.84798943418327e-09
-0.85	3.8741278018643e-09
-0.83	5.08546354208669e-09
-0.81	6.49359104251156e-09
-0.79	8.11086940982519e-09
-0.77	9.95047976006748e-09
-0.75	1.20264874143665e-08
-0.73	1.43539094770202e-08
-0.71	1.69487883250621e-08
-0.69	1.982827159702e-08
-0.67	2.3010699334385e-08
-0.65	2.65156990033467e-08
-0.63	3.0364289207754e-08
-0.61	3.45789929983506e-08
-0.59	3.91839617896188e-08
-0.57	4.42051110158028e-08
-0.55	4.96702687939039e-08
-0.53	5.56093390160004e-08
-0.51	6.20544804688843e-08
-0.49	6.90403037789157e-08
-0.47	7.66040882079018e-08
-0.45	8.47860205860495e-08
-0.429999999999999	9.36294589657382e-08
-0.409999999999999	1.03181223920975e-07
-0.389999999999999	1.13491920808993e-07
-0.369999999999999	1.24616296760803e-07
-0.349999999999999	1.36613636686462e-07
-0.329999999999999	1.49548203179947e-07
-0.309999999999999	1.63489725901629e-07
-0.289999999999999	1.78513946819841e-07
-0.269999999999999	1.94703228626501e-07
-0.249999999999999	2.12147234728513e-07
-0.229999999999999	2.30943690484987e-07
-0.209999999999999	2.51199236843634e-07
-0.189999999999999	2.73030389269083e-07
-0.169999999999999	2.96564616900152e-07
-0.149999999999999	3.21941559282303e-07
-0.129999999999999	3.4931440086806e-07
-0.109999999999999	3.78851426850783e-07
-0.0899999999999994	4.10737787904451e-07
-0.0699999999999994	4.45177506177404e-07
-0.0499999999999994	4.82395760595871e-07
-0.0299999999999994	5.22641496377188e-07
-0.00999999999999938	5.66190411885926e-07
0.0100000000000006	6.13348385904229e-07
0.0300000000000006	6.64455420425813e-07
0.0500000000000006	7.19890188718353e-07
0.0700000000000006	7.80075296259412e-07
0.0900000000000006	8.45483384033624e-07
0.110000000000001	9.16644230599822e-07
0.130000000000001	9.94153042598463e-07
0.150000000000001	1.07868016464985e-06
0.170000000000001	1.1709824910646e-06
0.190000000000001	1.27191692627974e-06
0.210000000000001	1.38245632215328e-06
0.230000000000001	1.5037084230848e-06
0.250000000000001	1.63693848086203e-06
0.270000000000001	1.78359636882483e-06
0.290000000000001	1.94534924103778e-06
0.310000000000001	2.12412106246104e-06
0.330000000000001	2.32214070217569e-06
0.350000000000001	2.54200076326243e-06
0.370000000000001	2.78672996123113e-06
0.390000000000001	3.0598827158398e-06
0.410000000000001	3.36565077070039e-06
0.430000000000001	3.70900321854173e-06
0.450000000000001	4.09586345708022e-06
0.470000000000001	4.53333457953314e-06
0.490000000000001	5.02998888307074e-06
0.510000000000001	5.59624311099473e-06
0.530000000000001	6.24484957292004e-06
0.550000000000001	6.99154571588813e-06
0.570000000000001	7.85592310009205e-06
0.590000000000001	8.86260435260559e-06
0.610000000000001	1.00428588995356e-05
0.630000000000001	1.14368540668155e-05
0.650000000000001	1.30968427811313e-05
0.670000000000001	1.50917593662758e-05
0.690000000000001	1.75139790225732e-05
0.710000000000001	2.04894840333095e-05
0.730000000000001	2.4193542708281e-05
0.750000000000001	2.88755896241996e-05
0.770000000000001	3.49000164413554e-05
0.790000000000001	4.28156194060218e-05
0.810000000000001	5.34791741376619e-05
0.830000000000001	6.8287161818777e-05
0.850000000000001	8.96387190625088e-05
0.870000000000001	0.000121935785876962
0.890000000000001	0.00017396940189581
0.910000000000001	0.000265409393129486
0.930000000000001	0.000447974216549333
0.950000000000001	0.000896320909431408
0.970000000000001	0.00254111235183203
0.990000000000001	0.0233366294389177
