# Program settings for SigmaNu
# Electroweak scheme and input parameters
# Scheme = Complex mass scheme
# alpha_GF = 0.00755898078237864
# Pole masses/widths for particles [GeV]
# mw = 80.35797361
# gw = 2.084298894
# mz = 91.15348062
# gz = 2.494266379
# s^2_thetaw (derived) = (0.222868505240788,-0.00110716741475141)
# charged leptons
# m_e = 0.0005109989461
# m_m = 0.10565837
# m_t = 1.77686
# quarks
# m_d = 0.05
# m_u = 0.05
# m_s = 0.2
# m_c = 1.51
# m_b = 4.92
# m_t = 173
# Ecms (default) = 192786

# channel_id = 6
# process  = nu_e nu_mu~ -> nu_e nu_mu~
-0.99	1.97881082200053e-10
-0.97	1.81727429988115e-09
-0.95	5.1520635529065e-09
-0.93	1.0308414795292e-08
-0.91	1.73991769876281e-08
-0.89	2.65443552682296e-08
-0.87	3.78716222433994e-08
-0.85	5.1516870874721e-08
-0.83	6.76248127978039e-08
-0.81	8.63496263041501e-08
-0.79	1.0785565866092e-07
-0.77	1.32318187938216e-07
-0.75	1.5992425006678e-07
-0.73	1.9087353746828e-07
-0.71	2.25379376294487e-07
-0.69	2.63669790090479e-07
-0.67	3.05988658572123e-07
-0.65	3.52596981192608e-07
-0.63	4.03774256281913e-07
-0.61	4.598199877942e-07
-0.59	5.21055333111528e-07
-0.57	5.87824906951095e-07
-0.55	6.60498758234701e-07
-0.53	7.39474538834349e-07
-0.51	8.25179885443539e-07
-0.49	9.18075038482125e-07
-0.47	1.01865572497316e-06
-0.45	1.12745633579085e-06
-0.429999999999999	1.24505343163734e-06
-0.409999999999999	1.37206961664214e-06
-0.389999999999999	1.50917782368528e-06
-0.369999999999999	1.65710606153393e-06
-0.349999999999999	1.8166426807831e-06
-0.329999999999999	1.98864222355776e-06
-0.309999999999999	2.17403193115079e-06
-0.289999999999999	2.3738189944555e-06
-0.269999999999999	2.58909864446437e-06
-0.249999999999999	2.82106319455736e-06
-0.229999999999999	3.07101216316817e-06
-0.209999999999999	3.34036362514234e-06
-0.189999999999999	3.6306669632296e-06
-0.169999999999999	3.94361721833841e-06
-0.149999999999999	4.28107126921624e-06
-0.129999999999999	4.64506611007195e-06
-0.109999999999999	5.03783953950443e-06
-0.0899999999999994	5.46185362738858e-06
-0.0699999999999994	5.91982138986987e-06
-0.0499999999999994	6.41473717852023e-06
-0.0299999999999994	6.94991138071764e-06
-0.00999999999999938	7.5290101377955e-06
0.0100000000000006	8.1561009196612e-06
0.0300000000000006	8.83570495466126e-06
0.0500000000000006	9.5728577080859e-06
0.0700000000000006	1.03731788402062e-05
0.0900000000000006	1.12429533657239e-05
0.110000000000001	1.21892260944984e-05
0.130000000000001	1.32199118757164e-05
0.150000000000001	1.43439247165981e-05
0.170000000000001	1.5571329531175e-05
0.190000000000001	1.69135211322611e-05
0.210000000000001	1.83834361597691e-05
0.230000000000001	1.99958050059753e-05
0.250000000000001	2.1767452539428e-05
0.270000000000001	2.37176586590891e-05
0.290000000000001	2.58685925839092e-05
0.310000000000001	2.82458385103387e-05
0.330000000000001	3.08790351380804e-05
0.350000000000001	3.38026579677598e-05
0.370000000000001	3.70569817620255e-05
0.390000000000001	4.06892719036639e-05
0.410000000000001	4.47552686706857e-05
0.430000000000001	4.93210492387643e-05
0.450000000000001	5.44653807724138e-05
0.470000000000001	6.02827175809293e-05
0.490000000000001	6.68870508891989e-05
0.510000000000001	7.44168986613002e-05
0.530000000000001	8.30418363230521e-05
0.550000000000001	9.29711345006261e-05
0.570000000000001	0.000104465314311682
0.590000000000001	0.000117851798020458
0.610000000000001	0.000133546394384741
0.630000000000001	0.000152083232866206
0.650000000000001	0.000174157152348225
0.670000000000001	0.000200684814095633
0.690000000000001	0.000232894586419305
0.710000000000001	0.000272461730472348
0.730000000000001	0.000321716891914051
0.750000000000001	0.000383976947145716
0.770000000000001	0.000464087420833778
0.790000000000001	0.000569345966085137
0.810000000000001	0.000711145602130556
0.830000000000001	0.000908056093334801
0.850000000000001	0.00119198001615057
0.870000000000001	0.00162145218336341
0.890000000000001	0.00231337124083525
0.910000000000001	0.00352929552344499
0.930000000000001	0.0059569453351315
0.950000000000001	0.0119187873570041
0.970000000000001	0.0337899556920261
0.990000000000001	0.310297260958429
