# Program settings for SigmaNu
# Electroweak scheme and input parameters
# Scheme = Complex mass scheme
# alpha_GF = 0.00755898078237864
# Pole masses/widths for particles [GeV]
# mw = 80.35797361
# gw = 2.084298894
# mz = 91.15348062
# gz = 2.494266379
# s^2_thetaw (derived) = (0.222868505240788,-0.00110716741475141)
# charged leptons
# m_e = 0.0005109989461
# m_m = 0.10565837
# m_t = 1.77686
# quarks
# m_d = 0.05
# m_u = 0.05
# m_s = 0.2
# m_c = 1.51
# m_b = 4.92
# m_t = 173
# Ecms (default) = 586718

# channel_id = 6
# process  = nu_e nu_mu~ -> nu_e nu_mu~
-0.99	2.13646907836614e-11
-0.97	1.96206242721102e-10
-0.95	5.56254516030073e-10
-0.93	1.1129719671383e-09
-0.91	1.87854259911627e-09
-0.89	2.86592304873262e-09
-0.87	4.08889778913175e-09
-0.85	5.56213882363514e-09
-0.83	7.30127028465955e-09
-0.81	9.3229383946343e-09
-0.79	1.16448872936414e-08
-0.77	1.42860412919299e-08
-0.75	1.72665941651888e-08
-0.73	2.06081061773304e-08
-0.71	2.4333609590472e-08
-0.69	2.84677235058997e-08
-0.67	3.30367789742751e-08
-0.65	3.806895541965e-08
-0.63	4.35944295415927e-08
-0.61	4.96455379948183e-08
-0.59	5.62569552983077e-08
-0.57	6.34658885985285e-08
-0.55	7.13122911069448e-08
-0.53	7.98390962539058e-08
-0.51	8.90924748531744e-08
-0.49	9.91221178583667e-08
-0.47	1.09981547619779e-07
-0.45	1.21728460923716e-07
-0.429999999999999	1.34425107523841e-07
-0.409999999999999	1.48138708363816e-07
-0.389999999999999	1.62941918252707e-07
-0.369999999999999	1.78913338401231e-07
-0.349999999999999	1.96138084971976e-07
-0.329999999999999	2.14708420656868e-07
-0.309999999999999	2.34724457290324e-07
-0.289999999999999	2.56294938660076e-07
-0.269999999999999	2.79538114017832e-07
-0.249999999999999	3.04582714352297e-07
-0.229999999999999	3.31569045307896e-07
-0.209999999999999	3.60650212762296e-07
-0.189999999999999	3.91993499572958e-07
-0.169999999999999	4.2578191493806e-07
-0.149999999999999	4.62215941276005e-07
-0.129999999999999	5.01515507614547e-07
-0.109999999999999	5.43922223322713e-07
-0.0899999999999994	5.89701911771937e-07
-0.0699999999999994	6.39147490368823e-07
-0.0499999999999994	6.92582251596788e-07
-0.0299999999999994	7.50363609530006e-07
-0.00999999999999938	8.12887388103735e-07
0.0100000000000006	8.80592741693363e-07
0.0300000000000006	9.53967815837837e-07
0.0500000000000006	1.0335562769552e-06
0.0700000000000006	1.11996486554042e-06
0.0900000000000006	1.21387215875286e-06
0.110000000000001	1.31603876695134e-06
0.130000000000001	1.42731923648924e-06
0.150000000000001	1.54867599034838e-06
0.170000000000001	1.68119571208803e-06
0.190000000000001	1.82610867117723e-06
0.210000000000001	1.98481160438674e-06
0.230000000000001	2.15889491555787e-06
0.250000000000001	2.35017514404695e-06
0.270000000000001	2.56073389290136e-06
0.290000000000001	2.7929647180798e-06
0.310000000000001	3.04962988245877e-06
0.330000000000001	3.33392940393284e-06
0.350000000000001	3.6495855182746e-06
0.370000000000001	4.00094659383337e-06
0.390000000000001	4.39311575973148e-06
0.410000000000001	4.83211115965372e-06
0.430000000000001	5.32506698802473e-06
0.450000000000001	5.88048754796166e-06
0.470000000000001	6.50857084750082e-06
0.490000000000001	7.22162425081846e-06
0.510000000000001	8.03460321852479e-06
0.530000000000001	8.96581641557627e-06
0.550000000000001	1.0037858309334e-05
0.570000000000001	1.12788567697883e-05
0.590000000000001	1.27241628379616e-05
0.610000000000001	1.44186704544096e-05
0.630000000000001	1.6420048395036e-05
0.650000000000001	1.88033168963111e-05
0.670000000000001	2.16674459019993e-05
0.690000000000001	2.51450597386617e-05
0.710000000000001	2.94170328746807e-05
0.730000000000001	3.47350003895129e-05
0.750000000000001	4.14570788672856e-05
0.770000000000001	5.01064303158163e-05
0.790000000000001	6.14709688682285e-05
0.810000000000001	7.67807787400499e-05
0.830000000000001	9.80408065721219e-05
0.850000000000001	0.000128695524619095
0.870000000000001	0.000175064856189403
0.890000000000001	0.000249770211895674
0.910000000000001	0.000381051815518249
0.930000000000001	0.000643162514447225
0.950000000000001	0.00128685958263394
0.970000000000001	0.00364830661491624
0.990000000000001	0.0335046237452514
