# Program settings for SigmaNu
# Electroweak scheme and input parameters
# Scheme = Complex mass scheme
# alpha_GF = 0.00755898078237864
# Pole masses/widths for particles [GeV]
# mw = 80.35797361
# gw = 2.084298894
# mz = 91.15348062
# gz = 2.494266379
# s^2_thetaw (derived) = (0.222868505240788,-0.00110716741475141)
# charged leptons
# m_e = 0.0005109989461
# m_m = 0.10565837
# m_t = 1.77686
# quarks
# m_d = 0.05
# m_u = 0.05
# m_s = 0.2
# m_c = 1.51
# m_b = 4.92
# m_t = 173
# Ecms (default) = 3980.67

# channel_id = 6
# process  = nu_e nu_mu~ -> nu_e nu_mu~
-0.99	4.63644891504911e-07
-0.97	4.25791555696542e-06
-0.95	1.2071271922081e-05
-0.93	2.41523209384879e-05
-0.91	4.07653104346407e-05
-0.89	6.21912359071752e-05
-0.87	8.87290364262554e-05
-0.85	0.000120696887780864
-0.83	0.000158433601822488
-0.81	0.000202300141893198
-0.79	0.000252681265258699
-0.77	0.000309987304622235
-0.75	0.000374656102086841
-0.73	0.000447155110379124
-0.71	0.000527983677767923
-0.69	0.000617675534929116
-0.67	0.000716801504050233
-0.65	0.000825972452766174
-0.63	0.000945842518105479
-0.61	0.001077112628546
-0.59	0.00122053435557646
-0.57	0.0013769141298907
-0.55	0.00154711786156709
-0.53	0.00173207600837983
-0.51	0.00193278914183688
-0.49	0.00215033406673856
-0.47	0.00238587055711917
-0.45	0.00264064877950289
-0.429999999999999	0.00291601748363602
-0.409999999999999	0.0032134330514326
-0.389999999999999	0.00353446950700986
-0.369999999999999	0.00388082960464918
-0.349999999999999	0.00425435712760213
-0.329999999999999	0.00465705054922762
-0.309999999999999	0.00509107822942358
-0.289999999999999	0.00555879534421105
-0.269999999999999	0.00606276277524627
-0.249999999999999	0.00660576821970114
-0.229999999999999	0.00719084982023203
-0.209999999999999	0.00782132266069557
-0.189999999999999	0.00850080852712496
-0.169999999999999	0.00923326939677407
-0.149999999999999	0.0100230451926129
-0.129999999999999	0.0108748964287625
-0.109999999999999	0.0117940524767277
-0.0899999999999994	0.0127862663062793
-0.0699999999999994	0.013857876702569
-0.0499999999999994	0.0150158791376159
-0.0299999999999994	0.0162680066859698
-0.00999999999999938	0.0176228226289373
0.0100000000000006	0.0190898266990013
0.0300000000000006	0.020679577288159
0.0500000000000006	0.0224038323961873
0.0700000000000006	0.0242757126466848
0.0900000000000006	0.0263098903747093
0.110000000000001	0.0285228096212533
0.130000000000001	0.0309329428968193
0.150000000000001	0.0335610918506444
0.170000000000001	0.0364307405706059
0.190000000000001	0.0395684722286386
0.210000000000001	0.043004462291721
0.230000000000001	0.046773064689507
0.250000000000001	0.0509135113659261
0.270000000000001	0.0554707508098347
0.290000000000001	0.0604964578171543
0.310000000000001	0.066050255369026
0.330000000000001	0.0722012007797395
0.350000000000001	0.0790296030865615
0.370000000000001	0.0866292582876469
0.390000000000001	0.0951102152592348
0.410000000000001	0.104602220511976
0.430000000000001	0.115259037971798
0.450000000000001	0.12726390588856
0.470000000000001	0.140836484386002
0.490000000000001	0.156241775326362
0.510000000000001	0.173801677970491
0.530000000000001	0.193910105099019
0.550000000000001	0.21705296460503
0.570000000000001	0.243834873610764
0.590000000000001	0.275015315975819
0.610000000000001	0.311558242930292
0.630000000000001	0.354701122548383
0.650000000000001	0.406052630755856
0.670000000000001	0.467733355679092
0.690000000000001	0.542582516750655
0.710000000000001	0.634468484138331
0.730000000000001	0.74876701179537
0.750000000000001	0.89311891790972
0.770000000000001	1.07867002082543
0.790000000000001	1.32217767966736
0.810000000000001	1.6497497946274
0.830000000000001	2.10383517398273
0.850000000000001	2.75713820788237
0.870000000000001	3.74254309568625
0.890000000000001	5.32409304292401
0.910000000000001	8.08850305963244
0.930000000000001	13.5628560721438
0.950000000000001	26.8193618835461
0.970000000000001	73.9935095579863
0.990000000000001	596.249010706015
