# Program settings for SigmaNu
# Electroweak scheme and input parameters
# Scheme = Complex mass scheme
# alpha_GF = 0.00755898078237864
# Pole masses/widths for particles [GeV]
# mw = 80.35797361
# gw = 2.084298894
# mz = 91.15348062
# gz = 2.494266379
# s^2_thetaw (derived) = (0.222868505240788,-0.00110716741475141)
# charged leptons
# m_e = 0.0005109989461
# m_m = 0.10565837
# m_t = 1.77686
# quarks
# m_d = 0.05
# m_u = 0.05
# m_s = 0.2
# m_c = 1.51
# m_b = 4.92
# m_t = 173
# Ecms (default) = 435246

# channel_id = 6
# process  = nu_e nu_mu~ -> nu_e nu_mu~
-0.99	3.88227094461524e-11
-0.97	3.56534902692907e-10
-0.95	1.01079428928121e-09
-0.93	2.02242979719193e-09
-0.91	3.41358150815743e-09
-0.89	5.2077934901673e-09
-0.87	7.43011410864983e-09
-0.85	1.01072044986692e-08
-0.83	1.3267455950423e-08
-0.81	1.6941117038261e-08
-0.79	2.11604314103803e-08
-0.77	2.59597872534378e-08
-0.75	3.13758795548647e-08
-0.73	3.74478864071751e-08
-0.71	4.4217660734731e-08
-0.69	5.17299389762375e-08
-0.67	6.00325684279273e-08
-0.65	6.91767551455527e-08
-0.63	7.9217334520897e-08
-0.61	9.02130668939845e-08
-0.59	1.02226960839454e-07
-0.57	1.1532662707925e-07
-0.55	1.29584666329175e-07
-0.53	1.45079094790071e-07
-0.51	1.61893811452626e-07
-0.49	1.80119111906357e-07
-0.47	1.99852253937875e-07
-0.45	2.21198080882515e-07
-0.429999999999999	2.44269709470048e-07
-0.409999999999999	2.69189289795153e-07
-0.389999999999999	2.9608884606494e-07
-0.369999999999999	3.25111207950768e-07
-0.349999999999999	3.5641104372545e-07
-0.329999999999999	3.90156007930031e-07
-0.309999999999999	4.26528018122559e-07
-0.289999999999999	4.65724677357516e-07
-0.269999999999999	5.07960861479844e-07
-0.249999999999999	5.53470493152907e-07
-0.229999999999999	6.02508527848378e-07
-0.209999999999999	6.55353180896184e-07
-0.189999999999999	7.12308429230209e-07
-0.169999999999999	7.73706826799043e-07
-0.149999999999999	8.39912678896258e-07
-0.129999999999999	9.1132562809112e-07
-0.109999999999999	9.88384713239408e-07
-0.0899999999999994	1.07157297350857e-06
-0.0699999999999994	1.1614226818097e-06
-0.0499999999999994	1.25852130692004e-06
-0.0299999999999994	1.36351832143533e-06
-0.00999999999999938	1.47713299417097e-06
0.0100000000000006	1.60016333155867e-06
0.0300000000000006	1.73349636399132e-06
0.0500000000000006	1.87812001125091e-06
0.0700000000000006	2.0351368077502e-06
0.0900000000000006	2.20577982540832e-06
0.110000000000001	2.3914312022144e-06
0.130000000000001	2.59364377130968e-06
0.150000000000001	2.81416639311416e-06
0.170000000000001	3.05497372730624e-06
0.190000000000001	3.31830134971651e-06
0.210000000000001	3.60668733109029e-06
0.230000000000001	3.92302166295833e-06
0.250000000000001	4.27060525744442e-06
0.270000000000001	4.65322068532825e-06
0.290000000000001	5.07521738046379e-06
0.310000000000001	5.54161476992337e-06
0.330000000000001	6.05822774426699e-06
0.350000000000001	6.63182013863163e-06
0.370000000000001	7.27029356059007e-06
0.390000000000001	7.98292112596349e-06
0.410000000000001	8.78063866285239e-06
0.430000000000001	9.67641002308771e-06
0.450000000000001	1.06856887418144e-05
0.470000000000001	1.18270060580406e-05
0.490000000000001	1.31227262122427e-05
0.510000000000001	1.46000254143692e-05
0.530000000000001	1.62921731255268e-05
0.550000000000001	1.82402267216837e-05
0.570000000000001	2.04952985611906e-05
0.590000000000001	2.31216265348576e-05
0.610000000000001	2.62007893432179e-05
0.630000000000001	2.98375793842957e-05
0.650000000000001	3.41683191332938e-05
0.670000000000001	3.93728510959723e-05
0.690000000000001	4.56921725844912e-05
0.710000000000001	5.34549582865112e-05
0.730000000000001	6.31184649857885e-05
0.750000000000001	7.53334414966484e-05
0.770000000000001	9.10505476110119e-05
0.790000000000001	0.000111701535302161
0.810000000000001	0.00013952164225972
0.830000000000001	0.00017815414088854
0.850000000000001	0.000233858125077077
0.870000000000001	0.000318117788817722
0.890000000000001	0.000453868014877164
0.910000000000001	0.000692425258389534
0.930000000000001	0.00116871732550989
0.950000000000001	0.00233840495661887
0.970000000000001	0.00662947955825837
0.990000000000001	0.0608822320671236
