# Program settings for SigmaNu
# Electroweak scheme and input parameters
# Scheme = Complex mass scheme
# alpha_GF = 0.00755898078237864
# Pole masses/widths for particles [GeV]
# mw = 80.35797361
# gw = 2.084298894
# mz = 91.15348062
# gz = 2.494266379
# s^2_thetaw (derived) = (0.222868505240788,-0.00110716741475141)
# charged leptons
# m_e = 0.0005109989461
# m_m = 0.10565837
# m_t = 1.77686
# quarks
# m_d = 0.05
# m_u = 0.05
# m_s = 0.2
# m_c = 1.51
# m_b = 4.92
# m_t = 173
# Ecms (default) = 6293.17

# channel_id = 6
# process  = nu_e nu_mu~ -> nu_e nu_mu~
-0.99	1.85623690271888e-07
-0.97	1.70469918428557e-06
-0.95	4.83288637977592e-06
-0.93	9.66975175196104e-06
-0.91	1.63211279761297e-05
-0.89	2.48995574892654e-05
-0.87	3.55247717773713e-05
-0.85	4.8324209647296e-05
-0.83	6.34335780758379e-05
-0.81	8.09974596010231e-05
-0.79	0.000101169970635532
-0.77	0.000124115475545778
-0.75	0.000150009361858379
-0.73	0.000179038882535843
-0.71	0.000211404071913409
-0.69	0.000247318742618481
-0.67	0.000287011571613694
-0.65	0.000330727284426743
-0.63	0.000378727947668793
-0.61	0.000431294381115021
-0.59	0.000488727701944378
-0.57	0.000551351015232983
-0.55	0.000619511266491758
-0.53	0.000693581273963499
-0.51	0.000773961960581531
-0.49	0.000861084807981154
-0.47	0.000955414557792596
-0.45	0.0010574521886843
-0.429999999999999	0.00116773820133148
-0.409999999999999	0.00128685624773168
-0.389999999999999	0.00141543714616355
-0.369999999999999	0.00155416332869167
-0.349999999999999	0.00170377377457938
-0.329999999999999	0.00186506949042936
-0.309999999999999	0.00203891960649836
-0.289999999999999	0.00222626816863291
-0.269999999999999	0.00242814171689007
-0.249999999999999	0.00264565775543228
-0.229999999999999	0.00288003423406792
-0.209999999999999	0.00313260018026812
-0.189999999999999	0.00340480764213205
-0.169999999999999	0.00369824512821016
-0.149999999999999	0.00401465276006785
-0.129999999999999	0.00435593938888641
-0.109999999999999	0.00472420196935379
-0.0899999999999994	0.00512174753394559
-0.0699999999999994	0.00555111817009498
-0.0499999999999994	0.00601511947374359
-0.0299999999999994	0.00651685303788503
-0.00999999999999938	0.00705975363710298
0.0100000000000006	0.00764763189268754
0.0300000000000006	0.00828472335259898
0.0500000000000006	0.0089757451025122
0.0700000000000006	0.00972596124622038
0.0900000000000006	0.0105412588657027
0.110000000000001	0.0114282364057911
0.130000000000001	0.0123943068417779
0.150000000000001	0.0134478185013259
0.170000000000001	0.0145981970516457
0.190000000000001	0.0158561129642275
0.210000000000001	0.0172336797784746
0.230000000000001	0.0187446897630335
0.250000000000001	0.0204048951999155
0.270000000000001	0.0222323455991165
0.290000000000001	0.0242477938348913
0.310000000000001	0.0264751876750058
0.330000000000001	0.0289422677186611
0.350000000000001	0.0316812987357637
0.370000000000001	0.0347299693215542
0.390000000000001	0.0381325053638358
0.410000000000001	0.0419410570810348
0.430000000000001	0.0462174387813532
0.450000000000001	0.0510353271183158
0.470000000000001	0.0564830605521067
0.490000000000001	0.0626672345273513
0.510000000000001	0.0697173603914056
0.530000000000001	0.077791961730211
0.550000000000001	0.0870866357221951
0.570000000000001	0.097844834675218
0.590000000000001	0.110372464740799
0.610000000000001	0.125057921215274
0.630000000000001	0.142399993424965
0.650000000000001	0.163047365647591
0.670000000000001	0.187855544073683
0.690000000000001	0.217970547728182
0.710000000000001	0.25495471656218
0.730000000000001	0.300980631670855
0.750000000000001	0.359138642618865
0.770000000000001	0.433940684515548
0.790000000000001	0.532177309294065
0.810000000000001	0.664441154709619
0.830000000000001	0.847980306620155
0.850000000000001	1.11239048681445
0.870000000000001	1.51188984813057
0.890000000000001	2.154536872924
0.910000000000001	3.2814381850618
0.930000000000001	5.52395530773328
0.950000000000001	11.000009389563
0.970000000000001	30.8423894591233
0.990000000000001	268.241546656345
