# Program settings for SigmaNu
# Electroweak scheme and input parameters
# Scheme = Complex mass scheme
# alpha_GF = 0.00755898078237864
# Pole masses/widths for particles [GeV]
# mw = 80.35797361
# gw = 2.084298894
# mz = 91.15348062
# gz = 2.494266379
# s^2_thetaw (derived) = (0.222868505240788,-0.00110716741475141)
# charged leptons
# m_e = 0.0005109989461
# m_m = 0.10565837
# m_t = 1.77686
# quarks
# m_d = 0.05
# m_u = 0.05
# m_s = 0.2
# m_c = 1.51
# m_b = 4.92
# m_t = 173
# Ecms (default) = 0.0202208

# channel_id = 6
# process  = nu_e nu_mu~ -> nu_e nu_mu~
-0.99	4.30903636682134e-11
-0.97	3.8781327339532e-10
-0.95	1.07725909382421e-09
-0.93	2.11142782597196e-09
-0.91	3.4903194708556e-09
-0.89	5.21393402949221e-09
-0.87	7.28227150289886e-09
-0.85	9.69533189209259e-09
-0.83	1.24531151980905e-08
-0.81	1.55556214219095e-08
-0.79	1.90028505645669e-08
-0.77	2.27948026270796e-08
-0.75	2.69314776104646e-08
-0.73	3.14128755157391e-08
-0.71	3.62389963439201e-08
-0.69	4.14098400960247e-08
-0.67	4.69254067730699e-08
-0.65	5.27856963760728e-08
-0.63	5.89907089060504e-08
-0.61	6.55404443640198e-08
-0.59	7.24349027509981e-08
-0.57	7.96740840680023e-08
-0.55	8.72579883160495e-08
-0.53	9.51866154961568e-08
-0.51	1.03459965609341e-07
-0.49	1.1207803865662e-07
-0.47	1.21040834639009e-07
-0.45	1.30348353557527e-07
-0.429999999999999	1.40000595413191e-07
-0.409999999999999	1.49997560207016e-07
-0.389999999999999	1.60339247940022e-07
-0.369999999999999	1.71025658613223e-07
-0.349999999999999	1.82056792227639e-07
-0.329999999999999	1.93432648784285e-07
-0.309999999999999	2.05153228284178e-07
-0.289999999999999	2.17218530728337e-07
-0.269999999999999	2.29628556117777e-07
-0.249999999999999	2.42383304453516e-07
-0.229999999999999	2.55482775736571e-07
-0.209999999999999	2.68926969967959e-07
-0.189999999999999	2.82715887148697e-07
-0.169999999999999	2.96849527279803e-07
-0.149999999999999	3.11327890362292e-07
-0.129999999999999	3.26150976397183e-07
-0.109999999999999	3.41318785385492e-07
-0.0899999999999994	3.56831317328236e-07
-0.0699999999999994	3.72688572226433e-07
-0.0499999999999994	3.88890550081099e-07
-0.0299999999999994	4.05437250893252e-07
-0.00999999999999938	4.22328674663908e-07
0.0100000000000006	4.39564821394085e-07
0.0300000000000006	4.571456910848e-07
0.0500000000000006	4.75071283737069e-07
0.0700000000000006	4.93341599351911e-07
0.0900000000000006	5.11956637930341e-07
0.110000000000001	5.30916399473377e-07
0.130000000000001	5.50220883982036e-07
0.150000000000001	5.69870091457336e-07
0.170000000000001	5.89864021900292e-07
0.190000000000001	6.10202675311923e-07
0.210000000000001	6.30886051693245e-07
0.230000000000001	6.51914151045275e-07
0.250000000000001	6.73286973369031e-07
0.270000000000001	6.95004518665529e-07
0.290000000000001	7.17066786935785e-07
0.310000000000001	7.3947377818082e-07
0.330000000000001	7.62225492401648e-07
0.350000000000001	7.85321929599286e-07
0.370000000000001	8.08763089774752e-07
0.390000000000001	8.32548972929064e-07
0.410000000000001	8.56679579063236e-07
0.430000000000001	8.81154908178288e-07
0.450000000000001	9.05974960275236e-07
0.470000000000001	9.31139735355097e-07
0.490000000000001	9.56649233418887e-07
0.510000000000001	9.82503454467625e-07
0.530000000000001	1.00870239850233e-06
0.550000000000001	1.03524606552401e-06
0.570000000000001	1.06213445553369e-06
0.590000000000001	1.08936756853239e-06
0.610000000000001	1.11694540452112e-06
0.630000000000001	1.1448679635009e-06
0.650000000000001	1.17313524547274e-06
0.670000000000001	1.20174725043767e-06
0.690000000000001	1.2307039783967e-06
0.710000000000001	1.26000542935085e-06
0.730000000000001	1.28965160330114e-06
0.750000000000001	1.31964250024857e-06
0.770000000000001	1.34997812019417e-06
0.790000000000001	1.38065846313896e-06
0.810000000000001	1.41168352908395e-06
0.830000000000001	1.44305331803017e-06
0.850000000000001	1.47476782997862e-06
0.870000000000001	1.50682706493032e-06
0.890000000000001	1.5392310228863e-06
0.910000000000001	1.57197970384756e-06
0.930000000000001	1.60507310781513e-06
0.950000000000001	1.63851123479002e-06
0.970000000000001	1.67229408477325e-06
0.990000000000001	1.70642165776584e-06
