# Program settings for SigmaNu
# Electroweak scheme and input parameters
# Scheme = Complex mass scheme
# alpha_GF = 0.00755898078237864
# Pole masses/widths for particles [GeV]
# mw = 80.35797361
# gw = 2.084298894
# mz = 91.15348062
# gz = 2.494266379
# s^2_thetaw (derived) = (0.222868505240788,-0.00110716741475141)
# charged leptons
# m_e = 0.0005109989461
# m_m = 0.10565837
# m_t = 1.77686
# quarks
# m_d = 0.05
# m_u = 0.05
# m_s = 0.2
# m_c = 1.51
# m_b = 4.92
# m_t = 173
# Ecms (default) = 3436390

# channel_id = 6
# process  = nu_e nu_mu~ -> nu_e nu_mu~
-0.99	6.22802809881316e-13
-0.97	5.71961469411231e-12
-0.95	1.62153938681095e-11
-0.93	3.24442827882161e-11
-0.91	5.47614577419637e-11
-0.89	8.35446180886316e-11
-0.87	1.19195595474458e-10
-0.85	1.62142093968761e-10
-0.83	2.12839573189299e-10
-0.81	2.71773287735462e-10
-0.79	3.39460497642515e-10
-0.77	4.16452866127572e-10
-0.75	5.03339062639313e-10
-0.73	6.00747591172594e-10
-0.71	7.09349865993745e-10
-0.69	8.29863559373595e-10
-0.67	9.63056248679661e-10
-0.65	1.1097493932775e-09
-0.63	1.27082267518198e-09
-0.61	1.4472187413371e-09
-0.59	1.63994838985118e-09
-0.57	1.85009624754658e-09
-0.55	2.07882699188435e-09
-0.53	2.32739217679279e-09
-0.51	2.59713772928008e-09
-0.49	2.88951219207759e-09
-0.47	3.2060757970991e-09
-0.45	3.54851046539294e-09
-0.429999999999999	3.91863084172341e-09
-0.409999999999999	4.31839648619433e-09
-0.389999999999999	4.74992536171712e-09
-0.369999999999999	5.21550877497405e-09
-0.349999999999999	5.71762795024678e-09
-0.329999999999999	6.25897244055492e-09
-0.309999999999999	6.84246060955841e-09
-0.289999999999999	7.4712624513053e-09
-0.269999999999999	8.14882505397408e-09
-0.249999999999999	8.87890105924555e-09
-0.229999999999999	9.66558052201796e-09
-0.209999999999999	1.05133266372642e-08
-0.189999999999999	1.14270158736233e-08
-0.169999999999999	1.24119831388799e-08
-0.149999999999999	1.34740727033163e-08
-0.129999999999999	1.46196957260554e-08
-0.109999999999999	1.5855895370666e-08
-0.0899999999999994	1.7190420664018e-08
-0.0699999999999994	1.86318104522295e-08
-0.0499999999999994	2.0189489046441e-08
-0.0299999999999994	2.18738754375908e-08
-0.00999999999999938	2.36965083039533e-08
0.0100000000000006	2.56701894511345e-08
0.0300000000000006	2.78091488280469e-08
0.0500000000000006	3.0129234874909e-08
0.0700000000000006	3.26481347068209e-08
0.0900000000000006	3.53856295523058e-08
0.110000000000001	3.83638919929197e-08
0.130000000000001	4.16078329421203e-08
0.150000000000001	4.51455080292592e-08
0.170000000000001	4.90085952087588e-08
0.190000000000001	5.32329581136818e-08
0.210000000000001	5.7859313072149e-08
0.230000000000001	6.29340220089496e-08
0.250000000000001	6.85100389345502e-08
0.270000000000001	7.46480447420212e-08
0.290000000000001	8.14178140767258e-08
0.310000000000001	8.88998697748328e-08
0.330000000000001	9.71874956875223e-08
0.350000000000001	1.06389198861556e-07
0.370000000000001	1.1663173876131e-07
0.390000000000001	1.28063876915126e-07
0.410000000000001	1.4086104848084e-07
0.430000000000001	1.55231222660654e-07
0.450000000000001	1.71422308756361e-07
0.470000000000001	1.89731589338206e-07
0.490000000000001	2.10517836913486e-07
0.510000000000001	2.34217018770944e-07
0.530000000000001	2.61362851616141e-07
0.550000000000001	2.92613987783957e-07
0.570000000000001	3.28790384095953e-07
0.590000000000001	3.70922560386196e-07
0.610000000000001	4.20319222028624e-07
0.630000000000001	4.78661474271152e-07
0.650000000000001	5.48136235687972e-07
0.670000000000001	6.31628584039686e-07
0.690000000000001	7.33004657826747e-07
0.710000000000001	8.57537138123408e-07
0.730000000000001	1.01256145263845e-06
0.750000000000001	1.20851707773514e-06
0.770000000000001	1.46065473906483e-06
0.790000000000001	1.79194296842412e-06
0.810000000000001	2.23824002730083e-06
0.830000000000001	2.85799224644136e-06
0.850000000000001	3.75160967574181e-06
0.870000000000001	5.10332487044412e-06
0.890000000000001	7.28106559541739e-06
0.910000000000001	1.1108065162628e-05
0.930000000000001	1.87488760205665e-05
0.950000000000001	3.75133549481508e-05
0.970000000000001	0.000106352234461931
0.990000000000001	0.000976703507436979
