# Program settings for SigmaNu
# Electroweak scheme and input parameters
# Scheme = Complex mass scheme
# alpha_GF = 0.00755898078237864
# Pole masses/widths for particles [GeV]
# mw = 80.35797361
# gw = 2.084298894
# mz = 91.15348062
# gz = 2.494266379
# s^2_thetaw (derived) = (0.222868505240788,-0.00110716741475141)
# charged leptons
# m_e = 0.0005109989461
# m_m = 0.10565837
# m_t = 1.77686
# quarks
# m_d = 0.05
# m_u = 0.05
# m_s = 0.2
# m_c = 1.51
# m_b = 4.92
# m_t = 173
# Ecms (default) = 233735

# channel_id = 6
# process  = nu_e nu_mu~ -> nu_e nu_mu~
-0.99	1.34619454155346e-10
-0.97	1.23630046863207e-09
-0.95	3.50497368216645e-09
-0.93	7.01286431081825e-09
-0.91	1.18367440529395e-08
-0.89	1.80582529898628e-08
-0.87	2.5764247419215e-08
-0.85	3.50471759868983e-08
-0.83	4.60054867263183e-08
-0.81	5.87440678836832e-08
-0.79	7.33747257096506e-08
-0.77	9.00167027342405e-08
-0.75	1.08797240418324e-07
-0.73	1.29852190496315e-07
-0.71	1.5332667979688e-07
-0.69	1.79375833858357e-07
-0.67	2.08165565250898e-07
-0.65	2.3987343318714e-07
-0.63	2.74689581757723e-07
-0.61	3.12817764979143e-07
-0.59	3.54476467802924e-07
-0.57	3.99900133322831e-07
-0.55	4.49340507649158e-07
-0.53	5.03068115317337e-07
-0.51	5.61373879687051e-07
-0.49	6.24570904596491e-07
-0.47	6.92996435598117e-07
-0.45	7.67014021456603e-07
-0.429999999999999	8.47015899282687e-07
-0.409999999999999	9.33425629762619e-07
-0.389999999999999	1.02670101248536e-06
-0.369999999999999	1.12733731544392e-06
-0.349999999999999	1.23587085748175e-06
-0.329999999999999	1.35288298787506e-06
-0.309999999999999	1.47900451351239e-06
-0.289999999999999	1.61492063140105e-06
-0.269999999999999	1.7613764326751e-06
-0.249999999999999	1.91918305411076e-06
-0.229999999999999	2.08922456462849e-06
-0.209999999999999	2.27246568768067e-06
-0.189999999999999	2.46996047615793e-06
-0.169999999999999	2.68286207494185e-06
-0.149999999999999	2.91243372802556e-06
-0.129999999999999	3.16006121287556e-06
-0.109999999999999	3.42726691521786e-06
-0.0899999999999994	3.71572579368329e-06
-0.0699999999999994	4.02728352694621e-06
-0.0499999999999994	4.36397718762689e-06
-0.0299999999999994	4.72805884914246e-06
-0.00999999999999938	5.12202260617361e-06
0.0100000000000006	5.54863557931867e-06
0.0300000000000006	6.01097358340896e-06
0.0500000000000006	6.51246227135699e-06
0.0700000000000006	7.05692472698217e-06
0.0900000000000006	7.64863667821834e-06
0.110000000000001	8.29239074564655e-06
0.130000000000001	8.99357144219672e-06
0.150000000000001	9.75824301329983e-06
0.170000000000001	1.05932526724024e-05
0.190000000000001	1.15063523701766e-05
0.210000000000001	1.25063429705085e-05
0.230000000000001	1.36032456366333e-05
0.250000000000001	1.48085064152611e-05
0.270000000000001	1.6135241523547e-05
0.290000000000001	1.75985327986926e-05
0.310000000000001	1.92157853056732e-05
0.330000000000001	2.10071624101797e-05
0.350000000000001	2.29961179801143e-05
0.370000000000001	2.52100511533072e-05
0.390000000000001	2.76811168252004e-05
0.410000000000001	3.04472354096568e-05
0.430000000000001	3.35533595699072e-05
0.450000000000001	3.70530750400733e-05
0.470000000000001	4.10106396077876e-05
0.490000000000001	4.55036021358345e-05
0.510000000000001	5.06261971686096e-05
0.530000000000001	5.64937878215588e-05
0.550000000000001	6.32487420866501e-05
0.570000000000001	7.10682939670247e-05
0.590000000000001	8.01751907135707e-05
0.610000000000001	9.08523094396213e-05
0.630000000000001	0.000103463021552021
0.650000000000001	0.000118480030065269
0.670000000000001	0.000136526945142115
0.690000000000001	0.00015843943321968
0.710000000000001	0.000185357184807738
0.730000000000001	0.000218865752784588
0.750000000000001	0.000261221629388706
0.770000000000001	0.000315721256718666
0.790000000000001	0.000387329277049256
0.810000000000001	0.000483796439826747
0.830000000000001	0.000617755887920474
0.850000000000001	0.00081091118023701
0.870000000000001	0.00110308400428472
0.890000000000001	0.00157380147144744
0.910000000000001	0.00240100404026335
0.930000000000001	0.00405255459703959
0.950000000000001	0.00810845369283283
0.970000000000001	0.022987685505267
0.990000000000001	0.211102726970961
