# Program settings for SigmaNu
# Electroweak scheme and input parameters
# Scheme = Complex mass scheme
# alpha_GF = 0.00755898078237864
# Pole masses/widths for particles [GeV]
# mw = 80.35797361
# gw = 2.084298894
# mz = 91.15348062
# gz = 2.494266379
# s^2_thetaw (derived) = (0.222868505240788,-0.00110716741475141)
# charged leptons
# m_e = 0.0005109989461
# m_m = 0.10565837
# m_t = 1.77686
# quarks
# m_d = 0.05
# m_u = 0.05
# m_s = 0.2
# m_c = 1.51
# m_b = 4.92
# m_t = 173
# Ecms (default) = 3569670

# channel_id = 6
# process  = nu_e nu_mu~ -> nu_e nu_mu~
-0.99	5.77164110396917e-13
-0.97	5.30048399648834e-12
-0.95	1.50271373670043e-11
-0.93	3.00667808749213e-11
-0.91	5.07485636550654e-11
-0.89	7.74225074338179e-11
-0.87	1.10460997821787e-10
-0.85	1.50260396933564e-10
-0.83	1.97242788518539e-10
-0.81	2.51857867945376e-10
-0.79	3.145849906752e-10
-0.77	3.85935394301872e-10
-0.75	4.66454610851423e-10
-0.73	5.56725087839105e-10
-0.71	6.57369038606959e-10
-0.69	7.69051544736542e-10
-0.67	8.92483935883883e-10
-0.65	1.02842747525537e-09
-0.63	1.17769738217814e-09
-0.61	1.34116722686779e-09
-0.59	1.51977373661874e-09
-0.57	1.7145220573057e-09
-0.55	1.92649151936863e-09
-0.53	2.15684196344775e-09
-0.51	2.40682068764786e-09
-0.49	2.67777008616466e-09
-0.47	2.97113605784506e-09
-0.45	3.28847727334752e-09
-0.429999999999999	3.63147540111447e-09
-0.409999999999999	4.00194640559941e-09
-0.389999999999999	4.40185304637956e-09
-0.369999999999999	4.83331872425238e-09
-0.349999999999999	5.29864284054159e-09
-0.329999999999999	5.8003178590762e-09
-0.309999999999999	6.34104828718854e-09
-0.289999999999999	6.92377182324161e-09
-0.269999999999999	7.55168295440028e-09
-0.249999999999999	8.22825933051363e-09
-0.229999999999999	8.95729128916505e-09
-0.209999999999999	9.74291496448203e-09
-0.189999999999999	1.05896494797567e-08
-0.169999999999999	1.15024388032201e-08
-0.149999999999999	1.24866989397551e-08
-0.129999999999999	1.3548371241735e-08
-0.109999999999999	1.46939827529885e-08
-0.0899999999999994	1.59307146553118e-08
-0.0699999999999994	1.72664800721634e-08
-0.0499999999999994	1.87100127055608e-08
-0.0299999999999994	2.02709680476477e-08
-0.00999999999999938	2.19600392277386e-08
0.0100000000000006	2.3789089941098e-08
0.0300000000000006	2.57713073726221e-08
0.0500000000000006	2.79213785962256e-08
0.0700000000000006	3.02556946234676e-08
0.0900000000000006	3.27925871236759e-08
0.110000000000001	3.55526038819773e-08
0.130000000000001	3.85588303517167e-08
0.150000000000001	4.18372662588197e-08
0.170000000000001	4.5417268211993e-08
0.190000000000001	4.93320717740062e-08
0.210000000000001	5.36194095994591e-08
0.230000000000001	5.83222462329311e-08
0.250000000000001	6.34896552397187e-08
0.270000000000001	6.9177870845372e-08
0.290000000000001	7.54515546418124e-08
0.310000000000001	8.23853287893631e-08
0.330000000000001	9.0065641342137e-08
0.350000000000001	9.85930480011659e-08
0.370000000000001	1.08085019356456e-07
0.390000000000001	1.18679415761007e-07
0.410000000000001	1.30538816566204e-07
0.430000000000001	1.43855951088221e-07
0.450000000000001	1.58860561950981e-07
0.470000000000001	1.75828146996814e-07
0.490000000000001	1.95091188051241e-07
0.510000000000001	2.1705370492371e-07
0.530000000000001	2.42210303808901e-07
0.550000000000001	2.71171371306279e-07
0.570000000000001	3.04696778184596e-07
0.590000000000001	3.43741528265974e-07
0.610000000000001	3.89518425606092e-07
0.630000000000001	4.43585384845955e-07
0.650000000000001	5.07969068188827e-07
0.670000000000001	5.85343136245729e-07
0.690000000000001	6.79290418695456e-07
0.710000000000001	7.94697217008906e-07
0.730000000000001	9.38361422183511e-07
0.750000000000001	1.11995751063895e-06
0.770000000000001	1.35361864198819e-06
0.790000000000001	1.66063022477075e-06
0.810000000000001	2.07422284386677e-06
0.830000000000001	2.64855991029199e-06
0.850000000000001	3.47669347256379e-06
0.870000000000001	4.72935561071939e-06
0.890000000000001	6.74751251582369e-06
0.910000000000001	1.02940713499162e-05
0.930000000000001	1.7374967178096e-05
0.950000000000001	3.47643939304718e-05
0.970000000000001	9.8558792981804e-05
0.990000000000001	0.000905131148439799
