# Program settings for SigmaNu
# Electroweak scheme and input parameters
# Scheme = Complex mass scheme
# alpha_GF = 0.00755898078237864
# Pole masses/widths for particles [GeV]
# mw = 80.35797361
# gw = 2.084298894
# mz = 91.15348062
# gz = 2.494266379
# s^2_thetaw (derived) = (0.222868505240788,-0.00110716741475141)
# charged leptons
# m_e = 0.0005109989461
# m_m = 0.10565837
# m_t = 1.77686
# quarks
# m_d = 0.05
# m_u = 0.05
# m_s = 0.2
# m_c = 1.51
# m_b = 4.92
# m_t = 173
# Ecms (default) = 308432

# channel_id = 6
# process  = nu_e nu_mu~ -> nu_e nu_mu~
-0.99	7.7310150858377e-11
-0.97	7.0999081419701e-10
-0.95	2.01285948265416e-09
-0.93	4.02739413418363e-09
-0.91	6.7976837310379e-09
-0.89	1.03706130830639e-08
-0.87	1.47960626037624e-08
-0.85	2.01271243178986e-08
-0.83	2.64203356187353e-08
-0.81	3.37359324281609e-08
-0.79	4.21381235861028e-08
-0.77	5.16953884889446e-08
-0.75	6.24808002128267e-08
-0.73	7.45723765996605e-08
-0.71	8.80534620548645e-08
-0.69	1.03013143110124e-07
-0.67	1.1954670114637e-07
-0.65	1.37756106056824e-07
-0.63	1.57750555063247e-07
-0.61	1.7964706138738e-07
-0.59	2.03571098031696e-07
-0.57	2.29657302548301e-07
-0.55	2.5805024938247e-07
-0.53	2.88905297180346e-07
-0.51	3.22389519362768e-07
-0.49	3.58682727305803e-07
-0.47	3.97978596652594e-07
-0.45	4.4048590863313e-07
-0.429999999999999	4.86429919815192e-07
-0.409999999999999	5.36053875481916e-07
-0.389999999999999	5.89620683865823e-07
-0.369999999999999	6.47414770808928e-07
-0.349999999999999	7.09744137114569e-07
-0.329999999999999	7.76942643969228e-07
-0.309999999999999	8.49372555413522e-07
-0.289999999999999	9.27427371015893e-07
-0.269999999999999	1.01153498675208e-06
-0.249999999999999	1.10216122773967e-06
-0.229999999999999	1.19981380306593e-06
-0.209999999999999	1.30504674065373e-06
-0.189999999999999	1.41846536914661e-06
-0.169999999999999	1.54073192441486e-06
-0.149999999999999	1.67257187080082e-06
-0.129999999999999	1.81478104201015e-06
-0.109999999999999	1.96823372407747e-06
-0.0899999999999994	2.1338918236535e-06
-0.0699999999999994	2.31281528966984e-06
-0.0499999999999994	2.50617398609124e-06
-0.0299999999999994	2.71526124902224e-06
-0.00999999999999938	2.94150940420898e-06
0.0100000000000006	3.18650757260827e-06
0.0300000000000006	3.45202215423685e-06
0.0500000000000006	3.74002045654844e-06
0.0700000000000006	4.05269802637514e-06
0.0900000000000006	4.39251035815575e-06
0.110000000000001	4.76220979103487e-06
0.130000000000001	5.1648885802197e-06
0.150000000000001	5.60402934244235e-06
0.170000000000001	6.08356434278079e-06
0.190000000000001	6.60794542514325e-06
0.210000000000001	7.18222681067792e-06
0.230000000000001	7.81216352262157e-06
0.250000000000001	8.50432887632972e-06
0.270000000000001	9.26625534443022e-06
0.290000000000001	1.0106604229737e-05
0.310000000000001	1.10353710347835e-05
0.330000000000001	1.20641353186453e-05
0.350000000000001	1.32063663334582e-05
0.370000000000001	1.44777990491669e-05
0.390000000000001	1.58968996062819e-05
0.410000000000001	1.74854452086818e-05
0.430000000000001	1.92692515911333e-05
0.450000000000001	2.12790923508381e-05
0.470000000000001	2.35518699094168e-05
0.490000000000001	2.61321195840664e-05
0.510000000000001	2.90739590674336e-05
0.530000000000001	3.2443639923411e-05
0.550000000000001	3.632292227606e-05
0.570000000000001	4.08135893615163e-05
0.590000000000001	4.60435621041073e-05
0.610000000000001	5.21752932579417e-05
0.630000000000001	5.94174624497389e-05
0.650000000000001	6.80415370962588e-05
0.670000000000001	7.84056487325825e-05
0.690000000000001	9.09897102177621e-05
0.710000000000001	0.000106448231740304
0.730000000000001	0.000125691776867456
0.750000000000001	0.00015001622161469
0.770000000000001	0.000181314672884442
0.790000000000001	0.000222438265411636
0.810000000000001	0.000277838163119196
0.830000000000001	0.000354769433072628
0.850000000000001	0.000465696181528755
0.870000000000001	0.000633487560256887
0.890000000000001	0.000903815132598827
0.910000000000001	0.0013788682751747
0.930000000000001	0.00232733617595771
0.950000000000001	0.00465659995098051
0.970000000000001	0.0132016323812527
0.990000000000001	0.121236594797059
