# Program settings for SigmaNu
# Electroweak scheme and input parameters
# Scheme = Complex mass scheme
# alpha_GF = 0.00755898078237864
# Pole masses/widths for particles [GeV]
# mw = 80.35797361
# gw = 2.084298894
# mz = 91.15348062
# gz = 2.494266379
# s^2_thetaw (derived) = (0.222868505240788,-0.00110716741475141)
# charged leptons
# m_e = 0.0005109989461
# m_m = 0.10565837
# m_t = 1.77686
# quarks
# m_d = 0.05
# m_u = 0.05
# m_s = 0.2
# m_c = 1.51
# m_b = 4.92
# m_t = 173
# Ecms (default) = 3583280

# channel_id = 6
# process  = nu_e nu_mu~ -> nu_e nu_mu~
-0.99	5.72788071834076e-13
-0.97	5.26029590794963e-12
-0.95	1.49132021249811e-11
-0.93	2.98388155697449e-11
-0.91	5.03637897795763e-11
-0.89	7.68354926280897e-11
-0.87	1.09623486310921e-10
-0.85	1.49121127738655e-10
-0.83	1.9574730043612e-10
-0.81	2.49948290197064e-10
-0.79	3.12199818025891e-10
-0.77	3.83009245330497e-10
-0.75	4.62917967931738e-10
-0.73	5.52504017247715e-10
-0.71	6.52384889020176e-10
-0.69	7.63220622204857e-10
-0.67	8.85717153180652e-10
-0.65	1.02062997328234e-09
-0.63	1.16876812087197e-09
-0.61	1.33099854278566e-09
-0.59	1.50825086408346e-09
-0.57	1.70152260965844e-09
-0.55	1.91188492650406e-09
-0.53	2.14048886138845e-09
-0.51	2.38857225544482e-09
-0.49	2.65746732488196e-09
-0.47	2.94860900579115e-09
-0.45	3.26354415104321e-09
-0.429999999999999	3.60394167872793e-09
-0.409999999999999	3.97160378471839e-09
-0.389999999999999	4.3684783470158e-09
-0.369999999999999	4.79667266686538e-09
-0.349999999999999	5.25846871160862e-09
-0.329999999999999	5.75634004729898e-09
-0.309999999999999	6.29297067578668e-09
-0.289999999999999	6.87127602190616e-09
-0.269999999999999	7.49442635232983e-09
-0.249999999999999	8.1658729494845e-09
-0.229999999999999	8.88937741274363e-09
-0.209999999999999	9.66904451620716e-09
-0.189999999999999	1.05093591193289e-08
-0.169999999999999	1.1415227705342e-08
-0.149999999999999	1.23920252151653e-08
-0.129999999999999	1.34456479540415e-08
-0.109999999999999	1.45825734779764e-08
-0.0899999999999994	1.58099285212913e-08
-0.0699999999999994	1.71355662104134e-08
-0.0499999999999994	1.85681540287299e-08
-0.0299999999999994	2.01172742607734e-08
-0.00999999999999938	2.17935389609177e-08
0.0100000000000006	2.36087218742955e-08
0.0300000000000006	2.55759102010182e-08
0.0500000000000006	2.77096796581083e-08
0.0700000000000006	3.0026296981036e-08
0.0900000000000006	3.25439548490393e-08
0.110000000000001	3.5283045254641e-08
0.130000000000001	3.82664786180684e-08
0.150000000000001	4.15200575362146e-08
0.170000000000001	4.50729160369833e-08
0.190000000000001	4.89580376922443e-08
0.210000000000001	5.32128690689012e-08
0.230000000000001	5.78800489558263e-08
0.250000000000001	6.30082788442232e-08
0.270000000000001	6.86533665936681e-08
0.290000000000001	7.48794835341051e-08
0.310000000000001	8.17606860431914e-08
0.330000000000001	8.93827667288522e-08
0.350000000000001	9.78455188822359e-08
0.370000000000001	1.07265522435355e-07
0.390000000000001	1.17779592488734e-07
0.410000000000001	1.29549075722679e-07
0.430000000000001	1.42765240186288e-07
0.450000000000001	1.57656086602775e-07
0.470000000000001	1.74495023999262e-07
0.490000000000001	1.93612013335456e-07
0.510000000000001	2.15408011156446e-07
0.530000000000001	2.40373873569685e-07
0.550000000000001	2.69115359244349e-07
0.570000000000001	3.02386577635057e-07
0.590000000000001	3.41135291757673e-07
0.610000000000001	3.86565110229091e-07
0.630000000000001	4.40222135634906e-07
0.650000000000001	5.04117664095038e-07
0.670000000000001	5.80905084617438e-07
0.690000000000001	6.74140061989158e-07
0.710000000000001	7.88671849910984e-07
0.730000000000001	9.31246798004097e-07
0.750000000000001	1.11146603114008e-06
0.770000000000001	1.34335555180112e-06
0.790000000000001	1.64803938329054e-06
0.810000000000001	2.05849615733637e-06
0.830000000000001	2.6284786198354e-06
0.850000000000001	3.45033330187705e-06
0.870000000000001	4.69349779875245e-06
0.890000000000001	6.69635310763441e-06
0.910000000000001	1.02160220548418e-05
0.930000000000001	1.72432307753695e-05
0.950000000000001	3.45008114969233e-05
0.970000000000001	9.78115236447606e-05
0.990000000000001	0.000898268476768906
