# Program settings for SigmaNu
# Electroweak scheme and input parameters
# Scheme = Complex mass scheme
# alpha_GF = 0.00755898078237864
# Pole masses/widths for particles [GeV]
# mw = 80.35797361
# gw = 2.084298894
# mz = 91.15348062
# gz = 2.494266379
# s^2_thetaw (derived) = (0.222868505240788,-0.00110716741475141)
# charged leptons
# m_e = 0.0005109989461
# m_m = 0.10565837
# m_t = 1.77686
# quarks
# m_d = 0.05
# m_u = 0.05
# m_s = 0.2
# m_c = 1.51
# m_b = 4.92
# m_t = 173
# Ecms (default) = 5.87848

# channel_id = 6
# process  = nu_e nu_mu~ -> nu_e nu_mu~
-0.99	3.61184711357458e-06
-0.97	3.25093149158697e-05
-0.95	9.0311128176741e-05
-0.93	0.000177024465285488
-0.91	0.000292656506413845
-0.89	0.00043721443351647
-0.87	0.000610705430331437
-0.85	0.000813136682380732
-0.83	0.00104451537697074
-0.81	0.00130484870319273
-0.79	0.00159414385192338
-0.77	0.00191240801582522
-0.75	0.00225964838934717
-0.73	0.002635872168725
-0.71	0.00304108655198185
-0.69	0.0034752987389287
-0.67	0.00393851593116486
-0.65	0.00443074533207852
-0.63	0.00495199414684716
-0.61	0.0055022695824381
-0.59	0.00608157884760898
-0.57	0.00668992915290824
-0.55	0.00732732771067564
-0.53	0.00799378173504274
-0.51	0.00868929844193338
-0.49	0.00941388504906422
-0.47	0.0101675487759452
-0.45	0.01095029684388
-0.429999999999999	0.0117621364759666
-0.409999999999999	0.0126030748970977
-0.389999999999999	0.0134731193339615
-0.369999999999999	0.0143722770150416
-0.349999999999999	0.0153005551706181
-0.329999999999999	0.0162579610327678
-0.309999999999999	0.0172445018353648
-0.289999999999999	0.0182601848140807
-0.269999999999999	0.0193050172063858
-0.249999999999999	0.0203790062515487
-0.229999999999999	0.0214821591906375
-0.209999999999999	0.0226144832665198
-0.189999999999999	0.0237759857238637
-0.169999999999999	0.0249666738091379
-0.149999999999999	0.0261865547706122
-0.129999999999999	0.0274356358583583
-0.109999999999999	0.0287139243242502
-0.0899999999999994	0.0300214274219642
-0.0699999999999994	0.0313581524069804
-0.0499999999999994	0.0327241065365821
-0.0299999999999994	0.0341192970698571
-0.00999999999999938	0.0355437312676978
0.0100000000000006	0.0369974163928018
0.0300000000000006	0.0384803597096725
0.0500000000000006	0.0399925684846196
0.0700000000000006	0.041534049985759
0.0900000000000006	0.0431048114830145
0.110000000000001	0.0447048602481171
0.130000000000001	0.0463342035546062
0.150000000000001	0.0479928486778299
0.170000000000001	0.0496808028949454
0.190000000000001	0.0513980734849197
0.210000000000001	0.05314466772853
0.230000000000001	0.0549205929083643
0.250000000000001	0.0567258563088215
0.270000000000001	0.0585604652161125
0.290000000000001	0.0604244269182602
0.310000000000001	0.0623177487051005
0.330000000000001	0.0642404378682821
0.350000000000001	0.0661925017012677
0.370000000000001	0.0681739474993341
0.390000000000001	0.0701847825595729
0.410000000000001	0.0722250141808908
0.430000000000001	0.0742946496640104
0.450000000000001	0.0763936963114701
0.470000000000001	0.0785221614276256
0.490000000000001	0.0806800523186493
0.510000000000001	0.0828673762925317
0.530000000000001	0.0850841406590813
0.550000000000001	0.0873303527299254
0.570000000000001	0.0896060198185106
0.590000000000001	0.091911149240103
0.610000000000001	0.0942457483117894
0.630000000000001	0.0966098243524768
0.650000000000001	0.0990033846828938
0.670000000000001	0.101426436625591
0.690000000000001	0.10387898750494
0.710000000000001	0.106361044647137
0.730000000000001	0.108872615380199
0.750000000000001	0.11141370703397
0.770000000000001	0.113984326940117
0.790000000000001	0.116584482432129
0.810000000000001	0.119214180845324
0.830000000000001	0.121873429516845
0.850000000000001	0.124562235785659
0.870000000000001	0.127280606992563
0.890000000000001	0.130028550480179
0.910000000000001	0.132806073592958
0.930000000000001	0.135613183677178
0.950000000000001	0.138449888080948
0.970000000000001	0.141316194154204
0.990000000000001	0.144212109248713
