# Program settings for SigmaNu
# Electroweak scheme and input parameters
# Scheme = Complex mass scheme
# alpha_GF = 0.00755898078237864
# Pole masses/widths for particles [GeV]
# mw = 80.35797361
# gw = 2.084298894
# mz = 91.15348062
# gz = 2.494266379
# s^2_thetaw (derived) = (0.222868505240788,-0.00110716741475141)
# charged leptons
# m_e = 0.0005109989461
# m_m = 0.10565837
# m_t = 1.77686
# quarks
# m_d = 0.05
# m_u = 0.05
# m_s = 0.2
# m_c = 1.51
# m_b = 4.92
# m_t = 173
# Ecms (default) = 607108

# channel_id = 6
# process  = nu_e nu_mu~ -> nu_e nu_mu~
-0.99	1.99537040213878e-11
-0.97	1.83248207716956e-10
-0.95	5.19517838406653e-10
-0.93	1.03946803833809e-09
-0.91	1.75447814335007e-09
-0.89	2.67664909598942e-09
-0.87	3.81885500244241e-09
-0.85	5.19479888398276e-09
-0.83	6.8190730095885e-09
-0.81	8.7072242364356e-09
-0.79	1.08758248296592e-08
-0.77	1.33425492826712e-08
-0.75	1.61262577151124e-08
-0.73	1.92470864879677e-08
-0.71	2.27265467453603e-08
-0.69	2.65876316710816e-08
-0.67	3.08549333361558e-08
-0.65	3.55547701130123e-08
-0.63	4.07153257436814e-08
-0.61	4.6366801275586e-08
-0.59	5.25415812210225e-08
-0.57	5.92744154576496e-08
-0.55	6.66026185699607e-08
-0.53	7.45662885389664e-08
-0.51	8.32085469228256e-08
-0.49	9.25758029392242e-08
-0.47	1.02718044165891e-07
-0.45	1.13689156924608e-07
-0.429999999999999	1.25547279813243e-07
-0.409999999999999	1.38355194307747e-07
-0.389999999999999	1.5218075688112e-07
-0.369999999999999	1.67097377690277e-07
-0.349999999999999	1.83184551577537e-07
-0.329999999999999	2.00528447936885e-07
-0.309999999999999	2.19222566924489e-07
-0.289999999999999	2.39368470570418e-07
-0.269999999999999	2.61076598600108e-07
-0.249999999999999	2.84467180231464e-07
-0.229999999999999	3.09671254914036e-07
-0.209999999999999	3.36831816965829e-07
-0.189999999999999	3.66105101395495e-07
-0.169999999999999	3.97662030938939e-07
-0.149999999999999	4.31689847569805e-07
-0.129999999999999	4.68393955560232e-07
-0.109999999999999	5.08000007690598e-07
-0.0899999999999994	5.50756271580291e-07
-0.0699999999999994	5.96936319514702e-07
-0.0499999999999994	6.46842092797313e-07
-0.0299999999999994	7.00807400832936e-07
-0.00999999999999938	7.59201926188169e-07
0.0100000000000006	8.22435820201056e-07
0.0300000000000006	8.9096498985384e-07
0.0500000000000006	9.65297196247063e-07
0.0700000000000006	1.04599910896221e-06
0.0900000000000006	1.13370448994236e-06
0.110000000000001	1.22912371661836e-06
0.130000000000001	1.33305489860873e-06
0.150000000000001	1.44639689767343e-06
0.170000000000001	1.57016462961923e-06
0.190000000000001	1.70550711333078e-06
0.210000000000001	1.85372884100892e-06
0.230000000000001	2.01631518158755e-06
0.250000000000001	2.1949627048677e-06
0.270000000000001	2.39161553876348e-06
0.290000000000001	2.60850916182201e-06
0.310000000000001	2.84822340903033e-06
0.330000000000001	3.11374695977845e-06
0.350000000000001	3.40855622254669e-06
0.370000000000001	3.73671238677593e-06
0.390000000000001	4.10298155608431e-06
0.410000000000001	4.51298441843139e-06
0.430000000000001	4.97338400528316e-06
0.450000000000001	5.49212297084071e-06
0.470000000000001	6.07872581703405e-06
0.490000000000001	6.74468709393195e-06
0.510000000000001	7.50397456006673e-06
0.530000000000001	8.373687722979e-06
0.550000000000001	9.37492884580236e-06
0.570000000000001	1.05339681523623e-05
0.590000000000001	1.18838219983913e-05
0.610000000000001	1.34664193984628e-05
0.630000000000001	1.53356205154412e-05
0.650000000000001	1.75614910321795e-05
0.670000000000001	2.02364646310345e-05
0.690000000000001	2.34844067446849e-05
0.710000000000001	2.74742463693001e-05
0.730000000000001	3.24409998778258e-05
0.750000000000001	3.87191328034535e-05
0.770000000000001	4.67972560299917e-05
0.790000000000001	5.74112475784459e-05
0.810000000000001	7.17099533773285e-05
0.830000000000001	9.15659076592993e-05
0.850000000000001	0.000120196099913781
0.870000000000001	0.000163503067770422
0.890000000000001	0.000233274668232802
0.910000000000001	0.000355886061491964
0.930000000000001	0.000600686230789722
0.950000000000001	0.00120187175565986
0.970000000000001	0.0034073624724987
0.990000000000001	0.0312919001016009
