# Program settings for SigmaNu
# Electroweak scheme and input parameters
# Scheme = Complex mass scheme
# alpha_GF = 0.00755898078237864
# Pole masses/widths for particles [GeV]
# mw = 80.35797361
# gw = 2.084298894
# mz = 91.15348062
# gz = 2.494266379
# s^2_thetaw (derived) = (0.222868505240788,-0.00110716741475141)
# charged leptons
# m_e = 0.0005109989461
# m_m = 0.10565837
# m_t = 1.77686
# quarks
# m_d = 0.05
# m_u = 0.05
# m_s = 0.2
# m_c = 1.51
# m_b = 4.92
# m_t = 173
# Ecms (default) = 2996460

# channel_id = 6
# process  = nu_e nu_mu~ -> nu_e nu_mu~
-0.99	8.191029441329e-13
-0.97	7.52237009997551e-12
-0.95	2.13262956537601e-11
-0.93	4.26703398412796e-11
-0.91	7.20216263461652e-11
-0.89	1.09876900931585e-10
-0.87	1.56764647861197e-10
-0.85	2.13247378505747e-10
-0.83	2.7992410800743e-10
-0.81	3.57433037518481e-10
-0.79	4.46454461364645e-10
-0.77	5.47713920532536e-10
-0.75	6.61985626170042e-10
-0.73	7.9009617935253e-10
-0.71	9.32928616240605e-10
-0.69	1.09142681097932e-09
-0.67	1.26660027231096e-09
-0.65	1.45952937394905e-09
-0.63	1.67137106335194e-09
-0.61	1.9033650987135e-09
-0.59	2.15684086983878e-09
-0.57	2.43322486519077e-09
-0.55	2.73404885489261e-09
-0.53	3.0609588679772e-09
-0.51	3.41572505184405e-09
-0.49	3.80025251288705e-09
-0.47	4.2165932498015e-09
-0.45	4.66695930540373e-09
-0.429999999999999	5.153737279183e-09
-0.409999999999999	5.67950436158173e-09
-0.389999999999999	6.24704607255505e-09
-0.369999999999999	6.85937591175036e-09
-0.349999999999999	7.5197571562119e-09
-0.329999999999999	8.23172707449414e-09
-0.309999999999999	8.9991238642192e-09
-0.289999999999999	9.82611666434125e-09
-0.269999999999999	1.07172390447614e-08
-0.249999999999999	1.16774264357595e-08
-0.229999999999999	1.27120580295173e-08
-0.209999999999999	1.38270037676617e-08
-0.189999999999999	1.50286771244927e-08
-0.169999999999999	1.63240945080922e-08
-0.149999999999999	1.77209422341183e-08
-0.129999999999999	1.9227652183776e-08
-0.109999999999999	2.08534874430972e-08
-0.0899999999999994	2.26086394412391e-08
-0.0699999999999994	2.45043383683609e-08
-0.0499999999999994	2.65529789678218e-08
-0.0299999999999994	2.87682641741723e-08
-0.00999999999999938	3.11653695216002e-08
0.0100000000000006	3.3761131794528e-08
0.0300000000000006	3.65742660546861e-08
0.0500000000000006	3.96256159845661e-08
0.0700000000000006	4.29384434702741e-08
0.0900000000000006	4.65387645513007e-08
0.110000000000001	5.04557403465659e-08
0.130000000000001	5.4722133396952e-08
0.150000000000001	5.93748421367586e-08
0.170000000000001	6.44555290396835e-08
0.190000000000001	7.00113615348213e-08
0.210000000000001	7.60958892588237e-08
0.230000000000001	8.2770086870785e-08
0.250000000000001	9.0103598863473e-08
0.270000000000001	9.81762320349184e-08
0.290000000000001	1.07079753179379e-07
0.310000000000001	1.1692006498544e-07
0.330000000000001	1.27819853278774e-07
0.350000000000001	1.39921825253105e-07
0.370000000000001	1.53392693467455e-07
0.390000000000001	1.68428107336983e-07
0.410000000000001	1.85258797121103e-07
0.430000000000001	2.04158281472294e-07
0.450000000000001	2.25452607792939e-07
0.470000000000001	2.49532758628225e-07
0.490000000000001	2.76870587366355e-07
0.510000000000001	3.08039473065428e-07
0.530000000000001	3.43741353668443e-07
0.550000000000001	3.84842480990627e-07
0.570000000000001	4.32421252613418e-07
0.590000000000001	4.87832996118963e-07
0.610000000000001	5.52798905443701e-07
0.630000000000001	6.29529950463716e-07
0.650000000000001	7.20902340799769e-07
0.670000000000001	8.30710496832602e-07
0.690000000000001	9.64039118501966e-07
0.710000000000001	1.12782277401495e-06
0.730000000000001	1.33170893171532e-06
0.750000000000001	1.58942746826254e-06
0.770000000000001	1.92103595883975e-06
0.790000000000001	2.3567423465673e-06
0.810000000000001	2.94370699554975e-06
0.830000000000001	3.758797833046e-06
0.850000000000001	4.93407297635602e-06
0.870000000000001	6.71183291607621e-06
0.890000000000001	9.57597192172239e-06
0.910000000000001	1.46091967607473e-05
0.930000000000001	2.46583013374348e-05
0.950000000000001	4.93371231846611e-05
0.970000000000001	0.00013987320616356
0.990000000000001	0.00128454887354467
