# Program settings for SigmaNu
# Electroweak scheme and input parameters
# Scheme = Complex mass scheme
# alpha_GF = 0.00755898078237864
# Pole masses/widths for particles [GeV]
# mw = 80.35797361
# gw = 2.084298894
# mz = 91.15348062
# gz = 2.494266379
# s^2_thetaw (derived) = (0.222868505240788,-0.00110716741475141)
# charged leptons
# m_e = 0.0005109989461
# m_m = 0.10565837
# m_t = 1.77686
# quarks
# m_d = 0.05
# m_u = 0.05
# m_s = 0.2
# m_c = 1.51
# m_b = 4.92
# m_t = 173
# Ecms (default) = 2.90566

# channel_id = 6
# process  = nu_e nu_mu~ -> nu_e nu_mu~
-0.99	8.87965413274546e-07
-0.97	7.99185084633071e-06
-0.95	2.22000360503413e-05
-0.93	4.35129534030596e-05
-0.91	7.19310353085478e-05
-0.89	0.000107454714197178
-0.87	0.000150084422525637
-0.85	0.000199820592776924
-0.83	0.000256663657460355
-0.81	0.000320614049111564
-0.79	0.000391672200292505
-0.77	0.000469838543591451
-0.75	0.000555113511623003
-0.73	0.000647497537028083
-0.71	0.00074699105247394
-0.69	0.000853594490654155
-0.67	0.000967308284288636
-0.65	0.00108813286612362
-0.63	0.00121606866893169
-0.61	0.00135111612551175
-0.59	0.00149327566868906
-0.57	0.00164254773131519
-0.55	0.00179893274626808
-0.53	0.001962431146452
-0.51	0.00213304336479756
-0.49	0.00231076983426173
-0.47	0.00249561098782782
-0.45	0.00268756725850549
-0.429999999999999	0.00288663907933074
-0.409999999999999	0.00309282688336595
-0.389999999999999	0.00330613110369984
-0.369999999999999	0.00352655217344749
-0.349999999999999	0.00375409052575033
-0.329999999999999	0.00398874659377615
-0.309999999999999	0.00423052081071913
-0.289999999999999	0.00447941360979978
-0.269999999999999	0.004735425424265
-0.249999999999999	0.00499855668738803
-0.229999999999999	0.00526880783246852
-0.209999999999999	0.00554617929283246
-0.189999999999999	0.00583067150183221
-0.169999999999999	0.00612228489284653
-0.149999999999999	0.00642101989928055
-0.129999999999999	0.00672687695456576
-0.109999999999999	0.00703985649216004
-0.0899999999999994	0.00735995894554767
-0.0699999999999994	0.00768718474823927
-0.0499999999999994	0.00802153433377191
-0.0299999999999994	0.00836300813570898
-0.00999999999999938	0.00871160658764031
0.0100000000000006	0.00906733012318209
0.0300000000000006	0.00943017917597692
0.0500000000000006	0.00980015417969378
0.0700000000000006	0.0101772555680281
0.0900000000000006	0.0105614837747016
0.110000000000001	0.0109528392334624
0.130000000000001	0.0113513223780853
0.150000000000001	0.0117569336423711
0.170000000000001	0.0121696734601473
0.190000000000001	0.0125895422652676
0.210000000000001	0.0130165404916123
0.230000000000001	0.0134506685730879
0.250000000000001	0.0138919269436276
0.270000000000001	0.0143403160371907
0.290000000000001	0.0147958362877632
0.310000000000001	0.0152584881293572
0.330000000000001	0.0157282719960116
0.350000000000001	0.0162051883217913
0.370000000000001	0.0166892375407881
0.390000000000001	0.0171804200871197
0.410000000000001	0.0176787363949307
0.430000000000001	0.0181841868983919
0.450000000000001	0.0186967720317004
0.470000000000001	0.0192164922290801
0.490000000000001	0.0197433479247809
0.510000000000001	0.0202773395530796
0.530000000000001	0.0208184675482789
0.550000000000001	0.0213667323447085
0.570000000000001	0.0219221343767242
0.590000000000001	0.0224846740787082
0.610000000000001	0.0230543518850693
0.630000000000001	0.0236311682302428
0.650000000000001	0.0242151235486903
0.670000000000001	0.0248062182749
0.690000000000001	0.0254044528433862
0.710000000000001	0.0260098276886902
0.730000000000001	0.0266223432453793
0.750000000000001	0.0272419999480474
0.770000000000001	0.027868798231315
0.790000000000001	0.0285027385298289
0.810000000000001	0.0291438212782623
0.830000000000001	0.0297920469113151
0.850000000000001	0.0304474158637135
0.870000000000001	0.0311099285702102
0.890000000000001	0.0317795854655844
0.910000000000001	0.0324563869846416
0.930000000000001	0.0331403335622141
0.950000000000001	0.0338314256331604
0.970000000000001	0.0345296636323656
0.990000000000001	0.0352350479947412
