# Program settings for SigmaNu
# Electroweak scheme and input parameters
# Scheme = Complex mass scheme
# alpha_GF = 0.00755898078237864
# Pole masses/widths for particles [GeV]
# mw = 80.35797361
# gw = 2.084298894
# mz = 91.15348062
# gz = 2.494266379
# s^2_thetaw (derived) = (0.222868505240788,-0.00110716741475141)
# charged leptons
# m_e = 0.0005109989461
# m_m = 0.10565837
# m_t = 1.77686
# quarks
# m_d = 0.05
# m_u = 0.05
# m_s = 0.2
# m_c = 1.51
# m_b = 4.92
# m_t = 173
# Ecms (default) = 54.1041

# channel_id = 6
# process  = nu_e nu_mu~ -> nu_e nu_mu~
-0.99	0.000169190564911137
-0.97	0.00153068728015907
-0.95	0.00427422844309837
-0.93	0.00842157894603284
-0.91	0.0139948478911438
-0.89	0.0210164946567501
-0.87	0.0295093350841651
-0.85	0.0394965477878408
-0.83	0.0510016805915617
-0.81	0.0640486570935124
-0.79	0.0786617833631199
-0.77	0.0948657547726418
-0.75	0.112685662966544
-0.73	0.132147002971794
-0.71	0.153275680452267
-0.69	0.176098019110551
-0.67	0.200640768240514
-0.65	0.226931110434085
-0.63	0.254996669445793
-0.61	0.284865518218685
-0.59	0.316566187075352
-0.57	0.350127672077887
-0.55	0.385579443560675
-0.53	0.422951454840058
-0.51	0.462274151104971
-0.49	0.50357847849281
-0.47	0.546895893354837
-0.45	0.592258371715604
-0.429999999999999	0.639698418930955
-0.409999999999999	0.689249079549295
-0.389999999999999	0.740943947380944
-0.369999999999999	0.794817175780512
-0.349999999999999	0.850903488147375
-0.329999999999999	0.909238188649452
-0.309999999999999	0.969857173175627
-0.289999999999999	1.03279694052231
-0.269999999999999	1.09809460381979
-0.249999999999999	1.16578790220408
-0.229999999999999	1.23591521274034
-0.209999999999999	1.3085155626039
-0.189999999999999	1.38362864152504
-0.169999999999999	1.46129481450425
-0.149999999999999	1.54155513480426
-0.129999999999999	1.62445135722589
-0.109999999999999	1.71002595167454
-0.0899999999999994	1.79832211702455
-0.0699999999999994	1.88938379528884
-0.0499999999999994	1.9832556861013
-0.0299999999999994	2.07998326151983
-0.00999999999999938	2.17961278115792
0.0100000000000006	2.28219130765304
0.0300000000000006	2.38776672248039
0.0500000000000006	2.49638774212044
0.0700000000000006	2.6081039345895
0.0900000000000006	2.72296573634225
0.110000000000001	2.84102446955587
0.130000000000001	2.9623323598053
0.150000000000001	3.08694255413977
0.170000000000001	3.21490913957081
0.190000000000001	3.34628716198225
0.210000000000001	3.48113264547317
0.230000000000001	3.61950261214496
0.250000000000001	3.76145510234395
0.270000000000001	3.90704919537149
0.290000000000001	4.0563450306736
0.310000000000001	4.20940382952286
0.330000000000001	4.36628791720527
0.350000000000001	4.52706074572546
0.370000000000001	4.6917869170439
0.390000000000001	4.86053220686024
0.410000000000001	5.03336358895707
0.430000000000001	5.21034926011932
0.450000000000001	5.39155866564436
0.470000000000001	5.57706252545883
0.490000000000001	5.76693286085843
0.510000000000001	5.96124302188739
0.530000000000001	6.16006771537498
0.550000000000001	6.36348303364691
0.570000000000001	6.57156648392976
0.590000000000001	6.78439701846771
0.610000000000001	7.00205506537063
0.630000000000001	7.22462256021398
0.650000000000001	7.452182978411
0.670000000000001	7.68482136837852
0.690000000000001	7.92262438551862
0.710000000000001	8.16568032703844
0.730000000000001	8.41407916763188
0.750000000000001	8.66791259604704
0.770000000000001	8.92727405256448
0.790000000000001	9.1922587674117
0.810000000000001	9.46296380014051
0.830000000000001	9.7394880799945
0.850000000000001	10.0219324472947
0.870000000000001	10.3103996958726
0.890000000000001	10.6049946165804
0.910000000000001	10.9058240419095
0.930000000000001	11.2129968917493
0.950000000000001	11.5266242203185
0.970000000000001	11.8468192643044
0.990000000000001	12.1736974922442
