# Program settings for SigmaNu
# Electroweak scheme and input parameters
# Scheme = Complex mass scheme
# alpha_GF = 0.00755898078237864
# Pole masses/widths for particles [GeV]
# mw = 80.35797361
# gw = 2.084298894
# mz = 91.15348062
# gz = 2.494266379
# s^2_thetaw (derived) = (0.222868505240788,-0.00110716741475141)
# charged leptons
# m_e = 0.0005109989461
# m_m = 0.10565837
# m_t = 1.77686
# quarks
# m_d = 0.05
# m_u = 0.05
# m_s = 0.2
# m_c = 1.51
# m_b = 4.92
# m_t = 173
# Ecms (default) = 1327240

# channel_id = 6
# process  = nu_e nu_mu~ -> nu_e nu_mu~
-0.99	4.1750004744669e-12
-0.97	3.83418213291006e-11
-0.95	1.08700982088896e-10
-0.93	2.17492429146852e-10
-0.91	3.67097110595119e-10
-0.89	5.60046959449001e-10
-0.87	7.99035681129089e-10
-0.85	1.08693041858048e-09
-0.83	1.42678437592997e-09
-0.81	1.82185048996325e-09
-0.79	2.27559624805319e-09
-0.77	2.79171976161088e-09
-0.75	3.37416721580388e-09
-0.73	4.02715182935306e-09
-0.71	4.75517447286329e-09
-0.69	5.5630461105764e-09
-0.67	6.45591224889818e-09
-0.65	7.43927959582332e-09
-0.63	8.51904515878238e-09
-0.61	9.70152803483241e-09
-0.59	1.09935041769323e-08
-0.57	1.24022444537782e-08
-0.55	1.39355563588923e-08
-0.53	1.56018297680226e-08
-0.51	1.74100871931878e-08
-0.49	1.93700390377897e-08
-0.47	2.14921444211548e-08
-0.45	2.37876782138846e-08
-0.429999999999999	2.6268805008911e-08
-0.409999999999999	2.89486608488622e-08
-0.389999999999999	3.1841443640209e-08
-0.369999999999999	3.49625133110131e-08
-0.349999999999999	3.83285029146973e-08
-0.329999999999999	4.1957442050347e-08
-0.309999999999999	4.58688941645144e-08
-0.289999999999999	5.00841095249276e-08
-0.269999999999999	5.46261959183924e-08
-0.249999999999999	5.95203094300989e-08
-0.229999999999999	6.47938680173556e-08
-0.209999999999999	7.04767910069701e-08
-0.189999999999999	7.66017681334665e-08
-0.169999999999999	8.32045623089044e-08
-0.149999999999999	9.03243509909775e-08
-0.129999999999999	9.80041118147047e-08
-0.109999999999999	1.06291059099254e-07
-0.0899999999999994	1.15237138965717e-07
-0.0699999999999994	1.24899592141429e-07
-0.0499999999999994	1.35341595127809e-07
-0.0299999999999994	1.46632992328925e-07
-0.00999999999999938	1.58851134047888e-07
0.0100000000000006	1.72081838046463e-07
0.0300000000000006	1.86420495740695e-07
0.0500000000000006	2.01973348211462e-07
0.0700000000000006	2.18858962219802e-07
0.0900000000000006	2.37209942556261e-07
0.110000000000001	2.57174924606495e-07
0.130000000000001	2.78920900347323e-07
0.150000000000001	3.02635942568985e-07
0.170000000000001	3.28532406560192e-07
0.190000000000001	3.56850706586434e-07
0.210000000000001	3.87863787279111e-07
0.230000000000001	4.21882438904459e-07
0.250000000000001	4.59261642215858e-07
0.270000000000001	5.00408175640822e-07
0.290000000000001	5.45789778183246e-07
0.310000000000001	5.95946240062441e-07
0.330000000000001	6.5150289581456e-07
0.350000000000001	7.13187129684381e-07
0.370000000000001	7.81848682217307e-07
0.390000000000001	8.58484786263831e-07
0.410000000000001	9.44271483130579e-07
0.430000000000001	1.04060290826212e-06
0.450000000000001	1.14914093822576e-06
0.470000000000001	1.2718784265875e-06
0.490000000000001	1.41122042880702e-06
0.510000000000001	1.57008948070763e-06
0.530000000000001	1.75206338784245e-06
0.550000000000001	1.96155747007831e-06
0.570000000000001	2.20406836264924e-06
0.590000000000001	2.48650422395773e-06
0.610000000000001	2.81763804767818e-06
0.630000000000001	3.20873923479893e-06
0.650000000000001	3.67446793954886e-06
0.670000000000001	4.23416447261894e-06
0.690000000000001	4.91374575045958e-06
0.710000000000001	5.74855754090302e-06
0.730000000000001	6.78777337044947e-06
0.750000000000001	8.10137496108696e-06
0.770000000000001	9.79159656225753e-06
0.790000000000001	1.20124092459983e-05
0.810000000000001	1.50041912360717e-05
0.830000000000001	1.91587413626472e-05
0.850000000000001	2.51491649971035e-05
0.870000000000001	3.42104771499562e-05
0.890000000000001	4.88091056145733e-05
0.910000000000001	7.44636483504485e-05
0.930000000000001	0.000125684322100631
0.950000000000001	0.000251473216245913
0.970000000000001	0.000712938972472893
0.990000000000001	0.00654738711723443
