# Program settings for SigmaNu
# Electroweak scheme and input parameters
# Scheme = Complex mass scheme
# alpha_GF = 0.00755898078237864
# Pole masses/widths for particles [GeV]
# mw = 80.35797361
# gw = 2.084298894
# mz = 91.15348062
# gz = 2.494266379
# s^2_thetaw (derived) = (0.222868505240788,-0.00110716741475141)
# charged leptons
# m_e = 0.0005109989461
# m_m = 0.10565837
# m_t = 1.77686
# quarks
# m_d = 0.05
# m_u = 0.05
# m_s = 0.2
# m_c = 1.51
# m_b = 4.92
# m_t = 173
# Ecms (default) = 2079490

# channel_id = 6
# process  = nu_e nu_mu~ -> nu_e nu_mu~
-0.99	1.70075510361262e-12
-0.97	1.56191714731043e-11
-0.95	4.42811327106035e-11
-0.93	8.85991178193717e-11
-0.91	1.49543045164024e-10
-0.89	2.28144339301041e-10
-0.87	3.25500325437063e-10
-0.85	4.42778981407091e-10
-0.83	5.81224080128895e-10
-0.81	7.42160758904138e-10
-0.79	9.27001555745228e-10
-0.77	1.13725295715998e-09
-0.75	1.37452250658142e-09
-0.73	1.64052652795288e-09
-0.71	1.93709852494423e-09
-0.69	2.26619832296908e-09
-0.67	2.62992202869445e-09
-0.65	3.03051289019608e-09
-0.63	3.47037315044508e-09
-0.61	3.95207699756503e-09
-0.59	4.4783847274462e-09
-0.57	5.05225824804561e-09
-0.55	5.67687807027057e-09
-0.53	6.35566194800811e-09
-0.51	7.09228534993701e-09
-0.49	7.89070396860682e-09
-0.47	8.7551784983157e-09
-0.45	9.69030194306294e-09
-0.429999999999999	1.07010297498755e-08
-0.409999999999999	1.17927131017952e-08
-0.389999999999999	1.29711357495685e-08
-0.369999999999999	1.42425548125533e-08
-0.349999999999999	1.56137460386675e-08
-0.329999999999999	1.70920540816796e-08
-0.309999999999999	1.86854484333576e-08
-0.289999999999999	2.04025857398259e-08
-0.269999999999999	2.22528793381652e-08
-0.249999999999999	2.42465769735005e-08
-0.229999999999999	2.63948478017773e-08
-0.209999999999999	2.87098799529591e-08
-0.189999999999999	3.12049901281726e-08
-0.169999999999999	3.38947469379753e-08
-0.149999999999999	3.67951099642674e-08
-0.129999999999999	3.99235868537067e-08
-0.109999999999999	4.32994111359457e-08
-0.0899999999999994	4.69437439180055e-08
-0.0699999999999994	5.08799031518745e-08
-0.0499999999999994	5.51336248247817e-08
-0.0299999999999994	5.97333612038134e-08
-0.00999999999999938	6.47106222075362e-08
0.0100000000000006	7.01003671131271e-08
0.0300000000000006	7.59414551833679e-08
0.0500000000000006	8.22771654705426e-08
0.0700000000000006	8.91557980955721e-08
0.0900000000000006	9.66313718017028e-08
0.110000000000001	1.04764435658901e-07
0.130000000000001	1.13623016596623e-07
0.150000000000001	1.23283729160596e-07
0.170000000000001	1.33833079771917e-07
0.190000000000001	1.45369005137649e-07
0.210000000000001	1.58002693744794e-07
0.230000000000001	1.71860751122571e-07
0.250000000000001	1.87087784522459e-07
0.270000000000001	2.03849501831036e-07
0.290000000000001	2.22336444229058e-07
0.310000000000001	2.42768504145852e-07
0.330000000000001	2.65400421896324e-07
0.350000000000001	2.90528509424052e-07
0.370000000000001	3.18498922525878e-07
0.390000000000001	3.49717900417208e-07
0.410000000000001	3.84664522881799e-07
0.430000000000001	4.23906713941166e-07
0.450000000000001	4.6812146637142e-07
0.470000000000001	5.1812060187878e-07
0.490000000000001	5.74883859398294e-07
0.510000000000001	6.39601782012623e-07
0.530000000000001	7.13731847720039e-07
0.550000000000001	7.99072709767867e-07
0.570000000000001	8.97863513028178e-07
0.590000000000001	1.01291840958621e-06
0.610000000000001	1.14781122289531e-06
0.630000000000001	1.30713272905629e-06
0.650000000000001	1.49685498337088e-06
0.670000000000001	1.72485657999808e-06
0.690000000000001	2.00169520184058e-06
0.710000000000001	2.34176952982909e-06
0.730000000000001	2.7651112103515e-06
0.750000000000001	3.30022845133589e-06
0.770000000000001	3.98876805970053e-06
0.790000000000001	4.89345269054725e-06
0.810000000000001	6.11220437811908e-06
0.830000000000001	7.80462884032337e-06
0.850000000000001	1.02449266604973e-05
0.870000000000001	1.39362015988064e-05
0.890000000000001	1.9883193775926e-05
0.910000000000001	3.03339953522192e-05
0.930000000000001	5.11995834509008e-05
0.950000000000001	0.000102441772595852
0.970000000000001	0.000290427521751314
0.990000000000001	0.00266718878512199
