# Program settings for SigmaNu
# Electroweak scheme and input parameters
# Scheme = Complex mass scheme
# alpha_GF = 0.00755898078237864
# Pole masses/widths for particles [GeV]
# mw = 80.35797361
# gw = 2.084298894
# mz = 91.15348062
# gz = 2.494266379
# s^2_thetaw (derived) = (0.222868505240788,-0.00110716741475141)
# charged leptons
# m_e = 0.0005109989461
# m_m = 0.10565837
# m_t = 1.77686
# quarks
# m_d = 0.05
# m_u = 0.05
# m_s = 0.2
# m_c = 1.51
# m_b = 4.92
# m_t = 173
# Ecms (default) = 0.0381257

# channel_id = 6
# process  = nu_e nu_mu~ -> nu_e nu_mu~
-0.99	1.53185985849975e-10
-0.97	1.37867387746986e-09
-0.95	3.82964967302766e-09
-0.93	7.50611338537695e-09
-0.91	1.24080650273714e-08
-0.89	1.85355046118644e-08
-0.87	2.58884321517097e-08
-0.85	3.44668476597608e-08
-0.83	4.42707511488715e-08
-0.81	5.5300142631895e-08
-0.79	6.75550221216852e-08
-0.77	8.10353896310957e-08
-0.75	9.57412451729798e-08
-0.73	1.11672588760191e-07
-0.71	1.28829420405584e-07
-0.69	1.47211740122011e-07
-0.67	1.66819547922326e-07
-0.65	1.87652843819383e-07
-0.63	2.09711627826035e-07
-0.61	2.32995899955136e-07
-0.59	2.57505660219539e-07
-0.57	2.83240908632099e-07
-0.55	3.10201645205668e-07
-0.53	3.383878699531e-07
-0.51	3.6779958288725e-07
-0.49	3.98436784020969e-07
-0.47	4.30299473367113e-07
-0.45	4.63387650938534e-07
-0.429999999999999	4.97701316748087e-07
-0.409999999999999	5.33240470808624e-07
-0.389999999999999	5.70005113132999e-07
-0.369999999999999	6.07995243734067e-07
-0.349999999999999	6.4721086262468e-07
-0.329999999999999	6.87651969817692e-07
-0.309999999999999	7.29318565325957e-07
-0.289999999999999	7.72210649162328e-07
-0.269999999999999	8.16328221339659e-07
-0.249999999999999	8.61671281870804e-07
-0.229999999999999	9.08239830768615e-07
-0.209999999999999	9.56033868045947e-07
-0.189999999999999	1.00505339371565e-06
-0.169999999999999	1.05529840779059e-06
-0.149999999999999	1.1067689102836e-06
-0.129999999999999	1.15946490120755e-06
-0.109999999999999	1.21338638057529e-06
-0.0899999999999994	1.26853334839968e-06
-0.0699999999999994	1.32490580469355e-06
-0.0499999999999994	1.38250374946978e-06
-0.0299999999999994	1.44132718274121e-06
-0.00999999999999938	1.5013761045207e-06
0.0100000000000006	1.56265051482109e-06
0.0300000000000006	1.62515041365525e-06
0.0500000000000006	1.68887580103603e-06
0.0700000000000006	1.75382667697628e-06
0.0900000000000006	1.82000304148885e-06
0.110000000000001	1.8874048945866e-06
0.130000000000001	1.95603223628239e-06
0.150000000000001	2.02588506658905e-06
0.170000000000001	2.09696338551946e-06
0.190000000000001	2.16926719308646e-06
0.210000000000001	2.24279648930291e-06
0.230000000000001	2.31755127418165e-06
0.250000000000001	2.39353154773555e-06
0.270000000000001	2.47073730997746e-06
0.290000000000001	2.54916856092022e-06
0.310000000000001	2.6288253005767e-06
0.330000000000001	2.70970752895975e-06
0.350000000000001	2.79181524608222e-06
0.370000000000001	2.87514845195696e-06
0.390000000000001	2.95970714659683e-06
0.410000000000001	3.04549133001469e-06
0.430000000000001	3.13250100222338e-06
0.450000000000001	3.22073616323576e-06
0.470000000000001	3.31019681306468e-06
0.490000000000001	3.400882951723e-06
0.510000000000001	3.49279457922357e-06
0.530000000000001	3.58593169557924e-06
0.550000000000001	3.68029430080287e-06
0.570000000000001	3.77588239490731e-06
0.590000000000001	3.87269597790541e-06
0.610000000000001	3.97073504981003e-06
0.630000000000001	4.06999961063403e-06
0.650000000000001	4.17048966039025e-06
0.670000000000001	4.27220519909155e-06
0.690000000000001	4.37514622675077e-06
0.710000000000001	4.47931274338079e-06
0.730000000000001	4.58470474899445e-06
0.750000000000001	4.6913222436046e-06
0.770000000000001	4.79916522722409e-06
0.790000000000001	4.90823369986579e-06
0.810000000000001	5.01852766154254e-06
0.830000000000001	5.13004711226719e-06
0.850000000000001	5.24279205205261e-06
0.870000000000001	5.35676248091165e-06
0.890000000000001	5.47195839885715e-06
0.910000000000001	5.58837980590197e-06
0.930000000000001	5.70602670205897e-06
0.950000000000001	5.824899087341e-06
0.970000000000001	5.94499696176091e-06
0.990000000000001	6.06632032533156e-06
