# Program settings for SigmaNu
# Electroweak scheme and input parameters
# Scheme = Complex mass scheme
# alpha_GF = 0.00755898078237864
# Pole masses/widths for particles [GeV]
# mw = 80.35797361
# gw = 2.084298894
# mz = 91.15348062
# gz = 2.494266379
# s^2_thetaw (derived) = (0.222868505240788,-0.00110716741475141)
# charged leptons
# m_e = 0.0005109989461
# m_m = 0.10565837
# m_t = 1.77686
# quarks
# m_d = 0.05
# m_u = 0.05
# m_s = 0.2
# m_c = 1.51
# m_b = 4.92
# m_t = 173
# Ecms (default) = 567013

# channel_id = 6
# process  = nu_e nu_mu~ -> nu_e nu_mu~
-0.99	2.28754371483958e-11
-0.97	2.10080436865747e-10
-0.95	5.9558855065635e-10
-0.93	1.19167277155042e-09
-0.91	2.01137866143877e-09
-0.89	3.06857905061087e-09
-0.87	4.37803314394037e-09
-0.85	5.95545043577179e-09
-0.83	7.81755987677627e-09
-0.81	9.98218478196552e-09
-0.79	1.24683240202782e-08
-0.77	1.52962400833575e-08
-0.75	1.84875546950982e-08
-0.73	2.20653526951322e-08
-0.71	2.60542950096635e-08
-0.69	3.04807416130986e-08
-0.67	3.53728854850836e-08
-0.65	4.07608986813718e-08
-0.63	4.66770917651616e-08
-0.61	5.31560879901748e-08
-0.59	6.02350137901373e-08
-0.57	6.79537073141529e-08
-0.55	7.63549469568672e-08
-0.53	8.54847020699146e-08
-0.51	9.53924083111382e-08
-0.49	1.06131270395384e-07
-0.47	1.17758595361012e-07
-0.45	1.30336159866315e-07
-0.429999999999999	1.43930615487695e-07
-0.409999999999999	1.58613936515772e-07
-0.389999999999999	1.74463915347632e-07
-0.369999999999999	1.91564711265684e-07
-0.349999999999999	2.10007459191362e-07
-0.329999999999999	2.29890945922881e-07
-0.309999999999999	2.51322362431771e-07
-0.289999999999999	2.74418142028044e-07
-0.269999999999999	2.99304895638787e-07
-0.249999999999999	3.26120457115685e-07
-0.229999999999999	3.55015053436514e-07
-0.209999999999999	3.86152616946057e-07
-0.189999999999999	4.19712259455546e-07
-0.169999999999999	4.55889931162431e-07
-0.149999999999999	4.9490029105573e-07
-0.129999999999999	5.36978819848002e-07
-0.109999999999999	5.82384211659548e-07
-0.0899999999999994	6.31401086840514e-07
-0.0699999999999994	6.84343075657331e-07
-0.0499999999999994	7.41556331344302e-07
-0.0299999999999994	8.03423541542091e-07
-0.00999999999999938	8.70368519801419e-07
0.0100000000000006	9.42861474107476e-07
0.0300000000000006	1.021425067886e-06
0.0500000000000006	1.10664141144986e-06
0.0700000000000006	1.19916014930079e-06
0.0900000000000006	1.29970784233924e-06
0.110000000000001	1.40909888541977e-06
0.130000000000001	1.52824825181983e-06
0.150000000000001	1.65818641964761e-06
0.170000000000001	1.80007691433733e-06
0.190000000000001	1.95523700051979e-06
0.210000000000001	2.12516218140956e-06
0.230000000000001	2.31155532193126e-06
0.250000000000001	2.51636141308158e-06
0.270000000000001	2.74180925280494e-06
0.290000000000001	2.99046165085711e-06
0.310000000000001	3.26527619601616e-06
0.330000000000001	3.56967918673066e-06
0.350000000000001	3.90765606653986e-06
0.370000000000001	4.28386268681634e-06
0.390000000000001	4.70376303055337e-06
0.410000000000001	5.17380079806263e-06
0.430000000000001	5.70161465887459e-06
0.450000000000001	6.29631027470351e-06
0.470000000000001	6.96880677789449e-06
0.490000000000001	7.73228181428073e-06
0.510000000000001	8.60274837901937e-06
0.530000000000001	9.59980978427399e-06
0.550000000000001	1.07476582033825e-05
0.570000000000001	1.20764104917011e-05
0.590000000000001	1.36239174423301e-05
0.610000000000001	1.54382475478257e-05
0.630000000000001	1.75811474734446e-05
0.650000000000001	2.0132942305781e-05
0.670000000000001	2.31996003762748e-05
0.690000000000001	2.69231241759811e-05
0.710000000000001	3.14971782132334e-05
0.730000000000001	3.71911912482173e-05
0.750000000000001	4.43886030901617e-05
0.770000000000001	5.3649569700558e-05
0.790000000000001	6.58177203753574e-05
0.810000000000001	8.2210121315214e-05
0.830000000000001	0.000104973493370666
0.850000000000001	0.000137795875008019
0.870000000000001	0.000187444085132358
0.890000000000001	0.00026743202167547
0.910000000000001	0.000407996835203896
0.930000000000001	0.000688641948528764
0.950000000000001	0.00137785619651244
0.970000000000001	0.00390628588106087
0.990000000000001	0.0358737882892459
