# Program settings for SigmaNu
# Electroweak scheme and input parameters
# Scheme = Complex mass scheme
# alpha_GF = 0.00755898078237864
# Pole masses/widths for particles [GeV]
# mw = 80.35797361
# gw = 2.084298894
# mz = 91.15348062
# gz = 2.494266379
# s^2_thetaw (derived) = (0.222868505240788,-0.00110716741475141)
# charged leptons
# m_e = 0.0005109989461
# m_m = 0.10565837
# m_t = 1.77686
# quarks
# m_d = 0.05
# m_u = 0.05
# m_s = 0.2
# m_c = 1.51
# m_b = 4.92
# m_t = 173
# Ecms (default) = 0.616594

# channel_id = 6
# process  = nu_e nu_mu~ -> nu_e nu_mu~
-0.99	4.00629208380233e-08
-0.97	3.60566617245042e-07
-0.95	1.00157485263426e-06
-0.93	1.96308850621686e-06
-0.91	3.24510845720644e-06
-0.89	4.84763558481903e-06
-0.87	6.77067076827302e-06
-0.85	9.01421488678929e-06
-0.83	1.1578268819591e-05
-0.81	1.44628334459039e-05
-0.79	1.7667909644956e-05
-0.77	2.11934982959779e-05
-0.75	2.50396002782023e-05
-0.73	2.92062164708646e-05
-0.71	3.36933477532024e-05
-0.69	3.85009950044561e-05
-0.67	4.36291591038679e-05
-0.65	4.9077840930683e-05
-0.63	5.48470413641486e-05
-0.61	6.09367612835146e-05
-0.59	6.73470015680331e-05
-0.57	7.40777630969587e-05
-0.55	8.11290467495484e-05
-0.53	8.85008534050616e-05
-0.51	9.61931839427601e-05
-0.49	0.000104206039241908
-0.47	0.000112539420181773
-0.45	0.000121193327641622
-0.429999999999999	0.000130167762500729
-0.409999999999999	0.000139462725638366
-0.389999999999999	0.00014907821793381
-0.369999999999999	0.00015901424026634
-0.349999999999999	0.000169270793515236
-0.329999999999999	0.000179847878559783
-0.309999999999999	0.000190745496279266
-0.289999999999999	0.000201963647552974
-0.269999999999999	0.000213502333260197
-0.249999999999999	0.000225361554280228
-0.229999999999999	0.000237541311492364
-0.209999999999999	0.000250041605775901
-0.189999999999999	0.000262862438010141
-0.169999999999999	0.000276003809074387
-0.149999999999999	0.000289465719847943
-0.129999999999999	0.000303248171210118
-0.109999999999999	0.00031735116404022
-0.0899999999999994	0.000331774699217564
-0.0699999999999994	0.000346518777621463
-0.0499999999999994	0.000361583400131235
-0.0299999999999994	0.000376968567626199
-0.00999999999999938	0.000392674280985679
0.0100000000000006	0.000408700541088997
0.0300000000000006	0.000425047348815482
0.0500000000000006	0.000441714705044462
0.0700000000000006	0.00045870261065527
0.0900000000000006	0.000476011066527239
0.110000000000001	0.000493640073539706
0.130000000000001	0.00051158963257201
0.150000000000001	0.000529859744503493
0.170000000000001	0.000548450410213498
0.190000000000001	0.000567361630581371
0.210000000000001	0.000586593406486462
0.230000000000001	0.000606145738808121
0.250000000000001	0.000626018628425701
0.270000000000001	0.000646212076218559
0.290000000000001	0.000666726083066053
0.310000000000001	0.000687560649847543
0.330000000000001	0.000708715777442394
0.350000000000001	0.000730191466729969
0.370000000000001	0.000751987718589637
0.390000000000001	0.000774104533900769
0.410000000000001	0.000796541913542737
0.430000000000001	0.000819299858394916
0.450000000000001	0.000842378369336684
0.470000000000001	0.000865777447247422
0.490000000000001	0.00088949709300651
0.510000000000001	0.000913537307493335
0.530000000000001	0.000937898091587283
0.550000000000001	0.000962579446167745
0.570000000000001	0.000987581372114111
0.590000000000001	0.00101290387030578
0.610000000000001	0.00103854694162214
0.630000000000001	0.0010645105869426
0.650000000000001	0.00109079480714655
0.670000000000001	0.00111739960311341
0.690000000000001	0.00114432497572258
0.710000000000001	0.00117157092585346
0.730000000000001	0.00119913745438547
0.750000000000001	0.00122702456219802
0.770000000000001	0.00125523225017053
0.790000000000001	0.00128376051918242
0.810000000000001	0.00131260937011311
0.830000000000001	0.00134177880384201
0.850000000000001	0.00137126882124857
0.870000000000001	0.0014010794232122
0.890000000000001	0.00143121061061233
0.910000000000001	0.00146166238432841
0.930000000000001	0.00149243474523986
0.950000000000001	0.00152352769422612
0.970000000000001	0.00155494123216663
0.990000000000001	0.00158667535994084
