# Program settings for SigmaNu
# Electroweak scheme and input parameters
# Scheme = Complex mass scheme
# alpha_GF = 0.00755898078237864
# Pole masses/widths for particles [GeV]
# mw = 80.35797361
# gw = 2.084298894
# mz = 91.15348062
# gz = 2.494266379
# s^2_thetaw (derived) = (0.222868505240788,-0.00110716741475141)
# charged leptons
# m_e = 0.0005109989461
# m_m = 0.10565837
# m_t = 1.77686
# quarks
# m_d = 0.05
# m_u = 0.05
# m_s = 0.2
# m_c = 1.51
# m_b = 4.92
# m_t = 173
# Ecms (default) = 179.252

# channel_id = 6
# process  = nu_e nu_mu~ -> nu_e nu_mu~
-0.99	0.000144193582393969
-0.97	0.00131869631074679
-0.95	0.00372267223930174
-0.93	0.00741618332186554
-0.91	0.0124622652650962
-0.89	0.0189270927000085
-0.87	0.0268801547664764
-0.85	0.0363944418523987
-0.83	0.0475466442884028
-0.81	0.0604173638634144
-0.79	0.0750913390966534
-0.77	0.0916576852781764
-0.75	0.110210150373622
-0.73	0.130847387980017
-0.71	0.153673248619147
-0.69	0.17879709076396
-0.67	0.206334113112696
-0.65	0.236405709755998
-0.63	0.269139850025378
-0.61	0.304671484968344
-0.59	0.34314298256782
-0.57	0.384704594012777
-0.55	0.429514953535141
-0.53	0.477741614557152
-0.51	0.529561625145662
-0.49	0.585162146048063
-0.47	0.644741114891573
-0.45	0.708507960466648
-0.429999999999999	0.776684371390244
-0.409999999999999	0.849505123859523
-0.389999999999999	0.927218973666193
-0.369999999999999	1.01008961815135
-0.349999999999999	1.09839673434638
-0.329999999999999	1.19243710017414
-0.309999999999999	1.29252580628389
-0.289999999999999	1.39899756687224
-0.269999999999999	1.51220813871041
-0.249999999999999	1.63253585856733
-0.229999999999999	1.76038331030069
-0.209999999999999	1.8961791340997
-0.189999999999999	2.04037999171998
-0.169999999999999	2.19347270307348
-0.149999999999999	2.35597657124477
-0.129999999999999	2.52844591492748
-0.109999999999999	2.71147282943828
-0.0899999999999994	2.90569019990559
-0.0699999999999994	3.11177499298544
-0.0499999999999994	3.33045185657132
-0.0299999999999994	3.56249706049275
-0.00999999999999938	3.80874281519729
0.0100000000000006	4.07008200995485
0.0300000000000006	4.34747341729241
0.0500000000000006	4.6419474162581
0.0700000000000006	4.95461229383716
0.0900000000000006	5.28666119153044
0.110000000000001	5.63937977291149
0.130000000000001	6.01415469808296
0.150000000000001	6.41248300256917
0.170000000000001	6.83598249156116
0.190000000000001	7.28640327587223
0.210000000000001	7.76564059381814
0.230000000000001	8.27574908392948
0.250000000000001	8.81895869743421
0.270000000000001	9.39769246741794
0.290000000000001	10.0145863841968
0.310000000000001	10.6725116645878
0.330000000000001	11.3745997474787
0.350000000000001	12.1242704006421
0.370000000000001	12.9252633856404
0.390000000000001	13.7816742007865
0.410000000000001	14.6979945087307
0.430000000000001	15.6791579581247
0.450000000000001	16.7305922313741
0.470000000000001	17.8582782969571
0.490000000000001	19.0688180203683
0.510000000000001	20.3695114989182
0.530000000000001	21.768445740472
0.550000000000001	23.2745966148556
0.570000000000001	24.8979463818286
0.590000000000001	26.649619557301
0.610000000000001	28.5420404402594
0.630000000000001	30.5891163126995
0.650000000000001	32.8064511770797
0.670000000000001	35.2115959533827
0.690000000000001	37.8243423764535
0.710000000000001	40.667069486349
0.730000000000001	43.7651536849697
0.750000000000001	47.1474559664677
0.770000000000001	50.84690328299
0.790000000000001	54.9011853032142
0.810000000000001	59.3535933575625
0.830000000000001	64.2540355458654
0.850000000000001	69.6602713638814
0.870000000000001	75.6394215467786
0.890000000000001	82.2698251899834
0.910000000000001	89.643338077069
0.930000000000001	97.868195626258
0.950000000000001	107.072603975841
0.970000000000001	117.409277826982
0.990000000000001	129.061220138972
