# Program settings for SigmaNu
# Electroweak scheme and input parameters
# Scheme = Complex mass scheme
# alpha_GF = 0.00755898078237864
# Pole masses/widths for particles [GeV]
# mw = 80.35797361
# gw = 2.084298894
# mz = 91.15348062
# gz = 2.494266379
# s^2_thetaw (derived) = (0.222868505240788,-0.00110716741475141)
# charged leptons
# m_e = 0.0005109989461
# m_m = 0.10565837
# m_t = 1.77686
# quarks
# m_d = 0.05
# m_u = 0.05
# m_s = 0.2
# m_c = 1.51
# m_b = 4.92
# m_t = 173
# Ecms (default) = 2951190

# channel_id = 6
# process  = nu_e nu_mu~ -> nu_e nu_mu~
-0.99	8.44425062999427e-13
-0.97	7.75492005134651e-12
-0.95	2.19855864027121e-11
-0.93	4.39894700253566e-11
-0.91	7.42481354757142e-11
-0.89	1.13273685140119e-10
-0.87	1.61610941083749e-10
-0.85	2.19839804408248e-10
-0.83	2.88577808480803e-10
-0.81	3.68482884092682e-10
-0.79	4.60256356496053e-10
-0.77	5.64646196379692e-10
-0.75	6.82450549205027e-10
-0.73	8.14521569966863e-10
-0.71	9.61769593404995e-10
-0.69	1.12516767301662e-09
-0.67	1.3057565259538e-09
-0.65	1.50464992509157e-09
-0.63	1.72304058428519e-09
-0.61	1.96220658817396e-09
-0.59	2.2235184239205e-09
-0.57	2.50844667909719e-09
-0.55	2.81857047766143e-09
-0.53	3.15558673473193e-09
-0.51	3.52132032084536e-09
-0.49	3.91773523771614e-09
-0.47	4.34694692045508e-09
-0.45	4.81123579597041e-09
-0.429999999999999	5.31306224416714e-09
-0.409999999999999	5.85508312791835e-09
-0.389999999999999	6.44017008000261e-09
-0.369999999999999	7.071429760758e-09
-0.349999999999999	7.75222632965086e-09
-0.329999999999999	8.48620640795514e-09
-0.309999999999999	9.27732684906973e-09
-0.289999999999999	1.01298856785955e-08
-0.269999999999999	1.10485566192634e-08
-0.249999999999999	1.20384276774763e-08
-0.229999999999999	1.31050443401955e-08
-0.209999999999999	1.4254458015077e-08
-0.189999999999999	1.54932804454654e-08
-0.169999999999999	1.68287449478541e-08
-0.149999999999999	1.82687754561389e-08
-0.129999999999999	1.98220645185123e-08
-0.109999999999999	2.1498161584236e-08
-0.0899999999999994	2.33075731449158e-08
-0.0699999999999994	2.52618765658866e-08
-0.0499999999999994	2.73738497672075e-08
-0.0299999999999994	2.96576193021429e-08
-0.00999999999999938	3.21288298482049e-08
0.0100000000000006	3.48048386897815e-08
0.0300000000000006	3.7704939454482e-08
0.0500000000000006	4.08506201958216e-08
0.0700000000000006	4.42658619283691e-08
0.0900000000000006	4.79774849632209e-08
0.110000000000001	5.20155519193094e-08
0.130000000000001	5.64138381735162e-08
0.150000000000001	6.12103828550181e-08
0.170000000000001	6.64481364100575e-08
0.190000000000001	7.21757244229527e-08
0.210000000000001	7.84483519880278e-08
0.230000000000001	8.53288787625495e-08
0.250000000000001	9.28891022606134e-08
0.270000000000001	1.01211296463676e-07
0.290000000000001	1.10390065086149e-07
0.310000000000001	1.20534584740197e-07
0.330000000000001	1.31771334016554e-07
0.350000000000001	1.44247431823627e-07
0.370000000000001	1.58134744547828e-07
0.390000000000001	1.73634969998752e-07
0.410000000000001	1.90985971335319e-07
0.430000000000001	2.10469722889228e-07
0.450000000000001	2.32422351639587e-07
0.470000000000001	2.57246927142647e-07
0.490000000000001	2.85429889875451e-07
0.510000000000001	3.17562344595351e-07
0.530000000000001	3.54367929272039e-07
0.550000000000001	3.9673967542069e-07
0.570000000000001	4.45789318692717e-07
0.590000000000001	5.0291408587934e-07
0.610000000000001	5.69888380683754e-07
0.630000000000001	6.48991523903331e-07
0.650000000000001	7.43188641601917e-07
0.670000000000001	8.56391456585267e-07
0.690000000000001	9.93841859502796e-07
0.710000000000001	1.16268879693371e-06
0.730000000000001	1.37287798341282e-06
0.750000000000001	1.63856374720306e-06
0.770000000000001	1.98042373241725e-06
0.790000000000001	2.42959974415699e-06
0.810000000000001	3.03471008329266e-06
0.830000000000001	3.874999006844e-06
0.850000000000001	5.08660713626773e-06
0.870000000000001	6.91932554867819e-06
0.890000000000001	9.87200783888554e-06
0.910000000000001	1.50608320583543e-05
0.930000000000001	2.54205991769728e-05
0.950000000000001	5.08623532107648e-05
0.970000000000001	0.000144197309176921
0.990000000000001	0.00132425998330024
