# Program settings for SigmaNu
# Electroweak scheme and input parameters
# Scheme = Complex mass scheme
# alpha_GF = 0.00755898078237864
# Pole masses/widths for particles [GeV]
# mw = 80.35797361
# gw = 2.084298894
# mz = 91.15348062
# gz = 2.494266379
# s^2_thetaw (derived) = (0.222868505240788,-0.00110716741475141)
# charged leptons
# m_e = 0.0005109989461
# m_m = 0.10565837
# m_t = 1.77686
# quarks
# m_d = 0.05
# m_u = 0.05
# m_s = 0.2
# m_c = 1.51
# m_b = 4.92
# m_t = 173
# Ecms (default) = 0.00301678

# channel_id = 6
# process  = nu_e nu_mu~ -> nu_e nu_mu~
-0.99	9.59115288996422e-13
-0.97	8.63203760115682e-12
-0.95	2.39778822259605e-11
-0.93	4.69966491639114e-11
-0.91	7.76883384155132e-11
-0.89	1.1605294998127e-10
-0.87	1.62090483861686e-10
-0.85	2.15800940057264e-10
-0.83	2.77184318568509e-10
-0.81	3.46240619395925e-10
-0.79	4.22969842540014e-10
-0.77	5.07371988001282e-10
-0.75	5.99447055780232e-10
-0.73	6.99195045877368e-10
-0.71	8.06615958293194e-10
-0.69	9.21709793028214e-10
-0.67	1.04447655008293e-09
-0.65	1.17491622945785e-09
-0.63	1.31302883115347e-09
-0.61	1.45881435517031e-09
-0.59	1.61227280150885e-09
-0.57	1.77340417016962e-09
-0.55	1.9422084611531e-09
-0.53	2.11868567445981e-09
-0.51	2.30283581009025e-09
-0.49	2.49465886804492e-09
-0.47	2.69415484832433e-09
-0.45	2.90132375092898e-09
-0.429999999999999	3.11616557585937e-09
-0.409999999999999	3.338680323116e-09
-0.389999999999999	3.5688679926994e-09
-0.369999999999999	3.80672858461004e-09
-0.349999999999999	4.05226209884845e-09
-0.329999999999999	4.30546853541512e-09
-0.309999999999999	4.56634789431056e-09
-0.289999999999999	4.83490017553527e-09
-0.269999999999999	5.11112537908975e-09
-0.249999999999999	5.39502350497452e-09
-0.229999999999999	5.68659455319006e-09
-0.209999999999999	5.9858385237369e-09
-0.189999999999999	6.29275541661552e-09
-0.169999999999999	6.60734523182644e-09
-0.149999999999999	6.92960796937016e-09
-0.129999999999999	7.25954362924718e-09
-0.109999999999999	7.597152211458e-09
-0.0899999999999994	7.94243371600314e-09
-0.0699999999999994	8.29538814288309e-09
-0.0499999999999994	8.65601549209836e-09
-0.0299999999999994	9.02431576364945e-09
-0.00999999999999938	9.40028895753686e-09
0.0100000000000006	9.78393507376111e-09
0.0300000000000006	1.01752541123227e-08
0.0500000000000006	1.05742460732221e-08
0.0700000000000006	1.09809109564599e-08
0.0900000000000006	1.13952487620365e-08
0.110000000000001	1.18172594899524e-08
0.130000000000001	1.22469431402082e-08
0.150000000000001	1.26842997128044e-08
0.170000000000001	1.31293292077414e-08
0.190000000000001	1.35820316250198e-08
0.210000000000001	1.404240696464e-08
0.230000000000001	1.45104552266027e-08
0.250000000000001	1.49861764109082e-08
0.270000000000001	1.5469570517557e-08
0.290000000000001	1.59606375465498e-08
0.310000000000001	1.6459377497887e-08
0.330000000000001	1.6965790371569e-08
0.350000000000001	1.74798761675965e-08
0.370000000000001	1.80016348859698e-08
0.390000000000001	1.85310665266896e-08
0.410000000000001	1.90681710897562e-08
0.430000000000001	1.96129485751703e-08
0.450000000000001	2.01653989829322e-08
0.470000000000001	2.07255223130426e-08
0.490000000000001	2.12933185655019e-08
0.510000000000001	2.18687877403107e-08
0.530000000000001	2.24519298374694e-08
0.550000000000001	2.30427448569785e-08
0.570000000000001	2.36412327988385e-08
0.590000000000001	2.424739366305e-08
0.610000000000001	2.48612274496135e-08
0.630000000000001	2.54827341585293e-08
0.650000000000001	2.61119137897982e-08
0.670000000000001	2.67487663434205e-08
0.690000000000001	2.73932918193967e-08
0.710000000000001	2.80454902177275e-08
0.730000000000001	2.87053615384132e-08
0.750000000000001	2.93729057814543e-08
0.770000000000001	3.00481229468515e-08
0.790000000000001	3.07310130346051e-08
0.810000000000001	3.14215760447157e-08
0.830000000000001	3.21198119771838e-08
0.850000000000001	3.28257208320099e-08
0.870000000000001	3.35393026091945e-08
0.890000000000001	3.42605573087381e-08
0.910000000000001	3.49894849306412e-08
0.930000000000001	3.57260854749043e-08
0.950000000000001	3.64703589415279e-08
0.970000000000001	3.72223053305125e-08
0.990000000000001	3.79819246418587e-08
