# Program settings for SigmaNu
# Electroweak scheme and input parameters
# Scheme = Complex mass scheme
# alpha_GF = 0.00755898078237864
# Pole masses/widths for particles [GeV]
# mw = 80.35797361
# gw = 2.084298894
# mz = 91.15348062
# gz = 2.494266379
# s^2_thetaw (derived) = (0.222868505240788,-0.00110716741475141)
# charged leptons
# m_e = 0.0005109989461
# m_m = 0.10565837
# m_t = 1.77686
# quarks
# m_d = 0.05
# m_u = 0.05
# m_s = 0.2
# m_c = 1.51
# m_b = 4.92
# m_t = 173
# Ecms (default) = 130245

# channel_id = 6
# process  = nu_e nu_mu~ -> nu_e nu_mu~
-0.99	4.33543729537348e-10
-0.97	3.98152195511913e-09
-0.95	1.12878138636918e-08
-0.93	2.25850216297896e-08
-0.91	3.8120389423507e-08
-0.89	5.8156840094787e-08
-0.87	8.29740953739513e-08
-0.85	1.12869887208324e-07
-0.83	1.48161268635908e-07
-0.81	1.89186033467373e-07
-0.79	2.36304255018476e-07
-0.77	2.89899955219153e-07
-0.75	3.50382916637738e-07
-0.73	4.18190651315565e-07
-0.71	4.93790541827954e-07
-0.69	5.7768217169399e-07
-0.67	6.70399864174787e-07
-0.65	7.72515450656996e-07
-0.63	8.84641292248175e-07
-0.61	1.00743358095192e-06
-0.59	1.14159594988706e-06
-0.57	1.28788342551842e-06
-0.55	1.44710675883511e-06
-0.53	1.62013717691551e-06
-0.51	1.80791160143508e-06
-0.49	2.01143838649733e-06
-0.47	2.2318036348082e-06
-0.45	2.47017815879588e-06
-0.429999999999999	2.72782516195149e-06
-0.409999999999999	3.00610872560386e-06
-0.389999999999999	3.30650319775087e-06
-0.369999999999999	3.63060359369003e-06
-0.349999999999999	3.98013713331052e-06
-0.329999999999999	4.35697605736355e-06
-0.309999999999999	4.76315188522143e-06
-0.289999999999999	5.2008713000446e-06
-0.269999999999999	5.67253387447142e-06
-0.249999999999999	6.18075188160853e-06
-0.229999999999999	6.72837247304866e-06
-0.209999999999999	7.31850254886105e-06
-0.189999999999999	7.95453669517157e-06
-0.169999999999999	8.64018862451135e-06
-0.149999999999999	9.37952662430041e-06
-0.129999999999999	1.01770136017652e-05
-0.109999999999999	1.10375524118472e-05
-0.0899999999999994	1.19665372714067e-05
-0.0699999999999994	1.29699122021517e-05
-0.0499999999999994	1.40542376110123e-05
-0.0299999999999994	1.52267663160817e-05
-0.00999999999999938	1.64955305661088e-05
0.0100000000000006	1.78694418910707e-05
0.0300000000000006	1.93584059720679e-05
0.0500000000000006	2.09734551451736e-05
0.0700000000000006	2.2726901674214e-05
0.0900000000000006	2.46325155649834e-05
0.110000000000001	2.67057314777159e-05
0.130000000000001	2.89638902636806e-05
0.150000000000001	3.14265218544258e-05
0.170000000000001	3.41156777317529e-05
0.190000000000001	3.70563230854065e-05
0.210000000000001	4.02768011317235e-05
0.230000000000001	4.38093850624605e-05
0.250000000000001	4.76909369076106e-05
0.270000000000001	5.19636974815375e-05
0.290000000000001	5.66762378775974e-05
0.310000000000001	6.18846111426362e-05
0.330000000000001	6.76537534276996e-05
0.350000000000001	7.40591979405484e-05
0.370000000000001	8.11891836217088e-05
0.390000000000001	8.91472653153157e-05
0.410000000000001	9.80555656971518e-05
0.430000000000001	0.00010805885477234
0.450000000000001	0.000119329705307943
0.470000000000001	0.000132075059357981
0.490000000000001	0.000146544662796351
0.510000000000001	0.000163041997609402
0.530000000000001	0.000181938590167352
0.550000000000001	0.000203692935787609
0.570000000000001	0.000228875815403784
0.590000000000001	0.000258204584820173
0.610000000000001	0.000292590247262279
0.630000000000001	0.00033320303663448
0.650000000000001	0.000381565287480691
0.670000000000001	0.000439685328048365
0.690000000000001	0.000510254409490211
0.710000000000001	0.000596942885577076
0.730000000000001	0.000704856998535896
0.750000000000001	0.000841263731783044
0.770000000000001	0.00101677919417958
0.790000000000001	0.00124739187345437
0.810000000000001	0.00155806280230438
0.830000000000001	0.00198947653508668
0.850000000000001	0.00261152841663792
0.870000000000001	0.00355246209708451
0.890000000000001	0.00506838961591988
0.910000000000001	0.00773235440211748
0.930000000000001	0.0130510625857734
0.950000000000001	0.0261126944068038
0.970000000000001	0.0740288614961327
0.990000000000001	0.679767753047001
