# Program settings for SigmaNu
# Electroweak scheme and input parameters
# Scheme = Complex mass scheme
# alpha_GF = 0.00755898078237864
# Pole masses/widths for particles [GeV]
# mw = 80.35797361
# gw = 2.084298894
# mz = 91.15348062
# gz = 2.494266379
# s^2_thetaw (derived) = (0.222868505240788,-0.00110716741475141)
# charged leptons
# m_e = 0.0005109989461
# m_m = 0.10565837
# m_t = 1.77686
# quarks
# m_d = 0.05
# m_u = 0.05
# m_s = 0.2
# m_c = 1.51
# m_b = 4.92
# m_t = 173
# Ecms (default) = 2295750

# channel_id = 6
# process  = nu_e nu_mu~ -> nu_e nu_mu~
-0.99	1.39542426184804e-12
-0.97	1.28151141674611e-11
-0.95	3.63314899341566e-11
-0.93	7.26932162799543e-11
-0.91	1.22696085388967e-10
-0.89	1.87186353637515e-10
-0.87	2.67064347130116e-10
-0.85	3.63288360571025e-10
-0.83	4.76878876511115e-10
-0.81	6.08923134811111e-10
-0.79	7.60580085286993e-10
-0.77	9.3308575999292e-10
-0.75	1.12775910549855e-09
-0.73	1.34600831988491e-09
-0.71	1.58933774407758e-09
-0.69	1.85935536262832e-09
-0.67	2.15778097522752e-09
-0.65	2.48645510717234e-09
-0.63	2.84734873483681e-09
-0.61	3.24257391101287e-09
-0.59	3.67439538495812e-09
-0.57	4.14524332326105e-09
-0.55	4.65772725040848e-09
-0.53	5.21465134243321e-09
-0.51	5.81903122349058e-09
-0.49	6.47411243395827e-09
-0.47	7.18339076002514e-09
-0.45	7.95063463913894e-09
-0.429999999999999	8.77990988359819e-09
-0.409999999999999	9.67560699656137e-09
-0.389999999999999	1.06424713914675e-08
-0.369999999999999	1.16856368680934e-08
-0.349999999999999	1.28106627471363e-08
-0.329999999999999	1.40235751213911e-08
-0.309999999999999	1.53309127465896e-08
-0.289999999999999	1.67397781703111e-08
-0.269999999999999	1.82578947849105e-08
-0.249999999999999	1.98936705923201e-08
-0.229999999999999	2.16562695875086e-08
-0.209999999999999	2.35556918064878e-08
-0.189999999999999	2.56028632478505e-08
-0.169999999999999	2.78097370685341e-08
-0.149999999999999	3.01894076804159e-08
-0.129999999999999	3.27562396412758e-08
-0.109999999999999	3.55260135499244e-08
-0.0899999999999994	3.85160915310646e-08
-0.0699999999999994	4.17456053432504e-08
-0.0499999999999994	4.52356706785498e-08
-0.0299999999999994	4.90096318643097e-08
-0.00999999999999938	5.30933419494806e-08
0.0100000000000006	5.75154840898849e-08
0.0300000000000006	6.23079412756642e-08
0.0500000000000006	6.75062228165331e-08
0.0700000000000006	7.3149957675296e-08
0.0900000000000006	7.92834667920707e-08
0.110000000000001	8.59564290661259e-08
0.130000000000001	9.32246587812857e-08
0.150000000000001	1.0115101613181e-07
0.170000000000001	1.09806477332251e-07
0.190000000000001	1.19271396842382e-07
0.210000000000001	1.2963700185448e-07
0.230000000000001	1.41007168833373e-07
0.250000000000001	1.53500544177571e-07
0.270000000000001	1.67253086794726e-07
0.290000000000001	1.82421130649002e-07
0.310000000000001	1.9918509162233e-07
0.330000000000001	2.17753977358695e-07
0.350000000000001	2.38370903916281e-07
0.370000000000001	2.61319882907457e-07
0.390000000000001	2.86934222789416e-07
0.410000000000001	3.15606995765844e-07
0.430000000000001	3.47804168371492e-07
0.450000000000001	3.84081195149658e-07
0.470000000000001	4.25104154190206e-07
0.490000000000001	4.7167689519754e-07
0.510000000000001	5.24776227065418e-07
0.530000000000001	5.85597971677385e-07
0.550000000000001	6.5561787612344e-07
0.570000000000001	7.36673099141657e-07
0.590000000000001	8.31072577576604e-07
0.610000000000001	9.41748538401306e-07
0.630000000000001	1.07246759115629e-06
0.650000000000001	1.22812964818588e-06
0.670000000000001	1.4151988862006e-06
0.690000000000001	1.64233760288939e-06
0.710000000000001	1.92135953255177e-06
0.730000000000001	2.26870010766379e-06
0.750000000000001	2.7077495537585e-06
0.770000000000001	3.2726779670395e-06
0.790000000000001	4.01494761604577e-06
0.810000000000001	5.01490092283741e-06
0.830000000000001	6.40349012989409e-06
0.850000000000001	8.40568951646155e-06
0.870000000000001	1.143428232589e-05
0.890000000000001	1.6313631085283e-05
0.910000000000001	2.48882355860442e-05
0.930000000000001	4.200789528775e-05
0.950000000000001	8.40507480760163e-05
0.970000000000001	0.000238288056674516
0.990000000000001	0.00218835765640245
