# Program settings for SigmaNu
# Electroweak scheme and input parameters
# Scheme = Complex mass scheme
# alpha_GF = 0.00755898078237864
# Pole masses/widths for particles [GeV]
# mw = 80.35797361
# gw = 2.084298894
# mz = 91.15348062
# gz = 2.494266379
# s^2_thetaw (derived) = (0.222868505240788,-0.00110716741475141)
# charged leptons
# m_e = 0.0005109989461
# m_m = 0.10565837
# m_t = 1.77686
# quarks
# m_d = 0.05
# m_u = 0.05
# m_s = 0.2
# m_c = 1.51
# m_b = 4.92
# m_t = 173
# Ecms (default) = 74.2915

# channel_id = 6
# process  = nu_e nu_mu~ -> nu_e nu_mu~
-0.99	0.000210943836735332
-0.97	0.00191376711709657
-0.95	0.00535895756325946
-0.93	0.0105887385614793
-0.91	0.0176463634886696
-0.89	0.0265761437594841
-0.87	0.0374234777362704
-0.85	0.0502348805317497
-0.83	0.0650580147354326
-0.81	0.0819417220959778
-0.79	0.10093605619296
-0.77	0.122092316132814
-0.75	0.145463081305092
-0.73	0.171102247236584
-0.71	0.199065062582361
-0.69	0.229408167294303
-0.67	0.262189632009356
-0.65	0.297468998701388
-0.63	0.335307322642328
-0.61	0.375767215720086
-0.59	0.418912891162689
-0.57	0.464810209720067
-0.55	0.513526727357056
-0.53	0.565131744513344
-0.51	0.619696356988403
-0.49	0.677293508511856
-0.47	0.737998045062237
-0.45	0.801886770999718
-0.429999999999999	0.869038507081142
-0.409999999999999	0.939534150428576
-0.389999999999999	1.0134567365256
-0.369999999999999	1.09089150331873
-0.349999999999999	1.17192595750457
-0.329999999999999	1.256649943087
-0.309999999999999	1.34515571229191
-0.289999999999999	1.43753799893129
-0.269999999999999	1.53389409431199
-0.249999999999999	1.63432392578897
-0.229999999999999	1.73893013806702
-0.209999999999999	1.84781817735972
-0.189999999999999	1.9610963785189
-0.169999999999999	2.07887605525324
-0.149999999999999	2.2012715935598
-0.129999999999999	2.32840054849761
-0.109999999999999	2.46038374443877
-0.0899999999999994	2.59734537893807
-0.0699999999999994	2.73941313036899
-0.0499999999999994	2.88671826948048
-0.0299999999999994	3.03939577503603
-0.00999999999999938	3.19758445370406
0.0100000000000006	3.36142706437649
0.0300000000000006	3.53107044710046
0.0500000000000006	3.70666565681696
0.0700000000000006	3.88836810210934
0.0900000000000006	4.07633768917386
0.110000000000001	4.27073897123511
0.130000000000001	4.47174130363916
0.150000000000001	4.67951900486902
0.170000000000001	4.89425152373827
0.190000000000001	5.11612361303164
0.210000000000001	5.34532550987398
0.230000000000001	5.58205312312303
0.250000000000001	5.826508228096
0.270000000000001	6.07889866895514
0.290000000000001	6.33943856909389
0.310000000000001	6.60834854988181
0.330000000000001	6.88585595814525
0.350000000000001	7.17219510277892
0.370000000000001	7.4676075009042
0.390000000000001	7.77234213401105
0.410000000000001	8.08665571454267
0.430000000000001	8.41081296340606
0.450000000000001	8.74508689891641
0.470000000000001	9.08975913770999
0.490000000000001	9.44512020818805
0.510000000000001	9.81146987708408
0.530000000000001	10.1891174897781
0.550000000000001	10.5783823250152
0.570000000000001	10.97959396472
0.590000000000001	11.3930926796372
0.610000000000001	11.8192298315675
0.630000000000001	12.258368293009
0.650000000000001	12.7108828850612
0.670000000000001	13.1771608344935
0.690000000000001	13.6576022509316
0.710000000000001	14.1526206251684
0.730000000000001	14.6626433496613
0.750000000000001	15.1881122623405
0.770000000000001	15.7294842149134
0.790000000000001	16.2872316669206
0.810000000000001	16.8618433068709
0.830000000000001	17.4538247018582
0.850000000000001	18.0636989771459
0.870000000000001	18.6920075272927
0.890000000000001	19.3393107604834
0.910000000000001	20.0061888778311
0.930000000000001	20.6932426895185
0.950000000000001	21.4010944697622
0.970000000000001	22.1303888527011
0.990000000000001	22.8817937714394
