# Program settings for SigmaNu
# Electroweak scheme and input parameters
# Scheme = Complex mass scheme
# alpha_GF = 0.00755898078237864
# Pole masses/widths for particles [GeV]
# mw = 80.35797361
# gw = 2.084298894
# mz = 91.15348062
# gz = 2.494266379
# s^2_thetaw (derived) = (0.222868505240788,-0.00110716741475141)
# charged leptons
# m_e = 0.0005109989461
# m_m = 0.10565837
# m_t = 1.77686
# quarks
# m_d = 0.05
# m_u = 0.05
# m_s = 0.2
# m_c = 1.51
# m_b = 4.92
# m_t = 173
# Ecms (default) = 257921

# channel_id = 6
# process  = nu_e nu_mu~ -> nu_e nu_mu~
-0.99	1.10555903994103e-10
-0.97	1.01530879657301e-09
-0.95	2.87845123703041e-09
-0.93	5.75929801269991e-09
-0.91	9.7208976988175e-09
-0.89	1.48302970187135e-08
-0.87	2.11588265011129e-08
-0.85	2.87824093776516e-08
-0.83	3.77818958628984e-08
-0.81	4.82434251811102e-08
-0.79	6.02588179515144e-08
-0.77	7.39260018203831e-08
-0.75	8.93494735372669e-08
-0.73	1.06640801018767e-07
-0.71	1.25919169331012e-07
-0.69	1.47311974957147e-07
-0.67	1.70955473205083e-07
-0.65	1.96995484160778e-07
-0.63	2.25588163212e-07
-0.61	2.56900842866523e-07
-0.59	2.91112953378336e-07
-0.57	3.28417030588758e-07
-0.55	3.6901982040136e-07
-0.53	4.13143490457921e-07
-0.51	4.6102696088749e-07
-0.49	5.12927367485885e-07
-0.47	5.69121672376091e-07
-0.45	6.29908439133526e-07
-0.429999999999999	6.95609791571797e-07
-0.409999999999999	7.665735779189e-07
-0.389999999999999	8.43175765023077e-07
-0.369999999999999	9.25823090573474e-07
-0.349999999999999	1.01495600517614e-06
-0.329999999999999	1.11105194057703e-06
-0.309999999999999	1.21462894547325e-06
-0.289999999999999	1.32624973632288e-06
-0.269999999999999	1.44652621749912e-06
-0.249999999999999	1.57612453320857e-06
-0.229999999999999	1.71577072301564e-06
-0.209999999999999	1.86625706383614e-06
-0.189999999999999	2.02844919418477e-06
-0.169999999999999	2.20329413164979e-06
-0.149999999999999	2.39182931246634e-06
-0.129999999999999	2.59519280320851e-06
-0.109999999999999	2.81463485967632e-06
-0.0899999999999994	3.05153103782541e-06
-0.0699999999999994	3.30739709706469e-06
-0.0499999999999994	3.58390597865327e-06
-0.0299999999999994	3.88290719277502e-06
-0.00999999999999938	4.20644900903773e-06
0.0100000000000006	4.55680391897765e-06
0.0300000000000006	4.93649792858586e-06
0.0500000000000006	5.34834434760433e-06
0.0700000000000006	5.79548287503112e-06
0.0900000000000006	6.28142494284801e-06
0.110000000000001	6.81010647998996e-06
0.130000000000001	7.38594950568944e-06
0.150000000000001	8.01393426801398e-06
0.170000000000001	8.69968402581294e-06
0.190000000000001	9.44956505142341e-06
0.210000000000001	1.02708050348965e-05
0.230000000000001	1.1171633834501e-05
0.250000000000001	1.21614514910092e-05
0.270000000000001	1.32510296691104e-05
0.290000000000001	1.44527542947853e-05
0.310000000000001	1.57809192399161e-05
0.330000000000001	1.72520836250488e-05
0.350000000000001	1.88855088887904e-05
0.370000000000001	2.07036965144727e-05
0.390000000000001	2.2733053641537e-05
0.410000000000001	2.50047223295873e-05
0.430000000000001	2.75556198586796e-05
0.450000000000001	3.04297534008617e-05
0.470000000000001	3.36798945306951e-05
0.490000000000001	3.73697300917481e-05
0.510000000000001	4.15766500107029e-05
0.530000000000001	4.63953960119687e-05
0.550000000000001	5.19428875226676e-05
0.570000000000001	5.83646776151129e-05
0.590000000000001	6.58436970307161e-05
0.610000000000001	7.46122580490051e-05
0.630000000000001	8.4968778741395e-05
0.650000000000001	9.73014655666255e-05
0.670000000000001	0.000112122457214869
0.690000000000001	0.00013011804322954
0.710000000000001	0.000152224192419069
0.730000000000001	0.000179743037346006
0.750000000000001	0.000214527718486255
0.770000000000001	0.000259285433606137
0.790000000000001	0.000318093387547146
0.810000000000001	0.000397316872064559
0.830000000000001	0.000507330838777586
0.850000000000001	0.000665959309132718
0.870000000000001	0.000905905802319182
0.890000000000001	0.00129248189256943
0.910000000000001	0.00197182108675718
0.930000000000001	0.00332815573581182
0.950000000000001	0.00665906227524087
0.970000000000001	0.0188786490113273
0.990000000000001	0.173369484213703
