# Program settings for SigmaNu
# Electroweak scheme and input parameters
# Scheme = Complex mass scheme
# alpha_GF = 0.00755898078237864
# Pole masses/widths for particles [GeV]
# mw = 80.35797361
# gw = 2.084298894
# mz = 91.15348062
# gz = 2.494266379
# s^2_thetaw (derived) = (0.222868505240788,-0.00110716741475141)
# charged leptons
# m_e = 0.0005109989461
# m_m = 0.10565837
# m_t = 1.77686
# quarks
# m_d = 0.05
# m_u = 0.05
# m_s = 0.2
# m_c = 1.51
# m_b = 4.92
# m_t = 173
# Ecms (default) = 294114

# channel_id = 6
# process  = nu_e nu_mu~ -> nu_e nu_mu~
-0.99	8.50205632575033e-11
-0.97	7.80800687228399e-10
-0.95	2.21360901527011e-09
-0.93	4.42906026905996e-09
-0.91	7.47564055713815e-09
-0.89	1.14049106752626e-08
-0.87	1.62717257848344e-08
-0.85	2.21344729636969e-08
-0.83	2.90553282767904e-08
-0.81	3.71005351848188e-08
-0.79	4.63407062994703e-08
-0.77	5.68511507063488e-08
-0.75	6.87122293144806e-08
-0.73	8.20097409573557e-08
-0.71	9.68353422686754e-08
-0.69	1.13287004690627e-07
-0.67	1.31469512348496e-07
-0.65	1.51495004948432e-07
-0.63	1.73483570331714e-07
-0.61	1.9756389185643e-07
-0.59	2.23873956384714e-07
-0.57	2.5256182934068e-07
-0.55	2.83786504082466e-07
-0.53	3.17718833714848e-07
-0.51	3.54542554472414e-07
-0.49	3.94455410945438e-07
-0.47	4.37670394722686e-07
-0.45	4.84417109512303e-07
-0.429999999999999	5.34943277502747e-07
-0.409999999999999	5.89516403674722e-07
-0.389999999999999	6.48425617012339e-07
-0.369999999999999	7.11983710134882e-07
-0.349999999999999	7.80529401835418e-07
-0.329999999999999	8.54429850435621e-07
-0.309999999999999	9.34083449826142e-07
-0.289999999999999	1.01992294465261e-06
-0.269999999999999	1.11241890644049e-06
-0.249999999999999	1.21208361866138e-06
-0.229999999999999	1.31947542598945e-06
-0.209999999999999	1.43520361147179e-06
-0.189999999999999	1.55993387527394e-06
-0.169999999999999	1.69439450034212e-06
-0.149999999999999	1.83938330408797e-06
-0.129999999999999	1.99577549146542e-06
-0.109999999999999	2.16453254407817e-06
-0.0899999999999994	2.34671230285155e-06
-0.0699999999999994	2.54348042908556e-06
-0.0499999999999994	2.75612346131735e-06
-0.0299999999999994	2.98606372452444e-06
-0.00999999999999938	3.23487639524002e-06
0.0100000000000006	3.50430908293217e-06
0.0300000000000006	3.79630435677729e-06
0.0500000000000006	4.11302573057574e-06
0.0700000000000006	4.45688772060079e-06
0.0900000000000006	4.83059071619651e-06
0.110000000000001	5.23716155674991e-06
0.130000000000001	5.68000089870051e-06
0.150000000000001	6.16293869209975e-06
0.170000000000001	6.69029938030758e-06
0.190000000000001	7.26697880488081e-06
0.210000000000001	7.89853526174832e-06
0.230000000000001	8.5912977423023e-06
0.250000000000001	9.35249514110564e-06
0.270000000000001	1.01904111700019e-05
0.290000000000001	1.11145709530798e-05
0.310000000000001	1.21359668784003e-05
0.330000000000001	1.32673333738786e-05
0.350000000000001	1.45234830259562e-05
0.370000000000001	1.59217201065548e-05
0.390000000000001	1.74823524469909e-05
0.410000000000001	1.92293291654191e-05
0.430000000000001	2.11910406871069e-05
0.450000000000001	2.34013297639667e-05
0.470000000000001	2.59007792204536e-05
0.490000000000001	2.87383660307055e-05
0.510000000000001	3.19736052264621e-05
0.530000000000001	3.56793558619135e-05
0.550000000000001	3.99455322713907e-05
0.570000000000001	4.48840688722544e-05
0.590000000000001	5.06356445675506e-05
0.610000000000001	5.73789140624949e-05
0.630000000000001	6.53433692915809e-05
0.650000000000001	7.48275520093588e-05
0.670000000000001	8.62253113809929e-05
0.690000000000001	0.000100064423537984
0.710000000000001	0.000117064675089854
0.730000000000001	0.000138227443039121
0.750000000000001	0.000164977845256895
0.770000000000001	0.00019939779419475
0.790000000000001	0.000244622777197477
0.810000000000001	0.00030554788656001
0.830000000000001	0.000390151759339828
0.850000000000001	0.000512141584471545
0.870000000000001	0.000696667321156606
0.890000000000001	0.000993955487157585
0.910000000000001	0.00151638708212626
0.930000000000001	0.00255944834336129
0.950000000000001	0.00512101551134894
0.970000000000001	0.0145182608561436
0.990000000000001	0.133327483234006
