# Program settings for SigmaNu
# Electroweak scheme and input parameters
# Scheme = Complex mass scheme
# alpha_GF = 0.00755898078237864
# Pole masses/widths for particles [GeV]
# mw = 80.35797361
# gw = 2.084298894
# mz = 91.15348062
# gz = 2.494266379
# s^2_thetaw (derived) = (0.222868505240788,-0.00110716741475141)
# charged leptons
# m_e = 0.0005109989461
# m_m = 0.10565837
# m_t = 1.77686
# quarks
# m_d = 0.05
# m_u = 0.05
# m_s = 0.2
# m_c = 1.51
# m_b = 4.92
# m_t = 173
# Ecms (default) = 505648

# channel_id = 6
# process  = nu_e nu_mu~ -> nu_e nu_mu~
-0.99	2.8764633244007e-11
-0.97	2.64164862868527e-10
-0.95	7.48920604582254e-10
-0.93	1.49846448764674e-09
-0.91	2.5292006051459e-09
-0.89	3.85857329571503e-09
-0.87	5.50514146639194e-09
-0.85	7.4886589621514e-09
-0.83	9.83016153950825e-09
-0.81	1.25520610593184e-08
-0.79	1.56782475783193e-08
-0.77	1.92342000908836e-08
-0.75	2.32471067528848e-08
-0.73	2.77459955095961e-08
-0.71	3.27618761504423e-08
-0.69	3.83278949266391e-08
-0.67	4.44795029949667e-08
-0.65	5.12546400940327e-08
-0.63	5.86939350206078e-08
-0.61	6.68409246554828e-08
-0.59	7.57422934937494e-08
-0.57	8.54481358668202e-08
-0.55	9.60122433068243e-08
-0.53	1.07492419802771e-07
-0.51	1.19950828037389e-07
-0.49	1.33454370079974e-07
-0.47	1.48075106451102e-07
-0.45	1.63890717978136e-07
-0.429999999999999	1.80985015435878e-07
-0.409999999999999	1.99448502626102e-07
-0.389999999999999	2.19378999306672e-07
-0.369999999999999	2.40882331251436e-07
-0.349999999999999	2.64073095725273e-07
-0.329999999999999	2.89075511816709e-07
-0.309999999999999	3.16024366410347e-07
-0.289999999999999	3.45066068134486e-07
-0.269999999999999	3.76359823423661e-07
-0.249999999999999	4.10078950936624e-07
-0.229999999999999	4.46412353021789e-07
-0.209999999999999	4.85566165789606e-07
-0.189999999999999	5.27765612713313e-07
-0.169999999999999	5.7325709063133e-07
-0.149999999999999	6.22310521681363e-07
-0.129999999999999	6.75222010198711e-07
-0.109999999999999	7.3231685013049e-07
-0.0899999999999994	7.93952936263486e-07
-0.0699999999999994	8.60524641793968e-07
-0.0499999999999994	9.32467235801052e-07
-0.0299999999999994	1.01026192741478e-06
-0.00999999999999938	1.09444163938501e-06
0.0100000000000006	1.18559763296733e-06
0.0300000000000006	1.28438712931212e-06
0.0500000000000006	1.39154210083244e-06
0.0700000000000006	1.50787944055069e-06
0.0900000000000006	1.63431275972268e-06
0.110000000000001	1.77186611607591e-06
0.130000000000001	1.92169003929322e-06
0.150000000000001	2.08508030016721e-06
0.170000000000001	2.26349996934388e-06
0.190000000000001	2.45860543623598e-06
0.210000000000001	2.67227721568356e-06
0.230000000000001	2.90665656871739e-06
0.250000000000001	3.16418921687249e-06
0.270000000000001	3.44767775364508e-06
0.290000000000001	3.7603447744051e-06
0.310000000000001	4.10590928789167e-06
0.330000000000001	4.48867968002152e-06
0.350000000000001	4.91366743155895e-06
0.370000000000001	5.38672702502153e-06
0.390000000000001	5.91472912492327e-06
0.410000000000001	6.50577633754516e-06
0.430000000000001	7.1694738786015e-06
0.450000000000001	7.91727162745933e-06
0.470000000000001	8.76289980511185e-06
0.490000000000001	9.72292859158227e-06
0.510000000000001	1.08174934658894e-05
0.530000000000001	1.20712445372012e-05
0.550000000000001	1.35146021602751e-05
0.570000000000001	1.51854366581177e-05
0.590000000000001	1.71313433634508e-05
0.610000000000001	1.94127658150375e-05
0.630000000000001	2.21073471160102e-05
0.650000000000001	2.53160917319747e-05
0.670000000000001	2.91722491250388e-05
0.690000000000001	3.38543797677968e-05
0.710000000000001	3.96060063297803e-05
0.730000000000001	4.67659209343652e-05
0.750000000000001	5.58162784374776e-05
0.770000000000001	6.74614447013477e-05
0.790000000000001	8.27622379698842e-05
0.810000000000001	0.0001033747977635
0.830000000000001	0.000131998509371952
0.850000000000001	0.000173270881390701
0.870000000000001	0.000235700821624193
0.890000000000001	0.000336281322756934
0.910000000000001	0.000513033956019016
0.930000000000001	0.000865929935727085
0.950000000000001	0.00173257924351998
0.970000000000001	0.00491194034058633
0.990000000000001	0.0451092420253884
