# Program settings for SigmaNu
# Electroweak scheme and input parameters
# Scheme = Complex mass scheme
# alpha_GF = 0.00755898078237864
# Pole masses/widths for particles [GeV]
# mw = 80.35797361
# gw = 2.084298894
# mz = 91.15348062
# gz = 2.494266379
# s^2_thetaw (derived) = (0.222868505240788,-0.00110716741475141)
# charged leptons
# m_e = 0.0005109989461
# m_m = 0.10565837
# m_t = 1.77686
# quarks
# m_d = 0.05
# m_u = 0.05
# m_s = 0.2
# m_c = 1.51
# m_b = 4.92
# m_t = 173
# Ecms (default) = 797076

# channel_id = 6
# process  = nu_e nu_mu~ -> nu_e nu_mu~
-0.99	1.15759323530794e-11
-0.97	1.06309528019985e-10
-0.95	3.01392831602303e-10
-0.93	6.03036493335216e-10
-0.91	1.01784211576913e-09
-0.89	1.55282993403543e-09
-0.87	2.21546872606098e-09
-0.85	3.01370815618781e-09
-0.83	3.95601377650976e-09
-0.81	5.05140493347673e-09
-0.79	6.30949585323858e-09
-0.77	7.74054020814921e-09
-0.75	9.35547949921667e-09
-0.73	1.11659956255147e-08
-0.71	1.31845680521746e-08
-0.69	1.542453603414e-08
-0.67	1.79001664040597e-08
-0.65	2.06267274902884e-08
-0.63	2.36205697958464e-08
-0.61	2.6899214142382e-08
-0.59	3.04814480658571e-08
-0.57	3.43874313442154e-08
-0.55	3.86388116432543e-08
-0.53	4.32588513871596e-08
-0.51	4.82725670967884e-08
-0.49	5.3706882594303e-08
-0.47	5.95907976500376e-08
-0.45	6.59555738499357e-08
-0.429999999999999	7.2834939693466e-08
-0.409999999999999	8.02653171972897e-08
-0.389999999999999	8.8286072584569e-08
-0.369999999999999	9.69397939901496e-08
-0.349999999999999	1.06272599515533e-07
-0.329999999999999	1.16334479433627e-07
-0.309999999999999	1.27179676882426e-07
-0.289999999999999	1.38867112011844e-07
-0.269999999999999	1.51460855274017e-07
-0.249999999999999	1.6503065639288e-07
-0.229999999999999	1.79652536535342e-07
-0.209999999999999	1.95409452360389e-07
-0.189999999999999	2.12392041975408e-07
-0.169999999999999	2.30699464419377e-07
-0.149999999999999	2.50440346166653e-07
-0.129999999999999	2.71733850359443e-07
-0.109999999999999	2.94710887100623e-07
-0.0899999999999994	3.19515486255858e-07
-0.0699999999999994	3.46306357928681e-07
-0.0499999999999994	3.75258670212406e-07
-0.0299999999999994	4.06566079146786e-07
-0.00999999999999938	4.40443052212088e-07
0.0100000000000006	4.77127534424138e-07
0.0300000000000006	5.16884015458449e-07
0.0500000000000006	5.60007067616428e-07
0.0700000000000006	6.06825438340369e-07
0.0900000000000006	6.57706798006554e-07
0.110000000000001	7.1306326466774e-07
0.130000000000001	7.7335785329083e-07
0.150000000000001	8.39112029147509e-07
0.170000000000001	9.10914585055345e-07
0.190000000000001	9.89432112335349e-07
0.210000000000001	1.07542139853335e-06
0.230000000000001	1.16974416494804e-06
0.250000000000001	1.27338465886195e-06
0.270000000000001	1.38747074581967e-06
0.290000000000001	1.51329931540304e-06
0.310000000000001	1.65236703199916e-06
0.330000000000001	1.80640774682215e-06
0.350000000000001	1.97743826204516e-06
0.370000000000001	2.1678146344352e-06
0.390000000000001	2.38030186939184e-06
0.410000000000001	2.61816075053995e-06
0.430000000000001	2.88525676626182e-06
0.450000000000001	3.18619776478155e-06
0.470000000000001	3.52650928686311e-06
0.490000000000001	3.9128597762569e-06
0.510000000000001	4.35335248295262e-06
0.530000000000001	4.85790750866183e-06
0.550000000000001	5.43876711228012e-06
0.570000000000001	6.11117169158239e-06
0.590000000000001	6.89427534295353e-06
0.610000000000001	7.81240274962938e-06
0.630000000000001	8.89680032722435e-06
0.650000000000001	1.0188115956435e-05
0.670000000000001	1.17399740821046e-05
0.690000000000001	1.36242339550797e-05
0.710000000000001	1.59388979886536e-05
0.730000000000001	1.88203085082879e-05
0.750000000000001	2.24625022487945e-05
0.770000000000001	2.71489417903497e-05
0.790000000000001	3.3306539213638e-05
0.810000000000001	4.16017857168573e-05
0.830000000000001	5.31210129041347e-05
0.850000000000001	6.97305244643941e-05
0.870000000000001	9.48546177293734e-05
0.890000000000001	0.000135331898994654
0.910000000000001	0.000206463653237646
0.930000000000001	0.000348482005854443
0.950000000000001	0.000697253822935525
0.970000000000001	0.00197674809994157
0.990000000000001	0.0181537364142517
