# Program settings for SigmaNu
# Electroweak scheme and input parameters
# Scheme = Complex mass scheme
# alpha_GF = 0.00755898078237864
# Pole masses/widths for particles [GeV]
# mw = 80.35797361
# gw = 2.084298894
# mz = 91.15348062
# gz = 2.494266379
# s^2_thetaw (derived) = (0.222868505240788,-0.00110716741475141)
# charged leptons
# m_e = 0.0005109989461
# m_m = 0.10565837
# m_t = 1.77686
# quarks
# m_d = 0.05
# m_u = 0.05
# m_s = 0.2
# m_c = 1.51
# m_b = 4.92
# m_t = 173
# Ecms (default) = 193503

# channel_id = 6
# process  = nu_e nu_mu~ -> nu_e nu_mu~
-0.99	1.96417354893127e-10
-0.97	1.80383191329579e-09
-0.95	5.11395371463114e-09
-0.93	1.02321634030418e-08
-0.91	1.72704751950372e-08
-0.89	2.63480065505966e-08
-0.87	3.75914856814192e-08
-0.85	5.11358003485098e-08
-0.83	6.71245917551608e-08
-0.81	8.57108977356977e-08
-0.79	1.07057849880186e-07
-0.77	1.31339429726482e-07
-0.75	1.58741289700181e-07
-0.73	1.8946164509774e-07
-0.71	2.23712244097021e-07
-0.69	2.61719423552574e-07
-0.67	3.03725259201649e-07
-0.65	3.49988819884131e-07
-0.63	4.00787536480511e-07
-0.61	4.56418697513881e-07
-0.59	5.17201084764839e-07
-0.57	5.83476763835244e-07
-0.55	6.55613046394773e-07
-0.53	7.34004642884325e-07
-0.51	8.19076026768621e-07
-0.49	9.11284034069024e-07
-0.47	1.01112072491576e-06
-0.45	1.1191165372938e-06
-0.429999999999999	1.23584376708591e-06
-0.409999999999999	1.36192041301913e-06
-0.389999999999999	1.49801443028935e-06
-0.369999999999999	1.64484844258347e-06
-0.349999999999999	1.80320496906787e-06
-0.329999999999999	1.97393223082041e-06
-0.309999999999999	2.15795061033133e-06
-0.289999999999999	2.35625984830445e-06
-0.269999999999999	2.56994707431045e-06
-0.249999999999999	2.80019578218953e-06
-0.229999999999999	3.0482958778403e-06
-0.209999999999999	3.31565494661201e-06
-0.189999999999999	3.60381091047418e-06
-0.169999999999999	3.91444627212244e-06
-0.149999999999999	4.24940417497782e-06
-0.129999999999999	4.61070654560977e-06
-0.109999999999999	5.00057462962888e-06
-0.0899999999999994	5.4214522849886e-06
-0.0699999999999994	5.8760324596651e-06
-0.0499999999999994	6.36728735602486e-06
-0.0299999999999994	6.89850287452587e-06
-0.00999999999999938	7.47331803807239e-06
0.0100000000000006	8.09577022951845e-06
0.0300000000000006	8.77034723370994e-06
0.0500000000000006	9.50204726863042e-06
0.0700000000000006	1.02964484259595e-05
0.0900000000000006	1.11597892301874e-05
0.110000000000001	1.20990623807647e-05
0.130000000000001	1.31221241807981e-05
0.150000000000001	1.4237822700667e-05
0.170000000000001	1.54561484043178e-05
0.190000000000001	1.67884118172347e-05
0.210000000000001	1.82474538871253e-05
0.230000000000001	1.98478960456988e-05
0.250000000000001	2.16064387081248e-05
0.270000000000001	2.3542219160163e-05
0.290000000000001	2.56772426353063e-05
0.310000000000001	2.80369040840141e-05
0.330000000000001	3.06506229689065e-05
0.350000000000001	3.35526197757955e-05
0.370000000000001	3.67828713554833e-05
0.390000000000001	4.03882934694294e-05
0.410000000000001	4.4424214085691e-05
0.430000000000001	4.89562216081792e-05
0.450000000000001	5.40625005620859e-05
0.470000000000001	5.98368065799478e-05
0.490000000000001	6.6392287695821e-05
0.510000000000001	7.38664372593111e-05
0.530000000000001	8.24275763505886e-05
0.550000000000001	9.22834276259538e-05
0.570000000000001	0.000103692585134914
0.590000000000001	0.000116980049207994
0.610000000000001	0.000132558552877491
0.630000000000001	0.000150958274665788
0.650000000000001	0.000172868913755807
0.670000000000001	0.000199200350901284
0.690000000000001	0.000231171868219297
0.710000000000001	0.000270446335024908
0.730000000000001	0.000319337157295179
0.750000000000001	0.000381136676657542
0.770000000000001	0.00046065457568991
0.790000000000001	0.000565134527186446
0.810000000000001	0.000705885276955147
0.830000000000001	0.000901339230165271
0.850000000000001	0.00118316298253976
0.870000000000001	0.0016094583703883
0.890000000000001	0.00229625935320504
0.910000000000001	0.00350318955348687
0.930000000000001	0.00591288232121925
0.950000000000001	0.0118306255559797
0.970000000000001	0.0335400185126031
0.990000000000001	0.308002193344107
