# Program settings for SigmaNu
# Electroweak scheme and input parameters
# Scheme = Complex mass scheme
# alpha_GF = 0.00755898078237864
# Pole masses/widths for particles [GeV]
# mw = 80.35797361
# gw = 2.084298894
# mz = 91.15348062
# gz = 2.494266379
# s^2_thetaw (derived) = (0.222868505240788,-0.00110716741475141)
# charged leptons
# m_e = 0.0005109989461
# m_m = 0.10565837
# m_t = 1.77686
# quarks
# m_d = 0.05
# m_u = 0.05
# m_s = 0.2
# m_c = 1.51
# m_b = 4.92
# m_t = 173
# Ecms (default) = 98.4799

# channel_id = 6
# process  = nu_e nu_mu~ -> nu_e nu_mu~
-0.99	0.000218914586446703
-0.97	0.00199168115964166
-0.95	0.00559300895869963
-0.93	0.0110829573439564
-0.91	0.0185235761697535
-0.89	0.0279789795525382
-0.87	0.0395154227326813
-0.85	0.0532013821761607
-0.83	0.0691076390699768
-0.81	0.0873073663733321
-0.79	0.10787621959525
-0.77	0.130892431478474
-0.75	0.156436910779183
-0.73	0.184593345342347
-0.71	0.215448309683455
-0.69	0.249091377298896
-0.67	0.285615237939548
-0.65	0.32511582009515
-0.63	0.367692418950837
-0.61	0.413447830091912
-0.59	0.462488489248481
-0.57	0.514924618388186
-0.55	0.570870378482836
-0.53	0.630444029293489
-0.51	0.693768096538441
-0.49	0.760969546829778
-0.47	0.832179970786705
-0.45	0.907535774757921
-0.429999999999999	0.98717838161087
-0.409999999999999	1.07125444107301
-0.389999999999999	1.15991605013935
-0.369999999999999	1.25332098409145
-0.349999999999999	1.35163293870631
-0.329999999999999	1.45502178426883
-0.309999999999999	1.56366383203922
-0.289999999999999	1.67774211386725
-0.269999999999999	1.79744667568804
-0.249999999999999	1.92297488568039
-0.229999999999999	2.05453175791791
-0.209999999999999	2.19233029239577
-0.189999999999999	2.33659183237257
-0.169999999999999	2.48754644002722
-0.149999999999999	2.64543329149555
-0.129999999999999	2.81050109242076
-0.109999999999999	2.98300851522654
-0.0899999999999994	3.16322465940143
-0.0699999999999994	3.35142953616909
-0.0499999999999994	3.54791457901109
-0.0299999999999994	3.75298318160826
-0.00999999999999938	3.96695126487284
0.0100000000000006	4.19014787485861
0.0300000000000006	4.4229158134594
0.0500000000000006	4.66561230393912
0.0700000000000006	4.91860969347986
0.0900000000000006	5.18229619508857
0.110000000000001	5.45707667136957
0.130000000000001	5.74337346284945
0.150000000000001	6.041627263735
0.170000000000001	6.35229804819427
0.190000000000001	6.67586605047729
0.210000000000001	7.01283280243804
0.230000000000001	7.36372223228431
0.250000000000001	7.72908182866924
0.270000000000001	8.10948387454935
0.290000000000001	8.50552675557153
0.310000000000001	8.91783634811693
0.330000000000001	9.3470674925278
0.350000000000001	9.79390555747419
0.370000000000001	10.2590681018876
0.390000000000001	10.7433066413985
0.410000000000001	11.2474085267706
0.430000000000001	11.7721989424311
0.450000000000001	12.3185430338542
0.470000000000001	12.8873481732773
0.490000000000001	13.4795663740141
0.510000000000001	14.0961968644885
0.530000000000001	14.7382888340512
0.550000000000001	15.4069443636694
0.570000000000001	16.1033215557052
0.590000000000001	16.8286378782312
0.610000000000001	17.5841737406851
0.630000000000001	18.3712763191486
0.650000000000001	19.1913636511711
0.670000000000001	20.0459290218491
0.690000000000001	20.9365456648494
0.710000000000001	21.8648718042403
0.730000000000001	22.8326560653927
0.750000000000001	23.8417432858615
0.770000000000001	24.8940807600837
0.790000000000001	25.9917249549633
0.810000000000001	27.1368487369937
0.830000000000001	28.3317491555372
0.850000000000001	29.57885583128
0.870000000000001	30.8807400037676
0.890000000000001	32.2401242973587
0.910000000000001	33.6598932709755
0.930000000000001	35.1431048237652
0.950000000000001	36.6930025362924
0.970000000000001	38.31302903527
0.990000000000001	40.0068404792054
