# Program settings for SigmaNu
# Electroweak scheme and input parameters
# Scheme = Complex mass scheme
# alpha_GF = 0.00755898078237864
# Pole masses/widths for particles [GeV]
# mw = 80.35797361
# gw = 2.084298894
# mz = 91.15348062
# gz = 2.494266379
# s^2_thetaw (derived) = (0.222868505240788,-0.00110716741475141)
# charged leptons
# m_e = 0.0005109989461
# m_m = 0.10565837
# m_t = 1.77686
# quarks
# m_d = 0.05
# m_u = 0.05
# m_s = 0.2
# m_c = 1.51
# m_b = 4.92
# m_t = 173
# Ecms (default) = 747145

# channel_id = 6
# process  = nu_e nu_mu~ -> nu_e nu_mu~
-0.99	1.31748492665471e-11
-0.97	1.20993451282295e-10
-0.95	3.43022488812846e-10
-0.93	6.86330453452277e-10
-0.91	1.15843078910142e-09
-0.89	1.76731339554923e-09
-0.87	2.5214786700129e-09
-0.85	3.4299743181953e-09
-0.83	4.50243519015465e-09
-0.81	5.7491264227295e-09
-0.79	7.18099019976444e-09
-0.77	8.80969647432858e-09
-0.75	1.06476980339546e-08
-0.73	1.27082903311603e-08
-0.71	1.50056765477254e-08
-0.69	1.75550384130553e-08
-0.67	2.03726133552243e-08
-0.65	2.34757786288443e-08
-0.63	2.68831431377441e-08
-0.61	3.06146477537483e-08
-0.59	3.46916750269445e-08
-0.57	3.91371692892793e-08
-0.55	4.39757682739278e-08
-0.53	4.92339475097237e-08
-0.51	5.49401789054365e-08
-0.49	6.11251051156769e-08
-0.47	6.78217314819839e-08
-0.45	7.50656375730589e-08
-0.429999999999999	8.28952106116745e-08
-0.409999999999999	9.13519033777988e-08
-0.389999999999999	1.00480519524173e-07
-0.369999999999999	1.10329529639308e-07
-0.349999999999999	1.20951421852317e-07
-0.329999999999999	1.32403091304425e-07
-0.309999999999999	1.44746273425684e-07
-0.289999999999999	1.58048026666752e-07
-0.269999999999999	1.72381271162057e-07
-0.249999999999999	1.87825390762889e-07
-0.229999999999999	2.04466907001764e-07
-0.209999999999999	2.224002348628e-07
-0.189999999999999	2.41728531772676e-07
-0.169999999999999	2.625646530368e-07
-0.149999999999999	2.85032229078196e-07
-0.129999999999999	3.09266882356884e-07
-0.109999999999999	3.35417604833467e-07
-0.0899999999999994	3.63648320388477e-07
-0.0699999999999994	3.94139660836871e-07
-0.0499999999999994	4.27090989230547e-07
-0.0299999999999994	4.62722710201201e-07
-0.00999999999999938	5.01278914385218e-07
0.0100000000000006	5.43030412771025e-07
0.0300000000000006	5.88278227467367e-07
0.0500000000000006	6.37357618348345e-07
0.0700000000000006	6.90642740843865e-07
0.0900000000000006	7.48552049517968e-07
0.110000000000001	8.11554585912081e-07
0.130000000000001	8.80177318578606e-07
0.150000000000001	9.55013739777761e-07
0.170000000000001	1.03673396888068e-06
0.190000000000001	1.1260966696198e-06
0.210000000000001	1.22396316023582e-06
0.230000000000001	1.33131418661526e-06
0.250000000000001	1.44926994443459e-06
0.270000000000001	1.57911408479276e-06
0.290000000000001	1.72232262913923e-06
0.310000000000001	1.88059896746753e-06
0.330000000000001	2.05591643784314e-06
0.350000000000001	2.25057041167009e-06
0.370000000000001	2.46724237422089e-06
0.390000000000001	2.70907924510918e-06
0.410000000000001	2.97979220115112e-06
0.430000000000001	3.28378064828828e-06
0.450000000000001	3.62628889017103e-06
0.470000000000001	4.0136056785457e-06
0.490000000000001	4.4533205307141e-06
0.510000000000001	4.95465595168933e-06
0.530000000000001	5.52890224940375e-06
0.550000000000001	6.18999263508119e-06
0.570000000000001	6.95527257435762e-06
0.590000000000001	7.84654180795771e-06
0.610000000000001	8.89148484660143e-06
0.630000000000001	1.01256639920778e-05
0.650000000000001	1.1595341580994e-05
0.670000000000001	1.33615488914527e-05
0.690000000000001	1.55060706752084e-05
0.710000000000001	1.81404458492554e-05
0.730000000000001	2.1419848911374e-05
0.750000000000001	2.55651177608805e-05
0.770000000000001	3.08988680121982e-05
0.790000000000001	3.79069786208743e-05
0.810000000000001	4.73479993202558e-05
0.830000000000001	6.04583103413276e-05
0.850000000000001	7.93619969568034e-05
0.870000000000001	0.000107956334555218
0.890000000000001	0.000154024505774699
0.910000000000001	0.000234981271395769
0.930000000000001	0.000396615780219714
0.950000000000001	0.000793561368824347
0.970000000000001	0.00224978440459111
0.990000000000001	0.0206611926917384
