# Program settings for SigmaNu
# Electroweak scheme and input parameters
# Scheme = Complex mass scheme
# alpha_GF = 0.00755898078237864
# Pole masses/widths for particles [GeV]
# mw = 80.35797361
# gw = 2.084298894
# mz = 91.15348062
# gz = 2.494266379
# s^2_thetaw (derived) = (0.222868505240788,-0.00110716741475141)
# charged leptons
# m_e = 0.0005109989461
# m_m = 0.10565837
# m_t = 1.77686
# quarks
# m_d = 0.05
# m_u = 0.05
# m_s = 0.2
# m_c = 1.51
# m_b = 4.92
# m_t = 173
# Ecms (default) = 305348

# channel_id = 6
# process  = nu_e nu_mu~ -> nu_e nu_mu~
-0.99	7.88796944630264e-11
-0.97	7.24404982677916e-10
-0.95	2.05372437143493e-09
-0.93	4.10915792071531e-09
-0.91	6.9356896827529e-09
-0.89	1.05811563184066e-08
-0.87	1.50964509086481e-08
-0.85	2.05357433475369e-08
-0.83	2.69567188451712e-08
-0.81	3.44208362274473e-08
-0.79	4.29936078960999e-08
-0.77	5.27449035097456e-08
-0.75	6.37492796672006e-08
-0.73	7.60863381212085e-08
-0.71	8.98411153273965e-08
-0.69	1.05104506443749e-07
-0.67	1.21973727244725e-07
-0.65	1.40552817806597e-07
-0.63	1.60953192262698e-07
-0.61	1.83294239426009e-07
-0.59	2.07703979639886e-07
-0.57	2.343197838551e-07
-0.55	2.6328916165343e-07
-0.53	2.94770625757302e-07
-0.51	3.28934641496039e-07
-0.49	3.65964670758905e-07
-0.47	4.06058321173216e-07
-0.45	4.49428612625259e-07
-0.429999999999999	4.9630537481979e-07
-0.409999999999999	5.46936791382023e-07
-0.389999999999999	6.01591108081793e-07
-0.369999999999999	6.6055852514679e-07
-0.349999999999999	7.24153296382523e-07
-0.329999999999999	7.92716060992551e-07
-0.309999999999999	8.66616437666447e-07
-0.289999999999999	9.46255914762145e-07
-0.269999999999999	1.03207107535725e-06
-0.249999999999999	1.12453720170482e-06
-0.229999999999999	1.22417231035165e-06
-0.209999999999999	1.33154167704046e-06
-0.189999999999999	1.44726291973657e-06
-0.169999999999999	1.57201171895676e-06
-0.149999999999999	1.70652826734779e-06
-0.129999999999999	1.85162455555127e-06
-0.109999999999999	2.00819261926883e-06
-0.0899999999999994	2.17721389368286e-06
-0.0699999999999994	2.35976984670077e-06
-0.0499999999999994	2.55705409274664e-06
-0.0299999999999994	2.77038622510272e-06
-0.00999999999999938	3.00122764844596e-06
0.0100000000000006	3.25119974590369e-06
0.0300000000000006	3.52210477876387e-06
0.0500000000000006	3.81594999455274e-06
0.0700000000000006	4.13497551386634e-06
0.0900000000000006	4.48168668233574e-06
0.110000000000001	4.85889171680692e-06
0.130000000000001	5.26974565112742e-06
0.150000000000001	5.71780180574674e-06
0.170000000000001	6.20707227817161e-06
0.190000000000001	6.74209929317106e-06
0.210000000000001	7.32803968214995e-06
0.230000000000001	7.97076530620748e-06
0.250000000000001	8.67698293143624e-06
0.270000000000001	9.45437795390371e-06
0.290000000000001	1.03117875172453e-05
0.310000000000001	1.12594100515858e-05
0.330000000000001	1.23090602029249e-05
0.350000000000001	1.34744806746515e-05
0.370000000000001	1.47717258863002e-05
0.390000000000001	1.62196368758732e-05
0.410000000000001	1.78404329655536e-05
0.430000000000001	1.96604539981803e-05
0.450000000000001	2.17110983329463e-05
0.470000000000001	2.40300175801026e-05
0.490000000000001	2.66626512075723e-05
0.510000000000001	2.96642155989072e-05
0.530000000000001	3.31023073492106e-05
0.550000000000001	3.70603464665366e-05
0.570000000000001	4.16421825776053e-05
0.590000000000001	4.69783336411883e-05
0.610000000000001	5.32345505063612e-05
0.630000000000001	6.0623749386391e-05
0.650000000000001	6.94229089934481e-05
0.670000000000001	7.9997431600473e-05
0.690000000000001	9.28369731908591e-05
0.710000000000001	0.000108609331726017
0.730000000000001	0.000128243556901931
0.750000000000001	0.000153061833414223
0.770000000000001	0.00018499570172755
0.790000000000001	0.000226954179854226
0.810000000000001	0.000283478798497392
0.830000000000001	0.000361971915809829
0.850000000000001	0.000475150681995248
0.870000000000001	0.000646348533745197
0.890000000000001	0.000922164248497544
0.910000000000001	0.00140686182679568
0.930000000000001	0.00237458530977831
0.950000000000001	0.00475113715980235
0.970000000000001	0.0134696475765843
0.990000000000001	0.123697841749512
