# Program settings for SigmaNu
# Electroweak scheme and input parameters
# Scheme = Complex mass scheme
# alpha_GF = 0.00755898078237864
# Pole masses/widths for particles [GeV]
# mw = 80.35797361
# gw = 2.084298894
# mz = 91.15348062
# gz = 2.494266379
# s^2_thetaw (derived) = (0.222868505240788,-0.00110716741475141)
# charged leptons
# m_e = 0.0005109989461
# m_m = 0.10565837
# m_t = 1.77686
# quarks
# m_d = 0.05
# m_u = 0.05
# m_s = 0.2
# m_c = 1.51
# m_b = 4.92
# m_t = 173
# Ecms (default) = 138339

# channel_id = 6
# process  = nu_e nu_mu~ -> nu_e nu_mu~
-0.99	3.84295955694671e-10
-0.97	3.529246722659e-09
-0.95	1.00055909724066e-08
-0.93	2.00195087841379e-08
-0.91	3.37901589978352e-08
-0.89	5.15505981380608e-08
-0.87	7.35487733671078e-08
-0.85	1.00048596221793e-07
-0.83	1.31331104580552e-07
-0.81	1.67695721078959e-07
-0.79	2.09461617052323e-07
-0.77	2.56969192045065e-07
-0.75	3.10581680000992e-07
-0.73	3.70686894451361e-07
-0.71	4.37699126365559e-07
-0.69	5.12061209841813e-07
-0.67	5.94246772514865e-07
-0.65	6.84762689469534e-07
-0.63	7.84151761602989e-07
-0.61	8.92995641808373e-07
-0.59	1.01191803509722e-06
-0.57	1.14158820188314e-06
-0.55	1.28272479716725e-06
-0.53	1.43610008235713e-06
-0.51	1.60254455098707e-06
-0.49	1.78295201476993e-06
-0.47	1.9782852022964e-06
-0.45	2.18958192941841e-06
-0.429999999999999	2.41796190804104e-06
-0.409999999999999	2.66463426885686e-06
-0.389999999999999	2.93090588366912e-06
-0.369999999999999	3.21819058458091e-06
-0.349999999999999	3.52801939072855e-06
-0.329999999999999	3.86205186871029e-06
-0.309999999999999	4.22208877076026e-06
-0.289999999999999	4.61008611546814e-06
-0.269999999999999	5.02817089995067e-06
-0.249999999999999	5.4786586604479e-06
-0.229999999999999	5.96407313106892e-06
-0.209999999999999	6.48716828872051e-06
-0.189999999999999	7.05095311716845e-06
-0.169999999999999	7.65871947597704e-06
-0.149999999999999	8.31407352228705e-06
-0.129999999999999	9.02097120690465e-06
-0.109999999999999	9.78375845326998e-06
-0.0899999999999994	1.06072167313605e-05
-0.0699999999999994	1.14966148619041e-05
-0.0499999999999994	1.24577680336823e-05
-0.0299999999999994	1.34971051934476e-05
-0.00999999999999938	1.46217461806037e-05
0.0100000000000006	1.58395902354434e-05
0.0300000000000006	1.71594178206203e-05
0.0500000000000006	1.85910080734818e-05
0.0700000000000006	2.01452746681282e-05
0.0900000000000006	2.18344234311739e-05
0.110000000000001	2.36721357504087e-05
0.130000000000001	2.5673782674529e-05
0.150000000000001	2.78566756681514e-05
0.170000000000001	3.02403613155385e-05
0.190000000000001	3.28469689319459e-05
0.210000000000001	3.57016221389594e-05
0.230000000000001	3.88329281158559e-05
0.250000000000001	4.22735616202972e-05
0.270000000000001	4.60609652022269e-05
0.290000000000001	5.02381926155251e-05
0.310000000000001	5.48549296705664e-05
0.330000000000001	5.99687362243267e-05
0.350000000000001	6.56465654403137e-05
0.370000000000001	7.19666329343634e-05
0.390000000000001	7.90207304491513e-05
0.410000000000001	8.69171083870796e-05
0.430000000000001	9.57840919071248e-05
0.450000000000001	0.000105774650738518
0.470000000000001	0.000117072219797473
0.490000000000001	0.000129898175620402
0.510000000000001	0.000144521526830535
0.530000000000001	0.000161271597098362
0.550000000000001	0.000180554800019298
0.570000000000001	0.00020287708000422
0.590000000000001	0.000228874306541082
0.610000000000001	0.000259353999672782
0.630000000000001	0.000295353463515981
0.650000000000001	0.000338222106937322
0.670000000000001	0.000389740127449199
0.690000000000001	0.00045229307086878
0.710000000000001	0.000529134367478448
0.730000000000001	0.000624790230851321
0.750000000000001	0.000745702173546284
0.770000000000001	0.000901280401334713
0.790000000000001	0.00110569724318633
0.810000000000001	0.00138107837165106
0.830000000000001	0.00176348693267364
0.850000000000001	0.00231487879334273
0.870000000000001	0.00314893033420442
0.890000000000001	0.00449266180432282
0.910000000000001	0.00685402495287974
0.930000000000001	0.0115685814658051
0.950000000000001	0.0231465610341881
0.970000000000001	0.0656201393340489
0.990000000000001	0.602563858464285
