# Program settings for SigmaNu
# Electroweak scheme and input parameters
# Scheme = Complex mass scheme
# alpha_GF = 0.00755898078237864
# Pole masses/widths for particles [GeV]
# mw = 80.35797361
# gw = 2.084298894
# mz = 91.15348062
# gz = 2.494266379
# s^2_thetaw (derived) = (0.222868505240788,-0.00110716741475141)
# charged leptons
# m_e = 0.0005109989461
# m_m = 0.10565837
# m_t = 1.77686
# quarks
# m_d = 0.05
# m_u = 0.05
# m_s = 0.2
# m_c = 1.51
# m_b = 4.92
# m_t = 173
# Ecms (default) = 528504

# channel_id = 6
# process  = nu_e nu_mu~ -> nu_e nu_mu~
-0.99	2.63304859115237e-11
-0.97	2.41810460139235e-10
-0.95	6.85544754308565e-10
-0.93	1.37166004353285e-09
-0.91	2.31517225864524e-09
-0.89	3.53204954741734e-09
-0.87	5.03928030799405e-09
-0.85	6.85494675732386e-09
-0.83	8.99830454480221e-09
-0.81	1.14898689742032e-08
-0.79	1.43515084559365e-08
-0.77	1.76065458775113e-08
-0.75	2.1279868653708e-08
-0.73	2.53980483003638e-08
-0.71	2.9989470468038e-08
-0.69	3.50844764754566e-08
-0.67	4.07155174990822e-08
-0.65	4.69173227061578e-08
-0.63	5.37270827661509e-08
-0.61	6.11846503420048e-08
-0.59	6.93327593506697e-08
-0.57	7.82172649951325e-08
-0.55	8.78874068112003e-08
-0.53	9.83960972457704e-08
-0.51	1.09800238594101e-07
-0.49	1.22161071477322e-07
-0.47	1.35544558444674e-07
-0.45	1.50021806745455e-07
-0.429999999999999	1.65669534842403e-07
-0.409999999999999	1.82570587841801e-07
-0.389999999999999	2.00814507708514e-07
-0.369999999999999	2.2049816493102e-07
-0.349999999999999	2.41726459219726e-07
-0.329999999999999	2.64613097881965e-07
-0.309999999999999	2.89281461743494e-07
-0.289999999999999	3.15865569908003e-07
-0.269999999999999	3.4451115629782e-07
-0.249999999999999	3.75376872842028e-07
-0.229999999999999	4.08635636422233e-07
-0.209999999999999	4.44476139311013e-07
-0.189999999999999	4.83104545915599e-07
-0.169999999999999	5.24746402256686e-07
-0.149999999999999	5.6964878887505e-07
-0.129999999999999	6.18082752895403e-07
-0.109999999999999	6.70346060944503e-07
-0.0899999999999994	7.26766321711007e-07
-0.0699999999999994	7.87704535384079e-07
-0.0499999999999994	8.53559137307349e-07
-0.0299999999999994	9.24770615294864e-07
-0.00999999999999938	1.00182679462382e-06
0.0100000000000006	1.08526890230347e-06
0.0300000000000006	1.17569854352014e-06
0.0500000000000006	1.27378574905408e-06
0.0700000000000006	1.38027828406656e-06
0.0900000000000006	1.49601244737489e-06
0.110000000000001	1.62192563796737e-06
0.130000000000001	1.75907102436415e-06
0.150000000000001	1.90863472547155e-06
0.170000000000001	2.07195600265097e-06
0.190000000000001	2.25055107683658e-06
0.210000000000001	2.44614132824725e-06
0.230000000000001	2.66068681819513e-06
0.250000000000001	2.89642630416776e-06
0.270000000000001	3.15592521607619e-06
0.290000000000001	3.44213344393219e-06
0.310000000000001	3.75845528318251e-06
0.330000000000001	4.10883453165183e-06
0.350000000000001	4.49785858409589e-06
0.370000000000001	4.93088649978172e-06
0.390000000000001	5.41420752772034e-06
0.410000000000001	5.95523860822461e-06
0.430000000000001	6.56277213589963e-06
0.450000000000001	7.2472890682513e-06
0.470000000000001	8.02135773533879e-06
0.490000000000001	8.90014610074822e-06
0.510000000000001	9.90208572121134e-06
0.530000000000001	1.10497407426377e-05
0.550000000000001	1.23709572617847e-05
0.570000000000001	1.3900400905984e-05
0.590000000000001	1.56816393541043e-05
0.610000000000001	1.77700012390991e-05
0.630000000000001	2.02365592820025e-05
0.650000000000001	2.31737706611594e-05
0.670000000000001	2.67036088879277e-05
0.690000000000001	3.09895241375427e-05
0.710000000000001	3.62544314966159e-05
0.730000000000001	4.28084535344854e-05
0.750000000000001	5.10929437934073e-05
0.770000000000001	6.17526627003064e-05
0.790000000000001	7.57586590619497e-05
0.810000000000001	9.46269252094736e-05
0.830000000000001	0.000120828416881201
0.850000000000001	0.00015860820376146
0.870000000000001	0.00021575514630408
0.890000000000001	0.000307824243492323
0.910000000000001	0.000469619578072859
0.930000000000001	0.000792652533982822
0.950000000000001	0.00158596366445479
0.970000000000001	0.00449627921715123
0.990000000000001	0.0412920113223591
