# Program settings for SigmaNu
# Electroweak scheme and input parameters
# Scheme = Complex mass scheme
# alpha_GF = 0.00755898078237864
# Pole masses/widths for particles [GeV]
# mw = 80.35797361
# gw = 2.084298894
# mz = 91.15348062
# gz = 2.494266379
# s^2_thetaw (derived) = (0.222868505240788,-0.00110716741475141)
# charged leptons
# m_e = 0.0005109989461
# m_m = 0.10565837
# m_t = 1.77686
# quarks
# m_d = 0.05
# m_u = 0.05
# m_s = 0.2
# m_c = 1.51
# m_b = 4.92
# m_t = 173
# Ecms (default) = 119464

# channel_id = 6
# process  = nu_e nu_mu~ -> nu_e nu_mu~
-0.99	5.15324564139102e-10
-0.97	4.73257003267708e-09
-0.95	1.34170726986132e-08
-0.93	2.68453112507642e-08
-0.91	4.53111683396673e-08
-0.89	6.91271628148003e-08
-0.87	9.86257812319561e-08
-0.85	1.34160917687984e-07
-0.83	1.7610943196854e-07
-0.81	2.24872837028993e-07
-0.79	2.80879127982571e-07
-0.77	3.44584766058531e-07
-0.75	4.16476832433923e-07
-0.73	4.97075368455354e-07
-0.71	5.86935920574674e-07
-0.69	6.8665231035086e-07
-0.67	7.96859652149306e-07
-0.65	9.18237643733648e-07
-0.63	1.05151415783355e-06
-0.61	1.1974691660301e-06
-0.59	1.35693902998124e-06
-0.57	1.53082119917316e-06
-0.55	1.7200793591013e-06
-0.53	1.92574907913671e-06
-0.51	2.14894401541584e-06
-0.49	2.39086273101496e-06
-0.47	2.65279620356236e-06
-0.45	2.93613609945384e-06
-0.429999999999999	3.24238390414619e-06
-0.409999999999999	3.57316100981607e-06
-0.389999999999999	3.93021987523248e-06
-0.369999999999999	4.31545638828716e-06
-0.349999999999999	4.73092357959753e-06
-0.329999999999999	5.17884685634518e-06
-0.309999999999999	5.66164094951458e-06
-0.289999999999999	6.181928795522e-06
-0.269999999999999	6.74256260554953e-06
-0.249999999999999	7.34664741353519e-06
-0.229999999999999	7.99756743768875e-06
-0.209999999999999	8.69901564177346e-06
-0.189999999999999	9.45502694262463e-06
-0.169999999999999	1.02700155811721e-05
-0.149999999999999	1.1148817257662e-05
-0.129999999999999	1.20967367303484e-05
-0.109999999999999	1.31196016937192e-05
-0.0899999999999994	1.42238238910894e-05
-0.0699999999999994	1.54164685817625e-05
-0.0499999999999994	1.67053336806245e-05
-0.0299999999999994	1.80990401250402e-05
-0.00999999999999938	1.9607135309041e-05
0.0100000000000006	2.12402117689453e-05
0.0300000000000006	2.30100437214294e-05
0.0500000000000006	2.49297445618824e-05
0.0700000000000006	2.70139490493768e-05
0.0900000000000006	2.92790246623766e-05
0.110000000000001	3.17433175415617e-05
0.130000000000001	3.44274395879934e-05
0.150000000000001	3.73546047143562e-05
0.170000000000001	4.0551024029435e-05
0.190000000000001	4.40463719693112e-05
0.210000000000001	4.78743382013656e-05
0.230000000000001	5.20732836882904e-05
0.250000000000001	5.66870238334553e-05
0.270000000000001	6.17657674360446e-05
0.290000000000001	6.73672476678259e-05
0.310000000000001	7.35580909900188e-05
0.330000000000001	8.04154826054301e-05
0.350000000000001	8.8029203716619e-05
0.370000000000001	9.65041379648041e-05
0.390000000000001	0.000105963373961125
0.410000000000001	0.000116552070630482
0.430000000000001	0.000128442306230337
0.450000000000001	0.00014183920625904
0.470000000000001	0.000156988748632118
0.490000000000001	0.000174187789230155
0.510000000000001	0.000193797056360286
0.530000000000001	0.000216258158009079
0.550000000000001	0.000242116076160132
0.570000000000001	0.000272049258961658
0.590000000000001	0.000306910377978862
0.610000000000001	0.000347782280054096
0.630000000000001	0.000396055941543347
0.650000000000001	0.00045354085633276
0.670000000000001	0.000522624185116517
0.690000000000001	0.000606504831257044
0.710000000000001	0.000709545488654478
0.730000000000001	0.000837815590619686
0.750000000000001	0.000999952890578398
0.770000000000001	0.00120857600915137
0.790000000000001	0.00148268932939537
0.810000000000001	0.00185196225237475
0.830000000000001	0.00236475358784147
0.850000000000001	0.0031041428707594
0.870000000000001	0.00422256393695667
0.890000000000001	0.00602443813999841
0.910000000000001	0.00919089879096615
0.930000000000001	0.0155128500807188
0.950000000000001	0.0310381974976076
0.970000000000001	0.0879921108899995
0.990000000000001	0.807964958530851
