# Program settings for SigmaNu
# Electroweak scheme and input parameters
# Scheme = Complex mass scheme
# alpha_GF = 0.00755898078237864
# Pole masses/widths for particles [GeV]
# mw = 80.35797361
# gw = 2.084298894
# mz = 91.15348062
# gz = 2.494266379
# s^2_thetaw (derived) = (0.222868505240788,-0.00110716741475141)
# charged leptons
# m_e = 0.0005109989461
# m_m = 0.10565837
# m_t = 1.77686
# quarks
# m_d = 0.05
# m_u = 0.05
# m_s = 0.2
# m_c = 1.51
# m_b = 4.92
# m_t = 173
# Ecms (default) = 3333350

# channel_id = 6
# process  = nu_e nu_mu~ -> nu_e nu_mu~
-0.99	6.61901892580801e-13
-0.97	6.07868771751993e-12
-0.95	1.72333838575175e-11
-0.93	3.44811099760129e-11
-0.91	5.8199340055421e-11
-0.89	8.87894851310696e-11
-0.87	1.26678603531709e-10
-0.85	1.72321250260042e-10
-0.83	2.2620147833925e-10
-0.81	2.88835006280238e-10
-0.79	3.60771567306494e-10
-0.77	4.42597457628723e-10
-0.75	5.3493830291202e-10
-0.73	6.38462064149911e-10
-0.71	7.53882306481313e-10
-0.69	8.81961757091682e-10
-0.67	1.02351618126685e-09
-0.65	1.17941860896117e-09
-0.63	1.35060394795159e-09
-0.61	1.53807402383412e-09
-0.59	1.7429030918469e-09
-0.57	1.96624387085214e-09
-0.55	2.20933415586841e-09
-0.53	2.47350407241954e-09
-0.51	2.76018404377873e-09
-0.49	3.07091355107876e-09
-0.47	3.40735077639603e-09
-0.45	3.77128323049198e-09
-0.429999999999999	4.16463948013706e-09
-0.409999999999999	4.5895021051151e-09
-0.389999999999999	5.04812203242424e-09
-0.369999999999999	5.54293441522242e-09
-0.349999999999999	6.07657624714812e-09
-0.329999999999999	6.65190592929613e-09
-0.309999999999999	7.27202503795801e-09
-0.289999999999999	7.94030257697609e-09
-0.269999999999999	8.66040204008009e-09
-0.249999999999999	9.43631165691642e-09
-0.229999999999999	1.02723782528919e-08
-0.209999999999999	1.11733452189355e-08
-0.189999999999999	1.2144395164646e-08
-0.169999999999999	1.31911979192257e-08
-0.149999999999999	1.43199646517611e-08
-0.129999999999999	1.55375090090258e-08
-0.109999999999999	1.68513163189937e-08
-0.0899999999999994	1.82696220864959e-08
-0.0699999999999994	1.98015012198581e-08
-0.0499999999999994	2.1456969681243e-08
-0.0299999999999994	2.32471005578457e-08
-0.00999999999999938	2.51841569173089e-08
0.0100000000000006	2.72817442527717e-08
0.0300000000000006	2.95549858584203e-08
0.0500000000000006	3.20207251273891e-08
0.0700000000000006	3.46977595582922e-08
0.0900000000000006	3.76071122300001e-08
0.110000000000001	4.07723477017248e-08
0.130000000000001	4.42199407749546e-08
0.150000000000001	4.79797083899224e-08
0.170000000000001	5.20853172187196e-08
0.190000000000001	5.65748823857703e-08
0.210000000000001	6.1491676359028e-08
0.230000000000001	6.68849716293401e-08
0.250000000000001	7.28110466193105e-08
0.270000000000001	7.93343917219053e-08
0.290000000000001	8.65291619811727e-08
0.310000000000001	9.44809353951342e-08
0.330000000000001	1.03288852103549e-07
0.350000000000001	1.13068231142292e-07
0.370000000000001	1.23953789837613e-07
0.390000000000001	1.36103628852418e-07
0.410000000000001	1.49704197029084e-07
0.430000000000001	1.64976519716684e-07
0.450000000000001	1.82184069772663e-07
0.470000000000001	2.01642792938805e-07
0.490000000000001	2.23733985184978e-07
0.510000000000001	2.48920983491589e-07
0.530000000000001	2.77771010889192e-07
0.550000000000001	3.1098406940051e-07
0.570000000000001	3.49431592106735e-07
0.590000000000001	3.94208794085752e-07
0.610000000000001	4.46706540229819e-07
0.630000000000001	5.08711474283164e-07
0.650000000000001	5.82547807888304e-07
0.670000000000001	6.71281741771426e-07
0.690000000000001	7.79022127637898e-07
0.710000000000001	9.1137266142864e-07
0.730000000000001	1.0761292833672e-06
0.750000000000001	1.28438685211971e-06
0.770000000000001	1.55235352217096e-06
0.790000000000001	1.90443977208476e-06
0.810000000000001	2.37875501742943e-06
0.830000000000001	3.03741480463626e-06
0.850000000000001	3.98713284926661e-06
0.870000000000001	5.42370768454642e-06
0.890000000000001	7.73816529700101e-06
0.910000000000001	1.18054209512535e-05
0.930000000000001	1.99259160277676e-05
0.950000000000001	3.98684144607932e-05
0.970000000000001	0.000113028945511032
0.990000000000001	0.00103802018622974
