# Program settings for SigmaNu
# Electroweak scheme and input parameters
# Scheme = Complex mass scheme
# alpha_GF = 0.00755898078237864
# Pole masses/widths for particles [GeV]
# mw = 80.35797361
# gw = 2.084298894
# mz = 91.15348062
# gz = 2.494266379
# s^2_thetaw (derived) = (0.222868505240788,-0.00110716741475141)
# charged leptons
# m_e = 0.0005109989461
# m_m = 0.10565837
# m_t = 1.77686
# quarks
# m_d = 0.05
# m_u = 0.05
# m_s = 0.2
# m_c = 1.51
# m_b = 4.92
# m_t = 173
# Ecms (default) = 541403

# channel_id = 6
# process  = nu_e nu_mu~ -> nu_e nu_mu~
-0.99	2.50907773374384e-11
-0.97	2.30425387278363e-10
-0.95	6.53267503075972e-10
-0.93	1.30707867882123e-09
-0.91	2.20616785582781e-09
-0.89	3.36575135947118e-09
-0.87	4.80201772943049e-09
-0.85	6.53219782432397e-09
-0.83	8.57464068693274e-09
-0.81	1.09488957065775e-08
-0.79	1.36758016713977e-08
-0.77	1.67775833660276e-08
-0.75	2.02779564403169e-08
-0.73	2.4202241353269e-08
-0.71	2.85774872843786e-08
-0.69	3.3432607003311e-08
-0.67	3.87985237998217e-08
-0.65	4.47083317006552e-08
-0.63	5.11974703407881e-08
-0.61	5.83039160150263e-08
-0.59	6.6068390615174e-08
-0.57	7.45345903607258e-08
-0.55	8.37494364607166e-08
-0.53	9.37633501049699e-08
-0.51	1.04630554479129e-07
-0.49	1.16409406834932e-07
-0.47	1.29162764031449e-07
-0.45	1.42958385401822e-07
-0.429999999999999	1.57869377301965e-07
-0.409999999999999	1.7397468427287e-07
-0.389999999999999	1.9135963240843e-07
-0.369999999999999	2.10116531280012e-07
-0.349999999999999	2.30345341644064e-07
-0.329999999999999	2.52154417169177e-07
-0.309999999999999	2.75661329587726e-07
-0.289999999999999	3.00993788031964e-07
-0.269999999999999	3.28290664888379e-07
-0.249999999999999	3.57703142336548e-07
-0.229999999999999	3.89395995877172e-07
-0.209999999999999	4.23549033655122e-07
-0.189999999999999	4.60358713315978e-07
-0.169999999999999	5.00039961581569e-07
-0.149999999999999	5.42828225792107e-07
-0.129999999999999	5.88981791462098e-07
-0.109999999999999	6.38784405583856e-07
-0.0899999999999994	6.92548252169052e-07
-0.0699999999999994	7.50617334570453e-07
-0.0499999999999994	8.13371328750057e-07
-0.0299999999999994	8.81229983199716e-07
-0.00999999999999938	9.54658155102567e-07
0.0100000000000006	1.03417158908028e-06
0.0300000000000006	1.12034356516876e-06
0.0500000000000006	1.21381256734157e-06
0.0700000000000006	1.31529115401495e-06
0.0900000000000006	1.42557624886467e-06
0.110000000000001	1.54556111567661e-06
0.130000000000001	1.67624933703575e-06
0.150000000000001	1.81877118626083e-06
0.170000000000001	1.97440286877795e-06
0.190000000000001	2.14458921786601e-06
0.210000000000001	2.33097056665246e-06
0.230000000000001	2.53541469162755e-06
0.250000000000001	2.76005494371179e-06
0.270000000000001	3.00733596565691e-06
0.290000000000001	3.28006875892831e-06
0.310000000000001	3.58149733583032e-06
0.330000000000001	3.91537980986289e-06
0.350000000000001	4.28608758923144e-06
0.370000000000001	4.69872741467131e-06
0.390000000000001	5.15929242089891e-06
0.410000000000001	5.67485033928134e-06
0.430000000000001	6.25377959549927e-06
0.450000000000001	6.90606767618646e-06
0.470000000000001	7.64369116158508e-06
0.490000000000001	8.48110386793916e-06
0.510000000000001	9.43586954616674e-06
0.530000000000001	1.05294899632989e-05
0.550000000000001	1.17885001492148e-05
0.570000000000001	1.32459335831207e-05
0.590000000000001	1.49433066640195e-05
0.610000000000001	1.69333430087102e-05
0.630000000000001	1.92837690495119e-05
0.650000000000001	2.20826888403029e-05
0.670000000000001	2.54463330624767e-05
0.690000000000001	2.95304562325198e-05
0.710000000000001	3.45474780163874e-05
0.730000000000001	4.07929196090844e-05
0.750000000000001	4.86873544856429e-05
0.770000000000001	5.88451860855363e-05
0.790000000000001	7.21917437320614e-05
0.810000000000001	9.01716429335521e-05
0.830000000000001	0.000115139500484821
0.850000000000001	0.000151140517317942
0.870000000000001	0.000205596834466541
0.890000000000001	0.000293331082081218
0.910000000000001	0.000447508678974972
0.930000000000001	0.000755332424881446
0.950000000000001	0.00151129248622608
0.970000000000001	0.0042845833462253
0.990000000000001	0.0393478966889181
