# Program settings for SigmaNu
# Electroweak scheme and input parameters
# Scheme = Complex mass scheme
# alpha_GF = 0.00755898078237864
# Pole masses/widths for particles [GeV]
# mw = 80.35797361
# gw = 2.084298894
# mz = 91.15348062
# gz = 2.494266379
# s^2_thetaw (derived) = (0.222868505240788,-0.00110716741475141)
# charged leptons
# m_e = 0.0005109989461
# m_m = 0.10565837
# m_t = 1.77686
# quarks
# m_d = 0.05
# m_u = 0.05
# m_s = 0.2
# m_c = 1.51
# m_b = 4.92
# m_t = 173
# Ecms (default) = 480510

# channel_id = 6
# process  = nu_e nu_mu~ -> nu_e nu_mu~
-0.99	3.18530163855497e-11
-0.97	2.9252755053262e-10
-0.95	8.29330243269225e-10
-0.93	1.65935068467155e-09
-0.91	2.80075423214978e-09
-0.89	4.2728581770899e-09
-0.87	6.09621404755322e-09
-0.85	8.29269660687569e-09
-0.83	1.08856001653973e-08
-0.81	1.38997428864952e-08
-0.79	1.73615798394237e-08
-0.77	2.12993256311178e-08
-0.75	2.57430875381771e-08
-0.73	3.07250101599379e-08
-0.71	3.62794327252682e-08
-0.69	4.2443060311095e-08
-0.67	4.92551503715398e-08
-0.65	5.67577161350178e-08
-0.63	6.4995748605187e-08
-0.61	7.40174591030331e-08
-0.59	8.38745445148827e-08
-0.57	9.4622477668509e-08
-0.55	1.06320825551082e-07
-0.53	1.19033598413553e-07
-0.51	1.32829633182028e-07
-0.49	1.47783015024597e-07
-0.47	1.63973541409919e-07
-0.45	1.8148723355093e-07
-0.429999999999999	2.00416900764263e-07
-0.409999999999999	2.20862764006145e-07
-0.389999999999999	2.42933145683751e-07
-0.369999999999999	2.66745233805018e-07
-0.349999999999999	2.92425929640706e-07
-0.329999999999999	3.20112789354981e-07
-0.309999999999999	3.49955071544396e-07
-0.289999999999999	3.82114904345071e-07
-0.269999999999999	4.16768587765945e-07
-0.249999999999999	4.54108049232338e-07
-0.229999999999999	4.9434247303873e-07
-0.209999999999999	5.37700127585028e-07
-0.189999999999999	5.84430417993512e-07
-0.169999999999999	6.34806196079765e-07
-0.149999999999999	6.89126364807697e-07
-0.129999999999999	7.47718820451963e-07
-0.109999999999999	8.10943782910256e-07
-0.0899999999999994	8.79197573185635e-07
-0.0699999999999994	9.52916907280688e-07
-0.0499999999999994	1.03258378796326e-06
-0.0299999999999994	1.11873109051346e-06
-0.00999999999999938	1.21194895618521e-06
0.0100000000000006	1.31289212838859e-06
0.0300000000000006	1.4222883923671e-06
0.0500000000000006	1.54094831047131e-06
0.0700000000000006	1.66977648336109e-06
0.0900000000000006	1.80978461430921e-06
0.110000000000001	1.96210671140384e-06
0.130000000000001	2.12801683364564e-06
0.150000000000001	2.30894987529613e-06
0.170000000000001	2.50652599300968e-06
0.190000000000001	2.72257941832801e-06
0.210000000000001	2.95919257196947e-06
0.230000000000001	3.21873661646575e-06
0.250000000000001	3.50391986396418e-06
0.270000000000001	3.81784581496228e-06
0.290000000000001	4.16408306630967e-06
0.310000000000001	4.54674992680067e-06
0.330000000000001	4.97061736225702e-06
0.350000000000001	5.44123492275844e-06
0.370000000000001	5.96508567097615e-06
0.390000000000001	6.54977795631242e-06
0.410000000000001	7.20428434021586e-06
0.430000000000001	7.93924132470469e-06
0.450000000000001	8.76732813202349e-06
0.470000000000001	9.70374916018214e-06
0.490000000000001	1.07668536849647e-05
0.510000000000001	1.19789390776801e-05
0.530000000000001	1.33673020634231e-05
0.550000000000001	1.49656291485293e-05
0.570000000000001	1.68158566904801e-05
0.590000000000001	1.89706902043602e-05
0.610000000000001	2.14970628882312e-05
0.630000000000001	2.44809541748753e-05
0.650000000000001	2.80342131052305e-05
0.670000000000001	3.23043957737294e-05
0.690000000000001	3.74892342041005e-05
0.710000000000001	4.38583974292272e-05
0.730000000000001	5.17870527538909e-05
0.750000000000001	6.18091226744144e-05
0.770000000000001	7.4704598870159e-05
0.790000000000001	9.16481966963034e-05
0.810000000000001	0.000114473870752964
0.830000000000001	0.00014617083174775
0.850000000000001	0.000191874504445615
0.870000000000001	0.000261007373750331
0.890000000000001	0.000372386920741111
0.910000000000001	0.000568116980641871
0.930000000000001	0.000958902374714763
0.950000000000001	0.00191860120541901
0.970000000000001	0.00543931998489222
0.990000000000001	0.0499524335280171
