# Program settings for SigmaNu
# Electroweak scheme and input parameters
# Scheme = Complex mass scheme
# alpha_GF = 0.00755898078237864
# Pole masses/widths for particles [GeV]
# mw = 80.35797361
# gw = 2.084298894
# mz = 91.15348062
# gz = 2.494266379
# s^2_thetaw (derived) = (0.222868505240788,-0.00110716741475141)
# charged leptons
# m_e = 0.0005109989461
# m_m = 0.10565837
# m_t = 1.77686
# quarks
# m_d = 0.05
# m_u = 0.05
# m_s = 0.2
# m_c = 1.51
# m_b = 4.92
# m_t = 173
# Ecms (default) = 128943

# channel_id = 6
# process  = nu_e nu_mu~ -> nu_e nu_mu~
-0.99	4.42343327026207e-10
-0.97	4.06233454184059e-09
-0.95	1.1516921586202e-08
-0.93	2.30434277371157e-08
-0.91	3.88941154540728e-08
-0.89	5.93372441047916e-08
-0.87	8.46582129023168e-08
-0.85	1.15160796827993e-07
-0.83	1.51168484111772e-07
-0.81	1.93025924729318e-07
-0.79	2.41100500365864e-07
-0.77	2.95784027403015e-07
-0.75	3.57494605721372e-07
-0.73	4.26678627496321e-07
-0.71	5.03812961715845e-07
-0.69	5.89407331890325e-07
-0.67	6.84006906380454e-07
-0.65	7.88195122970241e-07
-0.63	9.02596771791306e-07
-0.61	1.0278813635015e-06
-0.59	1.16476681278022e-06
-0.57	1.31402347077706e-06
-0.55	1.47647854419941e-06
-0.53	1.65302094331929e-06
-0.51	1.84460660640043e-06
-0.49	2.05226435398926e-06
-0.47	2.27710233328763e-06
-0.45	2.52031512056161e-06
-0.429999999999999	2.78319155838906e-06
-0.409999999999999	3.06712341468936e-06
-0.389999999999999	3.37361496211829e-06
-0.369999999999999	3.70429358979877e-06
-0.349999999999999	4.06092157478345e-06
-0.329999999999999	4.44540915845495e-06
-0.309999999999999	4.85982909367247e-06
-0.289999999999999	5.30643285235748e-06
-0.269999999999999	5.78766871095907e-06
-0.249999999999999	6.30620196354471e-06
-0.229999999999999	6.86493754996173e-06
-0.209999999999999	7.46704543060981e-06
-0.189999999999999	8.11598909106549e-06
-0.169999999999999	8.81555762057026e-06
-0.149999999999999	9.569901880006e-06
-0.129999999999999	1.03835753595973e-05
-0.109999999999999	1.12615804268327e-05
-0.0899999999999994	1.22094207842135e-05
-0.0699999999999994	1.32331610983879e-05
-0.0499999999999994	1.43394949318962e-05
-0.0299999999999994	1.55358223121948e-05
-0.00999999999999938	1.68303385173687e-05
0.0100000000000006	1.8232135953351e-05
0.0300000000000006	1.9751321355311e-05
0.0500000000000006	2.1399150980908e-05
0.0700000000000006	2.31881869940191e-05
0.0900000000000006	2.51324788880137e-05
0.110000000000001	2.72477745978847e-05
0.130000000000001	2.95517669392632e-05
0.150000000000001	3.20643822394052e-05
0.170000000000001	3.48081195552368e-05
0.190000000000001	3.78084507905845e-05
0.210000000000001	4.10942944389959e-05
0.230000000000001	4.46985787353473e-05
0.250000000000001	4.8658913891448e-05
0.270000000000001	5.30183980755235e-05
0.290000000000001	5.78265882190968e-05
0.310000000000001	6.31406750667384e-05
0.330000000000001	6.90269127655825e-05
0.350000000000001	7.55623676054959e-05
0.370000000000001	8.28370694943725e-05
0.390000000000001	9.09566751069117e-05
0.410000000000001	0.000100045785816145
0.430000000000001	0.000110252109991536
0.450000000000001	0.000121751723069899
0.470000000000001	0.000134755767359209
0.490000000000001	0.000149519057764636
0.510000000000001	0.000166351235970394
0.530000000000001	0.000185631369121453
0.550000000000001	0.000207827258492301
0.570000000000001	0.000233521269999507
0.590000000000001	0.000263445319412713
0.610000000000001	0.000298528900318892
0.630000000000001	0.00033996599849755
0.650000000000001	0.000389309846824749
0.670000000000001	0.000448609535906948
0.690000000000001	0.000520610940265675
0.710000000000001	0.000609058909468984
0.730000000000001	0.000719163325121636
0.750000000000001	0.000858338665547112
0.770000000000001	0.00103741651000095
0.790000000000001	0.00127270985683219
0.810000000000001	0.00158968635977969
0.830000000000001	0.002029856324391
0.850000000000001	0.00266453371729538
0.870000000000001	0.00362456505957603
0.890000000000001	0.00517126049101232
0.910000000000001	0.00788929396515438
0.930000000000001	0.0133159515128505
0.950000000000001	0.0266426807238853
0.970000000000001	0.0755313199305354
0.990000000000001	0.693562193146253
