# Program settings for SigmaNu
# Electroweak scheme and input parameters
# Scheme = Complex mass scheme
# alpha_GF = 0.00755898078237864
# Pole masses/widths for particles [GeV]
# mw = 80.35797361
# gw = 2.084298894
# mz = 91.15348062
# gz = 2.494266379
# s^2_thetaw (derived) = (0.222868505240788,-0.00110716741475141)
# charged leptons
# m_e = 0.0005109989461
# m_m = 0.10565837
# m_t = 1.77686
# quarks
# m_d = 0.05
# m_u = 0.05
# m_s = 0.2
# m_c = 1.51
# m_b = 4.92
# m_t = 173
# Ecms (default) = 122872

# channel_id = 6
# process  = nu_e nu_mu~ -> nu_e nu_mu~
-0.99	4.87134761803952e-10
-0.97	4.47368423226314e-09
-0.95	1.26831185170588e-08
-0.93	2.53767920991044e-08
-0.91	4.28325113751575e-08
-0.89	6.53456994860799e-08
-0.87	9.32306549868905e-08
-0.85	1.26821912918365e-07
-0.83	1.66475717719585e-07
-0.81	2.12571618398749e-07
-0.79	2.65514197470367e-07
-0.77	3.25734946385185e-07
-0.75	3.9369430154112e-07
-0.73	4.69883856488141e-07
-0.71	5.54828767648627e-07
-0.69	6.49090372792172e-07
-0.67	7.53269043658031e-07
-0.65	8.68007296542109e-07
-0.63	9.93993187395671e-07
-0.61	1.13196402106297e-06
-0.59	1.28271040776428e-06
-0.57	1.44708070386691e-06
-0.55	1.62598587844599e-06
-0.53	1.82040485219633e-06
-0.51	2.03139036100649e-06
-0.49	2.26007540305025e-06
-0.47	2.50768033571104e-06
-0.45	2.77552069717432e-06
-0.429999999999999	3.06501583726813e-06
-0.409999999999999	3.37769845329839e-06
-0.389999999999999	3.71522513944485e-06
-0.369999999999999	4.07938807302608e-06
-0.349999999999999	4.4721279779297e-06
-0.329999999999999	4.89554852511694e-06
-0.309999999999999	5.35193235279982e-06
-0.289999999999999	5.8437589151919e-06
-0.269999999999999	6.37372439929074e-06
-0.249999999999999	6.94476398472704e-06
-0.229999999999999	7.560076763232e-06
-0.209999999999999	8.22315368283455e-06
-0.189999999999999	8.93780893883628e-06
-0.169999999999999	9.70821530053531e-06
-0.149999999999999	1.05389439415347e-05
-0.129999999999999	1.14350094346542e-05
-0.109999999999999	1.24019206828687e-05
-0.0899999999999994	1.3445738688874e-05
-0.0699999999999994	1.45731422222049e-05
-0.0499999999999994	1.57915026296759e-05
-0.0299999999999994	1.71089692589621e-05
-0.00999999999999938	1.85345672346551e-05
0.0100000000000006	2.00783096514579e-05
0.0300000000000006	2.17513266432542e-05
0.0500000000000006	2.35660142658774e-05
0.0700000000000006	2.55362067160745e-05
0.0900000000000006	2.76773761254899e-05
0.110000000000001	3.00068650497604e-05
0.130000000000001	3.25441578616477e-05
0.150000000000001	3.53111986084455e-05
0.170000000000001	3.8332764578823e-05
0.190000000000001	4.16369069354196e-05
0.210000000000001	4.52554724282544e-05
0.230000000000001	4.92247235703286e-05
0.250000000000001	5.35860789429105e-05
0.270000000000001	5.83870007874074e-05
0.290000000000001	6.36820641148057e-05
0.310000000000001	6.95342507392993e-05
0.330000000000001	7.60165236259766e-05
0.350000000000001	8.32137527058414e-05
0.370000000000001	9.12250842062521e-05
0.390000000000001	0.000100166873466038
0.410000000000001	0.000110176338835527
0.430000000000001	0.000121416145442213
0.450000000000001	0.000134080197887706
0.470000000000001	0.000148401018462231
0.490000000000001	0.00016465922427137
0.510000000000001	0.000183195810870172
0.530000000000001	0.000204428229180143
0.550000000000001	0.000228871649316597
0.570000000000001	0.00025716740664744
0.590000000000001	0.000290121529534358
0.610000000000001	0.000328757630505772
0.630000000000001	0.000374390596232396
0.650000000000001	0.00042873093709246
0.670000000000001	0.000494035230666153
0.690000000000001	0.000573327393193566
0.710000000000001	0.000670731469769913
0.730000000000001	0.000791984882947511
0.750000000000001	0.000945252883518849
0.770000000000001	0.00114246382903245
0.790000000000001	0.00140158252774705
0.810000000000001	0.00175065541328307
0.830000000000001	0.00223539599194257
0.850000000000001	0.00293433923123924
0.870000000000001	0.00399158065572313
0.890000000000001	0.00569488949952103
0.910000000000001	0.00868814074767688
0.930000000000001	0.0146642763096004
0.950000000000001	0.0293403876919862
0.970000000000001	0.0831790258605377
0.990000000000001	0.763776527054499
