# Program settings for SigmaNu
# Electroweak scheme and input parameters
# Scheme = Complex mass scheme
# alpha_GF = 0.00755898078237864
# Pole masses/widths for particles [GeV]
# mw = 80.35797361
# gw = 2.084298894
# mz = 91.15348062
# gz = 2.494266379
# s^2_thetaw (derived) = (0.222868505240788,-0.00110716741475141)
# charged leptons
# m_e = 0.0005109989461
# m_m = 0.10565837
# m_t = 1.77686
# quarks
# m_d = 0.05
# m_u = 0.05
# m_s = 0.2
# m_c = 1.51
# m_b = 4.92
# m_t = 173
# Ecms (default) = 177304

# channel_id = 6
# process  = nu_e nu_mu~ -> nu_e nu_mu~
-0.99	2.33947365749533e-10
-0.97	2.14849509726351e-09
-0.95	6.09109107829279e-09
-0.93	1.21872513201312e-08
-0.91	2.05703929008563e-08
-0.89	3.1382393377721e-08
-0.87	4.47741952663333e-08
-0.85	6.09064596984309e-08
-0.83	7.99502737915443e-08
-0.81	1.02087916733493e-07
-0.79	1.27513690108519e-07
-0.77	1.56434818576919e-07
-0.75	1.89072427674117e-07
-0.73	2.25662606227305e-07
-0.71	2.66457561708408e-07
-0.69	3.11726877762894e-07
-0.67	3.61758884188604e-07
-0.65	4.1686215080271e-07
-0.63	4.77367117946176e-07
-0.61	5.43627877854241e-07
-0.59	6.16024122792446e-07
-0.57	6.94963277747956e-07
-0.55	7.80882837607559e-07
-0.53	8.74252931183554e-07
-0.51	9.75579137210078e-07
-0.49	1.08540558057523e-06
-0.47	1.20431834063725e-06
-0.45	1.33294920756454e-06
-0.429999999999999	1.4719798273193e-06
-0.409999999999999	1.62214628126745e-06
-0.389999999999999	1.78424415255393e-06
-0.369999999999999	1.95913413846253e-06
-0.349999999999999	2.14774827613807e-06
-0.329999999999999	2.35109685846763e-06
-0.309999999999999	2.57027612781421e-06
-0.289999999999999	2.80647684792836e-06
-0.269999999999999	3.060993869038e-06
-0.249999999999999	3.33523681820314e-06
-0.229999999999999	3.63074206696014e-06
-0.209999999999999	3.94918615160183e-06
-0.189999999999999	4.29240084878303e-06
-0.169999999999999	4.66239014128181e-06
-0.149999999999999	5.06134934662128e-06
-0.129999999999999	5.49168672600841e-06
-0.109999999999999	5.95604794406853e-06
-0.0899999999999994	6.45734381285299e-06
-0.0699999999999994	6.99878182867152e-06
-0.0499999999999994	7.58390210003584e-06
-0.0299999999999994	8.2166183725989e-06
-0.00999999999999938	8.90126498641208e-06
0.0100000000000006	9.64265075706241e-06
0.0300000000000006	1.04461209615064e-05
0.0500000000000006	1.13176288395031e-05
0.0700000000000006	1.22638183023364e-05
0.0900000000000006	1.32921198845401e-05
0.110000000000001	1.44108623975684e-05
0.130000000000001	1.56294032672742e-05
0.150000000000001	1.69582811860282e-05
0.170000000000001	1.84093955195063e-05
0.190000000000001	1.9996217922062e-05
0.210000000000001	2.17340428914766e-05
0.230000000000001	2.36402856105692e-05
0.250000000000001	2.57348374815711e-05
0.270000000000001	2.80404923954881e-05
0.290000000000001	3.0583460176035e-05
0.310000000000001	3.33939880443672e-05
0.330000000000001	3.65071167058566e-05
0.350000000000001	3.99636052306088e-05
0.370000000000001	4.38110689342629e-05
0.390000000000001	4.81053878749062e-05
0.410000000000001	5.29124616544182e-05
0.430000000000001	5.83104107922713e-05
0.450000000000001	6.43923586945553e-05
0.470000000000001	7.12699750758329e-05
0.490000000000001	7.90780273945091e-05
0.510000000000001	8.79802801283551e-05
0.530000000000001	9.81772157949753e-05
0.550000000000001	0.000109916247015343
0.570000000000001	0.000123505377885929
0.590000000000001	0.000139331707139675
0.610000000000001	0.000157886829434844
0.630000000000001	0.000179802225403707
0.650000000000001	0.000205899376175873
0.670000000000001	0.000237262014835037
0.690000000000001	0.000275342393525362
0.710000000000001	0.000322121108289973
0.730000000000001	0.000380353590520685
0.750000000000001	0.000453961253331153
0.770000000000001	0.000548672770174059
0.790000000000001	0.000673115868461946
0.810000000000001	0.000840760063279823
0.830000000000001	0.00107355964679846
0.850000000000001	0.00140923175444818
0.870000000000001	0.00191697972464517
0.890000000000001	0.00273500803715618
0.910000000000001	0.00417254622754469
0.930000000000001	0.00704265674553666
0.950000000000001	0.0140910895231706
0.970000000000001	0.0399483807944821
0.990000000000001	0.366846839684258
