# Program settings for SigmaNu
# Electroweak scheme and input parameters
# Scheme = Complex mass scheme
# alpha_GF = 0.00755898078237864
# Pole masses/widths for particles [GeV]
# mw = 80.35797361
# gw = 2.084298894
# mz = 91.15348062
# gz = 2.494266379
# s^2_thetaw (derived) = (0.222868505240788,-0.00110716741475141)
# charged leptons
# m_e = 0.0005109989461
# m_m = 0.10565837
# m_t = 1.77686
# quarks
# m_d = 0.05
# m_u = 0.05
# m_s = 0.2
# m_c = 1.51
# m_b = 4.92
# m_t = 173
# Ecms (default) = 251271

# channel_id = 6
# process  = nu_e nu_mu~ -> nu_e nu_mu~
-0.99	1.16485161416948e-10
-0.97	1.06976113231362e-09
-0.95	3.03282633283501e-09
-0.93	6.06817667930806e-09
-0.91	1.02422421238236e-08
-0.89	1.56256651924041e-08
-0.87	2.22936019624714e-08
-0.85	3.03260475269327e-08
-0.83	3.98081882020677e-08
-0.81	5.08307829702424e-08
-0.79	6.34905769093165e-08
-0.77	7.78907496519099e-08
-0.75	9.41414022433748e-08
-0.73	1.12360086131891e-07
-0.71	1.32672378432677e-07
-0.69	1.55212508066807e-07
-0.67	1.80124037890262e-07
-0.65	2.07560608508382e-07
-0.63	2.37686750123807e-07
-0.61	2.70678769502448e-07
-0.59	3.06725719974055e-07
-0.57	3.4603046332513e-07
-0.55	3.88810833508249e-07
-0.53	4.35300913301729e-07
-0.51	4.85752436428462e-07
-0.49	5.40436329207577e-07
-0.47	5.99644407596602e-07
-0.45	6.63691247518947e-07
-0.429999999999999	7.32916248701819e-07
-0.409999999999999	8.07685914919926e-07
-0.389999999999999	8.88396376605625e-07
-0.369999999999999	9.75476185311519e-07
-0.349999999999999	1.0693894135737e-06
-0.329999999999999	1.17063909841372e-06
-0.309999999999999	1.27977107214285e-06
-0.289999999999999	1.39737823042209e-06
-0.269999999999999	1.52410529483776e-06
-0.249999999999999	1.66065413576054e-06
-0.229999999999999	1.80778973118274e-06
-0.209999999999999	1.96634684884097e-06
-0.189999999999999	2.13723755254596e-06
-0.169999999999999	2.32145964964438e-06
-0.149999999999999	2.52010621539581e-06
-0.129999999999999	2.73437635233063e-06
-0.109999999999999	2.96558736905444e-06
-0.0899999999999994	3.21518859433333e-06
-0.0699999999999994	3.48477707967388e-06
-0.0499999999999994	3.7761154882926e-06
-0.0299999999999994	4.09115252194334e-06
-0.00999999999999938	4.43204630152045e-06
0.0100000000000006	4.80119119514889e-06
0.0300000000000006	5.20124868170501e-06
0.0500000000000006	5.6351829522742e-06
0.0700000000000006	6.10630209185982e-06
0.0900000000000006	6.61830585495073e-06
0.110000000000001	7.17534125928711e-06
0.130000000000001	7.78206748253127e-06
0.150000000000001	8.44373186968314e-06
0.170000000000001	9.16625926198618e-06
0.190000000000001	9.95635736290014e-06
0.210000000000001	1.08216414924897e-05
0.230000000000001	1.17707828865481e-05
0.250000000000001	1.28136857216922e-05
0.270000000000001	1.39616993603214e-05
0.290000000000001	1.52278740009265e-05
0.310000000000001	1.66272701133562e-05
0.330000000000001	1.81773349041548e-05
0.350000000000001	1.98983628265098e-05
0.370000000000001	2.18140621458351e-05
0.390000000000001	2.39522562486808e-05
0.410000000000001	2.63457573811933e-05
0.430000000000001	2.90334627419277e-05
0.450000000000001	3.20617396607559e-05
0.470000000000001	3.54861899153314e-05
0.490000000000001	3.93739159510348e-05
0.510000000000001	4.38064582087511e-05
0.530000000000001	4.88836395242098e-05
0.550000000000001	5.47286498517208e-05
0.570000000000001	6.14948484461088e-05
0.590000000000001	6.93749768383728e-05
0.610000000000001	7.86138064854691e-05
0.630000000000001	8.95257599641136e-05
0.650000000000001	0.000102519863689445
0.670000000000001	0.000118135722929987
0.690000000000001	0.00013709643370708
0.710000000000001	0.000160388161873725
0.730000000000001	0.000189382874785462
0.750000000000001	0.000226033098836155
0.770000000000001	0.000273191221667758
0.790000000000001	0.000335153112828823
0.810000000000001	0.000418625441069932
0.830000000000001	0.000534539576747373
0.850000000000001	0.000701675460162009
0.870000000000001	0.000954490528955431
0.890000000000001	0.00136179906996286
0.910000000000001	0.00207757183459467
0.930000000000001	0.00350664777658685
0.950000000000001	0.00701619281064413
0.970000000000001	0.0198911180991846
0.990000000000001	0.182667028942266
