# Program settings for SigmaNu
# Electroweak scheme and input parameters
# Scheme = Complex mass scheme
# alpha_GF = 0.00755898078237864
# Pole masses/widths for particles [GeV]
# mw = 80.35797361
# gw = 2.084298894
# mz = 91.15348062
# gz = 2.494266379
# s^2_thetaw (derived) = (0.222868505240788,-0.00110716741475141)
# charged leptons
# m_e = 0.0005109989461
# m_m = 0.10565837
# m_t = 1.77686
# quarks
# m_d = 0.05
# m_u = 0.05
# m_s = 0.2
# m_c = 1.51
# m_b = 4.92
# m_t = 173
# Ecms (default) = 1813270

# channel_id = 6
# process  = nu_e nu_mu~ -> nu_e nu_mu~
-0.99	2.23681724402421e-12
-0.97	2.05421885924481e-11
-0.95	5.82381325913041e-11
-0.93	1.16524733111336e-10
-0.91	1.96677617735323e-10
-0.89	3.00053306415621e-10
-0.87	4.28094991024687e-10
-0.85	5.82338785112475e-10
-0.83	7.64420487214464e-10
-0.81	9.7608290554453e-10
-0.79	1.21918379691568e-09
-0.77	1.49570447832533e-09
-0.75	1.80775917589584e-09
-0.73	2.15760518286154e-09
-0.71	2.54765390613953e-09
-0.69	2.98048288982536e-09
-0.67	3.45884891384724e-09
-0.65	3.98570227714089e-09
-0.63	4.56420238724456e-09
-0.61	5.19773479235632e-09
-0.59	5.88992980787205e-09
-0.57	6.64468290749619e-09
-0.55	7.46617706949314e-09
-0.53	8.35890729188009e-09
-0.51	9.32770751676295e-09
-0.49	1.03777802340671e-08
-0.47	1.15147290691711e-08
-0.45	1.27445946980705e-08
-0.429999999999999	1.40738944784484e-08
-0.409999999999999	1.55096662363008e-08
-0.389999999999999	1.70595167066311e-08
-0.369999999999999	1.87316751944226e-08
-0.349999999999999	2.05350531000996e-08
-0.329999999999999	2.24793100437508e-08
-0.309999999999999	2.45749274265697e-08
-0.289999999999999	2.68332903887456e-08
-0.269999999999999	2.92667792633493e-08
-0.249999999999999	3.18888717891238e-08
-0.229999999999999	3.47142575357213e-08
-0.209999999999999	3.77589662179112e-08
-0.189999999999999	4.10405118367217e-08
-0.169999999999999	4.45780548927774e-08
-0.149999999999999	4.83925852792282e-08
-0.129999999999999	5.25071288895415e-08
-0.109999999999999	5.69469814823877e-08
-0.0899999999999994	6.17399739481969e-08
-0.0699999999999994	6.6916773839765e-08
-0.0499999999999994	7.25112288872615e-08
-0.0299999999999994	7.8560759246765e-08
-0.00999999999999938	8.5106806469034e-08
0.0100000000000006	9.21953486690668e-08
0.0300000000000006	9.98774931865166e-08
0.0500000000000006	1.08210160226923e-07
0.0700000000000006	1.17256873658416e-07
0.0900000000000006	1.27088678427811e-07
0.110000000000001	1.3778520810665e-07
0.130000000000001	1.4943593107745e-07
0.150000000000001	1.62141610075457e-07
0.170000000000001	1.76016017538031e-07
0.190000000000001	1.91187958907898e-07
0.210000000000001	2.07803668244999e-07
0.230000000000001	2.26029655959225e-07
0.250000000000001	2.46056108157457e-07
0.270000000000001	2.6810096230479e-07
0.290000000000001	2.92414816382879e-07
0.310000000000001	3.19286870861349e-07
0.330000000000001	3.4905215782344e-07
0.350000000000001	3.82100383970095e-07
0.370000000000001	4.1888681017246e-07
0.390000000000001	4.59945718452479e-07
0.410000000000001	5.05907190067087e-07
0.430000000000001	5.57518153384659e-07
0.450000000000001	6.15668982980536e-07
0.470000000000001	6.81427379179096e-07
0.490000000000001	7.56081885474952e-07
0.510000000000001	8.41198293007635e-07
0.530000000000001	9.38693463222908e-07
0.550000000000001	1.05093296806521e-06
0.570000000000001	1.18086170994628e-06
0.590000000000001	1.33218083538916e-06
0.610000000000001	1.50959060359763e-06
0.630000000000001	1.71912876038829e-06
0.650000000000001	1.96864969706518e-06
0.670000000000001	2.26851526700523e-06
0.690000000000001	2.63261083603886e-06
0.710000000000001	3.07987341466494e-06
0.730000000000001	3.63664843683634e-06
0.750000000000001	4.34042963089835e-06
0.770000000000001	5.2459904875703e-06
0.790000000000001	6.43582325570533e-06
0.810000000000001	8.03871407780112e-06
0.830000000000001	1.02645748989038e-05
0.850000000000001	1.34740317562992e-05
0.870000000000001	1.83287619970952e-05
0.890000000000001	2.61501903974705e-05
0.910000000000001	3.98949866421792e-05
0.930000000000001	6.73372122080415e-05
0.950000000000001	0.000134730457160445
0.970000000000001	0.000381967536504999
0.990000000000001	0.00350786095949083
