# Program settings for SigmaNu
# Electroweak scheme and input parameters
# Scheme = Complex mass scheme
# alpha_GF = 0.00755898078237864
# Pole masses/widths for particles [GeV]
# mw = 80.35797361
# gw = 2.084298894
# mz = 91.15348062
# gz = 2.494266379
# s^2_thetaw (derived) = (0.222868505240788,-0.00110716741475141)
# charged leptons
# m_e = 0.0005109989461
# m_m = 0.10565837
# m_t = 1.77686
# quarks
# m_d = 0.05
# m_u = 0.05
# m_s = 0.2
# m_c = 1.51
# m_b = 4.92
# m_t = 173
# Ecms (default) = 1537.55

# channel_id = 6
# process  = nu_e nu_mu~ -> nu_e nu_mu~
-0.99	3.08911584580752e-06
-0.97	2.83673891415812e-05
-0.95	8.04171024589016e-05
-0.93	0.000160889153702417
-0.91	0.000271537980780648
-0.89	0.000414228865196948
-0.87	0.000590945821811728
-0.85	0.000803800128053726
-0.83	0.00105503955129842
-0.81	0.00134705833919116
-0.79	0.00168240804444908
-0.77	0.00206380926321781
-0.75	0.00249416437448813
-0.73	0.00297657137750842
-0.71	0.00351433893469424
-0.69	0.00411100273938604
-0.67	0.0047703433411148
-0.65	0.00549640557600012
-0.63	0.00629351976675616
-0.61	0.00716632487577999
-0.59	0.00811979381624848
-0.57	0.00915926115040519
-0.55	0.0102904534316825
-0.53	0.0115195224784506
-0.51	0.0128530819025562
-0.49	0.0142982472560549
-0.47	0.0158626802053823
-0.45	0.0175546371945344
-0.429999999999999	0.0193830231186359
-0.409999999999999	0.0213574505977704
-0.389999999999999	0.0234883055195242
-0.369999999999999	0.0257868196090029
-0.349999999999999	0.0282651508890707
-0.329999999999999	0.0309364730135375
-0.309999999999999	0.0338150745947113
-0.289999999999999	0.0369164698073941
-0.269999999999999	0.040257521737904
-0.249999999999999	0.0438565801636779
-0.229999999999999	0.0477336357019951
-0.209999999999999	0.0519104925620249
-0.189999999999999	0.0564109624807605
-0.169999999999999	0.0612610828301502
-0.149999999999999	0.0664893623616216
-0.129999999999999	0.0721270586194884
-0.109999999999999	0.0782084917238298
-0.0899999999999994	0.0847714000176361
-0.0699999999999994	0.0918573440184315
-0.0499999999999994	0.0995121662434177
-0.0299999999999994	0.107786515829173
-0.00999999999999938	0.116736448491479
0.0100000000000006	0.126424114329352
0.0300000000000006	0.13691854834678
0.0500000000000006	0.148296581442432
0.0700000000000006	0.160643893123617
0.0900000000000006	0.1740562314902
0.110000000000001	0.188640831303496
0.130000000000001	0.204518067455523
0.150000000000001	0.221823389208544
0.170000000000001	0.240709590600982
0.190000000000001	0.261349484956341
0.210000000000001	0.283939067196244
0.230000000000001	0.308701267580323
0.250000000000001	0.335890425809727
0.270000000000001	0.36579764678359
0.290000000000001	0.398757240897496
0.310000000000001	0.435154505605474
0.330000000000001	0.475435175099062
0.350000000000001	0.520116956973467
0.370000000000001	0.569803696387616
0.390000000000001	0.625202870294056
0.410000000000001	0.687147332074232
0.430000000000001	0.756622522115359
0.450000000000001	0.834800763850369
0.470000000000001	0.923084823238812
0.490000000000001	1.02316369000757
0.510000000000001	1.13708464197513
0.530000000000001	1.26734723223318
0.550000000000001	1.41702712797278
0.570000000000001	1.58994109704095
0.590000000000001	1.79086946912707
0.610000000000001	2.025860041957
0.630000000000001	2.3026492303173
0.650000000000001	2.63125492729627
0.670000000000001	3.02482567819891
0.690000000000001	3.5008805850227
0.710000000000001	4.08315897198364
0.730000000000001	4.80444693572285
0.750000000000001	5.71101600459521
0.770000000000001	6.86981341048633
0.790000000000001	8.38053437313262
0.810000000000001	10.3967547192351
0.830000000000001	13.1647921243976
0.850000000000001	17.0995231320567
0.870000000000001	22.9434109860126
0.890000000000001	32.1318419537711
0.910000000000001	47.7376994666231
0.930000000000001	77.3396209127892
0.950000000000001	144.035602011511
0.970000000000001	348.6828532098
0.990000000000001	1682.11379418901
