# Program settings for SigmaNu
# Electroweak scheme and input parameters
# Scheme = Complex mass scheme
# alpha_GF = 0.00755898078237864
# Pole masses/widths for particles [GeV]
# mw = 80.35797361
# gw = 2.084298894
# mz = 91.15348062
# gz = 2.494266379
# s^2_thetaw (derived) = (0.222868505240788,-0.00110716741475141)
# charged leptons
# m_e = 0.0005109989461
# m_m = 0.10565837
# m_t = 1.77686
# quarks
# m_d = 0.05
# m_u = 0.05
# m_s = 0.2
# m_c = 1.51
# m_b = 4.92
# m_t = 173
# Ecms (default) = 1487740

# channel_id = 6
# process  = nu_e nu_mu~ -> nu_e nu_mu~
-0.99	3.32277836576418e-12
-0.97	3.05152957940925e-11
-0.95	8.65123905603299e-11
-0.93	1.7309677992849e-10
-0.91	2.92163400885512e-10
-0.89	4.45727355539359e-10
-0.87	6.35932496606034e-10
-0.85	8.65060711385987e-10
-0.83	1.1355419686169e-09
-0.81	1.4499651992602e-09
-0.79	1.81109008971928e-09
-0.77	2.22185987429686e-09
-0.75	2.68541522298897e-09
-0.73	3.20510933111275e-09
-0.71	3.7845243289197e-09
-0.69	4.42748914242519e-09
-0.67	5.13809895137917e-09
-0.65	5.92073640683519e-09
-0.63	6.78009478939853e-09
-0.61	7.72120331024317e-09
-0.59	8.74945478072022e-09
-0.57	9.87063590322833e-09
-0.55	1.10909604664335e-08
-0.53	1.24171057624383e-08
-0.51	1.38562525827182e-08
-0.49	1.54161291942829e-08
-0.47	1.71050597484066e-08
-0.45	1.89320176323851e-08
-0.429999999999999	2.09066843412478e-08
-0.409999999999999	2.30395145225227e-08
-0.389999999999999	2.53418079345922e-08
-0.369999999999999	2.78257891597386e-08
-0.349999999999999	3.05046960288538e-08
-0.329999999999999	3.33928778485685e-08
-0.309999999999999	3.65059046763218e-08
-0.289999999999999	3.98606890683073e-08
-0.269999999999999	4.34756219336616e-08
-0.249999999999999	4.73707243709391e-08
-0.229999999999999	5.15678176461023e-08
-0.209999999999999	5.60907138024929e-08
-0.189999999999999	6.09654297816155e-08
-0.169999999999999	6.622042839006e-08
-0.149999999999999	7.18868899858268e-08
-0.129999999999999	7.79990193929396e-08
-0.109999999999999	8.45943933063016e-08
-0.0899999999999994	9.17143543435432e-08
-0.0699999999999994	9.94044589668909e-08
-0.0499999999999994	1.07714987772612e-07
-0.0299999999999994	1.16701528173811e-07
-0.00999999999999938	1.26425641340794e-07
0.0100000000000006	1.36955627482295e-07
0.0300000000000006	1.48367406238894e-07
0.0500000000000006	1.60745532227886e-07
0.0700000000000006	1.74184369766939e-07
0.0900000000000006	1.88789455690091e-07
0.110000000000001	2.04679085180852e-07
0.130000000000001	2.21986162974253e-07
0.150000000000001	2.40860371497175e-07
0.170000000000001	2.61470719009362e-07
0.190000000000001	2.84008545208001e-07
0.210000000000001	3.08691079894455e-07
0.230000000000001	3.3576567326379e-07
0.250000000000001	3.65514845613971e-07
0.270000000000001	3.98262341715636e-07
0.290000000000001	4.34380423336729e-07
0.310000000000001	4.74298696004605e-07
0.330000000000001	5.18514847827848e-07
0.350000000000001	5.67607785724621e-07
0.370000000000001	6.22253796931175e-07
0.390000000000001	6.8324655411891e-07
0.410000000000001	7.51522039135502e-07
0.430000000000001	8.28189809496192e-07
0.450000000000001	9.14572511176918e-07
0.470000000000001	1.01225620646605e-06
0.490000000000001	1.12315501882631e-06
0.510000000000001	1.24959492139542e-06
0.530000000000001	1.39442340009582e-06
0.550000000000001	1.56115449754039e-06
0.570000000000001	1.7541628481926e-06
0.590000000000001	1.97894648249638e-06
0.610000000000001	2.2424876066414e-06
0.630000000000001	2.55375525495577e-06
0.650000000000001	2.92441707746275e-06
0.670000000000001	3.36986554366041e-06
0.690000000000001	3.91072727909579e-06
0.710000000000001	4.57513309633901e-06
0.730000000000001	5.40221897531239e-06
0.750000000000001	6.44768161844921e-06
0.770000000000001	7.79288670843586e-06
0.790000000000001	9.56037597173367e-06
0.810000000000001	1.19414604271278e-05
0.830000000000001	1.52479629699191e-05
0.850000000000001	2.00155913428728e-05
0.870000000000001	2.7227263134256e-05
0.890000000000001	3.8845946615964e-05
0.910000000000001	5.92637561113858e-05
0.930000000000001	0.00010002901104186
0.950000000000001	0.000200141252765303
0.970000000000001	0.000567410353090984
0.990000000000001	0.00521090350408476
