# Program settings for SigmaNu
# Electroweak scheme and input parameters
# Scheme = Complex mass scheme
# alpha_GF = 0.00755898078237864
# Pole masses/widths for particles [GeV]
# mw = 80.35797361
# gw = 2.084298894
# mz = 91.15348062
# gz = 2.494266379
# s^2_thetaw (derived) = (0.222868505240788,-0.00110716741475141)
# charged leptons
# m_e = 0.0005109989461
# m_m = 0.10565837
# m_t = 1.77686
# quarks
# m_d = 0.05
# m_u = 0.05
# m_s = 0.2
# m_c = 1.51
# m_b = 4.92
# m_t = 173
# Ecms (default) = 112701

# channel_id = 6
# process  = nu_e nu_mu~ -> nu_e nu_mu~
-0.99	5.79027708602818e-10
-0.97	5.31759859415344e-09
-0.95	1.50756579026275e-08
-0.93	3.01638619077289e-08
-0.91	5.09124222764206e-08
-0.89	7.76724906319314e-08
-0.87	1.10817654658415e-07
-0.85	1.50745555924094e-07
-0.83	1.97879640642939e-07
-0.81	2.52671055757286e-07
-0.79	3.1560070402043e-07
-0.77	3.87181473206178e-07
-0.75	4.67960656191297e-07
-0.73	5.58522580468938e-07
-0.71	6.59491467682141e-07
-0.69	7.71534546045562e-07
-0.67	8.95365441084242e-07
-0.65	1.03174787299908e-06
-0.63	1.18149969221405e-06
-0.61	1.34549728832117e-06
-0.59	1.52468041177488e-06
-0.57	1.72005745236616e-06
-0.55	1.93271122380679e-06
-0.53	2.16380530976869e-06
-0.51	2.41459103355703e-06
-0.49	2.68641512137485e-06
-0.47	2.98072813800441e-06
-0.45	3.29909378385704e-06
-0.429999999999999	3.64319915392675e-06
-0.409999999999999	4.01486607245582e-06
-0.389999999999999	4.41606363235777e-06
-0.369999999999999	4.84892208596706e-06
-0.349999999999999	5.31574825387694e-06
-0.329999999999999	5.81904264193939e-06
-0.309999999999999	6.36151848347077e-06
-0.289999999999999	6.9461229549707e-06
-0.269999999999999	7.5760608499835e-06
-0.249999999999999	8.25482103801915e-06
-0.229999999999999	8.98620608479928e-06
-0.209999999999999	9.77436546781386e-06
-0.189999999999999	1.06238328888508e-05
-0.169999999999999	1.15395682647084e-05
-0.149999999999999	1.25270050710421e-05
-0.129999999999999	1.35921038250576e-05
-0.109999999999999	1.47414126239931e-05
-0.0899999999999994	1.59821358122579e-05
-0.0699999999999994	1.73222120359038e-05
-0.0499999999999994	1.87704031652019e-05
-0.0299999999999994	2.03363958324035e-05
-0.00999999999999938	2.20309176521273e-05
0.0100000000000006	2.38658705785091e-05
0.0300000000000006	2.58544843216603e-05
0.0500000000000006	2.80114933154491e-05
0.0700000000000006	3.03533414235707e-05
0.0900000000000006	3.28984194223389e-05
0.110000000000001	3.56673413461315e-05
0.130000000000001	3.86832670756532e-05
0.150000000000001	4.19722801554015e-05
0.170000000000001	4.55638318294805e-05
0.190000000000001	4.94912647943074e-05
0.210000000000001	5.37924333270428e-05
0.230000000000001	5.85104404499023e-05
0.250000000000001	6.36945178851381e-05
0.270000000000001	6.94010810804025e-05
0.290000000000001	7.56949999927165e-05
0.310000000000001	8.26511372257634e-05
0.330000000000001	9.03562193589683e-05
0.350000000000001	9.8911126043781e-05
0.370000000000001	0.000108433706278921
0.390000000000001	0.000119062264464463
0.410000000000001	0.000130959903564206
0.430000000000001	0.000144319973540745
0.450000000000001	0.00015937295677087
0.470000000000001	0.000176395238065457
0.490000000000001	0.000195720369533402
0.510000000000001	0.000217753671362758
0.530000000000001	0.000242991341435983
0.550000000000001	0.000272045730294862
0.570000000000001	0.000305679153164908
0.590000000000001	0.00034484968542953
0.610000000000001	0.000390774030992258
0.630000000000001	0.000445015112834336
0.650000000000001	0.000509606106642195
0.670000000000001	0.000587229263293586
0.690000000000001	0.000681478919921541
0.710000000000001	0.000797257065987957
0.730000000000001	0.000941383408366015
0.750000000000001	0.00112356345547144
0.770000000000001	0.00135797567452085
0.790000000000001	0.00166597366399177
0.810000000000001	0.00208089438076104
0.830000000000001	0.00265707444596723
0.850000000000001	0.00348786312395024
0.870000000000001	0.0047445369974747
0.890000000000001	0.00676914750439477
0.910000000000001	0.0103270233649282
0.930000000000001	0.0174304409698054
0.950000000000001	0.034874866741796
0.970000000000001	0.0988685429836571
0.990000000000001	0.907817582557098
