# Program settings for SigmaNu
# Electroweak scheme and input parameters
# Scheme = Complex mass scheme
# alpha_GF = 0.00755898078237864
# Pole masses/widths for particles [GeV]
# mw = 80.35797361
# gw = 2.084298894
# mz = 91.15348062
# gz = 2.494266379
# s^2_thetaw (derived) = (0.222868505240788,-0.00110716741475141)
# charged leptons
# m_e = 0.0005109989461
# m_m = 0.10565837
# m_t = 1.77686
# quarks
# m_d = 0.05
# m_u = 0.05
# m_s = 0.2
# m_c = 1.51
# m_b = 4.92
# m_t = 173
# Ecms (default) = 593835

# channel_id = 6
# process  = nu_e nu_mu~ -> nu_e nu_mu~
-0.99	2.08556559948163e-11
-0.97	1.91531435849482e-10
-0.95	5.43001204634026e-10
-0.93	1.08645431447556e-09
-0.91	1.83378447258579e-09
-0.89	2.79763961111712e-09
-0.87	3.99147577458223e-09
-0.85	5.42961539139194e-09
-0.83	7.12731033364069e-09
-0.81	9.10081021113628e-09
-0.79	1.1367436392372e-08
-0.77	1.39456622972939e-08
-0.75	1.68552005650262e-08
-0.73	2.01170977649915e-08
-0.71	2.37538373930141e-08
-0.69	2.77894519760837e-08
-0.67	3.224964520169e-08
-0.65	3.71619250914004e-08
-0.63	4.25557493552475e-08
-0.61	4.84626841953568e-08
-0.59	5.49165779762071e-08
-0.57	6.19537513474258e-08
-0.55	6.96132055959406e-08
-0.53	7.79368512209223e-08
-0.51	8.69697589711156e-08
-0.49	9.67604358643293e-08
-0.47	1.07361129028263e-07
-0.45	1.18828160566589e-07
-0.429999999999999	1.31222297071419e-07
-0.409999999999999	1.44609157881379e-07
-0.389999999999999	1.59059666733323e-07
-0.369999999999999	1.74650552086899e-07
-0.349999999999999	1.914649021285e-07
-0.329999999999999	2.09592781300781e-07
-0.309999999999999	2.29131916175365e-07
-0.289999999999999	2.50188459612429e-07
-0.269999999999999	2.7287784345912e-07
-0.249999999999999	2.97325731561911e-07
-0.229999999999999	3.23669086645465e-07
-0.209999999999999	3.52057366689573e-07
-0.189999999999999	3.82653868873366e-07
-0.169999999999999	4.15637242021201e-07
-0.149999999999999	4.51203191861046e-07
-0.129999999999999	4.89566407395683e-07
-0.109999999999999	5.30962741413774e-07
-0.0899999999999994	5.75651683784038e-07
-0.0699999999999994	6.23919172868413e-07
-0.0499999999999994	6.76080798389668e-07
-0.0299999999999994	7.32485458680982e-07
-0.00999999999999938	7.93519546784035e-07
0.0100000000000006	8.59611753790438e-07
0.0300000000000006	9.31238594692887e-07
0.0500000000000006	1.00893078252384e-06
0.0700000000000006	1.09328060159101e-06
0.0900000000000006	1.18495046128762e-06
0.110000000000001	1.28468284968505e-06
0.130000000000001	1.39331195273219e-06
0.150000000000001	1.51177726274011e-06
0.170000000000001	1.64113957196744e-06
0.190000000000001	1.78259983750779e-06
0.210000000000001	1.93752151751017e-06
0.230000000000001	2.1074571228867e-06
0.250000000000001	2.29417991216482e-06
0.270000000000001	2.49972189216133e-06
0.290000000000001	2.72641959002139e-06
0.310000000000001	2.9769694550053e-06
0.330000000000001	3.25449526145048e-06
0.350000000000001	3.56263055922134e-06
0.370000000000001	3.90562011253911e-06
0.390000000000001	4.28844546348585e-06
0.410000000000001	4.71698136759136e-06
0.430000000000001	5.19819204012782e-06
0.450000000000001	5.74037916088449e-06
0.470000000000001	6.35349776039936e-06
0.490000000000001	7.04956196788555e-06
0.510000000000001	7.84317091551414e-06
0.530000000000001	8.75219704644562e-06
0.550000000000001	9.79869649283427e-06
0.570000000000001	1.10101269507673e-05
0.590000000000001	1.24209971882976e-05
0.610000000000001	1.40751315041668e-05
0.630000000000001	1.60288246596219e-05
0.650000000000001	1.8355309461114e-05
0.670000000000001	2.11511977974264e-05
0.690000000000001	2.45459540919241e-05
0.710000000000001	2.8716143303563e-05
0.730000000000001	3.39074050625672e-05
0.750000000000001	4.04693234794484e-05
0.770000000000001	4.89125957225568e-05
0.790000000000001	6.000636311225e-05
0.810000000000001	7.49514019260993e-05
0.830000000000001	9.57048890307732e-05
0.850000000000001	0.000125629228841453
0.870000000000001	0.00017089376648721
0.890000000000001	0.000243819195546068
0.910000000000001	0.000371972889992169
0.930000000000001	0.000627838554332291
0.950000000000001	0.00125619894266427
0.970000000000001	0.0035613823874709
0.990000000000001	0.0327063505891594
