# Program settings for SigmaNu
# Electroweak scheme and input parameters
# Scheme = Complex mass scheme
# alpha_GF = 0.00755898078237864
# Pole masses/widths for particles [GeV]
# mw = 80.35797361
# gw = 2.084298894
# mz = 91.15348062
# gz = 2.494266379
# s^2_thetaw (derived) = (0.222868505240788,-0.00110716741475141)
# charged leptons
# m_e = 0.0005109989461
# m_m = 0.10565837
# m_t = 1.77686
# quarks
# m_d = 0.05
# m_u = 0.05
# m_s = 0.2
# m_c = 1.51
# m_b = 4.92
# m_t = 173
# Ecms (default) = 351713

# channel_id = 6
# process  = nu_e nu_mu~ -> nu_e nu_mu~
-0.99	5.9453654691841e-11
-0.97	5.46002669123647e-10
-0.95	1.54794488687114e-09
-0.93	3.09717802649463e-09
-0.91	5.22760772613475e-09
-0.89	7.97528970853412e-09
-0.87	1.13785833990092e-08
-0.85	1.54783180413172e-08
-0.83	2.03179724634785e-08
-0.81	2.59438697649647e-08
-0.79	3.24053883297988e-08
-0.77	3.97551907187885e-08
-0.75	4.80494721603431e-08
-0.73	5.73482305453979e-08
-0.71	6.77155600405079e-08
-0.69	7.9219970667187e-08
-0.67	9.19347364584909e-08
-0.65	1.05938275099649e-07
-0.63	1.21314562292777e-07
-0.61	1.38153584461612e-07
-0.59	1.56551833836853e-07
-0.57	1.76612850443081e-07
-0.55	1.98447816052469e-07
-0.53	2.22176205788008e-07
-0.51	2.47926503760723e-07
-0.49	2.75836989924022e-07
-0.47	3.06056606238898e-07
-0.45	3.38745911283444e-07
-0.429999999999999	3.74078133629517e-07
-0.409999999999999	4.12240335672272e-07
-0.389999999999999	4.53434701162825e-07
-0.369999999999999	4.97879961493587e-07
-0.349999999999999	5.45812977859204e-07
-0.329999999999999	5.9749049880967e-07
-0.309999999999999	6.53191115481444e-07
-0.289999999999999	7.13217440002529e-07
-0.269999999999999	7.77898536296971e-07
-0.249999999999999	8.47592636856295e-07
-0.229999999999999	9.22690184112445e-07
-0.209999999999999	1.00361724097347e-06
-0.189999999999999	1.09083932203213e-06
-0.169999999999999	1.18486570512562e-06
-0.149999999999999	1.28625429254958e-06
-0.129999999999999	1.39561710260292e-06
-0.109999999999999	1.51362648561402e-06
-0.0899999999999994	1.64102217460961e-06
-0.0699999999999994	1.77861929986597e-06
-0.0499999999999994	1.92731751938715e-06
-0.0299999999999994	2.08811144469857e-06
-0.00999999999999938	2.26210257423957e-06
0.0100000000000006	2.45051298634346e-06
0.0300000000000006	2.65470109189019e-06
0.0500000000000006	2.87617980518859e-06
0.0700000000000006	3.11663756300355e-06
0.0900000000000006	3.37796270907007e-06
0.110000000000001	3.66227186899436e-06
0.130000000000001	3.97194307333195e-06
0.150000000000001	4.30965455155944e-06
0.170000000000001	4.67843032529877e-06
0.190000000000001	5.08169398681686e-06
0.210000000000001	5.52333237332049e-06
0.230000000000001	6.00777125842075e-06
0.250000000000001	6.54006570525674e-06
0.270000000000001	7.12600839574479e-06
0.290000000000001	7.77226011380348e-06
0.310000000000001	8.48650768028127e-06
0.330000000000001	9.27765609985796e-06
0.350000000000001	1.01560636040995e-05
0.370000000000001	1.11338308250385e-05
0.390000000000001	1.22251587414075e-05
0.410000000000001	1.34467946324843e-05
0.430000000000001	1.48185915210471e-05
0.450000000000001	1.63642151651655e-05
0.470000000000001	1.81120445608823e-05
0.490000000000001	2.00963286152358e-05
0.510000000000001	2.23586853511379e-05
0.530000000000001	2.4950064079479e-05
0.550000000000001	2.79333406299802e-05
0.570000000000001	3.1386789168875e-05
0.590000000000001	3.54087844804381e-05
0.610000000000001	4.01242572988531e-05
0.630000000000001	4.56936881266074e-05
0.650000000000001	5.23258430483858e-05
0.670000000000001	6.02961353035113e-05
0.690000000000001	6.99736314124872e-05
0.710000000000001	8.18616681842238e-05
0.730000000000001	9.66604947331861e-05
0.750000000000001	0.000115366676383894
0.770000000000001	0.000139436065995257
0.790000000000001	0.00017106126712615
0.810000000000001	0.000213665351479142
0.830000000000001	0.00027282767258476
0.850000000000001	0.000358133484835522
0.870000000000001	0.000487169823009783
0.890000000000001	0.000695059438415429
0.910000000000001	0.00106038893426539
0.930000000000001	0.00178978819365161
0.950000000000001	0.00358106041747884
0.970000000000001	0.0101524491108612
0.990000000000001	0.0932350594951246
