# Program settings for SigmaNu
# Electroweak scheme and input parameters
# Scheme = Complex mass scheme
# alpha_GF = 0.00755898078237864
# Pole masses/widths for particles [GeV]
# mw = 80.35797361
# gw = 2.084298894
# mz = 91.15348062
# gz = 2.494266379
# s^2_thetaw (derived) = (0.222868505240788,-0.00110716741475141)
# charged leptons
# m_e = 0.0005109989461
# m_m = 0.10565837
# m_t = 1.77686
# quarks
# m_d = 0.05
# m_u = 0.05
# m_s = 0.2
# m_c = 1.51
# m_b = 4.92
# m_t = 173
# Ecms (default) = 343784

# channel_id = 6
# process  = nu_e nu_mu~ -> nu_e nu_mu~
-0.99	6.22277466485074e-11
-0.97	5.71479010627153e-10
-0.95	1.62017158966747e-09
-0.93	3.24169154140718e-09
-0.91	5.47152653205182e-09
-0.89	8.34741463477754e-09
-0.87	1.19095051154757e-08
-0.85	1.62005322995408e-08
-0.83	2.12660037255168e-08
-0.81	2.71544039163367e-08
-0.79	3.39174152382352e-08
-0.77	4.16101574730319e-08
-0.75	5.02914479034608e-08
-0.73	6.00240839059841e-08
-0.71	7.0875150263792e-08
-0.69	8.29163536576257e-08
-0.67	9.62243870672506e-08
-0.65	1.10881327126015e-07
-0.63	1.26975067819707e-07
-0.61	1.44599794314366e-07
-0.59	1.63856501142167e-07
-0.57	1.84853559477302e-07
-0.55	2.07707338803405e-07
-0.53	2.32542888920404e-07
-0.51	2.59494688973164e-07
-0.49	2.88707471020251e-07
-0.47	3.20337126614153e-07
-0.45	3.54551705952609e-07
-0.429999999999999	3.91532520405531e-07
-0.409999999999999	4.31475360648507e-07
-0.389999999999999	4.74591844271362e-07
-0.369999999999999	5.21110908613577e-07
-0.349999999999999	5.71280466748403e-07
-0.329999999999999	6.25369247042912e-07
-0.309999999999999	6.83668839619639e-07
-0.289999999999999	7.46495976405432e-07
-0.269999999999999	8.14195075356589e-07
-0.249999999999999	8.87141083994085e-07
-0.229999999999999	9.657426626861e-07
-0.209999999999999	1.05044575431832e-06
-0.189999999999999	1.14173759426568e-06
-0.169999999999999	1.24015122312813e-06
-0.149999999999999	1.34627057476764e-06
-0.129999999999999	1.46073622408676e-06
-0.109999999999999	1.58425189309295e-06
-0.0899999999999994	1.71759183054952e-06
-0.0699999999999994	1.86160920048355e-06
-0.0499999999999994	2.01724563868946e-06
-0.0299999999999994	2.18554216498723e-06
-0.00999999999999938	2.36765167342343e-06
0.0100000000000006	2.56485326416176e-06
0.0300000000000006	2.77856873114985e-06
0.0500000000000006	3.0103815808495e-06
0.0700000000000006	3.26205903200539e-06
0.0900000000000006	3.53557753793341e-06
0.110000000000001	3.83315248538607e-06
0.130000000000001	4.15727286314356e-06
0.150000000000001	4.51074186610057e-06
0.170000000000001	4.89672461585667e-06
0.190000000000001	5.31880444850436e-06
0.210000000000001	5.78104955994728e-06
0.230000000000001	6.2880922291052e-06
0.250000000000001	6.84522338688675e-06
0.270000000000001	7.45850600004794e-06
0.290000000000001	8.13491164272409e-06
0.310000000000001	8.88248580055183e-06
0.330000000000001	9.71054898308488e-06
0.350000000000001	1.06299427338836e-05
0.370000000000001	1.16533322968428e-05
0.390000000000001	1.27955812640825e-05
0.410000000000001	1.40742183378557e-05
0.430000000000001	1.55100228769309e-05
0.450000000000001	1.7127764876389e-05
0.470000000000001	1.89571474874646e-05
0.490000000000001	2.10340176605461e-05
0.510000000000001	2.34019353024527e-05
0.530000000000001	2.61142270028248e-05
0.550000000000001	2.92367023575601e-05
0.570000000000001	3.28512877803081e-05
0.590000000000001	3.70609481908078e-05
0.610000000000001	4.19964435502507e-05
0.630000000000001	4.78257423280053e-05
0.650000000000001	5.47673515639319e-05
0.670000000000001	6.31095351849688e-05
0.690000000000001	7.32385802273143e-05
0.710000000000001	8.56813090175156e-05
0.730000000000001	0.000101170644041384
0.750000000000001	0.000120749649994403
0.770000000000001	0.00014594210928016
0.790000000000001	0.000179042931487911
0.810000000000001	0.00022363490747217
0.830000000000001	0.000285557721073367
0.850000000000001	0.000374843870474253
0.870000000000001	0.000509900993399472
0.890000000000001	0.000727490651444902
0.910000000000001	0.00110986625661159
0.930000000000001	0.0018732989183222
0.950000000000001	0.00374815084250804
0.970000000000001	0.0106261553539003
0.990000000000001	0.097585261232171
