# Program settings for SigmaNu
# Electroweak scheme and input parameters
# Scheme = Complex mass scheme
# alpha_GF = 0.00755898078237864
# Pole masses/widths for particles [GeV]
# mw = 80.35797361
# gw = 2.084298894
# mz = 91.15348062
# gz = 2.494266379
# s^2_thetaw (derived) = (0.222868505240788,-0.00110716741475141)
# charged leptons
# m_e = 0.0005109989461
# m_m = 0.10565837
# m_t = 1.77686
# quarks
# m_d = 0.05
# m_u = 0.05
# m_s = 0.2
# m_c = 1.51
# m_b = 4.92
# m_t = 173
# Ecms (default) = 1448640

# channel_id = 6
# process  = nu_e nu_mu~ -> nu_e nu_mu~
-0.99	3.50456813562884e-12
-0.97	3.21847928199756e-11
-0.95	9.12454981698769e-11
-0.93	1.82566934213816e-10
-0.91	3.08147710263286e-10
-0.89	4.70113175004971e-10
-0.87	6.70724471701202e-10
-0.85	9.12388330094297e-10
-0.83	1.19766766292436e-09
-0.81	1.52929304200545e-09
-0.79	1.91017513665281e-09
-0.77	2.34341820601769e-09
-0.75	2.83233474668496e-09
-0.73	3.38046140785687e-09
-0.71	3.99157629873916e-09
-0.69	4.66971782653953e-09
-0.67	5.41920521898719e-09
-0.65	6.2446609027187e-09
-0.63	7.15103492851774e-09
-0.61	8.14363165655508e-09
-0.59	9.22813893980589e-09
-0.57	1.04106600721388e-08
-0.55	1.16977487996518e-08
-0.53	1.30964477302311e-08
-0.51	1.46143305176716e-08
-0.49	1.62595482437817e-08
-0.47	1.80408804755633e-08
-0.45	1.99677915358525e-08
-0.429999999999999	2.20504925959128e-08
-0.409999999999999	2.43000102788108e-08
-0.389999999999999	2.67282625546247e-08
-0.369999999999999	2.93481428146051e-08
-0.349999999999999	3.2173613133615e-08
-0.329999999999999	3.52198078712815e-08
-0.309999999999999	3.85031489255234e-08
-0.289999999999999	4.20414741413479e-08
-0.269999999999999	4.58541805976446e-08
-0.249999999999999	4.99623847506593e-08
-0.229999999999999	5.43891017115091e-08
-0.209999999999999	5.91594462844568e-08
-0.189999999999999	6.43008588022793e-08
-0.169999999999999	6.98433592765301e-08
-0.149999999999999	7.58198339478703e-08
-0.129999999999999	8.22663589920304e-08
-0.109999999999999	8.92225669312454e-08
-0.0899999999999994	9.67320622447451e-08
-0.0699999999999994	1.04842893796504e-07
-0.0499999999999994	1.13608093042707e-07
-0.0299999999999994	1.23086288593222e-07
-0.00999999999999938	1.33342409640377e-07
0.0100000000000006	1.4444849310886e-07
0.0300000000000006	1.56484612215604e-07
0.0500000000000006	1.69539947575286e-07
0.0700000000000006	1.83714026193313e-07
0.0900000000000006	1.99118158841714e-07
0.110000000000001	2.15877112653437e-07
0.130000000000001	2.34131063603969e-07
0.150000000000001	2.54037883270988e-07
0.170000000000001	2.75775826384597e-07
0.190000000000001	2.99546700869038e-07
0.210000000000001	3.2557962120467e-07
0.230000000000001	3.5413547015735e-07
0.250000000000001	3.85512224758061e-07
0.270000000000001	4.20051341908269e-07
0.290000000000001	4.58145449879796e-07
0.310000000000001	5.0024765799055e-07
0.330000000000001	5.46882882949082e-07
0.350000000000001	5.98661703768173e-07
0.370000000000001	6.56297407472165e-07
0.390000000000001	7.2062708869731e-07
0.410000000000001	7.92637937014909e-07
0.430000000000001	8.73500214017541e-07
0.450000000000001	9.64608927863658e-07
0.470000000000001	1.06763691457443e-06
0.490000000000001	1.18460301962677e-06
0.510000000000001	1.31796047053668e-06
0.530000000000001	1.47071253965587e-06
0.550000000000001	1.6465655234534e-06
0.570000000000001	1.85013339337144e-06
0.590000000000001	2.08721497801229e-06
0.610000000000001	2.36517448122373e-06
0.630000000000001	2.69347163468652e-06
0.650000000000001	3.08441242748448e-06
0.670000000000001	3.55423145366026e-06
0.690000000000001	4.12468382483859e-06
0.710000000000001	4.82543939496274e-06
0.730000000000001	5.69777527982236e-06
0.750000000000001	6.8004353575279e-06
0.770000000000001	8.21923684049081e-06
0.790000000000001	1.00834257328576e-05
0.810000000000001	1.25947797100475e-05
0.830000000000001	1.60821815478388e-05
0.850000000000001	2.11106476446101e-05
0.870000000000001	2.87168711642748e-05
0.890000000000001	4.09712146770895e-05
0.910000000000001	6.25060857490498e-05
0.930000000000001	0.000105501614064376
0.950000000000001	0.000211091011383144
0.970000000000001	0.00059845345392997
0.990000000000001	0.00549599247234979
