# Program settings for SigmaNu
# Electroweak scheme and input parameters
# Scheme = Complex mass scheme
# alpha_GF = 0.00755898078237864
# Pole masses/widths for particles [GeV]
# mw = 80.35797361
# gw = 2.084298894
# mz = 91.15348062
# gz = 2.494266379
# s^2_thetaw (derived) = (0.222868505240788,-0.00110716741475141)
# charged leptons
# m_e = 0.0005109989461
# m_m = 0.10565837
# m_t = 1.77686
# quarks
# m_d = 0.05
# m_u = 0.05
# m_s = 0.2
# m_c = 1.51
# m_b = 4.92
# m_t = 173
# Ecms (default) = 305521

# channel_id = 6
# process  = nu_e nu_mu~ -> nu_e nu_mu~
-0.99	7.87903891704123e-11
-0.97	7.23584832457083e-10
-0.95	2.05139920452701e-09
-0.93	4.10450565182693e-09
-0.91	6.92783729696226e-09
-0.89	1.05691766415238e-08
-0.87	1.50793591468257e-08
-0.85	2.0512493377359e-08
-0.83	2.69261992337151e-08
-0.81	3.43818659599074e-08
-0.79	4.29449317864475e-08
-0.77	5.26851872675712e-08
-0.75	6.36771045912979e-08
-0.73	7.60001953875995e-08
-0.71	8.97393998363208e-08
-0.69	1.04985510186614e-07
-0.67	1.21835632148088e-07
-0.65	1.40393688005893e-07
-0.63	1.60770965753552e-07
-0.61	1.83086719035534e-07
-0.59	2.07468823254321e-07
-0.57	2.3405449383333e-07
-0.55	2.62991073348323e-07
-0.53	2.9443689505828e-07
-0.51	3.28562231296689e-07
-0.49	3.65550336242659e-07
-0.47	4.05598593797961e-07
-0.45	4.48919782674036e-07
-0.429999999999999	4.95743472369212e-07
-0.409999999999999	5.4631756552251e-07
-0.389999999999999	6.00910004203808e-07
-0.369999999999999	6.59810660084644e-07
-0.349999999999999	7.23333431181637e-07
-0.329999999999999	7.91818571036681e-07
-0.309999999999999	8.65635279867972e-07
-0.289999999999999	9.45184591480176e-07
-0.269999999999999	1.03090259466443e-06
-0.249999999999999	1.12326403357325e-06
-0.229999999999999	1.22278633827042e-06
-0.209999999999999	1.33003414451015e-06
-0.189999999999999	1.445624371009e-06
-0.169999999999999	1.57023193329825e-06
-0.149999999999999	1.70459618600046e-06
-0.129999999999999	1.84952820044547e-06
-0.109999999999999	2.00591900239855e-06
-0.0899999999999994	2.17474891589027e-06
-0.0699999999999994	2.35709818442215e-06
-0.0499999999999994	2.55415907104347e-06
-0.0299999999999994	2.76724967503217e-06
-0.00999999999999938	2.99782974650624e-06
0.0100000000000006	3.24751883291128e-06
0.0300000000000006	3.51811715506866e-06
0.0500000000000006	3.81162968795875e-06
0.0700000000000006	4.13029401597982e-06
0.0900000000000006	4.47661264828536e-06
0.110000000000001	4.85339062234206e-06
0.130000000000001	5.26377939996242e-06
0.150000000000001	5.71132827863277e-06
0.170000000000001	6.20004481348315e-06
0.190000000000001	6.73446608671177e-06
0.210000000000001	7.31974309131365e-06
0.230000000000001	7.96174104044309e-06
0.250000000000001	8.66715910699372e-06
0.270000000000001	9.4436739858588e-06
0.290000000000001	1.03001128155259e-05
0.310000000000001	1.12466624797649e-05
0.330000000000001	1.22951242483902e-05
0.350000000000001	1.34592252657174e-05
0.370000000000001	1.47550017749536e-05
0.390000000000001	1.62012734828496e-05
0.410000000000001	1.78202345555472e-05
0.430000000000001	1.96381950147169e-05
0.450000000000001	2.16865176712875e-05
0.470000000000001	2.40028115075077e-05
0.490000000000001	2.6632464546127e-05
0.510000000000001	2.96306306564034e-05
0.530000000000001	3.30648299026561e-05
0.550000000000001	3.70183878473813e-05
0.570000000000001	4.15950365419674e-05
0.590000000000001	4.69251461768072e-05
0.610000000000001	5.31742799430324e-05
0.630000000000001	6.05551129968367e-05
0.650000000000001	6.9344310463798e-05
0.670000000000001	7.99068609199431e-05
0.690000000000001	9.2731865975706e-05
0.710000000000001	0.000108486367532972
0.730000000000001	0.000128098363447531
0.750000000000001	0.000152888541480324
0.770000000000001	0.000184786255269017
0.790000000000001	0.000226697229331769
0.810000000000001	0.000283157852602384
0.830000000000001	0.000361562102534585
0.850000000000001	0.000474612731413064
0.870000000000001	0.000645616758634228
0.890000000000001	0.000921120204187095
0.910000000000001	0.00140526902482824
0.930000000000001	0.0023718968866468
0.950000000000001	0.00474575809803508
0.970000000000001	0.0134543978121832
0.990000000000001	0.1235577996173
