# Program settings for SigmaNu
# Electroweak scheme and input parameters
# Scheme = Complex mass scheme
# alpha_GF = 0.00755898078237864
# Pole masses/widths for particles [GeV]
# mw = 80.35797361
# gw = 2.084298894
# mz = 91.15348062
# gz = 2.494266379
# s^2_thetaw (derived) = (0.222868505240788,-0.00110716741475141)
# charged leptons
# m_e = 0.0005109989461
# m_m = 0.10565837
# m_t = 1.77686
# quarks
# m_d = 0.05
# m_u = 0.05
# m_s = 0.2
# m_c = 1.51
# m_b = 4.92
# m_t = 173
# Ecms (default) = 543583

# channel_id = 6
# process  = nu_e nu_mu~ -> nu_e nu_mu~
-0.99	2.48899314296354e-11
-0.97	2.28580884996124e-10
-0.95	6.48038246812748e-10
-0.93	1.29661581432623e-09
-0.91	2.18850798906642e-09
-0.89	3.3388092932244e-09
-0.87	4.76357868094341e-09
-0.85	6.47990908178264e-09
-0.83	8.5060026586575e-09
-0.81	1.08612523125254e-08
-0.79	1.35663300218218e-08
-0.77	1.66432826668947e-08
-0.75	2.01156360592746e-08
-0.73	2.40085079735182e-08
-0.71	2.83487310666645e-08
-0.69	3.31649866683129e-08
-0.67	3.84879505344035e-08
-0.65	4.43504517816156e-08
-0.63	5.07876463588077e-08
-0.61	5.783720656929e-08
-0.59	6.55395283355005e-08
-0.57	7.39379580987598e-08
-0.55	8.30790414746315e-08
-0.53	9.30127960429283e-08
-0.51	1.03793010945183e-07
-0.49	1.15477576296778e-07
-0.47	1.2812884580211e-07
-0.45	1.41814036396471e-07
-0.429999999999999	1.56605669236242e-07
-0.409999999999999	1.72582056929561e-07
-0.389999999999999	1.89827842554604e-07
-0.369999999999999	2.084345967659e-07
-0.349999999999999	2.28501480157085e-07
-0.329999999999999	2.50135979050617e-07
-0.309999999999999	2.73454724044261e-07
-0.289999999999999	2.98584401988122e-07
-0.269999999999999	3.25662773627262e-07
-0.249999999999999	3.54839810962786e-07
-0.229999999999999	3.86278970505525e-07
-0.209999999999999	4.20158621077637e-07
-0.189999999999999	4.56673647726585e-07
-0.169999999999999	4.96037256735396e-07
-0.149999999999999	5.38483010742668e-07
-0.129999999999999	5.84267127746995e-07
-0.109999999999999	6.33671083411531e-07
-0.0899999999999994	6.8700456278703e-07
-0.0699999999999994	7.44608815558874e-07
-0.0499999999999994	8.06860478470693e-07
-0.0299999999999994	8.7417594002465e-07
-0.00999999999999938	9.4701633632955e-07
0.0100000000000006	1.02589328359058e-06
0.0300000000000006	1.11137547286949e-06
0.0500000000000006	1.20409627722326e-06
0.0700000000000006	1.30476255120281e-06
0.0900000000000006	1.41416483929425e-06
0.110000000000001	1.53318925491353e-06
0.130000000000001	1.66283134719929e-06
0.150000000000001	1.80421234189404e-06
0.170000000000001	1.95859822869492e-06
0.190000000000001	2.1274222753251e-06
0.210000000000001	2.3123116844254e-06
0.230000000000001	2.51511928136812e-06
0.250000000000001	2.73796134009421e-06
0.270000000000001	2.98326293455712e-06
0.290000000000001	3.25381256480762e-06
0.310000000000001	3.5528282755844e-06
0.330000000000001	3.88403809756133e-06
0.350000000000001	4.25177844683645e-06
0.370000000000001	4.66111518587211e-06
0.390000000000001	5.11799347573452e-06
0.410000000000001	5.62942447224503e-06
0.430000000000001	6.20371953373645e-06
0.450000000000001	6.85078619933746e-06
0.470000000000001	7.58250517955566e-06
0.490000000000001	8.41321459120562e-06
0.510000000000001	9.3603375914767e-06
0.530000000000001	1.04452038307748e-05
0.550000000000001	1.16941359322649e-05
0.570000000000001	1.31399029498774e-05
0.590000000000001	1.48236889535595e-05
0.610000000000001	1.67977955199128e-05
0.630000000000001	1.91294069470542e-05
0.650000000000001	2.19059220366069e-05
0.670000000000001	2.52426410707017e-05
0.690000000000001	2.92940717876183e-05
0.710000000000001	3.4270933484024e-05
0.730000000000001	4.04663817776523e-05
0.750000000000001	4.82976235525689e-05
0.770000000000001	5.83741440947552e-05
0.790000000000001	7.16138656869098e-05
0.810000000000001	8.94498400359515e-05
0.830000000000001	0.000114217835795277
0.850000000000001	0.000149930673041254
0.870000000000001	0.000203951080374899
0.890000000000001	0.000290983036432316
0.910000000000001	0.000443926479092542
0.930000000000001	0.000749286171736957
0.950000000000001	0.00149919496363479
0.970000000000001	0.00425028636760446
0.990000000000001	0.0390329293413478
