# Program settings for SigmaNu
# Electroweak scheme and input parameters
# Scheme = Complex mass scheme
# alpha_GF = 0.00755898078237864
# Pole masses/widths for particles [GeV]
# mw = 80.35797361
# gw = 2.084298894
# mz = 91.15348062
# gz = 2.494266379
# s^2_thetaw (derived) = (0.222868505240788,-0.00110716741475141)
# charged leptons
# m_e = 0.0005109989461
# m_m = 0.10565837
# m_t = 1.77686
# quarks
# m_d = 0.05
# m_u = 0.05
# m_s = 0.2
# m_c = 1.51
# m_b = 4.92
# m_t = 173
# Ecms (default) = 138896

# channel_id = 6
# process  = nu_e nu_mu~ -> nu_e nu_mu~
-0.99	3.81219935282398e-10
-0.97	3.50099757066423e-09
-0.95	9.9255032143513e-09
-0.93	1.98592666189692e-08
-0.91	3.35196924121172e-08
-0.89	5.11379716648341e-08
-0.87	7.2960066896865e-08
-0.85	9.92477772189541e-08
-0.83	1.30279890999221e-07
-0.81	1.66353434205954e-07
-0.79	2.07785023432827e-07
-0.77	2.54912333565849e-07
-0.75	3.0809569111723e-07
-0.73	3.67719805444465e-07
-0.71	4.34195651410062e-07
-0.69	5.0796251853788e-07
-0.67	5.89490243407897e-07
-0.65	6.79281643927939e-07
-0.63	7.77875176257581e-07
-0.61	8.85847837569765e-07
-0.59	1.00381834055852e-06
-0.57	1.13245058868137e-06
-0.55	1.27245748461484e-06
-0.53	1.42460510836081e-06
-0.51	1.58971730594119e-06
-0.49	1.76868073473957e-06
-0.47	1.96245041738694e-06
-0.45	2.17205586275559e-06
-0.429999999999999	2.39860782025152e-06
-0.409999999999999	2.64330574233474e-06
-0.389999999999999	2.9074460402282e-06
-0.369999999999999	3.192431229314e-06
-0.349999999999999	3.49978007400918e-06
-0.329999999999999	3.83113885726231e-06
-0.309999999999999	4.18829391756805e-06
-0.289999999999999	4.57318561698073e-06
-0.269999999999999	4.98792392752138e-06
-0.249999999999999	5.43480585121403e-06
-0.229999999999999	5.91633492147748e-06
-0.209999999999999	6.43524307160016e-06
-0.189999999999999	6.99451520058318e-06
-0.169999999999999	7.59741681900915e-06
-0.149999999999999	8.24752521931165e-06
-0.129999999999999	8.94876468774376e-06
-0.109999999999999	9.70544636174322e-06
-0.0899999999999994	1.05223134390498e-05
-0.0699999999999994	1.14045925672638e-05
-0.0499999999999994	1.23580523887582e-05
-0.0299999999999994	1.33890703911896e-05
-0.00999999999999938	1.45047094247714e-05
0.0100000000000006	1.5712805502068e-05
0.0300000000000006	1.7022068804461e-05
0.0500000000000006	1.84422001943614e-05
0.0700000000000006	1.99840259897938e-05
0.0900000000000006	2.16596543185592e-05
0.110000000000001	2.34826570588449e-05
0.130000000000001	2.54682822252462e-05
0.150000000000001	2.76337027166709e-05
0.170000000000001	2.99983086611809e-05
0.190000000000001	3.25840522449676e-05
0.210000000000001	3.54158559933356e-05
0.230000000000001	3.85220981059702e-05
0.250000000000001	4.19351918029821e-05
0.270000000000001	4.56922799341155e-05
0.290000000000001	4.9836071639526e-05
0.310000000000001	5.44158550311798e-05
0.330000000000001	5.94887292417664e-05
0.350000000000001	6.51211115241007e-05
0.370000000000001	7.13905914358232e-05
0.390000000000001	7.83882259947044e-05
0.410000000000001	8.62213991390523e-05
0.430000000000001	9.50174088804694e-05
0.450000000000001	0.00010492800053968
0.470000000000001	0.000116135140773698
0.490000000000001	0.000128858434165985
0.510000000000001	0.00014336473612839
0.530000000000001	0.000159980734344391
0.550000000000001	0.000179109589377007
0.570000000000001	0.000201253195937668
0.590000000000001	0.000227042333865851
0.610000000000001	0.000257278059627735
0.630000000000001	0.000292989374522838
0.650000000000001	0.000335514886449748
0.670000000000001	0.000386620543833986
0.690000000000001	0.000448672798080428
0.710000000000001	0.000524899038349702
0.730000000000001	0.000619789249508431
0.750000000000001	0.000739733385032122
0.770000000000001	0.00089406632971898
0.790000000000001	0.00109684697483958
0.810000000000001	0.00137002389564751
0.830000000000001	0.00174937158369368
0.850000000000001	0.00229635000401157
0.870000000000001	0.00312372566091653
0.890000000000001	0.00445670172006733
0.910000000000001	0.00679916427835606
0.930000000000001	0.0114759852590734
0.950000000000001	0.0229612952211102
0.970000000000001	0.0650949257094434
0.990000000000001	0.597741582773994
