# Program settings for SigmaNu
# Electroweak scheme and input parameters
# Scheme = Complex mass scheme
# alpha_GF = 0.00755898078237864
# Pole masses/widths for particles [GeV]
# mw = 80.35797361
# gw = 2.084298894
# mz = 91.15348062
# gz = 2.494266379
# s^2_thetaw (derived) = (0.222868505240788,-0.00110716741475141)
# charged leptons
# m_e = 0.0005109989461
# m_m = 0.10565837
# m_t = 1.77686
# quarks
# m_d = 0.05
# m_u = 0.05
# m_s = 0.2
# m_c = 1.51
# m_b = 4.92
# m_t = 173
# Ecms (default) = 591453

# channel_id = 6
# process  = nu_e nu_mu~ -> nu_e nu_mu~
-0.99	2.10239811411636e-11
-0.97	1.93077278232083e-10
-0.95	5.47383745138615e-10
-0.93	1.09522304278875e-09
-0.91	1.84858487201586e-09
-0.89	2.82021924591233e-09
-0.87	4.02369081217228e-09
-0.85	5.47343759493654e-09
-0.83	7.18483456353112e-09
-0.81	9.17426247769516e-09
-0.79	1.14591825059732e-08
-0.77	1.40582171665221e-08
-0.75	1.69912381983637e-08
-0.73	2.02794620369143e-08
-0.71	2.39455536413649e-08
-0.69	2.80137395042387e-08
-0.67	3.25099307664258e-08
-0.65	3.74618574655994e-08
-0.63	4.28992150637522e-08
-0.61	4.88538245325224e-08
-0.59	5.53598074251386e-08
-0.57	6.24537775336887e-08
-0.55	7.01750509228732e-08
-0.53	7.85658763497664e-08
-0.51	8.76716883272591e-08
-0.49	9.75413853712906e-08
-0.47	1.08227636293963e-07
-0.45	1.19787217772309e-07
-0.429999999999999	1.32281386843087e-07
-0.409999999999999	1.4577629245588e-07
-0.389999999999999	1.60343430770074e-07
-0.369999999999999	1.76060149517529e-07
-0.349999999999999	1.93010207485935e-07
-0.329999999999999	2.11284396024317e-07
-0.309999999999999	2.30981230451392e-07
-0.289999999999999	2.52207720382649e-07
-0.269999999999999	2.75080229310864e-07
-0.249999999999999	2.99725435310177e-07
-0.229999999999999	3.26281406525688e-07
-0.209999999999999	3.54898807206304e-07
-0.189999999999999	3.8574225249587e-07
-0.169999999999999	4.18991833085936e-07
-0.149999999999999	4.54844834237217e-07
-0.129999999999999	4.93517677698453e-07
-0.109999999999999	5.35248119816282e-07
-0.0899999999999994	5.80297744791281e-07
-0.0699999999999994	6.28954798781913e-07
-0.0499999999999994	6.81537418622351e-07
-0.0299999999999994	7.38397318589563e-07
-0.00999999999999938	7.99924010287224e-07
0.0100000000000006	8.66549644754704e-07
0.0300000000000006	9.38754582917132e-07
0.0500000000000006	1.01707382116947e-06
0.0700000000000006	1.10210442412109e-06
0.0900000000000006	1.19451414744345e-06
0.110000000000001	1.29505147179773e-06
0.130000000000001	1.4045573158123e-06
0.150000000000001	1.52397875440086e-06
0.170000000000001	1.65438514143134e-06
0.190000000000001	1.796987126871e-06
0.210000000000001	1.95315917328155e-06
0.230000000000001	2.12446632182456e-06
0.250000000000001	2.31269614292134e-06
0.270000000000001	2.51989704362889e-06
0.290000000000001	2.74842440910292e-06
0.310000000000001	3.00099645153008e-06
0.330000000000001	3.28076215709628e-06
0.350000000000001	3.59138440189051e-06
0.370000000000001	3.93714220944296e-06
0.390000000000001	4.32305732764655e-06
0.410000000000001	4.75505192692847e-06
0.430000000000001	5.24014643044e-06
0.450000000000001	5.78670952046658e-06
0.470000000000001	6.40477657416315e-06
0.490000000000001	7.10645868625371e-06
0.510000000000001	7.90647281786398e-06
0.530000000000001	8.82283565985559e-06
0.550000000000001	9.87778135844997e-06
0.570000000000001	1.10989892195802e-05
0.590000000000001	1.25212465300273e-05
0.610000000000001	1.41887312924844e-05
0.630000000000001	1.61581926206811e-05
0.650000000000001	1.85034543797326e-05
0.670000000000001	2.13219082085733e-05
0.690000000000001	2.47440634319873e-05
0.710000000000001	2.89479100565472e-05
0.730000000000001	3.41810702584705e-05
0.750000000000001	4.07959496251493e-05
0.770000000000001	4.93073671374344e-05
0.790000000000001	6.04906718181283e-05
0.810000000000001	7.55563313512333e-05
0.830000000000001	9.64773188801184e-05
0.850000000000001	0.000126643176614226
0.870000000000001	0.000172273042143229
0.890000000000001	0.000245787048693157
0.910000000000001	0.000374975064944259
0.930000000000001	0.000632905806984227
0.950000000000001	0.00126633765415908
0.970000000000001	0.0035901260693687
0.990000000000001	0.0329703197114154
