# Program settings for SigmaNu
# Electroweak scheme and input parameters
# Scheme = Complex mass scheme
# alpha_GF = 0.00755898078237864
# Pole masses/widths for particles [GeV]
# mw = 80.35797361
# gw = 2.084298894
# mz = 91.15348062
# gz = 2.494266379
# s^2_thetaw (derived) = (0.222868505240788,-0.00110716741475141)
# charged leptons
# m_e = 0.0005109989461
# m_m = 0.10565837
# m_t = 1.77686
# quarks
# m_d = 0.05
# m_u = 0.05
# m_s = 0.2
# m_c = 1.51
# m_b = 4.92
# m_t = 173
# Ecms (default) = 25757.9

# channel_id = 6
# process  = nu_e nu_mu~ -> nu_e nu_mu~
-0.99	1.10846917132601e-08
-0.97	1.0179811072688e-07
-0.95	2.88602662638443e-07
-0.93	5.77445357402405e-07
-0.91	9.74647556563036e-07
-0.89	1.48693147780088e-06
-0.87	2.12144883468229e-06
-0.85	2.88581180642108e-06
-0.83	3.78812655243085e-06
-0.81	4.83702950869639e-06
-0.79	6.04172672781276e-06
-0.77	7.41203655225766e-06
-0.75	8.95843594145232e-06
-0.73	1.06921108078547e-05
-0.71	1.26250107562065e-05
-0.69	1.47699086636801e-05
-0.67	1.71404655876891e-05
-0.65	1.97513015432705e-05
-0.63	2.26180727540673e-05
-0.61	2.57575560510218e-05
-0.59	2.91877411720505e-05
-0.57	3.29279318055288e-05
-0.55	3.69988563218723e-05
-0.53	4.14227892526205e-05
-0.51	4.62236847072487e-05
-0.49	5.14273230668266e-05
-0.47	5.706147246339e-05
-0.45	6.3156066747724e-05
-0.429999999999999	6.974340186998e-05
-0.409999999999999	7.68583528516197e-05
-0.389999999999999	8.45386138188355e-05
-0.369999999999999	9.28249639030283e-05
-0.349999999999999	0.000101761562200431
-0.329999999999999	0.000111396275429199
-0.309999999999999	0.000121781042438508
-0.289999999999999	0.000132972280322662
-0.269999999999999	0.000145031337588402
-0.249999999999999	0.000158025000633096
-0.229999999999999	0.00017202606073603
-0.209999999999999	0.000187113949869868
-0.189999999999999	0.000203375454934712
-0.169999999999999	0.000220905521539853
-0.149999999999999	0.000239808160252533
-0.129999999999999	0.00026019747035313
-0.109999999999999	0.000282198798648008
-0.0899999999999994	0.000305950053875749
-0.0699999999999994	0.000331603200798992
-0.0499999999999994	0.00035932596232514
-0.0299999999999994	0.000389303763096391
-0.00999999999999938	0.000421741954121393
0.0100000000000006	0.000456868365422305
0.0300000000000006	0.000494936242636437
0.0500000000000006	0.000536227634411321
0.0700000000000006	0.00058105731073348
0.0900000000000006	0.000629777308628095
0.110000000000001	0.000682782221715772
0.130000000000001	0.000740515374883803
0.150000000000001	0.000803476056071738
0.170000000000001	0.00087222801550298
0.190000000000001	0.000947409490722374
0.210000000000001	0.00102974507628543
0.230000000000001	0.00112005983352664
0.250000000000001	0.00121929613334073
0.270000000000001	0.00132853384979011
0.290000000000001	0.00144901468328022
0.310000000000001	0.00158217160077914
0.330000000000001	0.00172966465316057
0.350000000000001	0.00189342478834157
0.370000000000001	0.00207570775420632
0.390000000000001	0.00227916082045711
0.410000000000001	0.00250690590455376
0.430000000000001	0.00276264385112985
0.450000000000001	0.00305078621306046
0.470000000000001	0.00337662310064966
0.490000000000001	0.00374653877733405
0.510000000000001	0.00416829109763612
0.530000000000001	0.00465137723331487
0.550000000000001	0.00520751738772712
0.570000000000001	0.00585130188400299
0.590000000000001	0.0066010675767705
0.610000000000001	0.00748010097639546
0.630000000000001	0.00851831445588196
0.650000000000001	0.00975461981496764
0.670000000000001	0.0112403502318692
0.690000000000001	0.0130442931237326
0.710000000000001	0.0152602593069346
0.730000000000001	0.0180187562272584
0.750000000000001	0.0215055110005544
0.770000000000001	0.0259918373563871
0.790000000000001	0.031886333573023
0.810000000000001	0.0398268681910015
0.830000000000001	0.0508530583104443
0.850000000000001	0.0667508219859092
0.870000000000001	0.090796661128299
0.890000000000001	0.129533227617215
0.910000000000001	0.197597172232436
0.930000000000001	0.333463653670809
0.950000000000001	0.66701394910085
0.970000000000001	1.88975613839574
0.990000000000001	17.2971288596324
