# Program settings for SigmaNu
# Electroweak scheme and input parameters
# Scheme = Complex mass scheme
# alpha_GF = 0.00755898078237864
# Pole masses/widths for particles [GeV]
# mw = 80.35797361
# gw = 2.084298894
# mz = 91.15348062
# gz = 2.494266379
# s^2_thetaw (derived) = (0.222868505240788,-0.00110716741475141)
# charged leptons
# m_e = 0.0005109989461
# m_m = 0.10565837
# m_t = 1.77686
# quarks
# m_d = 0.05
# m_u = 0.05
# m_s = 0.2
# m_c = 1.51
# m_b = 4.92
# m_t = 173
# Ecms (default) = 815.473

# channel_id = 6
# process  = nu_e nu_mu~ -> nu_e nu_mu~
-0.99	1.07869041117895e-05
-0.97	9.90384130869602e-05
-0.95	0.000280706725186111
-0.93	0.000561499807434147
-0.91	0.000947480285923091
-0.89	0.0014450902275599
-0.87	0.00206117789181491
-0.85	0.00280302662980314
-0.83	0.00367838612596283
-0.81	0.00469550619754766
-0.79	0.00586317338937355
-0.77	0.00719075062604412
-0.75	0.00868822021154541
-0.73	0.010366230497024
-0.71	0.0122361465721647
-0.69	0.014310105374351
-0.67	0.0166010756532789
-0.65	0.0191229232775358
-0.63	0.021890482424586
-0.61	0.0249196332574616
-0.59	0.0282273867612048
-0.57	0.0318319774908759
-0.55	0.0357529650720045
-0.53	0.0400113453952272
-0.51	0.0446296725612514
-0.49	0.0496321927622276
-0.47	0.0550449914334445
-0.45	0.0608961551777206
-0.429999999999999	0.067215950157142
-0.409999999999999	0.0740370188666402
-0.389999999999999	0.0813945974556865
-0.369999999999999	0.0893267560532879
-0.349999999999999	0.0978746648835557
-0.329999999999999	0.107082889341579
-0.309999999999999	0.116999717640668
-0.289999999999999	0.127677525152297
-0.269999999999999	0.139173180151304
-0.249999999999999	0.151548496365322
-0.229999999999999	0.164870738526154
-0.209999999999999	0.179213188052338
-0.189999999999999	0.194655777080979
-0.169999999999999	0.211285800342818
-0.149999999999999	0.229198715873162
-0.129999999999999	0.24849904731614
-0.109999999999999	0.269301402663605
-0.0899999999999994	0.29173162673707
-0.0699999999999994	0.315928107650259
-0.0499999999999994	0.342043260977696
-0.0299999999999994	0.370245219520371
-0.00999999999999938	0.400719761550276
0.0100000000000006	0.43367251641412
0.0300000000000006	0.469331493610699
0.0500000000000006	0.507949990211159
0.0700000000000006	0.549809942124604
0.0900000000000006	0.595225797675194
0.110000000000001	0.644549007823334
0.130000000000001	0.698173246862369
0.150000000000001	0.756540501486528
0.170000000000001	0.820148195956529
0.190000000000001	0.889557558239041
0.210000000000001	0.965403478484717
0.230000000000001	1.04840616967844
0.250000000000001	1.13938501422166
0.270000000000001	1.2392750741955
0.290000000000001	1.34914686324496
0.310000000000001	1.47023013266482
0.330000000000001	1.60394262451055
0.350000000000001	1.75192500560768
0.370000000000001	1.91608353909077
0.390000000000001	2.09864250353951
0.410000000000001	2.30220897442977
0.430000000000001	2.5298533957351
0.450000000000001	2.78521047280769
0.470000000000001	3.07260642900717
0.490000000000001	3.39722075994958
0.510000000000001	3.7652935448614
0.530000000000001	4.18439351479463
0.550000000000001	4.66376800999469
0.570000000000001	5.21480457380095
0.590000000000001	5.8516466228627
0.610000000000001	6.59202462701499
0.630000000000001	7.45839314080791
0.650000000000001	8.47950884820721
0.670000000000001	9.69265568719944
0.690000000000001	11.1468378114617
0.710000000000001	12.9074512621152
0.730000000000001	15.0632690582009
0.750000000000001	17.7371430430918
0.770000000000001	21.1028590074703
0.790000000000001	25.4125330520925
0.810000000000001	31.0427900645547
0.830000000000001	38.5759725199614
0.850000000000001	48.9502988935415
0.870000000000001	63.7547749256643
0.890000000000001	85.8529079300805
0.910000000000001	120.830770145618
0.930000000000001	180.793773111306
0.950000000000001	296.124805552008
0.970000000000001	562.015648057041
0.990000000000001	1416.14463082577
