# Program settings for SigmaNu
# Electroweak scheme and input parameters
# Scheme = Complex mass scheme
# alpha_GF = 0.00755898078237864
# Pole masses/widths for particles [GeV]
# mw = 80.35797361
# gw = 2.084298894
# mz = 91.15348062
# gz = 2.494266379
# s^2_thetaw (derived) = (0.222868505240788,-0.00110716741475141)
# charged leptons
# m_e = 0.0005109989461
# m_m = 0.10565837
# m_t = 1.77686
# quarks
# m_d = 0.05
# m_u = 0.05
# m_s = 0.2
# m_c = 1.51
# m_b = 4.92
# m_t = 173
# Ecms (default) = 997708

# channel_id = 6
# process  = nu_e nu_mu~ -> nu_e nu_mu~
-0.99	7.3883683731901e-12
-0.97	6.78523276320386e-11
-0.95	1.9236474414596e-10
-0.93	3.84889581301791e-10
-0.91	6.49640328802064e-10
-0.89	9.91097669665537e-10
-0.87	1.41402857049828e-09
-0.85	1.92350692489178e-09
-0.83	2.52493589311582e-09
-0.81	3.22407209610577e-09
-0.79	4.02705183828867e-09
-0.77	4.94041955226872e-09
-0.75	5.97115867905015e-09
-0.73	7.12672522059888e-09
-0.71	8.41508422746004e-09
-0.69	9.84474951322896e-09
-0.67	1.14248269203477e-08
-0.65	1.31650614984587e-08
-0.63	1.5075888997958e-08
-0.61	1.71684921281048e-08
-0.59	1.94548620818159e-08
-0.57	2.19478658889707e-08
-0.55	2.46613202276853e-08
-0.53	2.76100723997576e-08
-0.51	3.08100892636841e-08
-0.49	3.42785550179105e-08
-0.47	3.80339788401279e-08
-0.45	4.20963135176425e-08
-0.429999999999999	4.6487086351647e-08
-0.409999999999999	5.12295437875934e-08
-0.389999999999999	5.63488114182893e-08
-0.369999999999999	6.18720712299434e-08
-0.349999999999999	6.78287582190451e-08
-0.329999999999999	7.42507788054239e-08
-0.309999999999999	8.11727538109744e-08
-0.289999999999999	8.86322891724582e-08
-0.269999999999999	9.66702780202622e-08
-0.249999999999999	1.05331238294588e-07
-0.229999999999999	1.14663690700232e-07
-0.209999999999999	1.24720582537634e-07
-0.189999999999999	1.3555976381142e-07
-0.169999999999999	1.47244523032714e-07
-0.149999999999999	1.59844191327617e-07
-0.129999999999999	1.73434824877585e-07
-0.109999999999999	1.88099977391945e-07
-0.0899999999999994	2.03931576302384e-07
-0.0699999999999994	2.21030918740193e-07
-0.0499999999999994	2.39509806191009e-07
-0.0299999999999994	2.59491840119898e-07
-0.00999999999999938	2.81113904947433e-07
0.0100000000000006	3.04527869691751e-07
0.0300000000000006	3.29902545568441e-07
0.0500000000000006	3.57425944106621e-07
0.0700000000000006	3.87307889207205e-07
0.0900000000000006	4.19783047434127e-07
0.110000000000001	4.55114454195518e-07
0.130000000000001	4.93597629986335e-07
0.150000000000001	5.35565401359489e-07
0.170000000000001	5.81393566847957e-07
0.190000000000001	6.31507580080574e-07
0.210000000000001	6.86390462659826e-07
0.230000000000001	7.46592210427338e-07
0.250000000000001	8.1274102175094e-07
0.270000000000001	8.85556759725972e-07
0.290000000000001	9.65867167477291e-07
0.310000000000001	1.05462749491684e-06
0.330000000000001	1.15294437706383e-06
0.350000000000001	1.26210504312107e-06
0.370000000000001	1.38361325241648e-06
0.390000000000001	1.51923377680484e-06
0.410000000000001	1.67104781988186e-06
0.430000000000001	1.84152253962748e-06
0.450000000000001	2.03359890712308e-06
0.470000000000001	2.25080361310445e-06
0.490000000000001	2.49739280911861e-06
0.510000000000001	2.77853841553985e-06
0.530000000000001	3.10057196310102e-06
0.550000000000001	3.47130710543184e-06
0.570000000000001	3.90047106615376e-06
0.590000000000001	4.40028899728946e-06
0.610000000000001	4.98628619149842e-06
0.630000000000001	5.67840575533789e-06
0.650000000000001	6.50259130522709e-06
0.670000000000001	7.49306878391235e-06
0.690000000000001	8.69570254731928e-06
0.710000000000001	1.01730428941458e-05
0.730000000000001	1.20121106740018e-05
0.750000000000001	1.43367503471919e-05
0.770000000000001	1.73278826592692e-05
0.790000000000001	2.1257985385192e-05
0.810000000000001	2.65524483190254e-05
0.830000000000001	3.39046255350384e-05
0.850000000000001	4.45056904258156e-05
0.870000000000001	6.05412101297979e-05
0.890000000000001	8.63759440212457e-05
0.910000000000001	0.000131775980154983
0.930000000000001	0.000222419587789503
0.950000000000001	0.000445024196505991
0.970000000000001	0.00126166530451313
0.990000000000001	0.01158669042218
