# Program settings for SigmaNu
# Electroweak scheme and input parameters
# Scheme = Complex mass scheme
# alpha_GF = 0.00755898078237864
# Pole masses/widths for particles [GeV]
# mw = 80.35797361
# gw = 2.084298894
# mz = 91.15348062
# gz = 2.494266379
# s^2_thetaw (derived) = (0.222868505240788,-0.00110716741475141)
# charged leptons
# m_e = 0.0005109989461
# m_m = 0.10565837
# m_t = 1.77686
# quarks
# m_d = 0.05
# m_u = 0.05
# m_s = 0.2
# m_c = 1.51
# m_b = 4.92
# m_t = 173
# Ecms (default) = 209278

# channel_id = 6
# process  = nu_e nu_mu~ -> nu_e nu_mu~
-0.99	1.67922209070092e-10
-0.97	1.54214193565313e-09
-0.95	4.37204953936075e-09
-0.93	8.74773762530483e-09
-0.91	1.47649700092904e-08
-0.89	2.25255832516688e-08
-0.87	3.21379205391383e-08
-0.85	4.37173008658551e-08
-0.83	5.73865267677566e-08
-0.81	7.32764342010966e-08
-0.79	9.15264885322163e-08
-0.77	1.12285431025504e-07
-0.75	1.3571198068599e-07
-0.73	1.61975596838584e-07
-0.71	1.9125730841494e-07
-0.69	2.23750616579911e-07
-0.67	2.59662478072153e-07
-0.65	2.99214377468903e-07
-0.63	3.42643497526146e-07
-0.61	3.90203997807118e-07
-0.59	4.42168413011433e-07
-0.57	4.98829183773959e-07
-0.55	5.60500334239743e-07
-0.53	6.27519312465375e-07
-0.51	7.00249011679196e-07
-0.49	7.79079992688622e-07
-0.47	8.64432930294577e-07
-0.45	9.56761309509785e-07
-0.429999999999999	1.05655440073695e-06
-0.409999999999999	1.16434054691218e-06
-0.389999999999999	1.28069080003792e-06
-0.369999999999999	1.40622294961165e-06
-0.349999999999999	1.54160599131268e-06
-0.329999999999999	1.68756509106996e-06
-0.309999999999999	1.84488710745545e-06
-0.289999999999999	2.01442674441439e-06
-0.269999999999999	2.19711341687722e-06
-0.249999999999999	2.39395892406208e-06
-0.229999999999999	2.60606603958789e-06
-0.209999999999999	2.83463814425774e-06
-0.189999999999999	3.08099004699883e-06
-0.169999999999999	3.34656016251502e-06
-0.149999999999999	3.63292424139355e-06
-0.129999999999999	3.94181088052941e-06
-0.109999999999999	4.27511907978882e-06
-0.0899999999999994	4.63493815605265e-06
-0.0699999999999994	5.02357037966697e-06
-0.0499999999999994	5.44355676273808e-06
-0.0299999999999994	5.8977065059403e-06
-0.00999999999999938	6.38913070341313e-06
0.0100000000000006	6.92128101746941e-06
0.0300000000000006	7.49799417067947e-06
0.0500000000000006	8.12354326804637e-06
0.0700000000000006	8.80269716353148e-06
0.0900000000000006	9.54078933212113e-06
0.110000000000001	1.03437980124116e-05
0.130000000000001	1.12184397600276e-05
0.150000000000001	1.21722790180109e-05
0.170000000000001	1.32138568911329e-05
0.190000000000001	1.43528430388383e-05
0.210000000000001	1.56002155180385e-05
0.230000000000001	1.6968474567398e-05
0.250000000000001	1.84718978022531e-05
0.270000000000001	2.0126846181591e-05
0.290000000000001	2.19521325470755e-05
0.310000000000001	2.39694676970968e-05
0.330000000000001	2.62040030896578e-05
0.350000000000001	2.86849947018183e-05
0.370000000000001	3.14466197762217e-05
0.390000000000001	3.45289878101336e-05
0.410000000000001	3.79794001144759e-05
0.430000000000001	4.18539299131444e-05
0.450000000000001	4.62194191813492e-05
0.470000000000001	5.11560220387974e-05
0.490000000000001	5.67604716738447e-05
0.510000000000001	6.31503147191338e-05
0.530000000000001	7.04694532377766e-05
0.550000000000001	7.88954747284842e-05
0.570000000000001	8.86494579729674e-05
0.590000000000001	0.000100009254219461
0.610000000000001	0.000113327719700677
0.630000000000001	0.000129058117879192
0.650000000000001	0.00014779009062095
0.670000000000001	0.000170301518811339
0.690000000000001	0.000197634798719994
0.710000000000001	0.000231211561035263
0.730000000000001	0.000273009597473519
0.750000000000001	0.000325843617849418
0.770000000000001	0.000393825547205541
0.790000000000001	0.000483148193954481
0.810000000000001	0.000603479706701895
0.830000000000001	0.000770578442967783
0.850000000000001	0.00101151702980542
0.870000000000001	0.00137596830652247
0.890000000000001	0.00196313289037943
0.910000000000001	0.00299497023851109
0.930000000000001	0.0050550829593519
0.950000000000001	0.0101143290875464
0.970000000000001	0.028674338958249
0.990000000000001	0.26332230865399
