# Program settings for SigmaNu
# Electroweak scheme and input parameters
# Scheme = Complex mass scheme
# alpha_GF = 0.00755898078237864
# Pole masses/widths for particles [GeV]
# mw = 80.35797361
# gw = 2.084298894
# mz = 91.15348062
# gz = 2.494266379
# s^2_thetaw (derived) = (0.222868505240788,-0.00110716741475141)
# charged leptons
# m_e = 0.0005109989461
# m_m = 0.10565837
# m_t = 1.77686
# quarks
# m_d = 0.05
# m_u = 0.05
# m_s = 0.2
# m_c = 1.51
# m_b = 4.92
# m_t = 173
# Ecms (default) = 3.11779

# channel_id = 6
# process  = nu_e nu_mu~ -> nu_e nu_mu~
-0.99	1.0220391200649e-06
-0.97	9.19856689592265e-06
-0.95	2.55521714410679e-05
-0.93	5.00834256565912e-05
-0.91	8.27929024837133e-05
-0.89	0.000123681174903786
-0.87	0.000172748815938299
-0.85	0.000229996398648877
-0.83	0.00029542449613729
-0.81	0.000369033681545451
-0.79	0.000450824528055422
-0.77	0.000540797608889415
-0.75	0.000638953497309797
-0.73	0.000745292766619093
-0.71	0.000859815990159988
-0.69	0.00098252374131533
-0.67	0.00111341659350813
-0.65	0.00125249512020158
-0.63	0.00139975989489904
-0.61	0.00155521149114404
-0.59	0.00171885048252029
-0.57	0.00189067744265169
-0.55	0.00207069294520233
-0.53	0.00225889756387646
-0.51	0.00245529187241857
-0.49	0.00265987644461329
-0.47	0.00287265185428549
-0.45	0.00309361867530022
-0.429999999999999	0.00332277748156274
-0.409999999999999	0.00356012884701853
-0.389999999999999	0.00380567334565325
-0.369999999999999	0.00405941155149281
-0.349999999999999	0.00432134403860331
-0.329999999999999	0.00459147138109108
-0.309999999999999	0.00486979415310267
-0.289999999999999	0.00515631292882487
-0.269999999999999	0.00545102828248467
-0.249999999999999	0.00575394078834932
-0.229999999999999	0.0060650510207263
-0.209999999999999	0.00638435955396331
-0.189999999999999	0.00671186696244832
-0.169999999999999	0.00704757382060953
-0.149999999999999	0.00739148070291538
-0.129999999999999	0.00774358818387458
-0.109999999999999	0.00810389683803609
-0.0899999999999994	0.00847240723998911
-0.0699999999999994	0.00884911996436312
-0.0499999999999994	0.00923403558582785
-0.0299999999999994	0.00962715467909332
-0.00999999999999938	0.0100284778189098
0.0100000000000006	0.0104380055800678
0.0300000000000006	0.0108557385373982
0.0500000000000006	0.0112816772657721
0.0700000000000006	0.0117158223401008
0.0900000000000006	0.0121581743353361
0.110000000000001	0.0126087338264699
0.130000000000001	0.0130675013885344
0.150000000000001	0.0135344775966023
0.170000000000001	0.0140096630257862
0.190000000000001	0.0144930582512395
0.210000000000001	0.0149846638481555
0.230000000000001	0.015484480391768
0.250000000000001	0.0159925084573511
0.270000000000001	0.0165087486202191
0.290000000000001	0.0170332014557268
0.310000000000001	0.0175658675392692
0.330000000000001	0.0181067474462816
0.350000000000001	0.0186558417522397
0.370000000000001	0.0192131510326596
0.390000000000001	0.0197786758630974
0.410000000000001	0.02035241681915
0.430000000000001	0.0209343744764542
0.450000000000001	0.0215245494106876
0.470000000000001	0.0221229421975677
0.490000000000001	0.0227295534128526
0.510000000000001	0.0233443836323407
0.530000000000001	0.0239674334318708
0.550000000000001	0.024598703387322
0.570000000000001	0.0252381940746137
0.590000000000001	0.0258859060697057
0.610000000000001	0.0265418399485984
0.630000000000001	0.0272059962873322
0.650000000000001	0.0278783756619881
0.670000000000001	0.0285589786486874
0.690000000000001	0.0292478058235919
0.710000000000001	0.0299448577629036
0.730000000000001	0.0306501350428649
0.750000000000001	0.0313636382397588
0.770000000000001	0.0320853679299085
0.790000000000001	0.0328153246896777
0.810000000000001	0.0335535090954704
0.830000000000001	0.034299921723731
0.850000000000001	0.0350545631509445
0.870000000000001	0.035817433953636
0.890000000000001	0.0365885347083713
0.910000000000001	0.0373678659917564
0.930000000000001	0.0381554283804379
0.950000000000001	0.0389512224511027
0.970000000000001	0.0397552487804781
0.990000000000001	0.0405675079453319
