# Program settings for SigmaNu
# Electroweak scheme and input parameters
# Scheme = Complex mass scheme
# alpha_GF = 0.00755898078237864
# Pole masses/widths for particles [GeV]
# mw = 80.35797361
# gw = 2.084298894
# mz = 91.15348062
# gz = 2.494266379
# s^2_thetaw (derived) = (0.222868505240788,-0.00110716741475141)
# charged leptons
# m_e = 0.0005109989461
# m_m = 0.10565837
# m_t = 1.77686
# quarks
# m_d = 0.05
# m_u = 0.05
# m_s = 0.2
# m_c = 1.51
# m_b = 4.92
# m_t = 173
# Ecms (default) = 372559

# channel_id = 6
# process  = nu_e nu_mu~ -> nu_e nu_mu~
-0.99	5.29865064652995e-11
-0.97	4.86610522294341e-10
-0.95	1.37956517906189e-09
-0.93	2.76027847994493e-09
-0.91	4.65896793367835e-09
-0.89	7.10776725539524e-09
-0.87	1.01408632746085e-08
-0.85	1.37946439816131e-08
-0.83	1.81078587390521e-08
-0.81	2.31217917917593e-08
-0.79	2.88804503266405e-08
-0.77	3.54307684668637e-08
-0.75	4.28228287327725e-08
-0.73	5.11101026677694e-08
-0.71	6.03497125132735e-08
-0.69	7.06027160254115e-08
-0.67	8.19344167604277e-08
-0.65	9.44147024194255e-08
-0.63	1.08118414140034e-07
-0.61	1.23125749957612e-07
-0.59	1.39522706037057e-07
-0.57	1.57401559704413e-07
-0.55	1.7686139879251e-07
-0.53	1.98008702365237e-07
-0.51	2.2095797851041e-07
-0.49	2.4583246560305e-07
-0.47	2.72764904252373e-07
-0.45	3.01898388072455e-07
-0.429999999999999	3.33387302476523e-07
-0.409999999999999	3.67398361909472e-07
-0.389999999999999	4.04111757327539e-07
-0.369999999999999	4.43722427337665e-07
-0.349999999999999	4.86441468256894e-07
-0.329999999999999	5.32497700485442e-07
-0.309999999999999	5.82139411055098e-07
-0.289999999999999	6.35636295075573e-07
-0.269999999999999	6.93281622125194e-07
-0.249999999999999	7.55394657502135e-07
-0.229999999999999	8.22323372768222e-07
-0.209999999999999	8.94447485299345e-07
-0.189999999999999	9.72181872749587e-07
-0.169999999999999	1.05598041561564e-06
-0.149999999999999	1.14634032966627e-06
-0.129999999999999	1.2438070601375e-06
-0.109999999999999	1.34897982160284e-06
-0.0899999999999994	1.46251788169696e-06
-0.0699999999999994	1.58514770387415e-06
-0.0499999999999994	1.71767108470745e-06
-0.0299999999999994	1.86097444560376e-06
-0.00999999999999938	2.01603946812682e-06
0.0100000000000006	2.18395529750656e-06
0.0300000000000006	2.36593258177753e-06
0.0500000000000006	2.56331966610126e-06
0.0700000000000006	2.77762132542282e-06
0.0900000000000006	3.01052049652965e-06
0.110000000000001	3.26390356643806e-06
0.130000000000001	3.53988989246814e-06
0.150000000000001	3.84086637635402e-06
0.170000000000001	4.16952809800975e-06
0.190000000000001	4.52892624420746e-06
0.210000000000001	4.92252485662374e-06
0.230000000000001	5.3542682898737e-06
0.250000000000001	5.82866173636478e-06
0.270000000000001	6.35086777190174e-06
0.290000000000001	6.92682264544248e-06
0.310000000000001	7.5633770344652e-06
0.330000000000001	8.26846729086169e-06
0.350000000000001	9.05132491690458e-06
0.370000000000001	9.92273428362917e-06
0.390000000000001	1.0895351641043e-05
0.410000000000001	1.19841025628172e-05
0.430000000000001	1.32066805351792e-05
0.450000000000001	1.45841770448469e-05
0.470000000000001	1.61418841284871e-05
0.490000000000001	1.79103252272928e-05
0.510000000000001	1.99265913141289e-05
0.530000000000001	2.22360896281249e-05
0.550000000000001	2.48948566063457e-05
0.570000000000001	2.79726520505905e-05
0.590000000000001	3.15571499129873e-05
0.610000000000001	3.57596914419729e-05
0.630000000000001	4.07233006882023e-05
0.650000000000001	4.66340349664234e-05
0.670000000000001	5.37373491281162e-05
0.690000000000001	6.23621640679289e-05
0.710000000000001	7.29570655734192e-05
0.730000000000001	8.61461323922931e-05
0.750000000000001	0.000102817527376823
0.770000000000001	0.000124268741441543
0.790000000000001	0.000152453875406511
0.810000000000001	0.000190423652867364
0.830000000000001	0.000243150527670459
0.850000000000001	0.000319177109071378
0.870000000000001	0.000434177386310023
0.890000000000001	0.000619453604026828
0.910000000000001	0.000945044048722629
0.930000000000001	0.00159510230931083
0.950000000000001	0.00319152775502165
0.970000000000001	0.00904811200244214
0.990000000000001	0.0830935368678423
