# Program settings for SigmaNu
# Electroweak scheme and input parameters
# Scheme = Complex mass scheme
# alpha_GF = 0.00755898078237864
# Pole masses/widths for particles [GeV]
# mw = 80.35797361
# gw = 2.084298894
# mz = 91.15348062
# gz = 2.494266379
# s^2_thetaw (derived) = (0.222868505240788,-0.00110716741475141)
# charged leptons
# m_e = 0.0005109989461
# m_m = 0.10565837
# m_t = 1.77686
# quarks
# m_d = 0.05
# m_u = 0.05
# m_s = 0.2
# m_c = 1.51
# m_b = 4.92
# m_t = 173
# Ecms (default) = 640957

# channel_id = 6
# process  = nu_e nu_mu~ -> nu_e nu_mu~
-0.99	1.7901839105992e-11
-0.97	1.64404560058085e-10
-0.95	4.66095154401849e-10
-0.93	9.32578210085668e-10
-0.91	1.57406291131193e-09
-0.89	2.4014058452533e-09
-0.87	3.42615725731926e-09
-0.85	4.66061106961183e-09
-0.83	6.11785900946262e-09
-0.81	7.81184923088044e-09
-0.79	9.75744985182628e-09
-0.77	1.1970517875e-08
-0.75	1.44679740098754e-08
-0.73	1.7267883969747e-08
-0.71	2.03895468803471e-08
-0.69	2.38535915070504e-08
-0.67	2.76820810868542e-08
-0.65	3.18986276403906e-08
-0.63	3.65285167395622e-08
-0.61	4.15988438195839e-08
-0.59	4.7138663252073e-08
-0.57	5.31791515404799e-08
-0.55	5.97537861630241e-08
-0.53	6.68985417742384e-08
-0.51	7.46521056875217e-08
-0.49	8.30561148015912e-08
-0.47	9.21554164078955e-08
-0.45	1.01998355629131e-07
-0.429999999999999	1.12637092597129e-07
-0.409999999999999	1.24127952888749e-07
-0.389999999999999	1.36531815209511e-07
-0.369999999999999	1.49914540856478e-07
-0.349999999999999	1.64347450116196e-07
-0.329999999999999	1.79907851474254e-07
-0.309999999999999	1.96679630346848e-07
-0.289999999999999	2.14753905011353e-07
-0.269999999999999	2.34229758535836e-07
-0.249999999999999	2.55215056814909e-07
-0.229999999999999	2.77827364345003e-07
-0.209999999999999	3.02194971156731e-07
-0.189999999999999	3.28458046414352e-07
-0.169999999999999	3.56769936651782e-07
-0.149999999999999	3.87298629512792e-07
-0.129999999999999	4.20228407287498e-07
-0.109999999999999	4.55761718594527e-07
-0.0899999999999994	4.94121301379005e-07
-0.0699999999999994	5.35552596141248e-07
-0.0499999999999994	5.80326495177662e-07
-0.0299999999999994	6.28742481848846e-07
-0.00999999999999938	6.81132223794624e-07
0.0100000000000006	7.37863695971387e-07
0.0300000000000006	7.99345923869061e-07
0.0500000000000006	8.66034454871439e-07
0.0700000000000006	9.38437687209851e-07
0.0900000000000006	1.01712421228506e-06
0.110000000000001	1.10273135851845e-06
0.130000000000001	1.19597516490765e-06
0.150000000000001	1.29766206212221e-06
0.170000000000001	1.40870260089474e-06
0.190000000000001	1.53012764504759e-06
0.210000000000001	1.66310754420271e-06
0.230000000000001	1.80897492493343e-06
0.250000000000001	1.96925189662983e-06
0.270000000000001	2.14568267008368e-06
0.290000000000001	2.34027284676887e-06
0.310000000000001	2.55533697399496e-06
0.330000000000001	2.79355640149272e-06
0.350000000000001	3.05805005429069e-06
0.370000000000001	3.3524615046209e-06
0.390000000000001	3.68106675168757e-06
0.410000000000001	4.04890850106243e-06
0.430000000000001	4.46196461634191e-06
0.450000000000001	4.92736099865889e-06
0.470000000000001	5.45364273350656e-06
0.490000000000001	6.05112237202063e-06
0.510000000000001	6.73233135070751e-06
0.530000000000001	7.51261081345415e-06
0.550000000000001	8.4108930514354e-06
0.570000000000001	9.45074688874369e-06
0.590000000000001	1.06617935683273e-05
0.610000000000001	1.20816504923151e-05
0.630000000000001	1.37586393165212e-05
0.650000000000001	1.57556207833136e-05
0.670000000000001	1.8155523505904e-05
0.690000000000001	2.1069475682743e-05
0.710000000000001	2.46490351349751e-05
0.730000000000001	2.91050512158795e-05
0.750000000000001	3.47375959624897e-05
0.770000000000001	4.19850358120899e-05
0.790000000000001	5.15075775662565e-05
0.810000000000001	6.43359299582544e-05
0.830000000000001	8.21500723136478e-05
0.850000000000001	0.000107836187331707
0.870000000000001	0.000146689847887986
0.890000000000001	0.000209286752289021
0.910000000000001	0.000319289873838708
0.930000000000001	0.000538916965972772
0.950000000000001	0.00107828194016792
0.970000000000001	0.00305697996033458
0.990000000000001	0.0280741398769815
