# Program settings for SigmaNu
# Electroweak scheme and input parameters
# Scheme = Complex mass scheme
# alpha_GF = 0.00755898078237864
# Pole masses/widths for particles [GeV]
# mw = 80.35797361
# gw = 2.084298894
# mz = 91.15348062
# gz = 2.494266379
# s^2_thetaw (derived) = (0.222868505240788,-0.00110716741475141)
# charged leptons
# m_e = 0.0005109989461
# m_m = 0.10565837
# m_t = 1.77686
# quarks
# m_d = 0.05
# m_u = 0.05
# m_s = 0.2
# m_c = 1.51
# m_b = 4.92
# m_t = 173
# Ecms (default) = 109771

# channel_id = 6
# process  = nu_e nu_mu~ -> nu_e nu_mu~
-0.99	6.10350934541378e-10
-0.97	5.60526071704784e-09
-0.95	1.58911943928755e-08
-0.93	3.17956135613458e-08
-0.91	5.3666593086846e-08
-0.89	8.18742805613316e-08
-0.87	1.16812473342448e-07
-0.85	1.58900323894632e-07
-0.83	2.08584185260198e-07
-0.81	2.6633960971266e-07
-0.79	3.32673515011298e-07
-0.77	4.0812653420228e-07
-0.75	4.93275566618132e-07
-0.73	5.88736549637592e-07
-0.71	6.95167472908721e-07
-0.69	8.13271659140482e-07
-0.67	9.43801338267226e-07
-0.65	1.08756154482716e-06
-0.63	1.24541437181688e-06
-0.61	1.41828361814292e-06
-0.59	1.60715987115098e-06
-0.57	1.81310607064461e-06
-0.55	2.03726360639286e-06
-0.53	2.28085900746524e-06
-0.51	2.54521128893679e-06
-0.49	2.83174002970497e-06
-0.47	3.14197426450809e-06
-0.45	3.47756228390879e-06
-0.429999999999999	3.84028244821635e-06
-0.409999999999999	4.23205513531279e-06
-0.389999999999999	4.65495595840883e-06
-0.369999999999999	5.11123040822788e-06
-0.349999999999999	5.60331009540069e-06
-0.329999999999999	6.13383079342675e-06
-0.309999999999999	6.70565251098717e-06
-0.289999999999999	7.32188185534922e-06
-0.269999999999999	7.98589698688878e-06
-0.249999999999999	8.70137550933282e-06
-0.229999999999999	9.47232569234174e-06
-0.209999999999999	1.03031214838939e-05
-0.189999999999999	1.11985418412728e-05
-0.169999999999999	1.21638149933075e-05
-0.149999999999999	1.32046683453299e-05
-0.129999999999999	1.43273848550647e-05
-0.109999999999999	1.55388668459981e-05
-0.0899999999999994	1.68467083891286e-05
-0.0699999999999994	1.82592775798678e-05
-0.0499999999999994	1.97858102709646e-05
-0.0299999999999994	2.14365171030438e-05
-0.00999999999999938	2.3222706012039e-05
0.0100000000000006	2.51569228004155e-05
0.0300000000000006	2.72531128528268e-05
0.0500000000000006	2.9526807677121e-05
0.0700000000000006	3.19953406841612e-05
0.0900000000000006	3.4678097517449e-05
0.110000000000001	3.75968073477066e-05
0.130000000000001	4.07758829118166e-05
0.150000000000001	4.4242818768629e-05
0.170000000000001	4.80286593552441e-05
0.190000000000001	5.21685510725308e-05
0.210000000000001	5.67023959598786e-05
0.230000000000001	6.16756287369654e-05
0.250000000000001	6.71401443605498e-05
0.270000000000001	7.31554101221878e-05
0.290000000000001	7.97898051761481e-05
0.310000000000001	8.71222418832892e-05
0.330000000000001	9.52441383709206e-05
0.350000000000001	0.000104261831459213
0.370000000000001	0.000114299545284591
0.390000000000001	0.000125503065933981
0.410000000000001	0.000138044319553021
0.430000000000001	0.000152127115517173
0.450000000000001	0.00016799440431721
0.470000000000001	0.000185937521997559
0.490000000000001	0.000206308064398123
0.510000000000001	0.000229533277770736
0.530000000000001	0.000256136202136245
0.550000000000001	0.000286762313507168
0.570000000000001	0.00032221516498342
0.590000000000001	0.00036350465954381
0.610000000000001	0.000411913319284323
0.630000000000001	0.000469088614198565
0.650000000000001	0.00053717370541291
0.670000000000001	0.000618995941074737
0.690000000000001	0.000718344094978802
0.710000000000001	0.00084038533072089
0.730000000000001	0.000992308268087168
0.750000000000001	0.00118434343532675
0.770000000000001	0.00143143628286829
0.790000000000001	0.00175609552800352
0.810000000000001	0.00219346147901693
0.830000000000001	0.002800810068578
0.850000000000001	0.00367654022102077
0.870000000000001	0.00500119355290032
0.890000000000001	0.0071353243053086
0.910000000000001	0.0108856602250372
0.930000000000001	0.0183733265630138
0.950000000000001	0.0367613646908252
0.970000000000001	0.104216475800373
0.990000000000001	0.956913631127884
