# Program settings for SigmaNu
# Electroweak scheme and input parameters
# Scheme = Complex mass scheme
# alpha_GF = 0.00755898078237864
# Pole masses/widths for particles [GeV]
# mw = 80.35797361
# gw = 2.084298894
# mz = 91.15348062
# gz = 2.494266379
# s^2_thetaw (derived) = (0.222868505240788,-0.00110716741475141)
# charged leptons
# m_e = 0.0005109989461
# m_m = 0.10565837
# m_t = 1.77686
# quarks
# m_d = 0.05
# m_u = 0.05
# m_s = 0.2
# m_c = 1.51
# m_b = 4.92
# m_t = 173
# Ecms (default) = 455581

# channel_id = 6
# process  = nu_e nu_mu~ -> nu_e nu_mu~
-0.99	3.54343291476797e-11
-0.97	3.25417140531275e-10
-0.95	9.22573876568744e-10
-0.93	1.84591555178073e-09
-0.91	3.11564989917147e-09
-0.89	4.75326610047179e-09
-0.87	6.78162634233181e-09
-0.85	9.22506482124979e-09
-0.83	1.21094948838638e-08
-0.81	1.54625250603667e-08
-0.79	1.9313584828152e-08
-0.77	2.36940610314098e-08
-0.75	2.86374459814643e-08
-0.73	3.41794983735426e-08
-0.71	4.0358418279956e-08
-0.69	4.72150376191432e-08
-0.67	5.47930276567301e-08
-0.65	6.313912527106e-08
-0.63	7.23033799142496e-08
-0.61	8.23394234238707e-08
-0.59	9.33047650934421e-08
-0.57	1.05261114696228e-07
-0.55	1.18274736481204e-07
-0.53	1.32416837528097e-07
-0.51	1.47763994266634e-07
-0.49	1.64398621441148e-07
-0.47	1.82409488344403e-07
-0.45	2.01892287764156e-07
-0.429999999999999	2.22950263794878e-07
-0.409999999999999	2.45694905479305e-07
-0.389999999999999	2.70246714176959e-07
-0.369999999999999	2.96736053629175e-07
-0.349999999999999	3.25304092925866e-07
-0.329999999999999	3.56103854005916e-07
-0.309999999999999	3.89301376973504e-07
-0.289999999999999	4.25077018425977e-07
-0.269999999999999	4.63626900211585e-07
-0.249999999999999	5.05164528623321e-07
-0.229999999999999	5.49922607055034e-07
-0.209999999999999	5.98155068678282e-07
-0.189999999999999	6.50139359839973e-07
-0.169999999999999	7.06179009748907e-07
-0.149999999999999	7.66606527755982e-07
-0.129999999999999	8.31786676311035e-07
-0.109999999999999	9.02120175710202e-07
-0.0899999999999994	9.78047906289692e-07
-0.0699999999999994	1.06005568509285e-06
-0.0499999999999994	1.14867970762889e-06
-0.0299999999999994	1.24451276163892e-06
-0.00999999999999938	1.3482113393898e-06
0.0100000000000006	1.46050379868111e-06
0.0300000000000006	1.58219975141568e-06
0.0500000000000006	1.71420089343345e-06
0.0700000000000006	1.85751353183782e-06
0.0900000000000006	2.01326311815024e-06
0.110000000000001	2.18271115973292e-06
0.130000000000001	2.3672749611222e-06
0.150000000000001	2.5685507452111e-06
0.170000000000001	2.78834082678233e-06
0.190000000000001	3.02868566446061e-06
0.210000000000001	3.29190181055315e-06
0.230000000000001	3.58062702311637e-06
0.250000000000001	3.8978741163632e-06
0.270000000000001	4.24709552483108e-06
0.290000000000001	4.63226107130749e-06
0.310000000000001	5.05795209595532e-06
0.330000000000001	5.5294759757565e-06
0.350000000000001	6.05300621004068e-06
0.370000000000001	6.63575476777958e-06
0.390000000000001	7.28618542334831e-06
0.410000000000001	8.01427954478029e-06
0.430000000000001	8.83186952147811e-06
0.450000000000001	9.75306013096262e-06
0.470000000000001	1.0794765238027e-05
0.490000000000001	1.1977397171303e-05
0.510000000000001	1.33257602486727e-05
0.530000000000001	1.48702202309639e-05
0.550000000000001	1.66482510784223e-05
0.570000000000001	1.87065041526226e-05
0.590000000000001	2.11036107744268e-05
0.610000000000001	2.3914029599407e-05
0.630000000000001	2.72334069305336e-05
0.650000000000001	3.11861672592524e-05
0.670000000000001	3.59364567574503e-05
0.690000000000001	4.17042389221356e-05
0.710000000000001	4.8789502303165e-05
0.730000000000001	5.760959513494e-05
0.750000000000001	6.87584700516885e-05
0.770000000000001	8.31038149866527e-05
0.790000000000001	0.000101952421219828
0.810000000000001	0.000127344439014608
0.830000000000001	0.000162605162734909
0.850000000000001	0.000213447404321168
0.870000000000001	0.000290353039200776
0.890000000000001	0.000414255238060102
0.910000000000001	0.000631991657759303
0.930000000000001	0.00106671388277159
0.950000000000001	0.00213431357145127
0.970000000000001	0.00605087285741577
0.990000000000001	0.0555686186729283
