# Program settings for SigmaNu
# Electroweak scheme and input parameters
# Scheme = Complex mass scheme
# alpha_GF = 0.00755898078237864
# Pole masses/widths for particles [GeV]
# mw = 80.35797361
# gw = 2.084298894
# mz = 91.15348062
# gz = 2.494266379
# s^2_thetaw (derived) = (0.222868505240788,-0.00110716741475141)
# charged leptons
# m_e = 0.0005109989461
# m_m = 0.10565837
# m_t = 1.77686
# quarks
# m_d = 0.05
# m_u = 0.05
# m_s = 0.2
# m_c = 1.51
# m_b = 4.92
# m_t = 173
# Ecms (default) = 238959

# channel_id = 6
# process  = nu_e nu_mu~ -> nu_e nu_mu~
-0.99	1.28797829892113e-10
-0.97	1.18283660021409e-09
-0.95	3.35340094079936e-09
-0.93	6.70959268554279e-09
-0.91	1.13248635378651e-08
-0.89	1.72773230507981e-08
-0.87	2.46500714182386e-08
-0.85	3.35315593410933e-08
-0.83	4.4015977464086e-08
-0.81	5.62036781375579e-08
-0.79	7.02016325470031e-08
-0.77	8.61239265751733e-08
-0.75	1.04092299121691e-07
-0.73	1.24236727008214e-07
-0.71	1.46696061048962e-07
-0.69	1.71618718373372e-07
-0.67	1.99163436657238e-07
-0.65	2.29500096559498e-07
-0.63	2.6281061938375e-07
-0.61	2.99289947797888e-07
-0.59	3.39147118365213e-07
-0.57	3.82606435681063e-07
-0.55	4.29908759087981e-07
-0.53	4.81312914280266e-07
-0.51	5.37097243628907e-07
-0.49	5.97561310788178e-07
-0.47	6.63027777117738e-07
-0.45	7.33844469706574e-07
-0.429999999999999	8.1038666336172e-07
-0.409999999999999	8.9305960187718e-07
-0.389999999999999	9.82301287287787e-07
-0.369999999999999	1.07858556971073e-06
-0.349999999999999	1.182425574869e-06
-0.329999999999999	1.29437751157675e-06
-0.309999999999999	1.41504490746533e-06
-0.289999999999999	1.54508332818358e-06
-0.269999999999999	1.68520564338494e-06
-0.249999999999999	1.83618791222055e-06
-0.229999999999999	1.99887597203457e-06
-0.209999999999999	2.17419282679721e-06
-0.189999999999999	2.3631469468648e-06
-0.169999999999999	2.56684160935083e-06
-0.149999999999999	2.78648542924379e-06
-0.129999999999999	3.02340425604501e-06
-0.109999999999999	3.27905463989085e-06
-0.0899999999999994	3.555039105807e-06
-0.0699999999999994	3.85312351607438e-06
-0.0499999999999994	4.17525685008887e-06
-0.0299999999999994	4.52359379033432e-06
-0.00999999999999938	4.90052057434954e-06
0.0100000000000006	5.30868465858659e-06
0.0300000000000006	5.7510288442506e-06
0.0500000000000006	6.23083064188293e-06
0.0700000000000006	6.75174780603626e-06
0.0900000000000006	7.31787116078824e-06
0.110000000000001	7.93378606984811e-06
0.130000000000001	8.60464419289834e-06
0.150000000000001	9.33624752710205e-06
0.170000000000001	1.0135147178201e-05
0.190000000000001	1.10087598638204e-05
0.210000000000001	1.1965505854572e-05
0.230000000000001	1.30149729486022e-05
0.250000000000001	1.41681122084867e-05
0.270000000000001	1.54374726407758e-05
0.290000000000001	1.68374838688929e-05
0.310000000000001	1.83847982761334e-05
0.330000000000001	2.0098707263901e-05
0.350000000000001	2.20016504381808e-05
0.370000000000001	2.41198420618667e-05
0.390000000000001	2.64840464929587e-05
0.410000000000001	2.91305442783364e-05
0.430000000000001	3.21023441050213e-05
0.450000000000001	3.54507143942994e-05
0.470000000000001	3.92371341087109e-05
0.490000000000001	4.35357985143363e-05
0.510000000000001	4.84368669878249e-05
0.530000000000001	5.40507137735354e-05
0.550000000000001	6.05135501688199e-05
0.570000000000001	6.79949457048248e-05
0.590000000000001	7.67080149446494e-05
0.610000000000001	8.69234020044977e-05
0.630000000000001	9.8988764327846e-05
0.650000000000001	0.000113356362934391
0.670000000000001	0.0001306228400333
0.690000000000001	0.000151587723766357
0.710000000000001	0.00017734141887669
0.730000000000001	0.000209400911237509
0.750000000000001	0.000249925111441122
0.770000000000001	0.000302067907532968
0.790000000000001	0.000370579246817541
0.810000000000001	0.000462874699310333
0.830000000000001	0.000591041090812497
0.850000000000001	0.00077584341611413
0.870000000000001	0.00105538128724223
0.890000000000001	0.00150574269725883
0.910000000000001	0.00229717315522424
0.930000000000001	0.00387730309978395
0.950000000000001	0.0077578072327358
0.970000000000001	0.0219936010227438
0.990000000000001	0.201974108860154
