# Program settings for SigmaNu
# Electroweak scheme and input parameters
# Scheme = Complex mass scheme
# alpha_GF = 0.00755898078237864
# Pole masses/widths for particles [GeV]
# mw = 80.35797361
# gw = 2.084298894
# mz = 91.15348062
# gz = 2.494266379
# s^2_thetaw (derived) = (0.222868505240788,-0.00110716741475141)
# charged leptons
# m_e = 0.0005109989461
# m_m = 0.10565837
# m_t = 1.77686
# quarks
# m_d = 0.05
# m_u = 0.05
# m_s = 0.2
# m_c = 1.51
# m_b = 4.92
# m_t = 173
# Ecms (default) = 212027

# channel_id = 6
# process  = nu_e nu_mu~ -> nu_e nu_mu~
-0.99	1.6359610469156e-10
-0.97	1.50241242642425e-09
-0.95	4.2594143935037e-09
-0.93	8.52237359623705e-09
-0.91	1.43845867308315e-08
-0.89	2.19452667887177e-08
-0.87	3.13099657604547e-08
-0.85	4.25910317295476e-08
-0.83	5.59081035262476e-08
-0.81	7.13886464398225e-08
-0.79	8.91685328541221e-08
-0.77	1.0939267208037e-07
-0.75	1.32215694118519e-07
-0.73	1.5780269259051e-07
-0.71	1.86330032662617e-07
-0.69	2.17986230417952e-07
-0.67	2.5297291086373e-07
-0.65	2.91505852571795e-07
-0.63	3.33816127867862e-07
-0.61	3.80151348519316e-07
-0.59	4.30777028039844e-07
-0.57	4.85978073051068e-07
-0.55	5.46060417638893e-07
-0.53	6.11352816341485e-07
-0.51	6.82208813336709e-07
-0.49	7.59008907594625e-07
-0.47	8.42162936266115e-07
-0.45	9.32112701439777e-07
-0.429999999999999	1.02933486867201e-06
-0.409999999999999	1.13434416944532e-06
-0.389999999999999	1.24769694401502e-06
-0.369999999999999	1.3699950660554e-06
-0.349999999999999	1.50189029622193e-06
-0.329999999999999	1.64408911833212e-06
-0.309999999999999	1.79735811948819e-06
-0.289999999999999	1.96252998429744e-06
-0.269999999999999	2.14051018360876e-06
-0.249999999999999	2.33228445013151e-06
-0.229999999999999	2.53892714724572e-06
-0.209999999999999	2.76161065362067e-06
-0.189999999999999	3.00161590538029e-06
-0.169999999999999	3.26034426002867e-06
-0.149999999999999	3.53933087283481e-06
-0.129999999999999	3.84025980766945e-06
-0.109999999999999	4.16498114136483e-06
-0.0899999999999994	4.51553036472231e-06
-0.0699999999999994	4.89415043579126e-06
-0.0499999999999994	5.30331690379283e-06
-0.0299999999999994	5.74576659730424e-06
-0.00999999999999938	6.22453046083326e-06
0.0100000000000006	6.74297123316908e-06
0.0300000000000006	7.30482679323898e-06
0.0500000000000006	7.91426016009595e-06
0.0700000000000006	8.57591733001413e-06
0.0900000000000006	9.29499437423892e-06
0.110000000000001	1.00773155168987e-05
0.130000000000001	1.09294242782542e-05
0.150000000000001	1.18586902222797e-05
0.170000000000001	1.28734344134294e-05
0.190000000000001	1.39830773964399e-05
0.210000000000001	1.51983144059256e-05
0.230000000000001	1.65313236430506e-05
0.250000000000001	1.79960148959916e-05
0.270000000000001	1.96083276244488e-05
0.290000000000001	2.13865900041911e-05
0.310000000000001	2.33519535091339e-05
0.330000000000001	2.55289216328548e-05
0.350000000000001	2.79459966453779e-05
0.370000000000001	3.06364752982912e-05
0.390000000000001	3.3639433768215e-05
0.410000000000001	3.70009547664906e-05
0.430000000000001	4.07756669312527e-05
0.450000000000001	4.50286902223083e-05
0.470000000000001	4.98381137902717e-05
0.490000000000001	5.52981787367511e-05
0.510000000000001	6.15234034021206e-05
0.530000000000001	6.86539825766187e-05
0.550000000000001	7.68629286667046e-05
0.570000000000001	8.63656249200153e-05
0.590000000000001	9.74327644534316e-05
0.610000000000001	0.000110408113057325
0.630000000000001	0.00012573325701793
0.650000000000001	0.000143982647587086
0.670000000000001	0.000165914125544838
0.690000000000001	0.000192543232503471
0.710000000000001	0.000225254974507796
0.730000000000001	0.000265976190597984
0.750000000000001	0.000317449076920033
0.770000000000001	0.000383679625530781
0.790000000000001	0.000470701103441184
0.810000000000001	0.000587932585047264
0.830000000000001	0.000750726455933348
0.850000000000001	0.000985457890076868
0.870000000000001	0.00134052004206769
0.890000000000001	0.00191255790142589
0.910000000000001	0.00291781277187049
0.930000000000001	0.00492485245676846
0.950000000000001	0.00985376193042107
0.970000000000001	0.0279356327850645
0.990000000000001	0.256538953395421
