# Program settings for SigmaNu
# Electroweak scheme and input parameters
# Scheme = Complex mass scheme
# alpha_GF = 0.00755898078237864
# Pole masses/widths for particles [GeV]
# mw = 80.35797361
# gw = 2.084298894
# mz = 91.15348062
# gz = 2.494266379
# s^2_thetaw (derived) = (0.222868505240788,-0.00110716741475141)
# charged leptons
# m_e = 0.0005109989461
# m_m = 0.10565837
# m_t = 1.77686
# quarks
# m_d = 0.05
# m_u = 0.05
# m_s = 0.2
# m_c = 1.51
# m_b = 4.92
# m_t = 173
# Ecms (default) = 2884580

# channel_id = 6
# process  = nu_e nu_mu~ -> nu_e nu_mu~
-0.99	8.83873839551218e-13
-0.97	8.1172045472492e-12
-0.95	2.30126810773354e-11
-0.93	4.60445141608183e-11
-0.91	7.77167654748273e-11
-0.89	1.185654611539e-10
-0.87	1.69160875567778e-10
-0.85	2.30110000900486e-10
-0.83	3.02059219657933e-10
-0.81	3.85697199005599e-10
-0.79	4.8175802781712e-10
-0.77	5.91024619524935e-10
-0.75	7.1433240633537e-10
-0.73	8.52573353136839e-10
-0.71	1.0067003225301e-09
-0.69	1.17773182588847e-09
-0.67	1.36675719926473e-09
-0.65	1.57494224735902e-09
-0.63	1.80353540371603e-09
-0.61	2.05387446090823e-09
-0.59	2.32739393077505e-09
-0.57	2.62563310192929e-09
-0.55	2.95024486983361e-09
-0.53	3.30300542392972e-09
-0.51	3.68582488673577e-09
-0.49	4.10075901170113e-09
-0.47	4.55002206014444e-09
-0.45	5.03600099305871e-09
-0.429999999999999	5.56127113124908e-09
-0.409999999999999	6.1286134575302e-09
-0.389999999999999	6.74103375796955e-09
-0.369999999999999	7.40178382591282e-09
-0.349999999999999	8.11438498335079e-09
-0.329999999999999	8.88265420977344e-09
-0.309999999999999	9.71073320982559e-09
-0.289999999999999	1.06031207988032e-08
-0.269999999999999	1.1564709040473e-08
-0.249999999999999	1.26008236362516e-08
-0.229999999999999	1.37172691401087e-08
-0.209999999999999	1.49203796616691e-08
-0.189999999999999	1.62170758232953e-08
-0.169999999999999	1.76149288583637e-08
-0.149999999999999	1.91222328810377e-08
-0.129999999999999	2.07480865269236e-08
-0.109999999999999	2.25024853643107e-08
-0.0899999999999994	2.439642671372e-08
-0.0699999999999994	2.64420287971184e-08
-0.0499999999999994	2.86526664771864e-08
-0.0299999999999994	3.10431262535401e-08
-0.00999999999999938	3.36297836718421e-08
0.0100000000000006	3.64308068920206e-08
0.0300000000000006	3.94663908768452e-08
0.0500000000000006	4.27590275313903e-08
0.0700000000000006	4.63338181847683e-08
0.0900000000000006	5.02188361052629e-08
0.110000000000001	5.44455483390085e-08
0.130000000000001	5.90493081379922e-08
0.150000000000001	6.4069931695054e-08
0.170000000000001	6.95523759607636e-08
0.190000000000001	7.55475381476497e-08
0.210000000000001	8.21132023514273e-08
0.230000000000001	8.93151648268896e-08
0.250000000000001	9.72285772330872e-08
0.270000000000001	1.05939557122708e-07
0.290000000000001	1.15547127786178e-07
0.310000000000001	1.26165566209777e-07
0.330000000000001	1.37927259650181e-07
0.350000000000001	1.50986199929849e-07
0.370000000000001	1.6552228247044e-07
0.390000000000001	1.81746627743283e-07
0.410000000000001	1.99908211095813e-07
0.430000000000001	2.20302179777903e-07
0.450000000000001	2.43280363521331e-07
0.470000000000001	2.69264661973171e-07
0.490000000000001	2.98764240517909e-07
0.510000000000001	3.32397818393031e-07
0.530000000000001	3.70922839566358e-07
0.550000000000001	4.15274055063336e-07
0.570000000000001	4.66615137187213e-07
0.590000000000001	5.26408586592853e-07
0.610000000000001	5.96511701318125e-07
0.630000000000001	6.79310284569361e-07
0.650000000000001	7.77907983397045e-07
0.670000000000001	8.96399263495444e-07
0.690000000000001	1.04027089949081e-06
0.710000000000001	1.21700581335067e-06
0.730000000000001	1.4370143508433e-06
0.750000000000001	1.71511208412318e-06
0.770000000000001	2.07294264915872e-06
0.790000000000001	2.54310269425475e-06
0.810000000000001	3.1764818081555e-06
0.830000000000001	4.05602628016012e-06
0.850000000000001	5.3242367758619e-06
0.870000000000001	7.24257379364442e-06
0.890000000000001	1.03331957347196e-05
0.910000000000001	1.57644248333817e-05
0.930000000000001	2.66081663460169e-05
0.950000000000001	5.32384757802706e-05
0.970000000000001	0.00015093373486155
0.990000000000001	0.00138612505304431
