# Program settings for SigmaNu
# Electroweak scheme and input parameters
# Scheme = Complex mass scheme
# alpha_GF = 0.00755898078237864
# Pole masses/widths for particles [GeV]
# mw = 80.35797361
# gw = 2.084298894
# mz = 91.15348062
# gz = 2.494266379
# s^2_thetaw (derived) = (0.222868505240788,-0.00110716741475141)
# charged leptons
# m_e = 0.0005109989461
# m_m = 0.10565837
# m_t = 1.77686
# quarks
# m_d = 0.05
# m_u = 0.05
# m_s = 0.2
# m_c = 1.51
# m_b = 4.92
# m_t = 173
# Ecms (default) = 113382

# channel_id = 6
# process  = nu_e nu_mu~ -> nu_e nu_mu~
-0.99	5.72093042181903e-10
-0.97	5.25391291663476e-09
-0.95	1.48951058249093e-08
-0.93	2.98026075001403e-08
-0.91	5.03026748658719e-08
-0.89	7.67422540170209e-08
-0.87	1.09490458406629e-07
-0.85	1.48940167293354e-07
-0.83	1.95509755535378e-07
-0.81	2.49644966964839e-07
-0.79	3.11820944857986e-07
-0.77	3.82544434446908e-07
-0.75	4.6235617401817e-07
-0.73	5.51833492934224e-07
-0.71	6.5159313692009e-07
-0.69	7.62294343209577e-07
-0.67	8.84642190675327e-07
-0.65	1.01939125291329e-06
-0.63	1.16734958545876e-06
-0.61	1.32938308192819e-06
-0.59	1.50642023796727e-06
-0.57	1.69945736650807e-06
-0.55	1.90956431307508e-06
-0.53	2.13789072582203e-06
-0.51	2.38567294173378e-06
-0.49	2.65424155811289e-06
-0.47	2.94502976723222e-06
-0.45	3.25958254204006e-06
-0.429999999999999	3.59956677224881e-06
-0.409999999999999	3.96678246325261e-06
-0.389999999999999	4.3631751253738e-06
-0.369999999999999	4.79084949825209e-06
-0.349999999999999	5.25208477514071e-06
-0.329999999999999	5.74935151490726e-06
-0.309999999999999	6.28533045618319e-06
-0.289999999999999	6.86293347899596e-06
-0.269999999999999	7.48532699510401e-06
-0.249999999999999	8.15595809003664e-06
-0.229999999999999	8.87858378859777e-06
-0.209999999999999	9.6573038726217e-06
-0.189999999999999	1.04965977466352e-05
-0.169999999999999	1.14013659256749e-05
-0.149999999999999	1.23769768121283e-05
-0.129999999999999	1.34293195379001e-05
-0.109999999999999	1.45648637778649e-05
-0.0899999999999994	1.57907275946262e-05
-0.0699999999999994	1.71147545581809e-05
-0.0499999999999994	1.85456016035302e-05
-0.0299999999999994	2.00928393523914e-05
-0.00999999999999938	2.17670669416912e-05
0.0100000000000006	2.35800437835877e-05
0.0300000000000006	2.5544841144564e-05
0.0500000000000006	2.76760169937862e-05
0.0700000000000006	2.99898182575498e-05
0.0900000000000006	3.25044154579016e-05
0.110000000000001	3.52401757484866e-05
0.130000000000001	3.82199816393936e-05
0.150000000000001	4.14696042897631e-05
0.170000000000001	4.50181422256935e-05
0.190000000000001	4.88985388203268e-05
0.210000000000001	5.31481949954366e-05
0.230000000000001	5.78096975572415e-05
0.250000000000001	6.29316886127897e-05
0.270000000000001	6.85699079600349e-05
0.290000000000001	7.47884486525341e-05
0.310000000000001	8.16612767155772e-05
0.330000000000001	8.92740800637126e-05
0.350000000000001	9.77265301821901e-05
0.370000000000001	0.000107135064673739
0.390000000000001	0.000117636331562758
0.410000000000001	0.000129391480442848
0.430000000000001	0.000142591545660057
0.450000000000001	0.000157464249266852
0.470000000000001	0.000174282666010147
0.490000000000001	0.000193376353284603
0.510000000000001	0.000215145777051522
0.530000000000001	0.000240081192593176
0.550000000000001	0.000268787616779463
0.570000000000001	0.000302018235152743
0.590000000000001	0.000340719648946703
0.610000000000001	0.000386093990525819
0.630000000000001	0.0004396854649438
0.650000000000001	0.000503502898125263
0.670000000000001	0.00058019641774888
0.690000000000001	0.00067331731445855
0.710000000000001	0.000787708870596353
0.730000000000001	0.000930109119094434
0.750000000000001	0.00111010733377243
0.770000000000001	0.00134171217874801
0.790000000000001	0.00164602151967528
0.810000000000001	0.0020559730677261
0.830000000000001	0.00262525270689492
0.850000000000001	0.00344609175192019
0.870000000000001	0.00468771558921609
0.890000000000001	0.00668807929830054
0.910000000000001	0.0102033462127661
0.930000000000001	0.0172216945062023
0.950000000000001	0.0344572125032153
0.970000000000001	0.0976845544410675
0.990000000000001	0.896947994076567
