# Program settings for SigmaNu
# Electroweak scheme and input parameters
# Scheme = Complex mass scheme
# alpha_GF = 0.00755898078237864
# Pole masses/widths for particles [GeV]
# mw = 80.35797361
# gw = 2.084298894
# mz = 91.15348062
# gz = 2.494266379
# s^2_thetaw (derived) = (0.222868505240788,-0.00110716741475141)
# charged leptons
# m_e = 0.0005109989461
# m_m = 0.10565837
# m_t = 1.77686
# quarks
# m_d = 0.05
# m_u = 0.05
# m_s = 0.2
# m_c = 1.51
# m_b = 4.92
# m_t = 173
# Ecms (default) = 1587170

# channel_id = 6
# process  = nu_e nu_mu~ -> nu_e nu_mu~
-0.99	2.91950055439051e-12
-0.97	2.68117259661352e-11
-0.95	7.60125847723181e-11
-0.93	1.52088430027622e-10
-0.91	2.56704214665372e-10
-0.89	3.91630472581323e-10
-0.87	5.5875086212028e-10
-0.85	7.60070323278098e-10
-0.83	9.97723905191527e-10
-0.81	1.27398632634923e-09
-0.79	1.5912823364948e-09
-0.77	1.95219795649361e-09
-0.75	2.35949268059791e-09
-0.73	2.81611273468181e-09
-0.71	3.32520549425847e-09
-0.69	3.89013517758257e-09
-0.67	4.5144999420529e-09
-0.65	5.20215052665479e-09
-0.63	5.95721059954608e-09
-0.61	6.78409898834912e-09
-0.59	7.68755399156382e-09
-0.57	8.67265999310619e-09
-0.55	9.74487662870245e-09
-0.53	1.09100707831918e-08
-0.51	1.217455173225e-08
-0.49	1.35451097812673e-08
-0.47	1.50290587988249e-08
-0.45	1.66342830932746e-08
-0.429999999999999	1.83692891393292e-08
-0.409999999999999	2.02432627284975e-08
-0.389999999999999	2.22661321940234e-08
-0.369999999999999	2.44486384493464e-08
-0.349999999999999	2.68024126809119e-08
-0.329999999999999	2.93400626537046e-08
-0.309999999999999	3.20752687238596e-08
-0.289999999999999	3.50228908103468e-08
-0.269999999999999	3.8199087760855e-08
-0.249999999999999	4.16214507602311e-08
-0.229999999999999	4.53091526786412e-08
-0.209999999999999	4.92831155476568e-08
-0.189999999999999	5.35661986937032e-08
-0.169999999999999	5.81834104593917e-08
-0.149999999999999	6.3162146915915e-08
-0.129999999999999	6.85324615281543e-08
-0.109999999999999	7.43273703958248e-08
-0.0899999999999994	8.05831984801765e-08
-0.0699999999999994	8.73399731626395e-08
-0.0499999999999994	9.46418726016373e-08
-0.0299999999999994	1.02537737696544e-07
-0.00999999999999938	1.11081658083059e-07
0.0100000000000006	1.2033364453406e-07
0.0300000000000006	1.30360402501732e-07
0.0500000000000006	1.41236224408147e-07
0.0700000000000006	1.53044021795477e-07
0.0900000000000006	1.6587652274021e-07
0.110000000000001	1.79837665217427e-07
0.130000000000001	1.95044223626806e-07
0.150000000000001	2.11627713790859e-07
0.170000000000001	2.29736631834063e-07
0.190000000000001	2.49539095004285e-07
0.210000000000001	2.71225968432499e-07
0.230000000000001	2.95014582002032e-07
0.250000000000001	3.21153167186425e-07
0.270000000000001	3.49926176614603e-07
0.290000000000001	3.81660691518944e-07
0.310000000000001	4.16734177214042e-07
0.330000000000001	4.55583918572993e-07
0.350000000000001	4.9871856194263e-07
0.370000000000001	5.46732315167778e-07
0.390000000000001	6.00322524734366e-07
0.410000000000001	6.60311574574757e-07
0.430000000000001	7.27674357818624e-07
0.450000000000001	8.03572994011424e-07
0.470000000000001	8.89401048793308e-07
0.490000000000001	9.86840332966428e-07
0.510000000000001	1.09793452178267e-06
0.530000000000001	1.22518550850017e-06
0.550000000000001	1.37168084465202e-06
0.570000000000001	1.54126422561647e-06
0.590000000000001	1.73876639882919e-06
0.610000000000001	1.97032215655933e-06
0.630000000000001	2.24381198256708e-06
0.650000000000001	2.56948745168427e-06
0.670000000000001	2.96087288566363e-06
0.690000000000001	3.436091505137e-06
0.710000000000001	4.0198599522926e-06
0.730000000000001	4.74656436549562e-06
0.750000000000001	5.66514166985397e-06
0.770000000000001	6.84708238726815e-06
0.790000000000001	8.40005564436817e-06
0.810000000000001	1.0492153493869e-05
0.830000000000001	1.33973536240438e-05
0.850000000000001	1.75863461976609e-05
0.870000000000001	2.39227544261066e-05
0.890000000000001	3.41313057845624e-05
0.910000000000001	5.20710541365815e-05
0.930000000000001	8.78887269570726e-05
0.950000000000001	0.000175850584916398
0.970000000000001	0.000498545120131977
0.990000000000001	0.00457846920649258
