# Program settings for SigmaNu
# Electroweak scheme and input parameters
# Scheme = Complex mass scheme
# alpha_GF = 0.00755898078237864
# Pole masses/widths for particles [GeV]
# mw = 80.35797361
# gw = 2.084298894
# mz = 91.15348062
# gz = 2.494266379
# s^2_thetaw (derived) = (0.222868505240788,-0.00110716741475141)
# charged leptons
# m_e = 0.0005109989461
# m_m = 0.10565837
# m_t = 1.77686
# quarks
# m_d = 0.05
# m_u = 0.05
# m_s = 0.2
# m_c = 1.51
# m_b = 4.92
# m_t = 173
# Ecms (default) = 17.5225

# channel_id = 6
# process  = nu_e nu_mu~ -> nu_e nu_mu~
-0.99	3.01047645431033e-05
-0.97	0.000271135989404562
-0.95	0.000753692512215166
-0.93	0.00147829094243218
-0.91	0.00244544899491128
-0.89	0.00365568549253507
-0.87	0.00510952036884866
-0.85	0.00680747467070225
-0.83	0.00875007056090082
-0.81	0.0109378313208609
-0.79	0.0133712813532746
-0.77	0.0160509461847805
-0.75	0.0189773524686417
-0.73	0.0221510279874316
-0.71	0.0255725016557263
-0.69	0.0292423035228042
-0.67	0.0331609647753535
-0.65	0.0373290177401859
-0.63	0.041746995886959
-0.61	0.0464154338309045
-0.59	0.0513348673355649
-0.57	0.0565058333155369
-0.55	0.0619288698392226
-0.53	0.0676045161315877
-0.51	0.0735333125769273
-0.49	0.0797158007216396
-0.47	0.0861525232770059
-0.45	0.0928440241219794
-0.429999999999999	0.0997908483059808
-0.409999999999999	0.106993542051701
-0.389999999999999	0.114452652757914
-0.369999999999999	0.122168729002292
-0.349999999999999	0.130142320544234
-0.329999999999999	0.138373978327699
-0.309999999999999	0.146864254484045
-0.289999999999999	0.155613702334883
-0.269999999999999	0.164622876394928
-0.249999999999999	0.173892332374867
-0.229999999999999	0.183422627184229
-0.209999999999999	0.193214318934269
-0.189999999999999	0.203267966940848
-0.169999999999999	0.213584131727338
-0.149999999999999	0.224163375027517
-0.129999999999999	0.235006259788484
-0.109999999999999	0.246113350173579
-0.0899999999999994	0.25748521156531
-0.0699999999999994	0.269122410568282
-0.0499999999999994	0.281025515012149
-0.0299999999999994	0.29319509395456
-0.00999999999999938	0.305631717684115
0.0100000000000006	0.318335957723339
0.0300000000000006	0.33130838683165
0.0500000000000006	0.344549579008348
0.0700000000000006	0.358060109495602
0.0900000000000006	0.371840554781449
0.110000000000001	0.385891492602806
0.130000000000001	0.400213501948481
0.150000000000001	0.414807163062197
0.170000000000001	0.429673057445628
0.190000000000001	0.444811767861436
0.210000000000001	0.460223878336319
0.230000000000001	0.475909974164069
0.250000000000001	0.49187064190864
0.270000000000001	0.508106469407215
0.290000000000001	0.524618045773295
0.310000000000001	0.541405961399785
0.330000000000001	0.558470807962092
0.350000000000001	0.575813178421237
0.370000000000001	0.593433667026966
0.390000000000001	0.611332869320876
0.410000000000001	0.629511382139549
0.430000000000001	0.647969803617689
0.450000000000001	0.666708733191279
0.470000000000001	0.685728771600732
0.490000000000001	0.705030520894062
0.510000000000001	0.724614584430061
0.530000000000001	0.744481566881482
0.550000000000001	0.76463207423823
0.570000000000001	0.785066713810566
0.590000000000001	0.805786094232319
0.610000000000001	0.826790825464104
0.630000000000001	0.848081518796552
0.650000000000001	0.869658786853543
0.670000000000001	0.891523243595456
0.690000000000001	0.913675504322425
0.710000000000001	0.936116185677598
0.730000000000001	0.958845905650414
0.750000000000001	0.981865283579884
0.770000000000001	1.00517494015788
0.790000000000001	1.02877549743245
0.810000000000001	1.05266757881108
0.830000000000001	1.07685180906408
0.850000000000001	1.10132881432787
0.870000000000001	1.12609922210831
0.890000000000001	1.15116366128407
0.910000000000001	1.17652276210997
0.930000000000001	1.20217715622035
0.950000000000001	1.22812747663244
0.970000000000001	1.25437435774975
0.990000000000001	1.28091843536544
