# Program settings for SigmaNu
# Electroweak scheme and input parameters
# Scheme = Complex mass scheme
# alpha_GF = 0.00755898078237864
# Pole masses/widths for particles [GeV]
# mw = 80.35797361
# gw = 2.084298894
# mz = 91.15348062
# gz = 2.494266379
# s^2_thetaw (derived) = (0.222868505240788,-0.00110716741475141)
# charged leptons
# m_e = 0.0005109989461
# m_m = 0.10565837
# m_t = 1.77686
# quarks
# m_d = 0.05
# m_u = 0.05
# m_s = 0.2
# m_c = 1.51
# m_b = 4.92
# m_t = 173
# Ecms (default) = 324975

# channel_id = 6
# process  = nu_e nu_mu~ -> nu_e nu_mu~
-0.99	6.96394742141196e-11
-0.97	6.3954586114898e-10
-0.95	1.81314451637548e-09
-0.93	3.62779799283072e-09
-0.91	6.12322076716589e-09
-0.89	9.34164576099793e-09
-0.87	1.33280042772722e-08
-0.85	1.81301205757056e-08
-0.83	2.37989224367438e-08
-0.81	3.03886692032686e-08
-0.79	3.795719894523e-08
-0.77	4.65661965665299e-08
-0.75	5.62814848681909e-08
-0.73	6.71733407997923e-08
-0.71	7.93168393754274e-08
-0.69	9.2792228004536e-08
-0.67	1.07685334295939e-07
-0.65	1.24088010739882e-07
-0.63	1.42098620063215e-07
-0.61	1.61822565493145e-07
-0.59	1.83372870662394e-07
-0.57	2.06870814451287e-07
-0.55	2.32446626699756e-07
-0.53	2.60240251445602e-07
-0.51	2.90402185167264e-07
-0.49	3.23094398444907e-07
-0.47	3.58491350520179e-07
-0.45	3.96781107452883e-07
-0.429999999999999	4.38166575965935e-07
-0.409999999999999	4.82866866666386e-07
-0.389999999999999	5.31118802162821e-07
-0.369999999999999	5.83178587707058e-07
-0.349999999999999	6.39323664416594e-07
-0.329999999999999	6.99854767938067e-07
-0.309999999999999	7.65098218655601e-07
-0.289999999999999	8.35408473308103e-07
-0.269999999999999	9.11170972247927e-07
-0.249999999999999	9.92805321659369e-07
-0.229999999999999	1.08076885599055e-06
-0.209999999999999	1.17556063279433e-06
-0.189999999999999	1.27772592031333e-06
-0.169999999999999	1.38786124771151e-06
-0.149999999999999	1.50662009912884e-06
-0.129999999999999	1.6347193460572e-06
-0.109999999999999	1.77294652831846e-06
-0.0899999999999994	1.92216811267918e-06
-0.0699999999999994	2.08333888048334e-06
-0.0499999999999994	2.25751262239669e-06
-0.0299999999999994	2.4458543503845e-06
-0.00999999999999938	2.64965427557546e-06
0.0100000000000006	2.87034384717178e-06
0.0300000000000006	3.10951420390237e-06
0.0500000000000006	3.36893745800521e-06
0.0700000000000006	3.65059131530875e-06
0.0900000000000006	3.9566876373875e-06
0.110000000000001	4.2897056777515e-06
0.130000000000001	4.65243087968737e-06
0.150000000000001	5.04800031655028e-06
0.170000000000001	5.47995609618022e-06
0.190000000000001	5.95230835292351e-06
0.210000000000001	6.46960983083184e-06
0.230000000000001	7.03704454285411e-06
0.250000000000001	7.66053360357394e-06
0.270000000000001	8.34686211780489e-06
0.290000000000001	9.10383201865728e-06
0.310000000000001	9.94044706042807e-06
0.330000000000001	1.08671378847779e-05
0.350000000000001	1.18960373321776e-05
0.370000000000001	1.30413191577081e-05
0.390000000000001	1.43196173018787e-05
0.410000000000001	1.57505482468213e-05
0.430000000000001	1.73573663049348e-05
0.450000000000001	1.91677917349309e-05
0.470000000000001	2.12150655217108e-05
0.490000000000001	2.35393042145433e-05
0.510000000000001	2.61892559808062e-05
0.530000000000001	2.9224598944039e-05
0.550000000000001	3.27189810384687e-05
0.570000000000001	3.67640866301098e-05
0.590000000000001	4.1475144408813e-05
0.610000000000001	4.69984886689461e-05
0.630000000000001	5.35220939783265e-05
0.650000000000001	6.12904929333285e-05
0.670000000000001	7.0626283495391e-05
0.690000000000001	8.19617618938667e-05
0.710000000000001	9.58864982680386e-05
0.730000000000001	0.000113220710711512
0.750000000000001	0.000135131699361949
0.770000000000001	0.000163324738470477
0.790000000000001	0.000200368075389052
0.810000000000001	0.000250271233135644
0.830000000000001	0.000319569437124412
0.850000000000001	0.000419490116043376
0.870000000000001	0.000570633366028085
0.890000000000001	0.000814139264513937
0.910000000000001	0.00124205807309112
0.930000000000001	0.00209641998173195
0.950000000000001	0.00419457713875892
0.970000000000001	0.0118917861868069
0.990000000000001	0.109207933792051
