# Program settings for SigmaNu
# Electroweak scheme and input parameters
# Scheme = Complex mass scheme
# alpha_GF = 0.00755898078237864
# Pole masses/widths for particles [GeV]
# mw = 80.35797361
# gw = 2.084298894
# mz = 91.15348062
# gz = 2.494266379
# s^2_thetaw (derived) = (0.222868505240788,-0.00110716741475141)
# charged leptons
# m_e = 0.0005109989461
# m_m = 0.10565837
# m_t = 1.77686
# quarks
# m_d = 0.05
# m_u = 0.05
# m_s = 0.2
# m_c = 1.51
# m_b = 4.92
# m_t = 173
# Ecms (default) = 337295

# channel_id = 6
# process  = nu_e nu_mu~ -> nu_e nu_mu~
-0.99	6.46450962772942e-11
-0.97	5.93679148773625e-10
-0.95	1.68311009202371e-09
-0.93	3.36762092549309e-09
-0.91	5.68407789799694e-09
-0.89	8.67168508644529e-09
-0.87	1.23721514275998e-08
-0.85	1.68298713390306e-08
-0.83	2.20921201819301e-08
-0.81	2.82092659482139e-08
-0.79	3.52349986990963e-08
-0.77	4.32265794439898e-08
-0.75	5.22451103293189e-08
-0.73	6.235582820916e-08
-0.71	7.3628423896369e-08
-0.69	8.61373896473023e-08
-0.67	9.9962397719122e-08
-0.65	1.15188713160308e-07
-0.63	1.31907644357326e-07
-0.61	1.50217035269136e-07
-0.59	1.70221803742938e-07
-0.57	1.92034530826909e-07
-0.55	2.15776106587411e-07
-0.53	2.41576438609631e-07
-0.51	2.69575230123591e-07
-0.49	2.99922835565915e-07
-0.47	3.32781202377792e-07
-0.45	3.68324908970134e-07
-0.429999999999999	4.06742310080141e-07
-0.409999999999999	4.4823680222538e-07
-0.389999999999999	4.93028223662631e-07
-0.369999999999999	5.41354405215171e-07
-0.349999999999999	5.93472890586568e-07
-0.329999999999999	6.49662847381747e-07
-0.309999999999999	7.102271930671e-07
-0.289999999999999	7.75494963591927e-07
-0.269999999999999	8.45823956448569e-07
-0.249999999999999	9.21603684669849e-07
-0.229999999999999	1.00325868377192e-06
-0.209999999999999	1.09125222009483e-06
-0.189999999999999	1.18609045654874e-06
-0.169999999999999	1.28832714065507e-06
-0.149999999999999	1.39856889023735e-06
-0.129999999999999	1.51748116448259e-06
-0.109999999999999	1.64579502274524e-06
-0.0899999999999994	1.78431479087396e-06
-0.0699999999999994	1.93392677558606e-06
-0.0499999999999994	2.09560919221057e-06
-0.0299999999999994	2.27044350085261e-06
-0.00999999999999938	2.45962738179862e-06
0.0100000000000006	2.66448962415477e-06
0.0300000000000006	2.88650725400652e-06
0.0500000000000006	3.12732529196551e-06
0.0700000000000006	3.38877960755841e-06
0.0900000000000006	3.67292343297402e-06
0.110000000000001	3.98205821563409e-06
0.130000000000001	4.31876963354745e-06
0.150000000000001	4.68596977673486e-06
0.170000000000001	5.08694672161058e-06
0.190000000000001	5.52542300536963e-06
0.210000000000001	6.0056248602617e-06
0.230000000000001	6.53236451436221e-06
0.250000000000001	7.11113843424449e-06
0.270000000000001	7.74824511343535e-06
0.290000000000001	8.45092694930994e-06
0.310000000000001	9.22754196874501e-06
0.330000000000001	1.0087772753102e-05
0.350000000000001	1.10428820050133e-05
0.370000000000001	1.21060269723177e-05
0.390000000000001	1.32926486498086e-05
0.410000000000001	1.46209566733311e-05
0.430000000000001	1.61125376127428e-05
0.450000000000001	1.77931236975268e-05
0.470000000000001	1.96935719504699e-05
0.490000000000001	2.18511218602115e-05
0.510000000000001	2.43110254951802e-05
0.530000000000001	2.71286810105729e-05
0.550000000000001	3.03724544921116e-05
0.570000000000001	3.41274549292683e-05
0.590000000000001	3.85006470951334e-05
0.610000000000001	4.36278705511005e-05
0.630000000000001	4.96836187959737e-05
0.650000000000001	5.68948871575243e-05
0.670000000000001	6.55611376776003e-05
0.690000000000001	7.60836633840976e-05
0.710000000000001	8.90097519302162e-05
0.730000000000001	0.00010510079744201
0.750000000000001	0.00012544038425797
0.770000000000001	0.000151611488719088
0.790000000000001	0.000185998170086831
0.810000000000001	0.000232322398789592
0.830000000000001	0.000296650710990464
0.850000000000001	0.000389405333940498
0.870000000000001	0.000529708980262609
0.890000000000001	0.00075575127373369
0.910000000000001	0.00115298088976283
0.930000000000001	0.00194607031781334
0.950000000000001	0.00389375372751251
0.970000000000001	0.0110389436632476
0.990000000000001	0.101376027425787
