# Program settings for SigmaNu
# Electroweak scheme and input parameters
# Scheme = Complex mass scheme
# alpha_GF = 0.00755898078237864
# Pole masses/widths for particles [GeV]
# mw = 80.35797361
# gw = 2.084298894
# mz = 91.15348062
# gz = 2.494266379
# s^2_thetaw (derived) = (0.222868505240788,-0.00110716741475141)
# charged leptons
# m_e = 0.0005109989461
# m_m = 0.10565837
# m_t = 1.77686
# quarks
# m_d = 0.05
# m_u = 0.05
# m_s = 0.2
# m_c = 1.51
# m_b = 4.92
# m_t = 173
# Ecms (default) = 53979.9

# channel_id = 6
# process  = nu_e nu_mu~ -> nu_e nu_mu~
-0.99	2.52399689552761e-09
-0.97	2.31795500319877e-08
-0.95	6.57151803470626e-08
-0.93	1.31485043335757e-07
-0.91	2.21928536557765e-07
-0.89	3.38576334941002e-07
-0.87	4.8305691229351e-07
-0.85	6.57103593384311e-07
-0.83	8.62562185501081e-07
-0.81	1.10139924345924e-06
-0.79	1.37571102768894e-06
-0.77	1.68773322133812e-06
-0.75	2.03985147938646e-06
-0.73	2.43461289066462e-06
-0.71	2.87473844252568e-06
-0.69	3.36313658785047e-06
-0.67	3.90291802522994e-06
-0.65	4.4974118157256e-06
-0.63	5.15018297375492e-06
-0.61	5.8650516856073e-06
-0.59	6.64611432712271e-06
-0.57	7.49776647245909e-06
-0.55	8.4247281089785e-06
-0.53	9.43207129949703e-06
-0.51	1.05252505629337e-05
-0.49	1.17101362782998e-05
-0.47	1.29930514556249e-05
-0.45	1.43808122615553e-05
-0.429999999999999	1.58807727378534e-05
-0.409999999999999	1.75008742088811e-05
-0.389999999999999	1.92496999405706e-05
-0.369999999999999	2.1136535689769e-05
-0.349999999999999	2.31714368708599e-05
-0.329999999999999	2.53653031681841e-05
-0.309999999999999	2.77299615403382e-05
-0.289999999999999	3.02782586987086e-05
-0.269999999999999	3.30241643009203e-05
-0.249999999999999	3.59828862842117e-05
-0.229999999999999	3.91709999788479e-05
-0.209999999999999	4.26065928932878e-05
-0.189999999999999	4.63094273578117e-05
-0.169999999999999	5.03011235600608e-05
-0.149999999999999	5.46053659145476e-05
-0.129999999999999	5.92481361909939e-05
-0.109999999999999	6.42579773983754e-05
-0.0899999999999994	6.96662931012056e-05
-0.0699999999999994	7.55076876545219e-05
-0.0499999999999994	8.1820353812124e-05
-0.0299999999999994	8.86465153234222e-05
-0.00999999999999938	9.60329335306681e-05
0.0100000000000006	0.000104031488663909
0.0300000000000006	0.000112699848572746
0.0500000000000006	0.000122102240116198
0.0700000000000006	0.000132310341461229
0.0900000000000006	0.000143404317251856
0.110000000000001	0.000155474023176742
0.130000000000001	0.000168620412104485
0.150000000000001	0.000182957180957161
0.170000000000001	0.000198612706222366
0.190000000000001	0.000215732326942121
0.210000000000001	0.000234481047792181
0.230000000000001	0.00025504675230642
0.250000000000001	0.000277644038507602
0.270000000000001	0.00030251881764686
0.290000000000001	0.000329953853405354
0.310000000000001	0.000360275466451017
0.330000000000001	0.000393861691328939
0.350000000000001	0.000431152254334632
0.370000000000001	0.000472660849275792
0.390000000000001	0.000518990332688082
0.410000000000001	0.00057085165503649
0.430000000000001	0.000629087609599311
0.450000000000001	0.000694702844876318
0.470000000000001	0.000768902091613376
0.490000000000001	0.000853139264333314
0.510000000000001	0.000949181103402784
0.530000000000001	0.00105919047007572
0.550000000000001	0.00118583651481454
0.570000000000001	0.00133244205649485
0.590000000000001	0.00150318319427396
0.610000000000001	0.00170336333537387
0.630000000000001	0.00193979497955345
0.650000000000001	0.0022213403474176
0.670000000000001	0.00255969081497708
0.690000000000001	0.00297051329611012
0.710000000000001	0.00347517438162759
0.730000000000001	0.00410339939152623
0.750000000000001	0.00489749187407749
0.770000000000001	0.00591925134865875
0.790000000000001	0.00726175081978672
0.810000000000001	0.00907029338388508
0.830000000000001	0.0115817092066862
0.850000000000001	0.0152028627019493
0.870000000000001	0.0206802537191523
0.890000000000001	0.0295046633969405
0.910000000000001	0.0450115672810349
0.930000000000001	0.0759705433802952
0.950000000000001	0.151994406144684
0.970000000000001	0.430846227772177
0.990000000000001	3.95374254350671
