# Program settings for SigmaNu
# Electroweak scheme and input parameters
# Scheme = Complex mass scheme
# alpha_GF = 0.00755898078237864
# Pole masses/widths for particles [GeV]
# mw = 80.35797361
# gw = 2.084298894
# mz = 91.15348062
# gz = 2.494266379
# s^2_thetaw (derived) = (0.222868505240788,-0.00110716741475141)
# charged leptons
# m_e = 0.0005109989461
# m_m = 0.10565837
# m_t = 1.77686
# quarks
# m_d = 0.05
# m_u = 0.05
# m_s = 0.2
# m_c = 1.51
# m_b = 4.92
# m_t = 173
# Ecms (default) = 0.284038

# channel_id = 6
# process  = nu_e nu_mu~ -> nu_e nu_mu~
-0.99	8.50213587448435e-09
-0.97	7.65192377186938e-08
-0.95	2.12553479352868e-07
-0.93	4.16604900372601e-07
-0.91	6.88673540373509e-07
-0.89	1.02875943895123e-06
-0.87	1.43686263570143e-06
-0.85	1.91298317021979e-06
-0.83	2.45712108210201e-06
-0.81	3.06927641094383e-06
-0.79	3.74944919634102e-06
-0.77	4.49763947788933e-06
-0.75	5.31384729518458e-06
-0.73	6.19807268782259e-06
-0.71	7.15031569539919e-06
-0.69	8.17057635751027e-06
-0.67	9.25885471375172e-06
-0.65	1.04151508037194e-05
-0.63	1.16394646670094e-05
-0.61	1.29317963432175e-05
-0.59	1.42921458719398e-05
-0.57	1.57205132927723e-05
-0.55	1.7216898645311e-05
-0.53	1.87813019691519e-05
-0.51	2.04137233038912e-05
-0.49	2.21141626891249e-05
-0.47	2.38826201644491e-05
-0.45	2.57190957694601e-05
-0.429999999999999	2.76235895437539e-05
-0.409999999999999	2.95961015269268e-05
-0.389999999999999	3.1636631758575e-05
-0.369999999999999	3.37451802782948e-05
-0.349999999999999	3.59217471256822e-05
-0.329999999999999	3.81663323403338e-05
-0.309999999999999	4.04789359618457e-05
-0.289999999999999	4.28595580298144e-05
-0.269999999999999	4.53081985838361e-05
-0.249999999999999	4.78248576635072e-05
-0.229999999999999	5.04095353084242e-05
-0.209999999999999	5.30622315581834e-05
-0.189999999999999	5.57829464523813e-05
-0.169999999999999	5.85716800306144e-05
-0.149999999999999	6.14284323324792e-05
-0.129999999999999	6.43532033975721e-05
-0.109999999999999	6.73459932654897e-05
-0.0899999999999994	7.04068019758287e-05
-0.0699999999999994	7.35356295681854e-05
-0.0499999999999994	7.67324760821567e-05
-0.0299999999999994	7.99973415573391e-05
-0.00999999999999938	8.33302260333292e-05
0.0100000000000006	8.67311295497237e-05
0.0300000000000006	9.02000521461194e-05
0.0500000000000006	9.37369938621128e-05
0.0700000000000006	9.7341954737301e-05
0.0900000000000006	0.00010101493481128
0.110000000000001	0.000104755934123648
0.130000000000001	0.000108564952714001
0.150000000000001	0.000112441990621935
0.170000000000001	0.000116387047887048
0.190000000000001	0.000120400124548937
0.210000000000001	0.000124481220647198
0.230000000000001	0.000128630336221428
0.250000000000001	0.000132847471311225
0.270000000000001	0.000137132625956185
0.290000000000001	0.000141485800195906
0.310000000000001	0.000145906994069983
0.330000000000001	0.000150396207618015
0.350000000000001	0.000154953440879599
0.370000000000001	0.000159578693894331
0.390000000000001	0.000164271966701809
0.410000000000001	0.00016903325934163
0.430000000000001	0.00017386257185339
0.450000000000001	0.000178759904276688
0.470000000000001	0.00018372525665112
0.490000000000001	0.000188758629016283
0.510000000000001	0.000193860021411776
0.530000000000001	0.000199029433877194
0.550000000000001	0.000204266866452136
0.570000000000001	0.000209572319176199
0.590000000000001	0.000214945792088979
0.610000000000001	0.000220387285230075
0.630000000000001	0.000225896798639084
0.650000000000001	0.000231474332355603
0.670000000000001	0.00023711988641923
0.690000000000001	0.000242833460869562
0.710000000000001	0.000248615055746197
0.730000000000001	0.000254464671088731
0.750000000000001	0.000260382306936764
0.770000000000001	0.000266367963329891
0.790000000000001	0.000272421640307711
0.810000000000001	0.000278543337909822
0.830000000000001	0.000284733056175821
0.850000000000001	0.000290990795145305
0.870000000000001	0.000297316554857873
0.890000000000001	0.000303710335353121
0.910000000000001	0.000310172136670649
0.930000000000001	0.000316701958850052
0.950000000000001	0.00032329980193093
0.970000000000001	0.00032996566595288
0.990000000000001	0.0003366995509555
