# Program settings for SigmaNu
# Electroweak scheme and input parameters
# Scheme = Complex mass scheme
# alpha_GF = 0.00755898078237864
# Pole masses/widths for particles [GeV]
# mw = 80.35797361
# gw = 2.084298894
# mz = 91.15348062
# gz = 2.494266379
# s^2_thetaw (derived) = (0.222868505240788,-0.00110716741475141)
# charged leptons
# m_e = 0.0005109989461
# m_m = 0.10565837
# m_t = 1.77686
# quarks
# m_d = 0.05
# m_u = 0.05
# m_s = 0.2
# m_c = 1.51
# m_b = 4.92
# m_t = 173
# Ecms (default) = 0.000173844

# channel_id = 6
# process  = nu_e nu_mu~ -> nu_e nu_mu~
-0.99	3.18495240584735e-15
-0.97	2.86645716526287e-14
-0.95	7.96238101461968e-14
-0.93	1.56062667886556e-13
-0.91	2.57981144873714e-13
-0.89	3.85379241107676e-13
-0.87	5.38256956588445e-13
-0.85	7.1661429131603e-13
-0.83	9.20451245290435e-13
-0.81	1.14976781851166e-12
-0.79	1.40456401097973e-12
-0.77	1.68483982269462e-12
-0.75	1.99059525365636e-12
-0.73	2.32183030386495e-12
-0.71	2.67854497332039e-12
-0.69	3.06073926202269e-12
-0.67	3.46841316997186e-12
-0.65	3.90156669716789e-12
-0.63	4.3601998436108e-12
-0.61	4.84431260930059e-12
-0.59	5.35390499423727e-12
-0.57	5.88897699842084e-12
-0.55	6.4495286218513e-12
-0.53	7.03555986452868e-12
-0.51	7.64707072645295e-12
-0.49	8.28406120762414e-12
-0.47	8.94653130804226e-12
-0.45	9.6344810277073e-12
-0.429999999999999	1.03479103666193e-11
-0.409999999999999	1.10868193247782e-11
-0.389999999999999	1.1851207902184e-11
-0.369999999999999	1.26410760988368e-11
-0.349999999999999	1.34564239147366e-11
-0.329999999999999	1.42972513498833e-11
-0.309999999999999	1.5163558404277e-11
-0.289999999999999	1.60553450779176e-11
-0.269999999999999	1.69726113708052e-11
-0.249999999999999	1.79153572829398e-11
-0.229999999999999	1.88835828143214e-11
-0.209999999999999	1.987728796495e-11
-0.189999999999999	2.08964727348256e-11
-0.169999999999999	2.19411371239481e-11
-0.149999999999999	2.30112811323177e-11
-0.129999999999999	2.41069047599343e-11
-0.109999999999999	2.5228008006798e-11
-0.0899999999999994	2.63745908729086e-11
-0.0699999999999994	2.75466533582663e-11
-0.0499999999999994	2.8744195462871e-11
-0.0299999999999994	2.99672171867227e-11
-0.00999999999999938	3.12157185298216e-11
0.0100000000000006	3.24896994921674e-11
0.0300000000000006	3.37891600737603e-11
0.0500000000000006	3.51141002746003e-11
0.0700000000000006	3.64645200946874e-11
0.0900000000000006	3.78404195340215e-11
0.110000000000001	3.92417985926027e-11
0.130000000000001	4.0668657270431e-11
0.150000000000001	4.21209955675064e-11
0.170000000000001	4.35988134838289e-11
0.190000000000001	4.51021110193984e-11
0.210000000000001	4.66308881742151e-11
0.230000000000001	4.8185144948279e-11
0.250000000000001	4.97648813415899e-11
0.270000000000001	5.1370097354148e-11
0.290000000000001	5.30007929859531e-11
0.310000000000001	5.46569682370055e-11
0.330000000000001	5.63386231073049e-11
0.350000000000001	5.80457575968515e-11
0.370000000000001	5.97783717056453e-11
0.390000000000001	6.15364654336863e-11
0.410000000000001	6.33200387809744e-11
0.430000000000001	6.51290917475096e-11
0.450000000000001	6.6963624333292e-11
0.470000000000001	6.88236365383217e-11
0.490000000000001	7.07091283625984e-11
0.510000000000001	7.26200998061225e-11
0.530000000000001	7.45565508688937e-11
0.550000000000001	7.65184815509121e-11
0.570000000000001	7.85058918521777e-11
0.590000000000001	8.05187817726905e-11
0.610000000000001	8.25571513124505e-11
0.630000000000001	8.46210004714578e-11
0.650000000000001	8.67103292497123e-11
0.670000000000001	8.88251376472141e-11
0.690000000000001	9.0965425663963e-11
0.710000000000001	9.31311932999592e-11
0.730000000000001	9.53224405552027e-11
0.750000000000001	9.75391674296935e-11
0.770000000000001	9.97813739234314e-11
0.790000000000001	1.02049060036417e-10
0.810000000000001	1.04342225768649e-10
0.830000000000001	1.06660871120129e-10
0.850000000000001	1.09004996090856e-10
0.870000000000001	1.11374600680831e-10
0.890000000000001	1.13769684890052e-10
0.910000000000001	1.16190248718521e-10
0.930000000000001	1.18636292166238e-10
0.950000000000001	1.21107815233201e-10
0.970000000000001	1.23604817919412e-10
0.990000000000001	1.26127300224871e-10
