# Program settings for SigmaNu
# Electroweak scheme and input parameters
# Scheme = Complex mass scheme
# alpha_GF = 0.00755898078237864
# Pole masses/widths for particles [GeV]
# mw = 80.35797361
# gw = 2.084298894
# mz = 91.15348062
# gz = 2.494266379
# s^2_thetaw (derived) = (0.222868505240788,-0.00110716741475141)
# charged leptons
# m_e = 0.0005109989461
# m_m = 0.10565837
# m_t = 1.77686
# quarks
# m_d = 0.05
# m_u = 0.05
# m_s = 0.2
# m_c = 1.51
# m_b = 4.92
# m_t = 173
# Ecms (default) = 544677

# channel_id = 6
# process  = nu_e nu_mu~ -> nu_e nu_mu~
-0.99	2.4790047506739e-11
-0.97	2.27663584137176e-10
-0.95	6.45437652978767e-10
-0.93	1.29141246235379e-09
-0.91	2.17972545130243e-09
-0.89	3.32541056731946e-09
-0.87	4.74446231956223e-09
-0.85	6.45390504323492e-09
-0.83	8.47186785551679e-09
-0.81	1.08176658331676e-08
-0.79	1.35118879974554e-08
-0.77	1.6576492754045e-08
-0.75	2.00349115047962e-08
-0.73	2.39121612260076e-08
-0.71	2.82349668945939e-08
-0.69	3.30318947412614e-08
-0.67	3.83334974193744e-08
-0.65	4.41724723015462e-08
-0.63	5.0583834254934e-08
-0.61	5.76051044029538e-08
-0.59	6.52765165581978e-08
-0.57	7.36412432116358e-08
-0.55	8.27456431901144e-08
-0.53	9.2639533351651e-08
-0.51	1.03376486980613e-07
-0.49	1.15014161877905e-07
-0.47	1.27614661520957e-07
-0.45	1.41244933101823e-07
-0.429999999999999	1.55977206747682e-07
-0.409999999999999	1.71889480796225e-07
-0.389999999999999	1.8906605865085e-07
-0.369999999999999	2.07598143490773e-07
-0.349999999999999	2.27584497975706e-07
-0.329999999999999	2.49132177082825e-07
-0.309999999999999	2.72357343368413e-07
-0.289999999999999	2.97386175285101e-07
-0.269999999999999	3.24355880740668e-07
-0.249999999999999	3.53415829894861e-07
-0.229999999999999	3.84728823303486e-07
-0.209999999999999	4.18472513990205e-07
-0.189999999999999	4.54841004923964e-07
-0.169999999999999	4.94046646785707e-07
-0.149999999999999	5.36322064921396e-07
-0.129999999999999	5.81922449120471e-07
-0.109999999999999	6.31128145477308e-07
-0.0899999999999994	6.8424759626892e-07
-0.0699999999999994	7.41620681737296e-07
-0.0499999999999994	8.03622527173549e-07
-0.0299999999999994	8.7066785010254e-07
-0.00999999999999938	9.43215936082546e-07
0.0100000000000006	1.02177634819036e-06
0.0300000000000006	1.10691549531656e-06
0.0500000000000006	1.19926420877653e-06
0.0700000000000006	1.29952650649657e-06
0.0900000000000006	1.40848976048845e-06
0.110000000000001	1.52703652817333e-06
0.130000000000001	1.65615836352689e-06
0.150000000000001	1.79697199278539e-06
0.170000000000001	1.95073832519852e-06
0.190000000000001	2.11888487675125e-06
0.210000000000001	2.30303232008068e-06
0.230000000000001	2.50502604512602e-06
0.250000000000001	2.72697383316967e-06
0.270000000000001	2.9712910262847e-06
0.290000000000001	3.24075493420393e-06
0.310000000000001	3.53857068757503e-06
0.330000000000001	3.86845135639517e-06
0.350000000000001	4.23471595462059e-06
0.370000000000001	4.64241001528633e-06
0.390000000000001	5.09745484138527e-06
0.410000000000001	5.60683345280342e-06
0.430000000000001	6.1788238541951e-06
0.450000000000001	6.82329382549971e-06
0.470000000000001	7.55207639965287e-06
0.490000000000001	8.37945215426869e-06
0.510000000000001	9.32277432699781e-06
0.530000000000001	1.04032869718603e-05
0.550000000000001	1.16472070787213e-05
0.570000000000001	1.30871721985382e-05
0.590000000000001	1.47642011286351e-05
0.610000000000001	1.67303855581864e-05
0.630000000000001	1.90526401731882e-05
0.650000000000001	2.18180130418916e-05
0.670000000000001	2.51413417438014e-05
0.690000000000001	2.91765139741965e-05
0.710000000000001	3.41334034085499e-05
0.730000000000001	4.03039892246924e-05
0.750000000000001	4.81038040464576e-05
0.770000000000001	5.81398872824106e-05
0.790000000000001	7.13264775739458e-05
0.810000000000001	8.90908757621656e-05
0.830000000000001	0.000113759477014321
0.850000000000001	0.000149328997882499
0.870000000000001	0.000203132620202115
0.890000000000001	0.000289815315287997
0.910000000000001	0.000442144993047189
0.930000000000001	0.000746279272065363
0.950000000000001	0.00149317866955646
0.970000000000001	0.00423322992389352
0.990000000000001	0.0388762909569351
