# Program settings for SigmaNu
# Electroweak scheme and input parameters
# Scheme = Complex mass scheme
# alpha_GF = 0.00755898078237864
# Pole masses/widths for particles [GeV]
# mw = 80.35797361
# gw = 2.084298894
# mz = 91.15348062
# gz = 2.494266379
# s^2_thetaw (derived) = (0.222868505240788,-0.00110716741475141)
# charged leptons
# m_e = 0.0005109989461
# m_m = 0.10565837
# m_t = 1.77686
# quarks
# m_d = 0.05
# m_u = 0.05
# m_s = 0.2
# m_c = 1.51
# m_b = 4.92
# m_t = 173
# Ecms (default) = 906.385

# channel_id = 6
# process  = nu_e nu_mu~ -> nu_e nu_mu~
-0.99	8.77294808083558e-06
-0.97	8.05513902231611e-05
-0.95	0.000228319618158449
-0.93	0.000456732061559828
-0.91	0.000770733063540729
-0.89	0.00117557718899359
-0.87	0.00167685115140425
-0.85	0.00228049750420412
-0.83	0.00299284025753005
-0.81	0.00382061259774282
-0.79	0.00477098690541765
-0.77	0.00585160728800236
-0.75	0.00707062486621094
-0.73	0.00843673607879146
-0.71	0.00995922429892974
-0.69	0.0116480050876268
-0.67	0.0135136754453811
-0.65	0.0155675674639455
-0.63	0.0178218068254202
-0.61	0.0202893766471902
-0.59	0.0229841872290218
-0.57	0.0259211523239301
-0.55	0.0291162726282961
-0.53	0.0325867272703909
-0.51	0.036350974171407
-0.49	0.0404288602609799
-0.47	0.0448417426519716
-0.45	0.0496126220192547
-0.429999999999999	0.0547662895870696
-0.409999999999999	0.0603294893123405
-0.389999999999999	0.0663310970608109
-0.369999999999999	0.0728023188133158
-0.349999999999999	0.0797769102160335
-0.329999999999999	0.0872914201071806
-0.309999999999999	0.0953854610204486
-0.289999999999999	0.10410201009099
-0.269999999999999	0.113487744283011
-0.249999999999999	0.123593414431025
-0.229999999999999	0.134474263253919
-0.209999999999999	0.146190493279389
-0.189999999999999	0.158807791526749
-0.169999999999999	0.172397918863526
-0.149999999999999	0.187039373205802
-0.129999999999999	0.202818137210618
-0.109999999999999	0.219828522855392
-0.0899999999999994	0.238174127368576
-0.0699999999999994	0.25796891743434
-0.0499999999999994	0.279338461523582
-0.0299999999999994	0.302421333705056
-0.00999999999999938	0.327370716488527
0.0100000000000006	0.354356235301863
0.0300000000000006	0.383566063299187
0.0500000000000006	0.415209342579885
0.0700000000000006	0.449518976873085
0.0900000000000006	0.486754861694017
0.110000000000001	0.527207631395744
0.130000000000001	0.571203019044865
0.150000000000001	0.619106945440775
0.170000000000001	0.671331478902657
0.190000000000001	0.728341838997428
0.210000000000001	0.790664656908585
0.230000000000001	0.858897754920741
0.250000000000001	0.933721770510221
0.270000000000001	1.01591403075855
0.290000000000001	1.10636518554522
0.310000000000001	1.2060992403611
0.330000000000001	1.31629780128024
0.350000000000001	1.43832956883623
0.370000000000001	1.57378641245302
0.390000000000001	1.72452774793673
0.410000000000001	1.89273546276342
0.430000000000001	2.08098233764591
0.450000000000001	2.29231786987672
0.470000000000001	2.5303767180051
0.490000000000001	2.79951681040129
0.510000000000001	3.10499671728281
0.530000000000001	3.45320551488657
0.550000000000001	3.85196358672099
0.570000000000001	4.31092040709771
0.590000000000001	4.84208658992734
0.610000000000001	5.46055436849915
0.630000000000001	6.1854864775136
0.650000000000001	7.04149360360483
0.670000000000001	8.06058448474823
0.690000000000001	9.2849767037076
0.710000000000001	10.771229633061
0.730000000000001	12.5964584281971
0.750000000000001	14.867914319961
0.770000000000001	17.7381812731709
0.790000000000001	21.4300797283078
0.810000000000001	26.2790444480256
0.830000000000001	32.8084870847019
0.850000000000001	41.8710164082135
0.870000000000001	54.9303336348943
0.890000000000001	74.6695937071618
0.910000000000001	106.440964301419
0.930000000000001	162.200666957257
0.950000000000001	273.312128488544
0.970000000000001	545.287610386912
0.990000000000001	1535.96177655879
