# Program settings for SigmaNu
# Electroweak scheme and input parameters
# Scheme = Complex mass scheme
# alpha_GF = 0.00755898078237864
# Pole masses/widths for particles [GeV]
# mw = 80.35797361
# gw = 2.084298894
# mz = 91.15348062
# gz = 2.494266379
# s^2_thetaw (derived) = (0.222868505240788,-0.00110716741475141)
# charged leptons
# m_e = 0.0005109989461
# m_m = 0.10565837
# m_t = 1.77686
# quarks
# m_d = 0.05
# m_u = 0.05
# m_s = 0.2
# m_c = 1.51
# m_b = 4.92
# m_t = 173
# Ecms (default) = 412766

# channel_id = 6
# process  = nu_e nu_mu~ -> nu_e nu_mu~
-0.99	4.3166573952601e-11
-0.97	3.96427515281542e-10
-0.95	1.12389184198526e-09
-0.93	2.24871902613455e-09
-0.91	3.79552639824396e-09
-0.89	5.79049236678476e-09
-0.87	8.26146795316096e-09
-0.85	1.12380974008348e-08
-0.83	1.475194869506e-08
-0.81	1.88366549163363e-08
-0.79	2.35280674473608e-08
-0.77	2.88644221612e-08
-0.75	3.48865198390968e-08
-0.73	4.1637922201425e-08
-0.71	4.91651650867171e-08
-0.69	5.75179904835929e-08
-0.67	6.67495993113188e-08
-0.65	7.69169270594936e-08
-0.63	8.80809446393006e-08
-0.61	1.00306987071696e-07
-0.59	1.13665112946215e-07
-0.57	1.28230497932871e-07
-0.55	1.44083866024761e-07
-0.53	1.61311962637352e-07
-0.51	1.80008074199907e-07
-0.49	2.00272599454432e-07
-0.47	2.22213678338587e-07
-0.45	2.45947885083977e-07
-0.429999999999999	2.71600993024752e-07
-0.409999999999999	2.99308819600983e-07
-0.389999999999999	3.29218161177219e-07
-0.369999999999999	3.61487828603021e-07
-0.349999999999999	3.96289795947638e-07
-0.329999999999999	4.33810476578923e-07
-0.309999999999999	4.74252142767206e-07
-0.289999999999999	5.17834507325584e-07
-0.269999999999999	5.64796488505881e-07
-0.249999999999999	6.15398182522129e-07
-0.229999999999999	6.69923071752369e-07
-0.209999999999999	7.28680500972637e-07
-0.189999999999999	7.92008459022343e-07
-0.169999999999999	8.60276709230599e-07
-0.149999999999999	9.33890318921491e-07
-0.129999999999999	1.01329364657363e-06
-0.109999999999999	1.09897485499263e-06
-0.0899999999999994	1.19147103047942e-06
-0.0699999999999994	1.29137400182955e-06
-0.0499999999999994	1.39933696955597e-06
-0.0299999999999994	1.51608207558137e-06
-0.00999999999999938	1.64240906752899e-06
0.0100000000000006	1.77920524056972e-06
0.0300000000000006	1.92745687470333e-06
0.0500000000000006	2.08826242780587e-06
0.0700000000000006	2.26284779658481e-06
0.0900000000000006	2.45258402106085e-06
0.110000000000001	2.65900788628731e-06
0.130000000000001	2.88384597150425e-06
0.150000000000001	3.12904281666955e-06
0.170000000000001	3.39679402561695e-06
0.190000000000001	3.68958531216902e-06
0.210000000000001	4.01023873113548e-06
0.230000000000001	4.36196763443017e-06
0.250000000000001	4.74844227234989e-06
0.270000000000001	5.17386844649823e-06
0.290000000000001	5.6430822477009e-06
0.310000000000001	6.16166472535069e-06
0.330000000000001	6.73608139650704e-06
0.350000000000001	7.37385289993747e-06
0.370000000000001	8.08376495186687e-06
0.390000000000001	8.87612823441711e-06
0.410000000000001	9.76310218236451e-06
0.430000000000001	1.0759101169172e-05
0.450000000000001	1.18813078215136e-05
0.470000000000001	1.31503268332489e-05
0.490000000000001	1.45910247730245e-05
0.510000000000001	1.6233618588676e-05
0.530000000000001	1.81151002510792e-05
0.550000000000001	2.02811210331811e-05
0.570000000000001	2.27885122388951e-05
0.590000000000001	2.57086993159067e-05
0.610000000000001	2.91323887787409e-05
0.630000000000001	3.31760982117073e-05
0.650000000000001	3.79914031650665e-05
0.670000000000001	4.37782686594924e-05
0.690000000000001	5.08046571097195e-05
0.710000000000001	5.9436018492634e-05
0.730000000000001	7.01807718790813e-05
0.750000000000001	8.37624781113069e-05
0.770000000000001	0.000101238165915401
0.790000000000001	0.000124199785379839
0.810000000000001	0.000155132673934304
0.830000000000001	0.000198087748000606
0.850000000000001	0.000260024428306267
0.870000000000001	0.000353711869017581
0.890000000000001	0.000504651123153351
0.910000000000001	0.000769900409446297
0.930000000000001	0.00129948450097855
0.950000000000001	0.00260004758289156
0.970000000000001	0.00737124583188679
0.990000000000001	0.067694199539246
