# Program settings for SigmaNu
# Electroweak scheme and input parameters
# Scheme = Complex mass scheme
# alpha_GF = 0.00755898078237864
# Pole masses/widths for particles [GeV]
# mw = 80.35797361
# gw = 2.084298894
# mz = 91.15348062
# gz = 2.494266379
# s^2_thetaw (derived) = (0.222868505240788,-0.00110716741475141)
# charged leptons
# m_e = 0.0005109989461
# m_m = 0.10565837
# m_t = 1.77686
# quarks
# m_d = 0.05
# m_u = 0.05
# m_s = 0.2
# m_c = 1.51
# m_b = 4.92
# m_t = 173
# Ecms (default) = 703031

# channel_id = 6
# process  = nu_e nu_mu~ -> nu_e nu_mu~
-0.99	1.48801219751118e-11
-0.97	1.36654110933242e-10
-0.95	3.87421242556175e-10
-0.93	7.75164911169452e-10
-0.91	1.30837105533546e-09
-0.89	1.99606373906733e-09
-0.87	2.84784359949971e-09
-0.85	3.87392942254624e-09
-0.83	5.08520313488262e-09
-0.81	6.49325853046559e-09
-0.79	8.1104540831187e-09
-0.77	9.94997023392716e-09
-0.75	1.20258715837876e-08
-0.73	1.43531744680293e-08
-0.71	1.69479204422167e-08
-0.69	1.98272562668126e-08
-0.67	2.30095210441845e-08
-0.65	2.65143412354742e-08
-0.63	3.03627343682481e-08
-0.61	3.45772223399304e-08
-0.59	3.91819553283015e-08
-0.57	4.4202847440575e-08
-0.55	4.96677253687805e-08
-0.53	5.56064914737322e-08
-0.51	6.2051302895493e-08
-0.49	6.9036768488145e-08
-0.47	7.66001656045665e-08
-0.45	8.47816790171502e-08
-0.429999999999999	9.36246645580747e-08
-0.409999999999999	1.03175940403845e-07
-0.389999999999999	1.13486109320385e-07
-0.369999999999999	1.24609915635316e-07
-0.349999999999999	1.36606641222939e-07
-0.329999999999999	1.49540545386591e-07
-0.309999999999999	1.6348135421605e-07
-0.289999999999999	1.78504805801195e-07
-0.269999999999999	1.94693258616461e-07
-0.249999999999999	2.12136371477435e-07
-0.229999999999999	2.30931864739081e-07
-0.209999999999999	2.51186373888436e-07
-0.189999999999999	2.73016408423816e-07
-0.169999999999999	2.96549430956831e-07
-0.149999999999999	3.21925073882533e-07
-0.129999999999999	3.49296513809457e-07
-0.109999999999999	3.78832027313719e-07
-0.0899999999999994	4.10716755588438e-07
-0.0699999999999994	4.4515471033476e-07
-0.0499999999999994	4.8237105894836e-07
-0.0299999999999994	5.22614733899039e-07
-0.00999999999999938	5.66161419433907e-07
0.0100000000000006	6.13316978672224e-07
0.0300000000000006	6.644213961975e-07
0.0500000000000006	7.19853325886999e-07
0.0700000000000006	7.80035351578269e-07
0.0900000000000006	8.45440090053806e-07
0.110000000000001	9.16597292744504e-07
0.130000000000001	9.9410213581256e-07
0.150000000000001	1.07862492955249e-06
0.170000000000001	1.17092252951724e-06
0.190000000000001	1.27185179626504e-06
0.210000000000001	1.38238553183786e-06
0.230000000000001	1.50363142391193e-06
0.250000000000001	1.63685465948626e-06
0.270000000000001	1.78350503765825e-06
0.290000000000001	1.94524962712387e-06
0.310000000000001	2.1240122943244e-06
0.330000000000001	2.32202179420904e-06
0.350000000000001	2.54187059710119e-06
0.370000000000001	2.78658726342179e-06
0.390000000000001	3.05972603092058e-06
0.410000000000001	3.36547842856635e-06
0.430000000000001	3.70881329463969e-06
0.450000000000001	4.09565372354244e-06
0.470000000000001	4.53310244476965e-06
0.490000000000001	5.029731316537e-06
0.510000000000001	5.59595654874463e-06
0.530000000000001	6.24452979801048e-06
0.550000000000001	6.99118770552155e-06
0.570000000000001	7.85552082826209e-06
0.590000000000001	8.86215053247543e-06
0.610000000000001	1.00423446430808e-05
0.630000000000001	1.14362684291968e-05
0.650000000000001	1.3096172141837e-05
0.670000000000001	1.5090986574932e-05
0.690000000000001	1.75130821986258e-05
0.710000000000001	2.04884348451352e-05
0.730000000000001	2.41923038494388e-05
0.750000000000001	2.88741110156614e-05
0.770000000000001	3.48982293449962e-05
0.790000000000001	4.28134269819708e-05
0.810000000000001	5.34764356738657e-05
0.830000000000001	6.82836650947604e-05
0.850000000000001	8.96341290072644e-05
0.870000000000001	0.000121929542013142
0.890000000000001	0.000173960493590965
0.910000000000001	0.000265395802535762
0.930000000000001	0.000447951277518409
0.950000000000001	0.000896275012314125
0.970000000000001	0.00254098223144118
0.990000000000001	0.023335434467066
