# Program settings for SigmaNu
# Electroweak scheme and input parameters
# Scheme = Complex mass scheme
# alpha_GF = 0.00755898078237864
# Pole masses/widths for particles [GeV]
# mw = 80.35797361
# gw = 2.084298894
# mz = 91.15348062
# gz = 2.494266379
# s^2_thetaw (derived) = (0.222868505240788,-0.00110716741475141)
# charged leptons
# m_e = 0.0005109989461
# m_m = 0.10565837
# m_t = 1.77686
# quarks
# m_d = 0.05
# m_u = 0.05
# m_s = 0.2
# m_c = 1.51
# m_b = 4.92
# m_t = 173
# Ecms (default) = 5.10577

# channel_id = 6
# process  = nu_e nu_mu~ -> nu_e nu_mu~
-0.99	2.73023951746517e-06
-0.97	2.4573691663148e-05
-0.95	6.82645217030618e-05
-0.93	0.000133806826805143
-0.91	0.000221204704905541
-0.89	0.000330462254708785
-0.87	0.000461583575687935
-0.85	0.00061457276808475
-0.83	0.000789433932909844
-0.81	0.000986171171942845
-0.79	0.00120478858773256
-0.77	0.00144529028359713
-0.75	0.0017076803636242
-0.73	0.00199196293267106
-0.71	0.00229814209636482
-0.69	0.00262622196110257
-0.67	0.00297620663405155
-0.65	0.00334810022314928
-0.63	0.00374190683710375
-0.61	0.00415763058539356
-0.59	0.0045952755782681
-0.57	0.0050548459267477
-0.55	0.00553634574262378
-0.53	0.00603977913845904
-0.51	0.00656515022758758
-0.49	0.00711246312411511
-0.47	0.00768172194291908
-0.45	0.00827293079964881
-0.429999999999999	0.00888609381072573
-0.409999999999999	0.00952121509334349
-0.389999999999999	0.0101782987654681
-0.369999999999999	0.0108573489458381
-0.349999999999999	0.0115583697539649
-0.329999999999999	0.0122813653101325
-0.309999999999999	0.0130263397353982
-0.289999999999999	0.0137932971515924
-0.269999999999999	0.0145822416813187
-0.249999999999999	0.0153931774479545
-0.229999999999999	0.0162261085756506
-0.209999999999999	0.0170810391893319
-0.189999999999999	0.0179579734146971
-0.169999999999999	0.0188569153782192
-0.149999999999999	0.0197778692071453
-0.129999999999999	0.0207208390294973
-0.109999999999999	0.0216858289740714
-0.0899999999999994	0.022672843170439
-0.0699999999999994	0.0236818857489461
-0.0499999999999994	0.024712960840714
-0.0299999999999994	0.0257660725776394
-0.00999999999999938	0.0268412250923942
0.0100000000000006	0.0279384225184261
0.0300000000000006	0.0290576689899585
0.0500000000000006	0.0301989686419907
0.0700000000000006	0.0313623256102983
0.0900000000000006	0.032547744031433
0.110000000000001	0.0337552280427228
0.130000000000001	0.0349847817822726
0.150000000000001	0.0362364093889638
0.170000000000001	0.0375101150024548
0.190000000000001	0.0388059027631811
0.210000000000001	0.0401237768123553
0.230000000000001	0.0414637412919676
0.250000000000001	0.0428258003447856
0.270000000000001	0.0442099581143548
0.290000000000001	0.0456162187449982
0.310000000000001	0.0470445863818173
0.330000000000001	0.0484950651706915
0.350000000000001	0.0499676592582787
0.370000000000001	0.0514623727920154
0.390000000000001	0.0529792099201166
0.410000000000001	0.0545181747915763
0.430000000000001	0.0560792715561675
0.450000000000001	0.0576625043644423
0.470000000000001	0.0592678773677322
0.490000000000001	0.0608953947181484
0.510000000000001	0.0625450605685814
0.530000000000001	0.0642168790727017
0.550000000000001	0.0659108543849599
0.570000000000001	0.0676269906605867
0.590000000000001	0.0693652920555929
0.610000000000001	0.0711257627267702
0.630000000000001	0.0729084068316907
0.650000000000001	0.0747132285287072
0.670000000000001	0.0765402319769537
0.690000000000001	0.0783894213363452
0.710000000000001	0.080260800767578
0.730000000000001	0.08215437443213
0.750000000000001	0.0840701464922606
0.770000000000001	0.086008121111011
0.790000000000001	0.0879683024522042
0.810000000000001	0.0899506946804458
0.830000000000001	0.0919553019611232
0.850000000000001	0.0939821284604062
0.870000000000001	0.0960311783452478
0.890000000000001	0.0981024557833831
0.910000000000001	0.10019596494333
0.930000000000001	0.102311709994391
0.950000000000001	0.10444969510665
0.970000000000001	0.106609924450975
0.990000000000001	0.108792402199018
