# Program settings for SigmaNu
# Electroweak scheme and input parameters
# Scheme = Complex mass scheme
# alpha_GF = 0.00755898078237864
# Pole masses/widths for particles [GeV]
# mw = 80.35797361
# gw = 2.084298894
# mz = 91.15348062
# gz = 2.494266379
# s^2_thetaw (derived) = (0.222868505240788,-0.00110716741475141)
# charged leptons
# m_e = 0.0005109989461
# m_m = 0.10565837
# m_t = 1.77686
# quarks
# m_d = 0.05
# m_u = 0.05
# m_s = 0.2
# m_c = 1.51
# m_b = 4.92
# m_t = 173
# Ecms (default) = 2642850

# channel_id = 6
# process  = nu_e nu_mu~ -> nu_e nu_mu~
-0.99	1.05295649240854e-12
-0.97	9.67000362013258e-12
-0.95	2.74149441511015e-11
-0.93	5.48527040346258e-11
-0.91	9.25837705706326e-11
-0.89	1.41246710229894e-10
-0.87	2.01520889312272e-10
-0.85	2.74129415949546e-10
-0.83	3.59842323856409e-10
-0.81	4.59480020347053e-10
-0.79	5.73917023492589e-10
-0.77	7.04086015927726e-10
-0.75	8.50982245759115e-10
-0.73	1.01566830832322e-09
-0.71	1.19927934623497e-09
-0.69	1.40302870931279e-09
-0.67	1.62821412062237e-09
-0.65	1.87622440012023e-09
-0.63	2.14854680327976e-09
-0.61	2.44677503874022e-09
-0.59	2.77261803653943e-09
-0.57	3.12790954699932e-09
-0.55	3.51461865997182e-09
-0.53	3.93486134508944e-09
-0.51	4.39091312609298e-09
-0.49	4.88522301645393e-09
-0.47	5.42042885963562e-09
-0.45	5.99937423575192e-09
-0.429999999999999	6.6251271174465e-09
-0.409999999999999	7.30100048195341e-09
-0.389999999999999	8.03057511400792e-09
-0.369999999999999	8.81772486614409e-09
-0.349999999999999	9.66664467963483e-09
-0.329999999999999	1.05818817117245e-08
-0.309999999999999	1.15683699638476e-08
-0.289999999999999	1.26314688623823e-08
-0.269999999999999	1.37770063095359e-08
-0.249999999999999	1.50113267988639e-08
-0.229999999999999	1.63413452796607e-08
-0.209999999999999	1.7774607559426e-08
-0.189999999999999	1.93193581566828e-08
-0.169999999999999	2.09846166610775e-08
-0.149999999999999	2.27802638281644e-08
-0.129999999999999	2.47171388376949e-08
-0.109999999999999	2.68071493828765e-08
-0.0899999999999994	2.90633965416141e-08
-0.0699999999999994	3.15003167186438e-08
-0.0499999999999994	3.41338433513514e-08
-0.0299999999999994	3.69815915563487e-08
-0.00999999999999938	4.0063069476462e-08
0.0100000000000006	4.33999207909962e-08
0.0300000000000006	4.70162037039449e-08
0.0500000000000006	5.09387127603951e-08
0.0700000000000006	5.51973511051624e-08
0.0900000000000006	5.98255623460791e-08
0.110000000000001	6.48608330892598e-08
0.130000000000001	7.03452795672357e-08
0.150000000000001	7.63263347017833e-08
0.170000000000001	8.28575555853188e-08
0.190000000000001	8.99995759281013e-08
0.210000000000001	9.78212337655141e-08
0.230000000000001	1.0640091199616e-07
0.250000000000001	1.15828138586172e-07
0.270000000000001	1.26205505140813e-07
0.290000000000001	1.37650977835444e-07
0.310000000000001	1.5030069453162e-07
0.330000000000001	1.64312367806531e-07
0.350000000000001	1.7986944769754e-07
0.370000000000001	1.97186243128948e-07
0.390000000000001	2.1651426134139e-07
0.410000000000001	2.38150105985944e-07
0.430000000000001	2.62445385174861e-07
0.450000000000001	2.89819232706146e-07
0.470000000000001	3.2077425647636e-07
0.490000000000001	3.55917023816467e-07
0.510000000000001	3.95984613263004e-07
0.530000000000001	4.41879365744456e-07
0.550000000000001	4.94714847602227e-07
0.570000000000001	5.55877338469955e-07
0.590000000000001	6.27109111379296e-07
0.610000000000001	7.10622760404436e-07
0.630000000000001	8.09260486381024e-07
0.650000000000001	9.26719655552347e-07
0.670000000000001	1.06787799370092e-06
0.690000000000001	1.23927188042964e-06
0.710000000000001	1.44981570020535e-06
0.730000000000001	1.71191126945428e-06
0.750000000000001	2.04320833873366e-06
0.770000000000001	2.46949091231979e-06
0.790000000000001	3.02959128807533e-06
0.810000000000001	3.78413409366937e-06
0.830000000000001	4.8319330162396e-06
0.850000000000001	6.34274870801156e-06
0.870000000000001	8.62805834341935e-06
0.890000000000001	1.23099077921845e-05
0.910000000000001	1.87801161207233e-05
0.930000000000001	3.16982356037145e-05
0.950000000000001	6.34228499308033e-05
0.970000000000001	0.000179806941836624
0.990000000000001	0.00165128686654198
