# Program settings for SigmaNu
# Electroweak scheme and input parameters
# Scheme = Complex mass scheme
# alpha_GF = 0.00755898078237864
# Pole masses/widths for particles [GeV]
# mw = 80.35797361
# gw = 2.084298894
# mz = 91.15348062
# gz = 2.494266379
# s^2_thetaw (derived) = (0.222868505240788,-0.00110716741475141)
# charged leptons
# m_e = 0.0005109989461
# m_m = 0.10565837
# m_t = 1.77686
# quarks
# m_d = 0.05
# m_u = 0.05
# m_s = 0.2
# m_c = 1.51
# m_b = 4.92
# m_t = 173
# Ecms (default) = 727462

# channel_id = 6
# process  = nu_e nu_mu~ -> nu_e nu_mu~
-0.99	1.38974403539222e-11
-0.97	1.27629488456648e-10
-0.95	3.61835986258638e-10
-0.93	7.23973105610077e-10
-0.91	1.2219663746329e-09
-0.89	1.86424390915536e-09
-0.87	2.65977232130299e-09
-0.85	3.61809554950432e-09
-0.83	4.74937687920857e-09
-0.81	6.06444445151076e-09
-0.79	7.57484058800037e-09
-0.77	9.2928752949031e-09
-0.75	1.12316843484418e-08
-0.73	1.34052924068373e-08
-0.71	1.58286816431171e-08
-0.69	1.85178664476e-08
-0.67	2.14899748103854e-08
-0.65	2.47633370633189e-08
-0.63	2.83575827388014e-08
-0.61	3.22937463906769e-08
-0.59	3.65943833216953e-08
-0.57	4.12836962743404e-08
-0.55	4.63876742690279e-08
-0.53	5.19342449180274e-08
-0.51	5.79534417074926e-08
-0.49	6.44775879266818e-08
-0.47	7.15414991362931e-08
-0.45	7.91827063108867e-08
-0.429999999999999	8.74417020683823e-08
-0.409999999999999	9.63622127182026e-08
-0.389999999999999	1.05991499225339e-07
-0.369999999999999	1.16380690608218e-07
-0.349999999999999	1.27585153772886e-07
-0.329999999999999	1.39664904345583e-07
-0.309999999999999	1.52685063713044e-07
-0.289999999999999	1.66716368230308e-07
-0.269999999999999	1.81835737427541e-07
-0.249999999999999	1.98126909062371e-07
-0.229999999999999	2.15681150048678e-07
-0.209999999999999	2.34598053678124e-07
-0.189999999999999	2.5498643517509e-07
-0.169999999999999	2.76965339534923e-07
-0.149999999999999	3.00665177845329e-07
-0.129999999999999	3.26229010949214e-07
-0.109999999999999	3.53814002456973e-07
-0.0899999999999994	3.83593066858666e-07
-0.0699999999999994	4.15756742946239e-07
-0.0499999999999994	4.50515328086583e-07
-0.0299999999999994	4.88101315278015e-07
-0.00999999999999938	5.28772182611936e-07
0.0100000000000006	5.72813594042742e-07
0.0300000000000006	6.20543081611615e-07
0.0500000000000006	6.72314292937912e-07
0.0700000000000006	7.28521904471916e-07
0.0900000000000006	7.89607321439129e-07
0.110000000000001	8.56065310548086e-07
0.130000000000001	9.28451742597201e-07
0.150000000000001	1.00739266066811e-06
0.170000000000001	1.09359493766244e-06
0.190000000000001	1.18785884716859e-06
0.210000000000001	1.29109294749715e-06
0.230000000000001	1.40433177476205e-06
0.250000000000001	1.52875696316389e-06
0.270000000000001	1.66572256724123e-06
0.290000000000001	1.81678556267357e-06
0.310000000000001	1.98374276399416e-06
0.330000000000001	2.16867573944483e-06
0.350000000000001	2.37400575292338e-06
0.370000000000001	2.60256135908944e-06
0.390000000000001	2.85766207426644e-06
0.410000000000001	3.14322261936494e-06
0.430000000000001	3.46388369119859e-06
0.450000000000001	3.82517722374939e-06
0.470000000000001	4.23373688314183e-06
0.490000000000001	4.6975684431494e-06
0.510000000000001	5.22640022848373e-06
0.530000000000001	5.83214177797777e-06
0.550000000000001	6.52949048704511e-06
0.570000000000001	7.33674315480832e-06
0.590000000000001	8.27689515567867e-06
0.610000000000001	9.37914939151037e-06
0.630000000000001	1.06810186223566e-05
0.650000000000001	1.2231302499631e-05
0.670000000000001	1.40943796369426e-05
0.690000000000001	1.63565203712222e-05
0.710000000000001	1.91353811082032e-05
0.730000000000001	2.25946470810817e-05
0.750000000000001	2.69672683138198e-05
0.770000000000001	3.25935546679496e-05
0.790000000000001	3.99860337219438e-05
0.810000000000001	4.99448587903241e-05
0.830000000000001	6.37742208740368e-05
0.850000000000001	8.3714703262316e-05
0.870000000000001	0.000113877332084123
0.890000000000001	0.00016247216789415
0.910000000000001	0.000247869104557845
0.930000000000001	0.000418368649950295
0.950000000000001	0.000837085181403473
0.970000000000001	0.00237317638991169
0.990000000000001	0.0217943745672573
