# Program settings for SigmaNu
# Electroweak scheme and input parameters
# Scheme = Complex mass scheme
# alpha_GF = 0.00755898078237864
# Pole masses/widths for particles [GeV]
# mw = 80.35797361
# gw = 2.084298894
# mz = 91.15348062
# gz = 2.494266379
# s^2_thetaw (derived) = (0.222868505240788,-0.00110716741475141)
# charged leptons
# m_e = 0.0005109989461
# m_m = 0.10565837
# m_t = 1.77686
# quarks
# m_d = 0.05
# m_u = 0.05
# m_s = 0.2
# m_c = 1.51
# m_b = 4.92
# m_t = 173
# Ecms (default) = 176064

# channel_id = 6
# process  = nu_e nu_mu~ -> nu_e nu_mu~
-0.99	2.37254301066659e-10
-0.97	2.17886489541955e-09
-0.95	6.17719097482071e-09
-0.93	1.23595227667664e-08
-0.91	2.08611632500669e-08
-0.89	3.18259954747386e-08
-0.87	4.54070955857212e-08
-0.85	6.17673957203447e-08
-0.83	8.10804013769245e-08
-0.81	1.03530968328143e-07
-0.79	1.2931614468415e-07
-0.77	1.58646084303632e-07
-0.75	1.9174503841443e-07
-0.73	2.2885243304784e-07
-0.71	2.702240407229e-07
-0.69	3.16133255750845e-07
-0.67	3.66872483579079e-07
-0.65	4.22754655774494e-07
-0.63	4.84114883575702e-07
-0.61	5.51312264443844e-07
-0.59	6.24731857736227e-07
-0.57	7.04786847544014e-07
-0.55	7.91920912907083e-07
-0.53	8.86610828083352e-07
-0.51	9.89369318350237e-07
-0.49	1.10074820000313e-06
-0.47	1.22134183684937e-06
-0.45	1.35179094964549e-06
-0.429999999999999	1.49278681967166e-06
-0.409999999999999	1.64507593307611e-06
-0.389999999999999	1.80946511886536e-06
-0.369999999999999	1.98682724059691e-06
-0.349999999999999	2.17810751010411e-06
-0.329999999999999	2.38433050113591e-06
-0.309999999999999	2.60660795184419e-06
-0.289999999999999	2.8461474578624e-06
-0.269999999999999	3.10426217260136e-06
-0.249999999999999	3.3823816487159e-06
-0.229999999999999	3.68206397491608e-06
-0.209999999999999	4.00500938594765e-06
-0.189999999999999	4.35307555129665e-06
-0.169999999999999	4.72829478076767e-06
-0.149999999999999	5.13289342349538e-06
-0.129999999999999	5.56931378233341e-06
-0.109999999999999	6.04023891933568e-06
-0.0899999999999994	6.54862079193533e-06
-0.0699999999999994	7.09771223556119e-06
-0.0499999999999994	7.69110339943544e-06
-0.0299999999999994	8.33276335141453e-06
-0.00999999999999938	9.02708769900351e-06
0.0100000000000006	9.77895323212164e-06
0.0300000000000006	1.05937807851275e-05
0.0500000000000006	1.1477607748949e-05
0.0700000000000006	1.24371719489221e-05
0.0900000000000006	1.34800089528261e-05
0.110000000000001	1.46145653028165e-05
0.130000000000001	1.5850330695268e-05
0.150000000000001	1.71979927906823e-05
0.170000000000001	1.86696191564513e-05
0.190000000000001	2.02788718734826e-05
0.210000000000001	2.20412616326257e-05
0.230000000000001	2.39744497863706e-05
0.250000000000001	2.60986089088184e-05
0.270000000000001	2.84368550905011e-05
0.290000000000001	3.10157686400126e-05
0.310000000000001	3.38660243333466e-05
0.330000000000001	3.70231581882022e-05
0.350000000000001	4.05285054179831e-05
0.370000000000001	4.44303543969042e-05
0.390000000000001	4.87853750664548e-05
0.410000000000001	5.36603985414075e-05
0.430000000000001	5.9134649600721e-05
0.450000000000001	6.53025679805508e-05
0.470000000000001	7.22774018834509e-05
0.490000000000001	8.01958237496501e-05
0.510000000000001	8.92239129205896e-05
0.530000000000001	9.9564985798279e-05
0.550000000000001	0.000111469952259304
0.570000000000001	0.000125251170134337
0.590000000000001	0.000141301209916474
0.610000000000001	0.000160118615104267
0.630000000000001	0.00018234379249826
0.650000000000001	0.000208809835106233
0.670000000000001	0.000240615794892717
0.690000000000001	0.000279234451997158
0.710000000000001	0.000326674398734532
0.730000000000001	0.000385730015257868
0.750000000000001	0.000460378144869971
0.770000000000001	0.000556428437244039
0.790000000000001	0.000682630574752101
0.810000000000001	0.000852644467047716
0.830000000000001	0.00108873473467246
0.850000000000001	0.00142915165157647
0.870000000000001	0.0019440767559174
0.890000000000001	0.00277366806377398
0.910000000000001	0.00423152609035656
0.930000000000001	0.00714220591580589
0.950000000000001	0.0142902682886069
0.970000000000001	0.0405130465293002
0.990000000000001	0.372031806641193
