# Program settings for SigmaNu
# Electroweak scheme and input parameters
# Scheme = Complex mass scheme
# alpha_GF = 0.00755898078237864
# Pole masses/widths for particles [GeV]
# mw = 80.35797361
# gw = 2.084298894
# mz = 91.15348062
# gz = 2.494266379
# s^2_thetaw (derived) = (0.222868505240788,-0.00110716741475141)
# charged leptons
# m_e = 0.0005109989461
# m_m = 0.10565837
# m_t = 1.77686
# quarks
# m_d = 0.05
# m_u = 0.05
# m_s = 0.2
# m_c = 1.51
# m_b = 4.92
# m_t = 173
# Ecms (default) = 105271

# channel_id = 6
# process  = nu_e nu_mu~ -> nu_e nu_mu~
-0.99	6.63647259925266e-10
-0.97	6.09471649987707e-09
-0.95	1.72788259880576e-08
-0.93	3.45720315052684e-08
-0.91	5.83528020610356e-08
-0.89	8.90236067972219e-08
-0.87	1.27012629734021e-07
-0.85	1.72775624022413e-07
-0.83	2.26797918562821e-07
-0.81	2.89596591181956e-07
-0.79	3.61722824045926e-07
-0.77	4.4376445864727e-07
-0.75	5.3634876955908e-07
-0.73	6.40145478226406e-07
-0.71	7.55870030392912e-07
-0.69	8.84287163372888e-07
-0.67	1.02621479231362e-06
-0.65	1.18252824789493e-06
-0.63	1.35416490163237e-06
-0.61	1.54212921914666e-06
-0.59	1.74749828650167e-06
-0.57	1.97142786007606e-06
-0.55	2.21515899650803e-06
-0.53	2.48002532614627e-06
-0.51	2.76746104127254e-06
-0.49	3.07900967927723e-06
-0.47	3.41633379113277e-06
-0.45	3.7812255971159e-06
-0.429999999999999	4.17561874500629e-06
-0.409999999999999	4.6016013012017e-06
-0.389999999999999	5.06143012265388e-06
-0.369999999999999	5.55754677761383e-06
-0.349999999999999	6.09259520631865e-06
-0.329999999999999	6.66944133947119e-06
-0.309999999999999	7.29119492327465e-06
-0.289999999999999	7.96123383561766e-06
-0.269999999999999	8.68323121963422e-06
-0.249999999999999	9.46118580933162e-06
-0.229999999999999	1.02994558785388e-05
-0.209999999999999	1.12027973105832e-05
-0.189999999999999	1.21764063636718e-05
-0.169999999999999	1.32259677981228e-05
-0.149999999999999	1.43577091390382e-05
-0.129999999999999	1.55784619749506e-05
-0.109999999999999	1.68957313433914e-05
-0.0899999999999994	1.83177744330336e-05
-0.0699999999999994	1.9853690045029e-05
-0.0499999999999994	2.15135205107113e-05
-0.0299999999999994	2.3308368068061e-05
-0.00999999999999938	2.52505280665093e-05
0.0100000000000006	2.73536418128614e-05
0.0300000000000006	2.96328724079877e-05
0.0500000000000006	3.21051075766124e-05
0.0700000000000006	3.47891942890503e-05
0.0900000000000006	3.77062109496336e-05
0.110000000000001	4.0879784127155e-05
0.130000000000001	4.43364582860212e-05
0.150000000000001	4.81061288177631e-05
0.170000000000001	5.22225509679925e-05
0.190000000000001	5.67239401300091e-05
0.210000000000001	6.16536825983965e-05
0.230000000000001	6.70611804620121e-05
0.250000000000001	7.30028601549348e-05
0.270000000000001	7.95433816623982e-05
0.290000000000001	8.67570950160515e-05
0.310000000000001	9.47298032132513e-05
0.330000000000001	0.000103560907020376
0.350000000000001	0.000113366028595299
0.370000000000001	0.00012428023933004
0.390000000000001	0.000136462055352763
0.410000000000001	0.000150098415394547
0.430000000000001	0.000165410925451635
0.450000000000001	0.000182663750425857
0.470000000000001	0.000202173665782229
0.490000000000001	0.000224322968642333
0.510000000000001	0.000249576212299075
0.530000000000001	0.000278502108476861
0.550000000000001	0.000311802495931571
0.570000000000001	0.000350351093695156
0.590000000000001	0.000395245989000377
0.610000000000001	0.000447881693078448
0.630000000000001	0.00051004953198094
0.650000000000001	0.000584079806147147
0.670000000000001	0.000673046745489045
0.690000000000001	0.000781069956067533
0.710000000000001	0.000913767792849173
0.730000000000001	0.00107895657744998
0.750000000000001	0.00128776015418841
0.770000000000001	0.00155642898751345
0.790000000000001	0.00190943721683805
0.810000000000001	0.00238499353213645
0.830000000000001	0.00304537506859154
0.850000000000001	0.00399757268026716
0.870000000000001	0.00543789230507256
0.890000000000001	0.00775837040769633
0.910000000000001	0.0118361744263488
0.930000000000001	0.0199776336228793
0.950000000000001	0.0399712083734074
0.970000000000001	0.113315844741701
0.990000000000001	1.04044715462952
