# Program settings for SigmaNu
# Electroweak scheme and input parameters
# Scheme = Complex mass scheme
# alpha_GF = 0.00755898078237864
# Pole masses/widths for particles [GeV]
# mw = 80.35797361
# gw = 2.084298894
# mz = 91.15348062
# gz = 2.494266379
# s^2_thetaw (derived) = (0.222868505240788,-0.00110716741475141)
# charged leptons
# m_e = 0.0005109989461
# m_m = 0.10565837
# m_t = 1.77686
# quarks
# m_d = 0.05
# m_u = 0.05
# m_s = 0.2
# m_c = 1.51
# m_b = 4.92
# m_t = 173
# Ecms (default) = 247264

# channel_id = 6
# process  = nu_e nu_mu~ -> nu_e nu_mu~
-0.99	1.2029111688229e-10
-0.97	1.10471376634289e-09
-0.95	3.13191879879196e-09
-0.93	6.26644407852178e-09
-0.91	1.05768900435097e-08
-0.89	1.61362073443454e-08
-0.87	2.30220076556233e-08
-0.85	3.13168997740113e-08
-0.83	4.11088533339299e-08
-0.81	5.24915927132541e-08
-0.79	6.5565023970821e-08
-0.77	8.04356979583349e-08
-0.75	9.7217313085593e-08
-0.73	1.16031261594426e-07
-0.71	1.37007223618684e-07
-0.69	1.60283813781069e-07
-0.67	1.86009285609581e-07
-0.65	2.1434229965484e-07
-0.63	2.45452761863764e-07
-0.61	2.79522739525638e-07
-0.59	3.16747462965784e-07
-0.57	3.57336422134008e-07
-0.55	4.01514568336127e-07
-0.53	4.49523632606306e-07
-0.51	5.01623573637713e-07
-0.49	5.58094169805012e-07
-0.47	6.19236771654457e-07
-0.45	6.8537623334112e-07
-0.429999999999999	7.56863043899161e-07
-0.409999999999999	8.34075681988581e-07
-0.389999999999999	9.17423220927319e-07
-0.369999999999999	1.00734821445811e-06
-0.349999999999999	1.10432989789443e-06
-0.329999999999999	1.20888774413295e-06
-0.309999999999999	1.32158541962278e-06
-0.289999999999999	1.44303519187692e-06
-0.269999999999999	1.57390284765688e-06
-0.249999999999999	1.71491318974689e-06
-0.229999999999999	1.86685619048594e-06
-0.209999999999999	2.03059389221731e-06
-0.189999999999999	2.2070681588747e-06
-0.169999999999999	2.39730939945032e-06
-0.149999999999999	2.60244640356446e-06
-0.129999999999999	2.82371745236666e-06
-0.109999999999999	3.06248289526169e-06
-0.0899999999999994	3.32023941534602e-06
-0.0699999999999994	3.59863624504247e-06
-0.0499999999999994	3.89949363956075e-06
-0.0299999999999994	4.22482397113606e-06
-0.00999999999999938	4.57685587355286e-06
0.0100000000000006	4.95806194679629e-06
0.0300000000000006	5.37119062898488e-06
0.0500000000000006	5.81930296104393e-06
0.0700000000000006	6.3058151139552e-06
0.0900000000000006	6.83454772530788e-06
0.110000000000001	7.40978330949389e-06
0.130000000000001	8.03633327476427e-06
0.150000000000001	8.71961641405426e-06
0.170000000000001	9.46575115255528e-06
0.190000000000001	1.02816643563366e-05
0.210000000000001	1.11752201628651e-05
0.230000000000001	1.21553731255434e-05
0.250000000000001	1.32323510227888e-05
0.270000000000001	1.44178740377243e-05
0.290000000000001	1.57254187614112e-05
0.310000000000001	1.71705377383685e-05
0.330000000000001	1.8771248232252e-05
0.350000000000001	2.05485077821515e-05
0.370000000000001	2.25267992797032e-05
0.390000000000001	2.47348551920256e-05
0.410000000000001	2.72065598480351e-05
0.430000000000001	2.99820813441429e-05
0.450000000000001	3.31093019814187e-05
0.470000000000001	3.66456402279481e-05
0.490000000000001	4.06603909834645e-05
0.510000000000001	4.52377588790476e-05
0.530000000000001	5.04808282853068e-05
0.550000000000001	5.65168141703062e-05
0.570000000000001	6.35040865305055e-05
0.590000000000001	7.16416843837041e-05
0.610000000000001	8.11823766577798e-05
0.630000000000001	9.24508591248342e-05
0.650000000000001	0.000105869522404199
0.670000000000001	0.00012199560239477
0.690000000000001	0.000141575820972821
0.710000000000001	0.000165628565169135
0.730000000000001	0.000195570628867329
0.750000000000001	0.00023341833367467
0.770000000000001	0.000282117263724167
0.790000000000001	0.000346103648094154
0.810000000000001	0.00043230328331819
0.830000000000001	0.000552004701481613
0.850000000000001	0.000724601441217146
0.870000000000001	0.000985676769355708
0.890000000000001	0.00140629334161396
0.910000000000001	0.0021454525859514
0.930000000000001	0.0036212206982406
0.950000000000001	0.0072454326041318
0.970000000000001	0.0205410151129062
0.990000000000001	0.188635042094082
