# Program settings for SigmaNu
# Electroweak scheme and input parameters
# Scheme = Complex mass scheme
# alpha_GF = 0.00755898078237864
# Pole masses/widths for particles [GeV]
# mw = 80.35797361
# gw = 2.084298894
# mz = 91.15348062
# gz = 2.494266379
# s^2_thetaw (derived) = (0.222868505240788,-0.00110716741475141)
# charged leptons
# m_e = 0.0005109989461
# m_m = 0.10565837
# m_t = 1.77686
# quarks
# m_d = 0.05
# m_u = 0.05
# m_s = 0.2
# m_c = 1.51
# m_b = 4.92
# m_t = 173
# Ecms (default) = 212835

# channel_id = 6
# process  = nu_e nu_mu~ -> nu_e nu_mu~
-0.99	1.62356320903641e-10
-0.97	1.49102666289651e-09
-0.95	4.22713518440441e-09
-0.93	8.45778831458845e-09
-0.91	1.42755757175005e-08
-0.89	2.17789585168501e-08
-0.87	3.1072688796526e-08
-0.85	4.22682632304113e-08
-0.83	5.54844139875415e-08
-0.81	7.08476403845777e-08
-0.79	8.84927851211328e-08
-0.77	1.08563659339491e-07
-0.75	1.31213721204203e-07
-0.73	1.56606813205165e-07
-0.71	1.84917963957269e-07
-0.69	2.16334260908752e-07
-0.67	2.51055801088373e-07
-0.65	2.89296727829327e-07
-0.63	3.31286362317777e-07
-0.61	3.77270439840434e-07
-0.59	4.2751246176522e-07
-0.57	4.82295175600889e-07
-0.55	5.41922196967717e-07
-0.53	6.0671978899764e-07
-0.51	6.7703881659859e-07
-0.49	7.53256895198771e-07
-0.47	8.35780756073224e-07
-0.45	9.25048853194338e-07
-0.429999999999999	1.02153423979596e-06
-0.409999999999999	1.12574774656249e-06
-0.389999999999999	1.23824149762672e-06
-0.369999999999999	1.3596128054739e-06
-0.349999999999999	1.49050849151121e-06
-0.329999999999999	1.63162968559858e-06
-0.309999999999999	1.78373716539907e-06
-0.289999999999999	1.94765730517318e-06
-0.269999999999999	2.12428871382608e-06
-0.249999999999999	2.31460965387387e-06
-0.229999999999999	2.51968634683231e-06
-0.209999999999999	2.74068228671593e-06
-0.189999999999999	2.97886870231154e-06
-0.169999999999999	3.2356363311953e-06
-0.149999999999999	3.51250869474701e-06
-0.129999999999999	3.8111570944724e-06
-0.109999999999999	4.1334175867407e-06
-0.0899999999999994	4.4813102367655e-06
-0.0699999999999994	4.85706100475699e-06
-0.0499999999999994	5.26312667944898e-06
-0.0299999999999994	5.70222334887519e-06
-0.00999999999999938	6.17735898809813e-06
0.0100000000000006	6.69187085202183e-06
0.0300000000000006	7.24946849276026e-06
0.0500000000000006	7.85428338070973e-06
0.0700000000000006	8.51092630333709e-06
0.0900000000000006	9.2245539544426e-06
0.110000000000001	1.00009464203734e-05
0.130000000000001	1.08465976325612e-05
0.150000000000001	1.17688213061385e-05
0.170000000000001	1.27758754459549e-05
0.190000000000001	1.38771092049436e-05
0.210000000000001	1.50831367659259e-05
0.230000000000001	1.6406044039899e-05
0.250000000000001	1.78596354023786e-05
0.270000000000001	1.94597295189347e-05
0.290000000000001	2.12245156687903e-05
0.310000000000001	2.31749850335051e-05
0.330000000000001	2.53354554116823e-05
0.350000000000001	2.77342130744357e-05
0.370000000000001	3.04043024404188e-05
0.390000000000001	3.33845035550977e-05
0.410000000000001	3.67205499010412e-05
0.430000000000001	4.04666561240256e-05
0.450000000000001	4.46874486851399e-05
0.470000000000001	4.94604249519049e-05
0.490000000000001	5.48791118385747e-05
0.510000000000001	6.10571598312829e-05
0.530000000000001	6.8133701282361e-05
0.550000000000001	7.62804374588864e-05
0.570000000000001	8.5711119370575e-05
0.590000000000001	9.66943887422235e-05
0.610000000000001	0.000109571406206423
0.630000000000001	0.000124780411580019
0.650000000000001	0.000142891502757152
0.670000000000001	0.000164656777382856
0.690000000000001	0.000191084081005858
0.710000000000001	0.000223547923704322
0.730000000000001	0.000263960542394133
0.750000000000001	0.000315043352102458
0.770000000000001	0.000380771986388985
0.790000000000001	0.000467133990554347
0.810000000000001	0.000583477058782116
0.830000000000001	0.000745037232359379
0.850000000000001	0.000977989807676421
0.870000000000001	0.00133036120453552
0.890000000000001	0.00189806401513987
0.910000000000001	0.00289570082231654
0.930000000000001	0.00488753072163604
0.950000000000001	0.00977908802816881
0.970000000000001	0.0277239326933196
0.990000000000001	0.254594960789605
