# Program settings for SigmaNu
# Electroweak scheme and input parameters
# Scheme = Complex mass scheme
# alpha_GF = 0.00755898078237864
# Pole masses/widths for particles [GeV]
# mw = 80.35797361
# gw = 2.084298894
# mz = 91.15348062
# gz = 2.494266379
# s^2_thetaw (derived) = (0.222868505240788,-0.00110716741475141)
# charged leptons
# m_e = 0.0005109989461
# m_m = 0.10565837
# m_t = 1.77686
# quarks
# m_d = 0.05
# m_u = 0.05
# m_s = 0.2
# m_c = 1.51
# m_b = 4.92
# m_t = 173
# Ecms (default) = 6.53384

# channel_id = 6
# process  = nu_e nu_mu~ -> nu_e nu_mu~
-0.99	4.45343045816683e-06
-0.97	4.00849691299682e-05
-0.95	0.000111358513233009
-0.93	0.000218284987804819
-0.91	0.000360875321231143
-0.89	0.000539140445247082
-0.87	0.000753091294938229
-0.85	0.00100273880874182
-0.83	0.00128809392844786
-0.81	0.00160916759920028
-0.79	0.00196597076949807
-0.77	0.00235851439119643
-0.75	0.00278680941950788
-0.73	0.00325086681300348
-0.71	0.00375069753361388
-0.69	0.00428631254663052
-0.67	0.00485772282070678
-0.65	0.00546493932785909
-0.63	0.00610797304346809
-0.61	0.00678683494627981
-0.59	0.00750153601840675
-0.57	0.00825208724532909
-0.55	0.00903849961589579
-0.53	0.00986078412232579
-0.51	0.0107189517602091
-0.49	0.011613013528508
-0.47	0.012542980429558
-0.45	0.0135088634690696
-0.429999999999999	0.0145106736561284
-0.409999999999999	0.0155484220031973
-0.389999999999999	0.016622119526117
-0.369999999999999	0.0177317772441074
-0.349999999999999	0.0188774061797687
-0.329999999999999	0.0200590173590825
-0.309999999999999	0.021276621811413
-0.289999999999999	0.0225302305695083
-0.269999999999999	0.0238198546695012
-0.249999999999999	0.0251455051509107
-0.229999999999999	0.0265071930566431
-0.209999999999999	0.0279049294329928
-0.189999999999999	0.029338725329644
-0.169999999999999	0.0308085917996714
-0.149999999999999	0.0323145398995417
-0.129999999999999	0.0338565806891145
-0.109999999999999	0.0354347252316435
-0.0899999999999994	0.0370489845937779
-0.0699999999999994	0.0386993698455631
-0.0499999999999994	0.0403858920604425
-0.0299999999999994	0.0421085623152578
-0.00999999999999938	0.0438673916902512
0.0100000000000006	0.0456623912690655
0.0300000000000006	0.0474935721387462
0.0500000000000006	0.0493609453897418
0.0700000000000006	0.0512645221159057
0.0900000000000006	0.053204313414497
0.110000000000001	0.0551803303861817
0.130000000000001	0.0571925841350338
0.150000000000001	0.0592410857685365
0.170000000000001	0.0613258463975835
0.190000000000001	0.0634468771364803
0.210000000000001	0.0656041891029445
0.230000000000001	0.0677977934181083
0.250000000000001	0.0700277012065184
0.270000000000001	0.0722939235961381
0.290000000000001	0.0745964717183479
0.310000000000001	0.0769353567079469
0.330000000000001	0.0793105897031539
0.350000000000001	0.0817221818456087
0.370000000000001	0.0841701442803729
0.390000000000001	0.0866544881559318
0.410000000000001	0.0891752246241945
0.430000000000001	0.0917323648404961
0.450000000000001	0.0943259199635983
0.470000000000001	0.0969559011556907
0.490000000000001	0.099622319582392
0.510000000000001	0.102325186412751
0.530000000000001	0.105064512819248
0.550000000000001	0.107840309977797
0.570000000000001	0.110652589067743
0.590000000000001	0.113501361271868
0.610000000000001	0.116386637776391
0.630000000000001	0.119308429770965
0.650000000000001	0.122266748448686
0.670000000000001	0.125261605006085
0.690000000000001	0.128293010643136
0.710000000000001	0.131360976563257
0.730000000000001	0.134465513973304
0.750000000000001	0.137606634083583
0.770000000000001	0.140784348107842
0.790000000000001	0.143998667263276
0.810000000000001	0.147249602770528
0.830000000000001	0.150537165853692
0.850000000000001	0.15386136774031
0.870000000000001	0.157222219661377
0.890000000000001	0.160619732851338
0.910000000000001	0.164053918548094
0.930000000000001	0.167524787993001
0.950000000000001	0.17103235243087
0.970000000000001	0.174576623109969
0.990000000000001	0.178157611282028
