# Program settings for SigmaNu
# Electroweak scheme and input parameters
# Scheme = Complex mass scheme
# alpha_GF = 0.00755898078237864
# Pole masses/widths for particles [GeV]
# mw = 80.35797361
# gw = 2.084298894
# mz = 91.15348062
# gz = 2.494266379
# s^2_thetaw (derived) = (0.222868505240788,-0.00110716741475141)
# charged leptons
# m_e = 0.0005109989461
# m_m = 0.10565837
# m_t = 1.77686
# quarks
# m_d = 0.05
# m_u = 0.05
# m_s = 0.2
# m_c = 1.51
# m_b = 4.92
# m_t = 173
# Ecms (default) = 4047290

# channel_id = 6
# process  = nu_e nu_mu~ -> nu_e nu_mu~
-0.99	4.48979806730658e-13
-0.97	4.12328181440933e-12
-0.95	1.16897102734839e-11
-0.93	2.33891491573758e-11
-0.91	3.9477645771007e-11
-0.89	6.0227484347336e-11
-0.87	8.59283461338619e-11
-0.85	1.16888563860278e-10
-0.83	1.53436479287362e-10
-0.81	1.95921913438486e-10
-0.79	2.44717760120567e-10
-0.77	3.00221714463991e-10
-0.75	3.62858149466423e-10
-0.73	4.33080154930548e-10
-0.71	5.11371754760654e-10
-0.69	5.98250320350165e-10
-0.67	6.94269199777776e-10
-0.65	8.00020584763695e-10
-0.63	9.16138639853946e-10
-0.61	1.04330292113948e-09
-0.59	1.18224211502364e-09
-0.57	1.33373813117925e-09
-0.55	1.4986305879467e-09
-0.53	1.67782173308758e-09
-0.51	1.87228184810791e-09
-0.49	2.08305519039638e-09
-0.47	2.31126653429952e-09
-0.45	2.55812838010743e-09
-0.429999999999999	2.82494890890588e-09
-0.409999999999999	3.11314077154242e-09
-0.389999999999999	3.42423081176942e-09
-0.369999999999999	3.75987083721483e-09
-0.349999999999999	4.12184956748861e-09
-0.329999999999999	4.51210590680995e-09
-0.309999999999999	4.9327437094521e-09
-0.289999999999999	5.38604823054479e-09
-0.269999999999999	5.8745044829377e-09
-0.249999999999999	6.40081775361922e-09
-0.229999999999999	6.96793657144974e-09
-0.209999999999999	7.57907846272531e-09
-0.189999999999999	8.23775888356494e-09
-0.169999999999999	8.9478237797966e-09
-0.149999999999999	9.71348629770456e-09
-0.129999999999999	1.05393682548866e-08
-0.109999999999999	1.14305470822259e-08
-0.0899999999999994	1.23926090688895e-08
-0.0699999999999994	1.34317098863404e-08
-0.0499999999999994	1.45546435395699e-08
-0.0299999999999994	1.57689211002511e-08
-0.00999999999999938	1.70828608249259e-08
0.0100000000000006	1.85056915611885e-08
0.0300000000000006	2.00476717080363e-08
0.0500000000000006	2.17202264381284e-08
0.0700000000000006	2.35361064285713e-08
0.0900000000000006	2.5509572007081e-08
0.110000000000001	2.76566074326202e-08
0.130000000000001	2.99951710331681e-08
0.150000000000001	3.25454881687634e-08
0.170000000000001	3.53303955409285e-08
0.190000000000001	3.83757473153991e-08
0.210000000000001	4.17108959756117e-08
0.230000000000001	4.53692639270812e-08
0.250000000000001	4.93890258232465e-08
0.270000000000001	5.38139266428742e-08
0.290000000000001	5.86942670691881e-08
0.310000000000001	6.4088096177947e-08
0.330000000000001	7.00626624864943e-08
0.350000000000001	7.66961889447229e-08
0.370000000000001	8.40800567073781e-08
0.390000000000001	9.23215082617166e-08
0.410000000000001	1.01547015168565e-07
0.430000000000001	1.11906502847286e-07
0.450000000000001	1.23578689616001e-07
0.470000000000001	1.36777887082158e-07
0.490000000000001	1.51762735073492e-07
0.510000000000001	1.68847523292195e-07
0.530000000000001	1.88417009193254e-07
0.550000000000001	2.10946016580173e-07
0.570000000000001	2.37025653988029e-07
0.590000000000001	2.67398825254661e-07
0.610000000000001	3.03008978737851e-07
0.630000000000001	3.45068026619942e-07
0.650000000000001	3.9515252293635e-07
0.670000000000001	4.55342326096509e-07
0.690000000000001	5.28424543188016e-07
0.710000000000001	6.18200260694543e-07
0.730000000000001	7.29957603335713e-07
0.750000000000001	8.71222410808226e-07
0.770000000000001	1.05298896219082e-06
0.790000000000001	1.29181531868912e-06
0.810000000000001	1.61355177383329e-06
0.830000000000001	2.06033240619481e-06
0.850000000000001	2.70454302481453e-06
0.870000000000001	3.6789972533891e-06
0.890000000000001	5.24893496627119e-06
0.910000000000001	8.00782673472403e-06
0.930000000000001	1.35161028333759e-05
0.950000000000001	2.70434539555261e-05
0.970000000000001	7.6669543149029e-05
0.990000000000001	0.000704107591228415
