# Program settings for SigmaNu
# Electroweak scheme and input parameters
# Scheme = Complex mass scheme
# alpha_GF = 0.00755898078237864
# Pole masses/widths for particles [GeV]
# mw = 80.35797361
# gw = 2.084298894
# mz = 91.15348062
# gz = 2.494266379
# s^2_thetaw (derived) = (0.222868505240788,-0.00110716741475141)
# charged leptons
# m_e = 0.0005109989461
# m_m = 0.10565837
# m_t = 1.77686
# quarks
# m_d = 0.05
# m_u = 0.05
# m_s = 0.2
# m_c = 1.51
# m_b = 4.92
# m_t = 173
# Ecms (default) = 800114

# channel_id = 6
# process  = nu_e nu_mu~ -> nu_e nu_mu~
-0.99	1.14881925648747e-11
-0.97	1.05503754870519e-10
-0.95	2.99108424403774e-10
-0.93	5.98465777772251e-10
-0.91	1.01012738067549e-09
-0.89	1.54106025836814e-09
-0.87	2.19867657916996e-09
-0.85	2.99086575293703e-09
-0.83	3.92602916710575e-09
-0.81	5.01311780598398e-09
-0.79	6.26167302468854e-09
-0.77	7.68187077785745e-09
-0.75	9.28456963538528e-09
-0.73	1.10813629533847e-08
-0.71	1.30846356088739e-08
-0.69	1.53076257519057e-08
-0.67	1.77644920796626e-08
-0.65	2.0470387194196e-08
-0.63	2.34415376698794e-08
-0.61	2.66953315292838e-08
-0.59	3.02504139082319e-08
-0.57	3.41267917836199e-08
-0.55	3.83459487427508e-08
-0.53	4.29309708922541e-08
-0.51	4.79066851402547e-08
-0.49	5.32998112397909e-08
-0.47	5.91391291574238e-08
-0.45	6.5455663531891e-08
-0.429999999999999	7.22828872174837e-08
-0.409999999999999	7.96569461701708e-08
-0.389999999999999	8.76169082368085e-08
-0.369999999999999	9.62050387554557e-08
-0.349999999999999	1.05467106275444e-07
-0.329999999999999	1.15452722168385e-07
-0.309999999999999	1.26215718436389e-07
-0.289999999999999	1.37814568644069e-07
-0.269999999999999	1.50312857621546e-07
-0.249999999999999	1.63779806424694e-07
-0.229999999999999	1.78290860017962e-07
-0.209999999999999	1.9392834629031e-07
-0.189999999999999	2.1078221635756e-07
-0.169999999999999	2.28950877682722e-07
-0.149999999999999	2.4854213340576e-07
-0.129999999999999	2.69674243471806e-07
-0.109999999999999	2.92477125750579e-07
-0.0899999999999994	3.17093718433339e-07
-0.0699999999999994	3.43681528680351e-07
-0.0499999999999994	3.72414396898327e-07
-0.0299999999999994	4.03484511311025e-07
-0.00999999999999938	4.37104713842408e-07
0.0100000000000006	4.73511146004011e-07
0.0300000000000006	5.12966292771814e-07
0.0500000000000006	5.55762493736428e-07
0.0700000000000006	6.02226004598871e-07
0.0900000000000006	6.52721708977778e-07
0.110000000000001	7.07658601277101e-07
0.130000000000001	7.67496187041781e-07
0.150000000000001	8.32751979097472e-07
0.170000000000001	9.04010307506589e-07
0.190000000000001	9.81932711161255e-07
0.210000000000001	1.06727024153615e-06
0.230000000000001	1.16087808851346e-06
0.250000000000001	1.26373303927358e-06
0.270000000000001	1.37695441070439e-06
0.290000000000001	1.50182926261341e-06
0.310000000000001	1.63984291542037e-06
0.330000000000001	1.79271607861461e-06
0.350000000000001	1.96245026801785e-06
0.370000000000001	2.15138368266569e-06
0.390000000000001	2.36226037060042e-06
0.410000000000001	2.59831640033894e-06
0.430000000000001	2.86338796179634e-06
0.450000000000001	3.16204797801374e-06
0.470000000000001	3.49978010892242e-06
0.490000000000001	3.88320225480803e-06
0.510000000000001	4.32035624708323e-06
0.530000000000001	4.82108699805708e-06
0.550000000000001	5.39754397643526e-06
0.570000000000001	6.06485206541329e-06
0.590000000000001	6.84202018292399e-06
0.610000000000001	7.75318864329644e-06
0.630000000000001	8.82936702997999e-06
0.650000000000001	1.01108951331195e-05
0.670000000000001	1.16509909511656e-05
0.690000000000001	1.35209690779015e-05
0.710000000000001	1.58180891175222e-05
0.730000000000001	1.86776599891306e-05
0.750000000000001	2.22922477265769e-05
0.770000000000001	2.69431664061753e-05
0.790000000000001	3.30540923297854e-05
0.810000000000001	4.12864650278401e-05
0.830000000000001	5.27183822582827e-05
0.850000000000001	6.92020020695338e-05
0.870000000000001	9.41356673494427e-05
0.890000000000001	0.000134306151219128
0.910000000000001	0.000204898762680454
0.930000000000001	0.000345840688112155
0.950000000000001	0.000691968992395925
0.970000000000001	0.00196176536172974
0.990000000000001	0.0180161408658441
