# Program settings for SigmaNu
# Electroweak scheme and input parameters
# Scheme = Complex mass scheme
# alpha_GF = 0.00755898078237864
# Pole masses/widths for particles [GeV]
# mw = 80.35797361
# gw = 2.084298894
# mz = 91.15348062
# gz = 2.494266379
# s^2_thetaw (derived) = (0.222868505240788,-0.00110716741475141)
# charged leptons
# m_e = 0.0005109989461
# m_m = 0.10565837
# m_t = 1.77686
# quarks
# m_d = 0.05
# m_u = 0.05
# m_s = 0.2
# m_c = 1.51
# m_b = 4.92
# m_t = 173
# Ecms (default) = 5276.72

# channel_id = 6
# process  = nu_e nu_mu~ -> nu_e nu_mu~
-0.99	2.63977490232807e-07
-0.97	2.42426706579836e-06
-0.95	6.87287574353319e-06
-0.93	1.37513841464218e-05
-0.91	2.32102824228825e-05
-0.89	3.54096008604905e-05
-0.87	5.05195912862682e-05
-0.85	6.87214638857135e-05
-0.83	9.02081845474077e-05
-0.81	0.000115185338368933
-0.79	0.000143872065549771
-0.77	0.000176502076555631
-0.75	0.000213324754175214
-0.73	0.000254606350914826
-0.71	0.000300631291100203
-0.69	0.000351703588091678
-0.67	0.000408148388183603
-0.65	0.000470313654069374
-0.63	0.000538572002229526
-0.61	0.000613322710265526
-0.59	0.000694993912082806
-0.57	0.000784045000954337
-0.55	0.000880969262906509
-0.53	0.00098629676560397
-0.51	0.00110059753101779
-0.49	0.00122448502369826
-0.47	0.00135861999050577
-0.45	0.00150371469225711
-0.429999999999999	0.00166053757301087
-0.409999999999999	0.00182991841874979
-0.389999999999999	0.00201275406414426
-0.369999999999999	0.00221001471404706
-0.349999999999999	0.00242275095554714
-0.329999999999999	0.00265210154700639
-0.309999999999999	0.00289930208275975
-0.289999999999999	0.00316569464636765
-0.269999999999999	0.00345273858181436
-0.249999999999999	0.00376202253126142
-0.229999999999999	0.00409527791038676
-0.209999999999999	0.00445439401856409
-0.189999999999999	0.00484143501188179
-0.169999999999999	0.00525865900313569
-0.149999999999999	0.00570853959550932
-0.129999999999999	0.00619379020696114
-0.109999999999999	0.00671739160193589
-0.0899999999999994	0.00728262311782355
-0.0699999999999994	0.00789309815795896
-0.0499999999999994	0.00855280462379192
-0.0299999999999994	0.00926615107975561
-0.00999999999999938	0.0100380195897841
0.0100000000000006	0.0108738263399467
0.0300000000000006	0.011779591374248
0.0500000000000006	0.0127620190290614
0.0700000000000006	0.0138285909669873
0.0900000000000006	0.0149876740972207
0.110000000000001	0.0162486461446849
0.130000000000001	0.0176220422172021
0.150000000000001	0.0191197264484002
0.170000000000001	0.0207550937021765
0.190000000000001	0.0225433074622281
0.210000000000001	0.024501581462711
0.230000000000001	0.0266495144295902
0.250000000000001	0.0290094896108601
0.270000000000001	0.0316071537300316
0.290000000000001	0.034471993806166
0.310000000000001	0.0376380352231749
0.330000000000001	0.0411446908805923
0.350000000000001	0.0450377997401336
0.370000000000001	0.049370904322991
0.390000000000001	0.0542068317296396
0.410000000000001	0.0596196629876556
0.430000000000001	0.0656972030444775
0.450000000000001	0.0725441014915957
0.470000000000001	0.0802858264953997
0.490000000000001	0.0890737678793985
0.510000000000001	0.0990918495549803
0.530000000000001	0.110565181311381
0.550000000000001	0.123771498208066
0.570000000000001	0.139056458409841
0.590000000000001	0.156854354813424
0.610000000000001	0.177716536166972
0.630000000000001	0.202350986176407
0.650000000000001	0.231678341470116
0.670000000000001	0.266912608667697
0.690000000000001	0.309679808087434
0.710000000000001	0.362196287190549
0.730000000000001	0.427543507467587
0.750000000000001	0.510103696514614
0.770000000000001	0.616273349136791
0.790000000000001	0.755676510957829
0.810000000000001	0.943320613123125
0.830000000000001	1.20363217251178
0.850000000000001	1.57850266466654
0.870000000000001	2.14462550444372
0.890000000000001	3.05472258045994
0.910000000000001	4.64915747219786
0.930000000000001	7.81767734698513
0.950000000000001	15.5366049923257
0.970000000000001	43.3623748307491
0.990000000000001	368.881562839005
