# Program settings for SigmaNu
# Electroweak scheme and input parameters
# Scheme = Complex mass scheme
# alpha_GF = 0.00755898078237864
# Pole masses/widths for particles [GeV]
# mw = 80.35797361
# gw = 2.084298894
# mz = 91.15348062
# gz = 2.494266379
# s^2_thetaw (derived) = (0.222868505240788,-0.00110716741475141)
# charged leptons
# m_e = 0.0005109989461
# m_m = 0.10565837
# m_t = 1.77686
# quarks
# m_d = 0.05
# m_u = 0.05
# m_s = 0.2
# m_c = 1.51
# m_b = 4.92
# m_t = 173
# Ecms (default) = 109135

# channel_id = 6
# process  = nu_e nu_mu~ -> nu_e nu_mu~
-0.99	6.17485469664168e-10
-0.97	5.67078192235067e-09
-0.95	1.60769502832356e-08
-0.93	3.21672799240517e-08
-0.91	5.42939144345199e-08
-0.89	8.28313281448141e-08
-0.87	1.18177921598008e-07
-0.85	1.6075774682526e-07
-0.83	2.11022374388992e-07
-0.81	2.69452915398885e-07
-0.79	3.3656221308823e-07
-0.77	4.12897220082359e-07
-0.75	4.9904157921727e-07
-0.73	5.95618427699138e-07
-0.71	7.03293446561286e-07
-0.69	8.22778179805606e-07
-0.67	9.54833650346155e-07
-0.65	1.10027430294487e-06
-0.63	1.25997230779024e-06
-0.61	1.43486226227386e-06
-0.59	1.62594633293027e-06
-0.57	1.83429988449467e-06
-0.55	2.06107764868538e-06
-0.53	2.30752049173186e-06
-0.51	2.57496284695675e-06
-0.49	2.86484088701596e-06
-0.47	3.17870151985755e-06
-0.45	3.51821230325915e-06
-0.429999999999999	3.88517238515622e-06
-0.409999999999999	4.28152459112849e-06
-0.389999999999999	4.7093687966608e-06
-0.369999999999999	5.17097674048228e-06
-0.349999999999999	5.66880845682131e-06
-0.329999999999999	6.20553052927445e-06
-0.309999999999999	6.78403639774822e-06
-0.289999999999999	7.40746898327352e-06
-0.269999999999999	8.07924593422591e-06
-0.249999999999999	8.8030878425822e-06
-0.229999999999999	9.58304983146898e-06
-0.209999999999999	1.04235569768131e-05
-0.189999999999999	1.13294440980757e-05
-0.169999999999999	1.23060005378811e-05
-0.149999999999999	1.33590206503222e-05
-0.129999999999999	1.44948608358377e-05
-0.109999999999999	1.57205041005053e-05
-0.0899999999999994	1.70436332838755e-05
-0.0699999999999994	1.84727142976203e-05
-0.0499999999999994	2.00170909541165e-05
-0.0299999999999994	2.16870932480815e-05
-0.00999999999999938	2.3494161296015e-05
0.0100000000000006	2.54509875505806e-05
0.0300000000000006	2.75716804065818e-05
0.0500000000000006	2.98719529224737e-05
0.0700000000000006	3.23693411224666e-05
0.0900000000000006	3.50834572522887e-05
0.110000000000001	3.80362844787523e-05
0.130000000000001	4.12525209034573e-05
0.150000000000001	4.47599824738644e-05
0.170000000000001	4.85900765107523e-05
0.190000000000001	5.2778360247136e-05
0.210000000000001	5.73652021439076e-05
0.230000000000001	6.23965680145429e-05
0.250000000000001	6.79249594242182e-05
0.270000000000001	7.40105387869693e-05
0.290000000000001	8.07224845515021e-05
0.310000000000001	8.81406314971367e-05
0.330000000000001	9.63574663511313e-05
0.350000000000001	0.000105480568920033
0.370000000000001	0.000115635615413596
0.390000000000001	0.000126970096032169
0.410000000000001	0.0001396579465888
0.430000000000001	0.000153905358812741
0.450000000000001	0.000169958123072893
0.470000000000001	0.000188110980875012
0.490000000000001	0.000208719637902256
0.510000000000001	0.000232216334533367
0.530000000000001	0.000259130224656344
0.550000000000001	0.000290114329312976
0.570000000000001	0.000325981594404255
0.590000000000001	0.000367753727743254
0.610000000000001	0.000416728242914766
0.630000000000001	0.00047457186728602
0.650000000000001	0.000543452813496481
0.670000000000001	0.000626231478667257
0.690000000000001	0.000726740923654315
0.710000000000001	0.000850208711064816
0.730000000000001	0.00100390748838719
0.750000000000001	0.00119818736820607
0.770000000000001	0.00144816849752484
0.790000000000001	0.00177662269622738
0.810000000000001	0.00221910102372026
0.830000000000001	0.00283354890241051
0.850000000000001	0.00371951542212128
0.870000000000001	0.00505965250360696
0.890000000000001	0.00721872878455861
0.910000000000001	0.0110129014919128
0.930000000000001	0.0185880884231302
0.950000000000001	0.0371910535196819
0.970000000000001	0.1054345750118
0.990000000000001	0.96809611364161
