# Program settings for SigmaNu
# Electroweak scheme and input parameters
# Scheme = Complex mass scheme
# alpha_GF = 0.00755898078237864
# Pole masses/widths for particles [GeV]
# mw = 80.35797361
# gw = 2.084298894
# mz = 91.15348062
# gz = 2.494266379
# s^2_thetaw (derived) = (0.222868505240788,-0.00110716741475141)
# charged leptons
# m_e = 0.0005109989461
# m_m = 0.10565837
# m_t = 1.77686
# quarks
# m_d = 0.05
# m_u = 0.05
# m_s = 0.2
# m_c = 1.51
# m_b = 4.92
# m_t = 173
# Ecms (default) = 279918

# channel_id = 6
# process  = nu_e nu_mu~ -> nu_e nu_mu~
-0.99	9.38628445415545e-11
-0.97	8.62005269082369e-10
-0.95	2.44382806734895e-09
-0.93	4.88968996807665e-09
-0.91	8.25311971584867e-09
-0.89	1.25910405150216e-08
-0.87	1.79640125550677e-08
-0.85	2.44364952670476e-08
-0.83	3.20771311300341e-08
-0.81	4.09590530347364e-08
-0.79	5.11602174217591e-08
-0.77	6.27637656466532e-08
-0.75	7.58584162863542e-08
-0.73	9.05388913953617e-08
-0.71	1.06906380049252e-07
-0.69	1.2506904288256e-07
-0.67	1.45142561743162e-07
-0.65	1.67250739052297e-07
-0.63	1.91526151985442e-07
-0.61	2.18110867182734e-07
-0.59	2.4715722236804e-07
-0.57	2.78828682014177e-07
-0.55	3.13300775051021e-07
-0.53	3.50762123588151e-07
-0.51	3.91415572731537e-07
-0.49	4.35479432834721e-07
-0.47	4.83188846962487e-07
-0.45	5.34797297986529e-07
-0.429999999999999	5.9057827161036e-07
-0.409999999999999	6.50827093772366e-07
-0.389999999999999	7.15862963345912e-07
-0.369999999999999	7.8603120389609e-07
-0.349999999999999	8.61705761525996e-07
-0.329999999999999	9.43291979624496e-07
-0.309999999999999	1.03122968569929e-06
-0.289999999999999	1.12599663054727e-06
-0.269999999999999	1.22811232590191e-06
-0.249999999999999	1.33814233355273e-06
-0.229999999999999	1.45670306693132e-06
-0.209999999999999	1.5844671755152e-06
-0.189999999999999	1.72216959337169e-06
-0.169999999999999	1.87061434605875e-06
-0.149999999999999	2.0306822252961e-06
-0.129999999999999	2.20333945877447e-06
-0.109999999999999	2.38964752374445e-06
-0.0899999999999994	2.59077427830217e-06
-0.0699999999999994	2.80800661440999e-06
-0.0499999999999994	3.04276487269334e-06
-0.0299999999999994	3.29661930222455e-06
-0.00999999999999938	3.57130890043708e-06
0.0100000000000006	3.86876303099885e-06
0.0300000000000006	4.19112629340559e-06
0.0500000000000006	4.54078721036827e-06
0.0700000000000006	4.92041141172541e-06
0.0900000000000006	5.33298013163745e-06
0.110000000000001	5.78183500562719e-06
0.130000000000001	6.27073036383182e-06
0.150000000000001	6.80389447721046e-06
0.170000000000001	7.38610153810986e-06
0.190000000000001	8.02275656337964e-06
0.210000000000001	8.71999592052956e-06
0.230000000000001	9.48480682606007e-06
0.250000000000001	1.03251699909684e-05
0.270000000000001	1.1250230646162e-05
0.290000000000001	1.22705045435818e-05
0.310000000000001	1.33981272968508e-05
0.330000000000001	1.46471577342606e-05
0.350000000000001	1.60339489742899e-05
0.370000000000001	1.75776049599779e-05
0.390000000000001	1.93005455684872e-05
0.410000000000001	2.12292106631428e-05
0.430000000000001	2.33949433169918e-05
0.450000000000001	2.58351059798445e-05
0.470000000000001	2.8594502151616e-05
0.490000000000001	3.17272024858754e-05
0.510000000000001	3.52989116672597e-05
0.530000000000001	3.93900662006542e-05
0.550000000000001	4.40999316449135e-05
0.570000000000001	4.95520837621817e-05
0.590000000000001	5.59018322677161e-05
0.610000000000001	6.33464122158981e-05
0.630000000000001	7.21391830331117e-05
0.650000000000001	8.26097352421917e-05
0.670000000000001	9.51928788767786e-05
0.690000000000001	0.000110471279520504
0.710000000000001	0.000129239582577074
0.730000000000001	0.000152603309606626
0.750000000000001	0.000182135792620921
0.770000000000001	0.000220135465651181
0.790000000000001	0.000270063910655114
0.810000000000001	0.000337325315448438
0.830000000000001	0.000430728104577877
0.850000000000001	0.000565405029608763
0.870000000000001	0.000769121670932198
0.890000000000001	0.00109732814957055
0.910000000000001	0.00167409317422885
0.930000000000001	0.00282563371079889
0.950000000000001	0.0056536053153313
0.970000000000001	0.0160281633267346
0.990000000000001	0.147193180073632
