# Program settings for SigmaNu
# Electroweak scheme and input parameters
# Scheme = Complex mass scheme
# alpha_GF = 0.00755898078237864
# Pole masses/widths for particles [GeV]
# mw = 80.35797361
# gw = 2.084298894
# mz = 91.15348062
# gz = 2.494266379
# s^2_thetaw (derived) = (0.222868505240788,-0.00110716741475141)
# charged leptons
# m_e = 0.0005109989461
# m_m = 0.10565837
# m_t = 1.77686
# quarks
# m_d = 0.05
# m_u = 0.05
# m_s = 0.2
# m_c = 1.51
# m_b = 4.92
# m_t = 173
# Ecms (default) = 3.22959

# channel_id = 6
# process  = nu_e nu_mu~ -> nu_e nu_mu~
-0.99	1.09646535830993e-06
-0.97	9.86843548685661e-06
-0.95	2.74130076617078e-05
-0.93	5.3730841322707e-05
-0.91	8.88225959592565e-05
-0.89	0.000132688931110322
-0.87	0.000185330506364437
-0.85	0.000246747981359704
-0.83	0.000316942015783806
-0.81	0.000395913269374
-0.79	0.000483662401917131
-0.77	0.000580190073249629
-0.75	0.00068549694325752
-0.73	0.000799583671876423
-0.71	0.000922450919091557
-0.69	0.00105409934493775
-0.67	0.00119452960949943
-0.65	0.00134374237291065
-0.63	0.00150173829535508
-0.61	0.00166851803706599
-0.59	0.00184408225832629
-0.57	0.00202843161946853
-0.55	0.00222156678087488
-0.53	0.00242348840297714
-0.51	0.00263419714625678
-0.49	0.00285369367124489
-0.47	0.00308197863852222
-0.45	0.00331905270871917
-0.429999999999999	0.0035649165425158
-0.409999999999999	0.00381957080064184
-0.389999999999999	0.00408301614387668
-0.369999999999999	0.00435525323304938
-0.349999999999999	0.00463628272903868
-0.329999999999999	0.00492610529277298
-0.309999999999999	0.0052247215852304
-0.289999999999999	0.00553213226743872
-0.269999999999999	0.00584833800047541
-0.249999999999999	0.00617333944546765
-0.229999999999999	0.00650713726359232
-0.209999999999999	0.00684973211607599
-0.189999999999999	0.00720112466419495
-0.169999999999999	0.0075613155692752
-0.149999999999999	0.00793030549269245
-0.129999999999999	0.00830809509587214
-0.109999999999999	0.00869468504028943
-0.0899999999999994	0.00909007598746921
-0.0699999999999994	0.0094942685989861
-0.0499999999999994	0.00990726353646446
-0.0299999999999994	0.0103290614615784
-0.00999999999999938	0.0107596630360518
0.0100000000000006	0.0111990689216581
0.0300000000000006	0.0116472797802209
0.0500000000000006	0.0121042962736131
0.0700000000000006	0.0125701190637577
0.0900000000000006	0.0130447488126272
0.110000000000001	0.0135281861822442
0.130000000000001	0.0140204318346807
0.150000000000001	0.0145214864320588
0.170000000000001	0.0150313506365501
0.190000000000001	0.0155500251103763
0.210000000000001	0.0160775105158086
0.230000000000001	0.0166138075151682
0.250000000000001	0.0171589167708259
0.270000000000001	0.0177128389452026
0.290000000000001	0.0182755747007686
0.310000000000001	0.0188471247000445
0.330000000000001	0.0194274896056002
0.350000000000001	0.0200166700800559
0.370000000000001	0.0206146667860813
0.390000000000001	0.021221480386396
0.410000000000001	0.0218371115437696
0.430000000000001	0.0224615609210212
0.450000000000001	0.0230948291810201
0.470000000000001	0.0237369169866853
0.490000000000001	0.0243878250009855
0.510000000000001	0.0250475538869395
0.530000000000001	0.0257161043076159
0.550000000000001	0.0263934769261329
0.570000000000001	0.027079672405659
0.590000000000001	0.0277746914094123
0.610000000000001	0.0284785346006607
0.630000000000001	0.0291912026427223
0.650000000000001	0.0299126961989647
0.670000000000001	0.0306430159328057
0.690000000000001	0.0313821625077127
0.710000000000001	0.0321301365872034
0.730000000000001	0.032886938834845
0.750000000000001	0.0336525699142548
0.770000000000001	0.0344270304890999
0.790000000000001	0.0352103212230975
0.810000000000001	0.0360024427800145
0.830000000000001	0.0368033958236679
0.850000000000001	0.0376131810179246
0.870000000000001	0.0384317990267012
0.890000000000001	0.0392592505139645
0.910000000000001	0.0400955361437311
0.930000000000001	0.0409406565800676
0.950000000000001	0.0417946124870906
0.970000000000001	0.0426574045289665
0.990000000000001	0.0435290333699118
