# Program settings for SigmaNu
# Electroweak scheme and input parameters
# Scheme = Complex mass scheme
# alpha_GF = 0.00755898078237864
# Pole masses/widths for particles [GeV]
# mw = 80.35797361
# gw = 2.084298894
# mz = 91.15348062
# gz = 2.494266379
# s^2_thetaw (derived) = (0.222868505240788,-0.00110716741475141)
# charged leptons
# m_e = 0.0005109989461
# m_m = 0.10565837
# m_t = 1.77686
# quarks
# m_d = 0.05
# m_u = 0.05
# m_s = 0.2
# m_c = 1.51
# m_b = 4.92
# m_t = 173
# Ecms (default) = 7505.41

# channel_id = 6
# process  = nu_e nu_mu~ -> nu_e nu_mu~
-0.99	1.30520239223799e-07
-0.97	1.19865103303408e-06
-0.95	3.39822522239549e-06
-0.93	6.79925725859684e-06
-0.91	1.1476168229142e-05
-0.89	1.75080978082152e-05
-0.87	2.49792413341962e-05
-0.85	3.39792143063987e-05
-0.83	4.4603446828139e-05
-0.81	5.69536107849968e-05
-0.79	7.11380828391177e-05
-0.77	8.72724466464693e-05
-0.75	0.000105480038068519
-0.73	0.000125892537557861
-0.71	0.000148650614354652
-0.69	0.00017390462764389
-0.67	0.000201815390400145
-0.65	0.000232555002295002
-0.63	0.000266307758773204
-0.61	0.000303271144227752
-0.59	0.000343656918135352
-0.57	0.000387692304066947
-0.55	0.00043562129268137
-0.53	0.000487706071164146
-0.51	0.000544228593112005
-0.49	0.000605492304614836
-0.47	0.00067182404428308
-0.45	0.000743576137248128
-0.429999999999999	0.000821128705770755
-0.409999999999999	0.000904892222080407
-0.389999999999999	0.000995310332497905
-0.369999999999999	0.0010928629858385
-0.349999999999999	0.00119806990363705
-0.329999999999999	0.00131149443498423
-0.309999999999999	0.00143374784483232
-0.289999999999999	0.00156549409166582
-0.269999999999999	0.001707455158606
-0.249999999999999	0.00186041701153522
-0.229999999999999	0.00202523626893238
-0.209999999999999	0.00220284768109888
-0.189999999999999	0.00239427253168397
-0.169999999999999	0.00260062809231671
-0.149999999999999	0.00282313828224444
-0.129999999999999	0.00306314570979813
-0.109999999999999	0.00332212530202966
-0.0899999999999994	0.00360169976394553
-0.0699999999999994	0.00390365715056196
-0.0499999999999994	0.00422997088496808
-0.0299999999999994	0.00458282261548822
-0.00999999999999938	0.00496462837709411
0.0100000000000006	0.00537806860919459
0.0300000000000006	0.00582612268728003
0.0500000000000006	0.00631210875397025
0.0700000000000006	0.00683972979130006
0.0900000000000006	0.00741312706754521
0.110000000000001	0.00803694232743122
0.130000000000001	0.00871639038556504
0.150000000000001	0.00945734414405312
0.170000000000001	0.0102664345055135
0.190000000000001	0.0111511682167903
0.210000000000001	0.0121200673890426
0.230000000000001	0.0131828353392161
0.250000000000001	0.0143505545428777
0.270000000000001	0.0156359239546817
0.290000000000001	0.0170535448421227
0.310000000000001	0.0186202667286843
0.330000000000001	0.0203556082424096
0.350000000000001	0.0222822718748018
0.370000000000001	0.0244267772333079
0.390000000000001	0.0268202448239115
0.410000000000001	0.0294993724442643
0.430000000000001	0.0325076599262452
0.450000000000001	0.0358969567209015
0.470000000000001	0.0397294328359971
0.490000000000001	0.0440801101290323
0.510000000000001	0.0490401427508354
0.530000000000001	0.0547211099763716
0.550000000000001	0.0612606931211713
0.570000000000001	0.0688302686098136
0.590000000000001	0.0776451901798533
0.610000000000001	0.0879789014378117
0.630000000000001	0.100182593525002
0.650000000000001	0.114713034599413
0.670000000000001	0.132172681165894
0.690000000000001	0.15336865531285
0.710000000000001	0.17940141509249
0.730000000000001	0.21180145350541
0.750000000000001	0.252746122890874
0.770000000000001	0.305414932167701
0.790000000000001	0.374594087482374
0.810000000000001	0.467751451102268
0.830000000000001	0.597050589991464
0.850000000000001	0.783370358679642
0.870000000000001	1.06497754829306
0.890000000000001	1.51818498707986
0.910000000000001	2.31340705770853
0.930000000000001	3.89743123234551
0.950000000000001	7.77199096470606
0.970000000000001	21.8626682406666
0.990000000000001	193.181541348117
