# Program settings for SigmaNu
# Electroweak scheme and input parameters
# Scheme = Complex mass scheme
# alpha_GF = 0.00755898078237864
# Pole masses/widths for particles [GeV]
# mw = 80.35797361
# gw = 2.084298894
# mz = 91.15348062
# gz = 2.494266379
# s^2_thetaw (derived) = (0.222868505240788,-0.00110716741475141)
# charged leptons
# m_e = 0.0005109989461
# m_m = 0.10565837
# m_t = 1.77686
# quarks
# m_d = 0.05
# m_u = 0.05
# m_s = 0.2
# m_c = 1.51
# m_b = 4.92
# m_t = 173
# Ecms (default) = 697683

# channel_id = 6
# process  = nu_e nu_mu~ -> nu_e nu_mu~
-0.99	1.51091196445507e-11
-0.97	1.38757149669379e-10
-0.95	3.9338346260535e-10
-0.93	7.87094313239977e-10
-0.91	1.32850623450295e-09
-0.89	2.0267821662572e-09
-0.87	2.89167049466011e-09
-0.85	3.93354726764963e-09
-0.83	5.1634618793316e-09
-0.81	6.59318654637545e-09
-0.79	8.23526993335936e-09
-0.77	1.01030953217896e-08
-0.75	1.22109437597624e-08
-0.73	1.45740626765253e-08
-0.71	1.72087404991892e-08
-0.69	2.01323878683153e-08
-0.67	2.33636261159173e-08
-0.65	2.69223837445927e-08
-0.63	3.08300017311819e-08
-0.61	3.51093485738852e-08
-0.59	3.97849461096817e-08
-0.57	4.48831072509778e-08
-0.55	5.04320869287223e-08
-0.53	5.64622476861557e-08
-0.51	6.3006241545695e-08
-0.49	7.00992099744326e-08
-0.47	7.77790040051215e-08
-0.45	8.60864268337653e-08
-0.429999999999999	9.50655015171813e-08
-0.409999999999999	1.04763766740264e-07
-0.389999999999999	1.15232604020272e-07
-0.369999999999999	1.26527600172724e-07
-0.349999999999999	1.38708949390403e-07
-0.329999999999999	1.51841899895271e-07
-0.309999999999999	1.6599725082685e-07
-0.289999999999999	1.81251905846442e-07
-0.269999999999999	1.97689490884316e-07
-0.249999999999999	2.15401044560501e-07
-0.229999999999999	2.34485791097469e-07
-0.209999999999999	2.55052007049193e-07
-0.189999999999999	2.77217994937031e-07
-0.169999999999999	3.01113178958575e-07
-0.149999999999999	3.26879340381752e-07
-0.129999999999999	3.54672013126645e-07
-0.109999999999999	3.84662063461883e-07
-0.0899999999999994	4.17037481811124e-07
-0.0699999999999994	4.5200541951374e-07
-0.0499999999999994	4.89794509179201e-07
-0.0299999999999994	5.3065751422372e-07
-0.00999999999999938	5.74874361537294e-07
0.0100000000000006	6.22755621319828e-07
0.0300000000000006	6.74646510347755e-07
0.0500000000000006	7.30931509792352e-07
0.0700000000000006	7.92039706845303e-07
0.0900000000000006	8.5845099162524e-07
0.110000000000001	9.30703268172843e-07
0.130000000000001	1.00940087211399e-06
0.150000000000001	1.09522442948356e-06
0.170000000000001	1.18894244346309e-06
0.190000000000001	1.29142496126637e-06
0.210000000000001	1.40365975587233e-06
0.230000000000001	1.52677156171649e-06
0.250000000000001	1.66204503639288e-06
0.270000000000001	1.81095229068162e-06
0.290000000000001	1.97518604863167e-06
0.310000000000001	2.15669978402586e-06
0.330000000000001	2.35775655123629e-06
0.350000000000001	2.58098871740645e-06
0.370000000000001	2.82947145098525e-06
0.390000000000001	3.10681368766075e-06
0.410000000000001	3.41727146193208e-06
0.430000000000001	3.76589008001025e-06
0.450000000000001	4.15868378974996e-06
0.470000000000001	4.60286462809058e-06
0.490000000000001	5.10713636984467e-06
0.510000000000001	5.68207552515434e-06
0.530000000000001	6.34062999222954e-06
0.550000000000001	7.09877859125944e-06
0.570000000000001	7.97641336805372e-06
0.590000000000001	8.99853459930057e-06
0.610000000000001	1.01968913060118e-05
0.630000000000001	1.1612266880575e-05
0.650000000000001	1.32977156790415e-05
0.670000000000001	1.53232293055037e-05
0.690000000000001	1.77825997650253e-05
0.710000000000001	2.08037415942436e-05
0.730000000000001	2.45646112806715e-05
0.750000000000001	2.93184691037041e-05
0.770000000000001	3.54352955802518e-05
0.790000000000001	4.3472304117833e-05
0.810000000000001	5.4299411129249e-05
0.830000000000001	6.93345163209612e-05
0.850000000000001	9.10135530496292e-05
0.870000000000001	0.00012380597604348
0.890000000000001	0.000176637657414815
0.910000000000001	0.000269480108856568
0.930000000000001	0.000454845018188466
0.950000000000001	0.000910068220199243
0.970000000000001	0.00258008659534892
0.990000000000001	0.0236945527467283
