# Program settings for SigmaNu
# Electroweak scheme and input parameters
# Scheme = Complex mass scheme
# alpha_GF = 0.00755898078237864
# Pole masses/widths for particles [GeV]
# mw = 80.35797361
# gw = 2.084298894
# mz = 91.15348062
# gz = 2.494266379
# s^2_thetaw (derived) = (0.222868505240788,-0.00110716741475141)
# charged leptons
# m_e = 0.0005109989461
# m_m = 0.10565837
# m_t = 1.77686
# quarks
# m_d = 0.05
# m_u = 0.05
# m_s = 0.2
# m_c = 1.51
# m_b = 4.92
# m_t = 173
# Ecms (default) = 21.6473

# channel_id = 6
# process  = nu_e nu_mu~ -> nu_e nu_mu~
-0.99	4.42793930903499e-05
-0.97	0.000398940214506925
-0.95	0.00110935159290917
-0.93	0.00217665413206019
-0.91	0.00360199209514835
-0.89	0.00538651341783767
-0.87	0.00753136972137054
-0.85	0.010037716325723
-0.83	0.0129067122628128
-0.81	0.0161395202897611
-0.79	0.0197373069022064
-0.77	0.0237012423476731
-0.75	0.0280325006389934
-0.73	0.0327322595677833
-0.71	0.0378017007179727
-0.69	0.0432420094793905
-0.67	0.0490543750614042
-0.65	0.0552399905066142
-0.63	0.0618000527046041
-0.61	0.0687357624057462
-0.59	0.0760483242350622
-0.57	0.0837389467061413
-0.55	0.0918088422351131
-0.53	0.100259227154678
-0.51	0.109091321728194
-0.49	0.118306350163821
-0.47	0.127905540628721
-0.45	0.137890125263319
-0.429999999999999	0.148261340195618
-0.409999999999999	0.159020425555574
-0.389999999999999	0.170168625489529
-0.369999999999999	0.181707188174705
-0.349999999999999	0.193637365833752
-0.329999999999999	0.205960414749358
-0.309999999999999	0.21867759527892
-0.289999999999999	0.231790171869273
-0.269999999999999	0.245299413071477
-0.249999999999999	0.259206591555668
-0.229999999999999	0.273512984125967
-0.209999999999999	0.288219871735451
-0.189999999999999	0.303328539501185
-0.169999999999999	0.318840276719313
-0.149999999999999	0.334756376880215
-0.129999999999999	0.351078137683725
-0.109999999999999	0.367806861054403
-0.0899999999999994	0.384943853156886
-0.0699999999999994	0.402490424411284
-0.0499999999999994	0.42044788950865
-0.0299999999999994	0.438817567426513
-0.00999999999999938	0.457600781444469
0.0100000000000006	0.476798859159838
0.0300000000000006	0.496413132503391
0.0500000000000006	0.516444937755134
0.0700000000000006	0.53689561556016
0.0900000000000006	0.557766510944564
0.110000000000001	0.579058973331429
0.130000000000001	0.600774356556872
0.150000000000001	0.622914018886158
0.170000000000001	0.645479323029881
0.190000000000001	0.668471636160209
0.210000000000001	0.691892329927202
0.230000000000001	0.715742780475188
0.250000000000001	0.740024368459217
0.270000000000001	0.764738479061575
0.290000000000001	0.78988650200837
0.310000000000001	0.815469831586179
0.330000000000001	0.841489866658785
0.350000000000001	0.867948010683951
0.370000000000001	0.894845671730295
0.390000000000001	0.92218426249421
0.410000000000001	0.949965200316874
0.430000000000001	0.978189907201313
0.450000000000001	1.00685980982955
0.470000000000001	1.03597633957981
0.490000000000001	1.06554093254381
0.510000000000001	1.09555502954413
0.530000000000001	1.1260200761516
0.550000000000001	1.15693752270285
0.570000000000001	1.18830882431784
0.590000000000001	1.22013544091754
0.610000000000001	1.25241883724164
0.630000000000001	1.28516048286634
0.650000000000001	1.3183618522222
0.670000000000001	1.35202442461212
0.690000000000001	1.38614968422935
0.710000000000001	1.42073912017555
0.730000000000001	1.45579422647899
0.750000000000001	1.49131650211278
0.770000000000001	1.5273074510132
0.790000000000001	1.56376858209808
0.810000000000001	1.6007014092853
0.830000000000001	1.63810745151131
0.850000000000001	1.6759882327498
0.870000000000001	1.71434528203036
0.890000000000001	1.75318013345728
0.910000000000001	1.79249432622845
0.930000000000001	1.83228940465426
0.950000000000001	1.87256691817662
0.970000000000001	1.91332842138811
0.990000000000001	1.95457547405112
