# Program settings for SigmaNu
# Electroweak scheme and input parameters
# Scheme = Complex mass scheme
# alpha_GF = 0.00755898078237864
# Pole masses/widths for particles [GeV]
# mw = 80.35797361
# gw = 2.084298894
# mz = 91.15348062
# gz = 2.494266379
# s^2_thetaw (derived) = (0.222868505240788,-0.00110716741475141)
# charged leptons
# m_e = 0.0005109989461
# m_m = 0.10565837
# m_t = 1.77686
# quarks
# m_d = 0.05
# m_u = 0.05
# m_s = 0.2
# m_c = 1.51
# m_b = 4.92
# m_t = 173
# Ecms (default) = 487880

# channel_id = 6
# process  = nu_e nu_mu~ -> nu_e nu_mu~
-0.99	3.08979308053095e-11
-0.97	2.83756360961248e-10
-0.95	8.04463481959204e-10
-0.93	1.60959646708499e-09
-0.91	2.71677600099313e-09
-0.89	4.14474016255701e-09
-0.87	5.91342425979227e-09
-0.85	8.04404715990925e-09
-0.83	1.05592047132174e-08
-0.81	1.34829709316316e-08
-0.79	1.68410076517188e-08
-0.77	2.06606834894919e-08
-0.75	2.49712029805457e-08
-0.73	2.98037468958296e-08
-0.71	3.5191624831733e-08
-0.69	4.11704412947721e-08
-0.67	4.77782766378083e-08
-0.65	5.50558843584595e-08
-0.63	6.30469064435411e-08
-0.61	7.1798108638734e-08
-0.59	8.13596377433628e-08
-0.57	9.17853032798233e-08
-0.55	1.03132886170039e-07
-0.53	1.15464477372251e-07
-0.51	1.28846849796129e-07
-0.49	1.43351867229278e-07
-0.47	1.59056934481431e-07
-0.45	1.76045493492948e-07
-0.429999999999999	1.94407570772407e-07
-0.409999999999999	2.14240382236309e-07
-0.389999999999999	2.35649002337035e-07
-0.369999999999999	2.58747105300277e-07
-0.349999999999999	2.83657787370683e-07
-0.329999999999999	3.10514480208451e-07
-0.309999999999999	3.39461967018758e-07
-0.289999999999999	3.70657514664229e-07
-0.269999999999999	4.04272136948846e-07
-0.249999999999999	4.4049200651828e-07
-0.229999999999999	4.79520035454941e-07
-0.209999999999999	5.2157764772612e-07
-0.189999999999999	5.66906770254988e-07
-0.169999999999999	6.15772073629032e-07
-0.149999999999999	6.68463498462729e-07
-0.129999999999999	7.25299109341757e-07
-0.109999999999999	7.86628325278741e-07
-0.0899999999999994	8.52835583931014e-07
-0.0699999999999994	9.24344506746062e-07
-0.0499999999999994	1.00162264405188e-06
-0.0299999999999994	1.08518689332011e-06
-0.00999999999999938	1.17560970092525e-06
0.0100000000000006	1.2735261783578e-06
0.0300000000000006	1.37964228884511e-06
0.0500000000000006	1.49474429072122e-06
0.0700000000000006	1.61970966097171e-06
0.0900000000000006	1.75551976781534e-06
0.110000000000001	1.90327461708171e-06
0.130000000000001	2.06421006620687e-06
0.150000000000001	2.23971798538102e-06
0.170000000000001	2.43136995225404e-06
0.190000000000001	2.64094520051218e-06
0.210000000000001	2.87046371127999e-06
0.230000000000001	3.1222255498212e-06
0.250000000000001	3.39885782187505e-06
0.270000000000001	3.70337097214962e-06
0.290000000000001	4.0392265961929e-06
0.310000000000001	4.4104195188602e-06
0.330000000000001	4.82157765267796e-06
0.350000000000001	5.27808414925555e-06
0.370000000000001	5.78622768222742e-06
0.390000000000001	6.35338847121182e-06
0.410000000000001	6.98827004315845e-06
0.430000000000001	7.70118997377305e-06
0.450000000000001	8.50444730979637e-06
0.470000000000001	9.4127905585349e-06
0.490000000000001	1.04440188086463e-05
0.510000000000001	1.16197608641085e-05
0.530000000000001	1.29664949814221e-05
0.550000000000001	1.45168976063176e-05
0.570000000000001	1.63116476710972e-05
0.590000000000001	1.8401870361904e-05
0.610000000000001	2.08524919432591e-05
0.630000000000001	2.37469138297836e-05
0.650000000000001	2.71936313668154e-05
0.670000000000001	3.1335776308669e-05
0.690000000000001	3.63651518580518e-05
0.710000000000001	4.25433412593322e-05
0.730000000000001	5.02342627568179e-05
0.750000000000001	5.99558296534337e-05
0.770000000000001	7.24646462708248e-05
0.790000000000001	8.89002051716897e-05
0.810000000000001	0.000111041471470257
0.830000000000001	0.000141788027083542
0.850000000000001	0.00018612131572201
0.870000000000001	0.000253181297697508
0.890000000000001	0.00036122122932102
0.910000000000001	0.000551082501841238
0.930000000000001	0.000930150558645252
0.950000000000001	0.00186107373817167
0.970000000000001	0.00527622735321994
0.990000000000001	0.0484546731409369
