# Program settings for SigmaNu
# Electroweak scheme and input parameters
# Scheme = Complex mass scheme
# alpha_GF = 0.00755898078237864
# Pole masses/widths for particles [GeV]
# mw = 80.35797361
# gw = 2.084298894
# mz = 91.15348062
# gz = 2.494266379
# s^2_thetaw (derived) = (0.222868505240788,-0.00110716741475141)
# charged leptons
# m_e = 0.0005109989461
# m_m = 0.10565837
# m_t = 1.77686
# quarks
# m_d = 0.05
# m_u = 0.05
# m_s = 0.2
# m_c = 1.51
# m_b = 4.92
# m_t = 173
# Ecms (default) = 172643

# channel_id = 6
# process  = nu_e nu_mu~ -> nu_e nu_mu~
-0.99	2.46750059163209e-10
-0.97	2.26607079120842e-09
-0.95	6.42442405036532e-09
-0.93	1.28541946686454e-08
-0.91	2.16961009278901e-08
-0.89	3.3099784585796e-08
-0.87	4.72244484349911e-08
-0.85	6.42395457319829e-08
-0.83	8.43255262773609e-08
-0.81	1.07674644423973e-07
-0.79	1.34491834842342e-07
-0.77	1.64995662489649e-07
-0.75	1.99419353918476e-07
-0.73	2.38011917833799e-07
-0.71	2.81039363672188e-07
-0.69	3.287860279484e-07
-0.67	3.81556019205762e-07
-0.65	4.39674793634416e-07
-0.63	5.03490874804493e-07
-0.61	5.73377732521401e-07
-0.59	6.49735837572814e-07
-0.57	7.32994911130689e-07
-0.55	8.23616389830386e-07
-0.53	9.22096130111859e-07
-0.51	1.02896737832023e-06
-0.49	1.14480403637798e-06
-0.47	1.27022425661982e-06
-0.45	1.40589440369694e-06
-0.429999999999999	1.55253342639309e-06
-0.409999999999999	1.71091768785182e-06
-0.389999999999999	1.88188630920707e-06
-0.369999999999999	2.06634708907704e-06
-0.349999999999999	2.26528306998638e-06
-0.329999999999999	2.47975983271615e-06
-0.309999999999999	2.71093361107379e-06
-0.289999999999999	2.9600603328989e-06
-0.269999999999999	3.22850570859861e-06
-0.249999999999999	3.51775650652723e-06
-0.229999999999999	3.82943317555477e-06
-0.209999999999999	4.16530399976593e-06
-0.189999999999999	4.52730099907158e-06
-0.169999999999999	4.91753782341376e-06
-0.149999999999999	5.3383299281928e-06
-0.129999999999999	5.79221736574565e-06
-0.109999999999999	6.28199058362829e-06
-0.0899999999999994	6.81071968690158e-06
-0.0699999999999994	7.38178770080232e-06
-0.0499999999999994	7.99892846482704e-06
-0.0299999999999994	8.66626990274192e-06
-0.00999999999999938	9.38838354955385e-06
0.0100000000000006	1.01703413812674e-05
0.0300000000000006	1.10177811928639e-05
0.0500000000000006	1.19369820126158e-05
0.0700000000000006	1.2934951337004e-05
0.0900000000000006	1.40195263333535e-05
0.110000000000001	1.51994916036964e-05
0.130000000000001	1.64847166549026e-05
0.150000000000001	1.78863169046099e-05
0.170000000000001	1.94168429059556e-05
0.190000000000001	2.10905035434908e-05
0.210000000000001	2.29234302994087e-05
0.230000000000001	2.49339913943792e-05
0.250000000000001	2.71431667783509e-05
0.270000000000001	2.95749977272739e-05
0.290000000000001	3.22571283849707e-05
0.310000000000001	3.52214612371791e-05
0.330000000000001	3.85049545747493e-05
0.350000000000001	4.21505979877161e-05
0.370000000000001	4.62086125159624e-05
0.390000000000001	5.0737936225292e-05
0.410000000000001	5.58080750392186e-05
0.430000000000001	6.15014245815968e-05
0.450000000000001	6.79162043871593e-05
0.470000000000001	7.51701952348742e-05
0.490000000000001	8.34055396576475e-05
0.510000000000001	9.27949640517732e-05
0.530000000000001	0.000103549922224984
0.550000000000001	0.000115931366308035
0.570000000000001	0.000130264155735638
0.590000000000001	0.000146956572979299
0.610000000000001	0.000166527114902464
0.630000000000001	0.000189641819501965
0.650000000000001	0.000217167122908185
0.670000000000001	0.000250246064742363
0.690000000000001	0.000290410370598081
0.710000000000001	0.000339749023149484
0.730000000000001	0.00040116824261257
0.750000000000001	0.000478804038215667
0.770000000000001	0.00057869858011865
0.790000000000001	0.000709951740230635
0.810000000000001	0.000886770139731476
0.830000000000001	0.00113230949646087
0.850000000000001	0.00148635097325648
0.870000000000001	0.00202188497482325
0.890000000000001	0.00288467902805111
0.910000000000001	0.00440088476005269
0.930000000000001	0.00742805791928269
0.950000000000001	0.0148622030437911
0.970000000000001	0.042134462893481
0.990000000000001	0.386920186310659
