# Program settings for SigmaNu
# Electroweak scheme and input parameters
# Scheme = Complex mass scheme
# alpha_GF = 0.00755898078237864
# Pole masses/widths for particles [GeV]
# mw = 80.35797361
# gw = 2.084298894
# mz = 91.15348062
# gz = 2.494266379
# s^2_thetaw (derived) = (0.222868505240788,-0.00110716741475141)
# charged leptons
# m_e = 0.0005109989461
# m_m = 0.10565837
# m_t = 1.77686
# quarks
# m_d = 0.05
# m_u = 0.05
# m_s = 0.2
# m_c = 1.51
# m_b = 4.92
# m_t = 173
# Ecms (default) = 3736460

# channel_id = 6
# process  = nu_e nu_mu~ -> nu_e nu_mu~
-0.99	5.26786675947632e-13
-0.97	4.83783432671647e-12
-0.95	1.37155024021632e-11
-0.93	2.74424193540199e-11
-0.91	4.6319004725904e-11
-0.89	7.06647288009487e-11
-0.87	1.00819473727859e-10
-0.85	1.37145005384092e-10
-0.83	1.80026566183936e-10
-0.81	2.29874600096793e-10
-0.79	2.87126622320572e-10
-0.77	3.52249247372468e-10
-0.75	4.25740390832237e-10
-0.73	5.08131661621811e-10
-0.71	5.99990963552798e-10
-0.69	7.0192532694692e-10
-0.67	8.14583993464038e-10
-0.65	9.38661779893411e-10
-0.63	1.07490274961636e-09
-0.61	1.22410422377927e-09
-0.59	1.38712116797833e-09
-0.57	1.564870994514e-09
-0.55	1.75833882509526e-09
-0.53	1.96858326434526e-09
-0.51	2.1967427406777e-09
-0.49	2.44404247819007e-09
-0.47	2.71180217128771e-09
-0.45	3.00144444296539e-09
-0.429999999999999	3.31450417821167e-09
-0.409999999999999	3.65263883607682e-09
-0.389999999999999	4.01763985780768e-09
-0.369999999999999	4.41144530439569e-09
-0.349999999999999	4.83615387525477e-09
-0.329999999999999	5.29404048095545e-09
-0.309999999999999	5.7875735674775e-09
-0.289999999999999	6.31943441788762e-09
-0.269999999999999	6.89253869039291e-09
-0.249999999999999	7.51006049019416e-09
-0.229999999999999	8.17545931745917e-09
-0.209999999999999	8.89251028624922e-09
-0.189999999999999	9.66533807080331e-09
-0.169999999999999	1.04984551079558e-08
-0.149999999999999	1.13968046697473e-08
-0.129999999999999	1.23658095210586e-08
-0.109999999999999	1.34114269964872e-08
-0.0899999999999994	1.45402114725453e-08
-0.0699999999999994	1.57593853803047e-08
-0.0499999999999994	1.70769201056728e-08
-0.0299999999999994	1.85016283667674e-08
-0.00999999999999938	2.00432699493194e-08
0.0100000000000006	2.17126730328404e-08
0.0300000000000006	2.35218737664497e-08
0.0500000000000006	2.54842772713433e-08
0.0700000000000006	2.76148438791537e-08
0.0900000000000006	2.99303051900959e-08
0.110000000000001	3.24494154878034e-08
0.130000000000001	3.51932452252312e-08
0.150000000000001	3.81855247573257e-08
0.170000000000001	4.14530483182502e-08
0.190000000000001	4.50261505239789e-08
0.210000000000001	4.89392705562676e-08
0.230000000000001	5.32316228243743e-08
0.250000000000001	5.79479975359491e-08
0.270000000000001	6.31397205448256e-08
0.290000000000001	6.88658094934305e-08
0.310000000000001	7.51943731901659e-08
0.330000000000001	8.22043141209553e-08
0.350000000000001	8.99874110408761e-08
0.370000000000001	9.86508811877238e-08
0.390000000000001	1.08320551853674e-07
0.410000000000001	1.19144811745875e-07
0.430000000000001	1.31299567914111e-07
0.450000000000001	1.44994510030858e-07
0.470000000000001	1.60481089269353e-07
0.490000000000001	1.78062766972173e-07
0.510000000000001	1.9810829831448e-07
0.530000000000001	2.21069118076692e-07
0.550000000000001	2.47502335618696e-07
0.570000000000001	2.78101496830862e-07
0.590000000000001	3.13738248581839e-07
0.610000000000001	3.55519536030374e-07
0.630000000000001	4.04867292143826e-07
0.650000000000001	4.63631283093521e-07
0.670000000000001	5.34251800578949e-07
0.690000000000001	6.19998949074336e-07
0.710000000000001	7.2533253206928e-07
0.730000000000001	8.56457090600894e-07
0.750000000000001	1.02220267004494e-06
0.770000000000001	1.23546882540491e-06
0.790000000000001	1.51568308073045e-06
0.810000000000001	1.89317550865739e-06
0.830000000000001	2.41738189843479e-06
0.850000000000001	3.17323230477962e-06
0.870000000000001	4.316556557735e-06
0.890000000000001	6.15855981348402e-06
0.910000000000001	9.39555932845123e-06
0.930000000000001	1.58584033003625e-05
0.950000000000001	3.17300041207739e-05
0.970000000000001	8.99561466021349e-05
0.990000000000001	0.000826127320106409
