# Program settings for SigmaNu
# Electroweak scheme and input parameters
# Scheme = Complex mass scheme
# alpha_GF = 0.00755898078237864
# Pole masses/widths for particles [GeV]
# mw = 80.35797361
# gw = 2.084298894
# mz = 91.15348062
# gz = 2.494266379
# s^2_thetaw (derived) = (0.222868505240788,-0.00110716741475141)
# charged leptons
# m_e = 0.0005109989461
# m_m = 0.10565837
# m_t = 1.77686
# quarks
# m_d = 0.05
# m_u = 0.05
# m_s = 0.2
# m_c = 1.51
# m_b = 4.92
# m_t = 173
# Ecms (default) = 0.0368059

# channel_id = 6
# process  = nu_e nu_mu~ -> nu_e nu_mu~
-0.99	1.42763858567325e-10
-0.97	1.28487473129247e-09
-0.95	3.56909648744167e-09
-0.93	6.99542913817899e-09
-0.91	1.15638726946685e-08
-0.89	1.72744271680743e-08
-0.87	2.41270925695605e-08
-0.85	3.21218689102911e-08
-0.83	4.12587562014303e-08
-0.81	5.15377544541419e-08
-0.79	6.29588636795903e-08
-0.77	7.55220838889393e-08
-0.75	8.92274150933532e-08
-0.73	1.04074857303996e-07
-0.71	1.20064410532032e-07
-0.69	1.37196074788625e-07
-0.67	1.55469850084939e-07
-0.65	1.74885736432138e-07
-0.63	1.95443733841386e-07
-0.61	2.17143842323848e-07
-0.59	2.39986061890687e-07
-0.57	2.63970392553068e-07
-0.55	2.89096834322154e-07
-0.53	3.1536538720911e-07
-0.51	3.42776051225099e-07
-0.49	3.71328826381287e-07
-0.47	4.01023712688836e-07
-0.45	4.31860710158912e-07
-0.429999999999999	4.63839818802677e-07
-0.409999999999999	4.96961038631297e-07
-0.389999999999999	5.31224369655934e-07
-0.369999999999999	5.66629811887754e-07
-0.349999999999999	6.03177365337921e-07
-0.329999999999999	6.40867030017597e-07
-0.309999999999999	6.79698805937949e-07
-0.289999999999999	7.19672693110138e-07
-0.269999999999999	7.60788691545331e-07
-0.249999999999999	8.03046801254691e-07
-0.229999999999999	8.46447022249381e-07
-0.209999999999999	8.90989354540566e-07
-0.189999999999999	9.3667379813941e-07
-0.169999999999999	9.83500353057077e-07
-0.149999999999999	1.03146901930473e-06
-0.129999999999999	1.08057979689354e-06
-0.109999999999999	1.13083268583466e-06
-0.0899999999999994	1.18222768613926e-06
-0.0699999999999994	1.2347647978185e-06
-0.0499999999999994	1.28844402088355e-06
-0.0299999999999994	1.34326535534558e-06
-0.00999999999999938	1.39922880121573e-06
0.0100000000000006	1.45633435850519e-06
0.0300000000000006	1.51458202722512e-06
0.0500000000000006	1.57397180738667e-06
0.0700000000000006	1.63450369900101e-06
0.0900000000000006	1.69617770207931e-06
0.110000000000001	1.75899381663273e-06
0.130000000000001	1.82295204267243e-06
0.150000000000001	1.88805238020958e-06
0.170000000000001	1.95429482925534e-06
0.190000000000001	2.02167938982088e-06
0.210000000000001	2.09020606191737e-06
0.230000000000001	2.15987484555595e-06
0.250000000000001	2.2306857407478e-06
0.270000000000001	2.30263874750409e-06
0.290000000000001	2.37573386583598e-06
0.310000000000001	2.44997109575462e-06
0.330000000000001	2.52535043727119e-06
0.350000000000001	2.60187189039685e-06
0.370000000000001	2.67953545514276e-06
0.390000000000001	2.75834113152009e-06
0.410000000000001	2.83828891954001e-06
0.430000000000001	2.91937881921366e-06
0.450000000000001	3.00161083055223e-06
0.470000000000001	3.08498495356687e-06
0.490000000000001	3.16950118826875e-06
0.510000000000001	3.25515953466903e-06
0.530000000000001	3.34195999277887e-06
0.550000000000001	3.42990256260945e-06
0.570000000000001	3.51898724417192e-06
0.590000000000001	3.60921403747745e-06
0.610000000000001	3.7005829425372e-06
0.630000000000001	3.79309395936233e-06
0.650000000000001	3.88674708796402e-06
0.670000000000001	3.98154232835342e-06
0.690000000000001	4.0774796805417e-06
0.710000000000001	4.17455914454003e-06
0.730000000000001	4.27278072035956e-06
0.750000000000001	4.37214440801146e-06
0.770000000000001	4.47265020750689e-06
0.790000000000001	4.57429811885703e-06
0.810000000000001	4.67708814207303e-06
0.830000000000001	4.78102027716605e-06
0.850000000000001	4.88609452414727e-06
0.870000000000001	4.99231088302784e-06
0.890000000000001	5.09966935381893e-06
0.910000000000001	5.2081699365317e-06
0.930000000000001	5.31781263117733e-06
0.950000000000001	5.42859743776696e-06
0.970000000000001	5.54052435631177e-06
0.990000000000001	5.65359338682292e-06
