# Program settings for SigmaNu
# Electroweak scheme and input parameters
# Scheme = Complex mass scheme
# alpha_GF = 0.00755898078237864
# Pole masses/widths for particles [GeV]
# mw = 80.35797361
# gw = 2.084298894
# mz = 91.15348062
# gz = 2.494266379
# s^2_thetaw (derived) = (0.222868505240788,-0.00110716741475141)
# charged leptons
# m_e = 0.0005109989461
# m_m = 0.10565837
# m_t = 1.77686
# quarks
# m_d = 0.05
# m_u = 0.05
# m_s = 0.2
# m_c = 1.51
# m_b = 4.92
# m_t = 173
# Ecms (default) = 220061

# channel_id = 6
# process  = nu_e nu_mu~ -> nu_e nu_mu~
-0.99	1.51869003376649e-10
-0.97	1.39471461349044e-09
-0.95	3.95408570688476e-09
-0.93	7.91146212176458e-09
-0.91	1.33534527448059e-08
-0.89	2.03721586587702e-08
-0.87	2.90655655456357e-08
-0.85	3.95379680144599e-08
-0.83	5.19004287968071e-08
-0.81	6.62712760574429e-08
-0.79	8.27766424080779e-08
-0.77	1.01551049591724e-07
-0.75	1.22738043229842e-07
-0.73	1.46490882499761e-07
-0.71	1.7297329014256e-07
-0.69	2.02360268799338e-07
-0.67	2.34838990345442e-07
-0.65	2.70609765647816e-07
-0.63	3.09887103021834e-07
-0.61	3.52900864624208e-07
-0.59	3.99897531103266e-07
-0.57	4.51141586055015e-07
-0.55	5.06917033223608e-07
-0.53	5.67529060962207e-07
-0.51	6.33305870262788e-07
-0.49	7.04600684703593e-07
-0.47	7.81793962988853e-07
-0.45	8.65295837411379e-07
-0.429999999999999	9.55548804606772e-07
-0.409999999999999	1.05303069844933e-06
-0.389999999999999	1.15825797893616e-06
-0.369999999999999	1.27178937550235e-06
-0.349999999999999	1.39422992850583e-06
-0.329999999999999	1.52623547873556e-06
-0.309999999999999	1.66851766186981e-06
-0.289999999999999	1.82184947301186e-06
-0.269999999999999	1.98707147595665e-06
-0.249999999999999	2.16509874293355e-06
-0.229999999999999	2.3569286235138e-06
-0.209999999999999	2.56364945650987e-06
-0.189999999999999	2.78645035644512e-06
-0.169999999999999	3.02663222703562e-06
-0.149999999999999	3.28562017871337e-06
-0.129999999999999	3.56497755627069e-06
-0.109999999999999	3.86642181712548e-06
-0.0899999999999994	4.19184254160355e-06
-0.0699999999999994	4.54332190536896e-06
-0.0499999999999994	4.92315800238597e-06
-0.0299999999999994	5.3338914766441e-06
-0.00999999999999938	5.77833600490388e-06
0.0100000000000006	6.25961327414533e-06
0.0300000000000006	6.78119322025786e-06
0.0500000000000006	7.34694044387224e-06
0.0700000000000006	7.96116790151231e-06
0.0900000000000006	8.6286991935688e-06
0.110000000000001	9.35494104534294e-06
0.130000000000001	1.01459679168636e-05
0.150000000000001	1.10086210984704e-05
0.170000000000001	1.1950625174449e-05
0.190000000000001	1.29807253951822e-05
0.210000000000001	1.41088503271797e-05
0.230000000000001	1.5346305199834e-05
0.250000000000001	1.67060027040011e-05
0.270000000000001	1.82027397088956e-05
0.290000000000001	1.98535305692192e-05
0.310000000000001	2.16780105550617e-05
0.330000000000001	2.36989266730394e-05
0.350000000000001	2.59427380615775e-05
0.370000000000001	2.84403546574602e-05
0.390000000000001	3.12280515355565e-05
0.410000000000001	3.43486080555679e-05
0.430000000000001	3.78527369058226e-05
0.450000000000001	4.18008900463883e-05
0.470000000000001	4.62655589571065e-05
0.490000000000001	5.13342292480041e-05
0.510000000000001	5.71132102341415e-05
0.530000000000001	6.37326471152328e-05
0.550000000000001	7.13531502420963e-05
0.570000000000001	8.01746635383583e-05
0.590000000000001	9.04484760211493e-05
0.610000000000001	0.000102493711315907
0.630000000000001	0.000116720301483373
0.650000000000001	0.000133661519401279
0.670000000000001	0.000154020881582632
0.690000000000001	0.0001787411326361
0.710000000000001	0.000209107997339785
0.730000000000001	0.000246910193350509
0.750000000000001	0.000294693348362586
0.770000000000001	0.000356176293619728
0.790000000000001	0.000436959814776457
0.810000000000001	0.000545787801238565
0.830000000000001	0.000696912138536991
0.850000000000001	0.000914817359545198
0.870000000000001	0.00124442767601434
0.890000000000001	0.00177546033347695
0.910000000000001	0.0027086559772829
0.930000000000001	0.0045718263409953
0.950000000000001	0.0091474216515612
0.970000000000001	0.025933160812696
0.990000000000001	0.238150661851776
