# Program settings for SigmaNu
# Electroweak scheme and input parameters
# Scheme = Complex mass scheme
# alpha_GF = 0.00755898078237864
# Pole masses/widths for particles [GeV]
# mw = 80.35797361
# gw = 2.084298894
# mz = 91.15348062
# gz = 2.494266379
# s^2_thetaw (derived) = (0.222868505240788,-0.00110716741475141)
# charged leptons
# m_e = 0.0005109989461
# m_m = 0.10565837
# m_t = 1.77686
# quarks
# m_d = 0.05
# m_u = 0.05
# m_s = 0.2
# m_c = 1.51
# m_b = 4.92
# m_t = 173
# Ecms (default) = 671277

# channel_id = 6
# process  = nu_e nu_mu~ -> nu_e nu_mu~
-0.99	1.63211932313422e-11
-0.97	1.49888431966827e-10
-0.95	4.24941204906627e-10
-0.93	8.50236061319029e-10
-0.91	1.43508076380119e-09
-0.89	2.18937331536947e-09
-0.87	3.12364413060977e-09
-0.85	4.24910163774555e-09
-0.83	5.57768162788706e-09
-0.81	7.12210070048868e-09
-0.79	8.89591419059008e-09
-0.77	1.09135790042309e-08
-0.75	1.31905218340619e-08
-0.73	1.57432132782567e-08
-0.71	1.85892484430751e-08
-0.69	2.17474346736712e-08
-0.67	2.52378871299178e-08
-0.65	2.90821330052205e-08
-0.63	3.33032252777754e-08
-0.61	3.79258669869172e-08
-0.59	4.29765471437773e-08
-0.57	4.84836895173475e-08
-0.55	5.44778156864509e-08
-0.53	6.09917239176397e-08
-0.51	6.80606856216811e-08
-0.49	7.57226613605513e-08
-0.47	8.40185386268168e-08
-0.45	9.29923939027215e-08
-0.429999999999999	1.02691781832801e-07
-0.409999999999999	1.13168054717986e-07
-0.389999999999999	1.24476715968645e-07
-0.369999999999999	1.36677811647975e-07
-0.349999999999999	1.49836364806309e-07
-0.329999999999999	1.64022857964036e-07
-0.309999999999999	1.79313769861022e-07
-0.289999999999999	1.95792173471685e-07
-0.269999999999999	2.13548403308681e-07
-0.249999999999999	2.32680801230149e-07
-0.229999999999999	2.53296551356472e-07
-0.209999999999999	2.75512616329481e-07
-0.189999999999999	2.99456789054682e-07
-0.169999999999999	3.2526887630931e-07
-0.149999999999999	3.53102033241365e-07
-0.129999999999999	3.83124270906846e-07
-0.109999999999999	4.15520162691443e-07
-0.0899999999999994	4.50492779858102e-07
-0.0699999999999994	4.88265891699317e-07
-0.0499999999999994	5.29086472033382e-07
-0.0299999999999994	5.7322756129034e-07
-0.00999999999999938	6.20991542463552e-07
0.0100000000000006	6.72713900102831e-07
0.0300000000000006	7.28767544728351e-07
0.0500000000000006	7.89567801096394e-07
0.0700000000000006	8.55578178337114e-07
0.0900000000000006	9.27317063985014e-07
0.110000000000001	1.00536551344952e-06
0.130000000000001	1.09037634295406e-06
0.150000000000001	1.1830847792476e-06
0.170000000000001	1.28432097584556e-06
0.190000000000001	1.39502477629075e-06
0.210000000000001	1.51626319400605e-06
0.230000000000001	1.64925119109813e-06
0.250000000000001	1.79537648207697e-06
0.270000000000001	1.95622927237819e-06
0.290000000000001	2.13363807859083e-06
0.310000000000001	2.32971308472183e-06
0.330000000000001	2.54689889032618e-06
0.350000000000001	2.78803903448237e-06
0.370000000000001	3.05645537967212e-06
0.390000000000001	3.35604637511936e-06
0.410000000000001	3.69140947996796e-06
0.430000000000001	4.06799474147689e-06
0.450000000000001	4.4922988783067e-06
0.470000000000001	4.97211248639831e-06
0.490000000000001	5.51683756871339e-06
0.510000000000001	6.13789909679854e-06
0.530000000000001	6.84928366608955e-06
0.550000000000001	7.66825193848263e-06
0.570000000000001	8.61629172550886e-06
0.590000000000001	9.72040885844902e-06
0.610000000000001	1.1014899305871e-05
0.630000000000001	1.254381815661e-05
0.650000000000001	1.43644758556249e-05
0.670000000000001	1.65524788236567e-05
0.690000000000001	1.92091431810145e-05
0.710000000000001	2.24726449325851e-05
0.730000000000001	2.65352164630763e-05
0.750000000000001	3.16704349147318e-05
0.770000000000001	3.82779611121898e-05
0.790000000000001	4.69597088286425e-05
0.810000000000001	5.8655380268867e-05
0.830000000000001	7.48966208324146e-05
0.850000000000001	9.8314777484409e-05
0.870000000000001	0.000133737850130259
0.890000000000001	0.000190807755236583
0.910000000000001	0.000291098143144526
0.930000000000001	0.00049133325080153
0.950000000000001	0.000983074993031537
0.970000000000001	0.00278706405762232
0.990000000000001	0.0255953471973287
