# Program settings for SigmaNu
# Electroweak scheme and input parameters
# Scheme = Complex mass scheme
# alpha_GF = 0.00755898078237864
# Pole masses/widths for particles [GeV]
# mw = 80.35797361
# gw = 2.084298894
# mz = 91.15348062
# gz = 2.494266379
# s^2_thetaw (derived) = (0.222868505240788,-0.00110716741475141)
# charged leptons
# m_e = 0.0005109989461
# m_m = 0.10565837
# m_t = 1.77686
# quarks
# m_d = 0.05
# m_u = 0.05
# m_s = 0.2
# m_c = 1.51
# m_b = 4.92
# m_t = 173
# Ecms (default) = 2798.63

# channel_id = 6
# process  = nu_e nu_mu~ -> nu_e nu_mu~
-0.99	9.36998516251046e-07
-0.97	8.60489789475841e-06
-0.95	2.43947777572646e-05
-0.93	4.880875828758e-05
-0.91	8.23805323331621e-05
-0.89	0.000125677598301814
-0.87	0.000179303672737936
-0.85	0.000243901298953087
-0.83	0.000320154669762172
-0.81	0.000408792684244491
-0.79	0.000510592260532189
-0.77	0.000626381928954918
-0.75	0.000757045732470076
-0.73	0.000903527464218574
-0.71	0.00106683527530776
-0.69	0.00124804668958254
-0.67	0.00144831406625694
-0.65	0.00166887055590274
-0.63	0.00191103660050071
-0.61	0.00217622703413504
-0.59	0.00246595884754743
-0.57	0.00278185968727272
-0.55	0.00312567716858019
-0.53	0.0034992890910896
-0.51	0.00390471465688953
-0.49	0.00434412680345657
-0.47	0.00481986577788818
-0.45	0.00533445409519077
-0.429999999999999	0.00589061304192543
-0.409999999999999	0.00649128090777718
-0.389999999999999	0.0071396331520195
-0.369999999999999	0.00783910473990784
-0.349999999999999	0.00859341491636503
-0.329999999999999	0.00940659472163808
-0.309999999999999	0.0102830175967664
-0.289999999999999	0.0112274334767249
-0.269999999999999	0.012245006827205
-0.249999999999999	0.013341359148627
-0.229999999999999	0.0145226165498763
-0.209999999999999	0.0157954630865188
-0.189999999999999	0.0171672006663999
-0.169999999999999	0.0186458164526171
-0.149999999999999	0.020240058843571
-0.129999999999999	0.021959523286655
-0.109999999999999	0.0238147493916107
-0.0899999999999994	0.025817331058389
-0.0699999999999994	0.0279800416307602
-0.0499999999999994	0.030316976441089
-0.0299999999999994	0.0328437155362183
-0.00999999999999938	0.0355775098849242
0.0100000000000006	0.0385374949834036
0.0300000000000006	0.0417449365211393
0.0500000000000006	0.0452235136759279
0.0700000000000006	0.0489996467125934
0.0900000000000006	0.0531028769140689
0.110000000000001	0.0575663085387434
0.130000000000001	0.0624271245544289
0.150000000000001	0.0677271904502751
0.170000000000001	0.0735137636070812
0.190000000000001	0.0798403296876943
0.210000000000001	0.0867675925202909
0.230000000000001	0.0943646502883582
0.250000000000001	0.10271039890988
0.270000000000001	0.111895213815556
0.290000000000001	0.122022974635524
0.310000000000001	0.133213514542479
0.330000000000001	0.145605598495546
0.350000000000001	0.159360564198862
0.370000000000001	0.174666798751653
0.390000000000001	0.191745276252628
0.410000000000001	0.210856452024683
0.430000000000001	0.232308904783532
0.450000000000001	0.256470249299457
0.470000000000001	0.283781023972094
0.490000000000001	0.314772512571127
0.510000000000001	0.350089820665566
0.530000000000001	0.390522045900876
0.550000000000001	0.43704213596679
0.570000000000001	0.490860142396635
0.590000000000001	0.553495249796297
0.610000000000001	0.626874510672054
0.630000000000001	0.713470181542575
0.650000000000001	0.816493848914511
0.670000000000001	0.940175747195194
0.690000000000001	1.09017466469814
0.710000000000001	1.27419290227861
0.730000000000001	1.50292203063607
0.750000000000001	1.79153886387801
0.770000000000001	2.16214906000954
0.790000000000001	2.64792963092961
0.810000000000001	3.30046303610886
0.830000000000001	4.20340732965148
0.850000000000001	5.49960691135117
0.870000000000001	7.44912757616612
0.890000000000001	10.5661001845963
0.910000000000001	15.9850221298909
0.930000000000001	26.6288844990011
0.950000000000001	52.0477609956744
0.970000000000001	139.863510057544
0.990000000000001	1002.16497456709
