# Program settings for SigmaNu
# Electroweak scheme and input parameters
# Scheme = Complex mass scheme
# alpha_GF = 0.00755898078237864
# Pole masses/widths for particles [GeV]
# mw = 80.35797361
# gw = 2.084298894
# mz = 91.15348062
# gz = 2.494266379
# s^2_thetaw (derived) = (0.222868505240788,-0.00110716741475141)
# charged leptons
# m_e = 0.0005109989461
# m_m = 0.10565837
# m_t = 1.77686
# quarks
# m_d = 0.05
# m_u = 0.05
# m_s = 0.2
# m_c = 1.51
# m_b = 4.92
# m_t = 173
# Ecms (default) = 172561

# channel_id = 6
# process  = nu_e nu_mu~ -> nu_e nu_mu~
-0.99	2.46984623183162e-10
-0.97	2.26822494944063e-09
-0.95	6.43053119667718e-09
-0.93	1.2866414043718e-08
-0.91	2.17167255411061e-08
-0.89	3.31312496980142e-08
-0.87	4.72693406473924e-08
-0.85	6.4300612730297e-08
-0.83	8.44056872853253e-08
-0.81	1.07777001424896e-07
-0.79	1.34619684633182e-07
-0.77	1.65152509638139e-07
-0.75	1.99608924700631e-07
-0.73	2.38238175236637e-07
-0.71	2.81306523554847e-07
-0.69	3.29098576464097e-07
-0.67	3.8191873159734e-07
-0.65	4.40092754527696e-07
-0.63	5.03969500136425e-07
-0.61	5.73922793254274e-07
-0.59	6.50353485361743e-07
-0.57	7.33691706129406e-07
-0.55	8.24399330840366e-07
-0.53	9.22972687302228e-07
-0.51	1.02994552877109e-06
-0.49	1.14589230272812e-06
-0.47	1.27143174913173e-06
-0.45	1.40723086608803e-06
-0.429999999999999	1.55400928582284e-06
-0.409999999999999	1.71254410950064e-06
-0.389999999999999	1.88367525593477e-06
-0.369999999999999	2.06831138670856e-06
-0.349999999999999	2.26743647883958e-06
-0.329999999999999	2.48211712606369e-06
-0.309999999999999	2.71351066131906e-06
-0.289999999999999	2.96287420634641e-06
-0.269999999999999	3.23157476981463e-06
-0.249999999999999	3.521100533419e-06
-0.229999999999999	3.83307348644883e-06
-0.209999999999999	4.16926359394211e-06
-0.189999999999999	4.53160471241226e-06
-0.169999999999999	4.92221250106364e-06
-0.149999999999999	5.34340461639757e-06
-0.129999999999999	5.7977235253566e-06
-0.109999999999999	6.28796232813099e-06
-0.0899999999999994	6.81719404826169e-06
-0.0699999999999994	7.38880492693127e-06
-0.0499999999999994	8.00653235307022e-06
-0.0299999999999994	8.67450817449984e-06
-0.00999999999999938	9.39730827198429e-06
0.0100000000000006	1.01800094430104e-05
0.0300000000000006	1.1028254841916e-05
0.0500000000000006	1.19483294658938e-05
0.0700000000000006	1.29472474728351e-05
0.0900000000000006	1.40328534801703e-05
0.110000000000001	1.52139404406787e-05
0.130000000000001	1.65003872433005e-05
0.150000000000001	1.79033198721206e-05
0.170000000000001	1.9435300810979e-05
0.190000000000001	2.11105524515578e-05
0.210000000000001	2.29452216108241e-05
0.230000000000001	2.49576939704887e-05
0.250000000000001	2.716896942428e-05
0.270000000000001	2.96031121020566e-05
0.290000000000001	3.2287792426474e-05
0.310000000000001	3.52549432101273e-05
0.330000000000001	3.85415578768244e-05
0.350000000000001	4.21906668829725e-05
0.370000000000001	4.62525390091157e-05
0.390000000000001	5.07861683482101e-05
0.410000000000001	5.58611268968309e-05
0.430000000000001	6.15598886049659e-05
0.450000000000001	6.79807663758403e-05
0.470000000000001	7.52416529520132e-05
0.490000000000001	8.34848259884844e-05
0.510000000000001	9.28831760769311e-05
0.530000000000001	0.000103648358035077
0.550000000000001	0.000116041572057186
0.570000000000001	0.00013038798639227
0.590000000000001	0.00014709627162872
0.610000000000001	0.000166685417517478
0.630000000000001	0.000189822095196506
0.650000000000001	0.000217373564437106
0.670000000000001	0.000250483951442408
0.690000000000001	0.00029068643787497
0.710000000000001	0.000340071992209314
0.730000000000001	0.000401549597331447
0.750000000000001	0.000479259194181692
0.770000000000001	0.000579248696633948
0.790000000000001	0.000710626626968358
0.810000000000001	0.000887613111215273
0.830000000000001	0.00113338587906998
0.850000000000001	0.00148776390933366
0.870000000000001	0.00202380699122846
0.890000000000001	0.00288742121755726
0.910000000000001	0.00440506825245441
0.930000000000001	0.00743511902527614
0.950000000000001	0.0148763309521627
0.970000000000001	0.0421745150291268
0.990000000000001	0.387287957148076
