# NeutrinoTauPhotonInteraction cumulative differential rate
# photon field: cosmic infrared and optical background radiation (best) model of Saldana-Lopez et al. 2021 (arXiv:2012.03035)
# Produced with crpropa-data version: 5f2ff62c81024ccf5e2ff2c72275b077885ea3ba
# log10(E/eV), d(1/lambda)/ds_kin [1/Mpc/eV^2] for log10(s_kin/eV^2) as given in first row
0.00	2.19368e+01	2.20632e+01	2.21895e+01	2.23158e+01	2.24421e+01	2.25684e+01	2.26947e+01	2.28211e+01	2.29474e+01	2.30737e+01	2.32000e+01	2.33263e+01	2.34526e+01	2.35789e+01	2.37053e+01	2.38316e+01	2.39579e+01	2.40842e+01	2.42105e+01	2.43368e+01	2.44632e+01	2.45895e+01	2.47158e+01	2.48421e+01	2.49684e+01	2.50947e+01	2.52211e+01	2.53474e+01	2.54737e+01	2.56000e+01	2.57263e+01	2.58526e+01	2.59789e+01	2.61053e+01	2.62316e+01	2.63579e+01	2.64842e+01	2.66105e+01	2.67368e+01	2.68632e+01	2.69895e+01	2.71158e+01	2.72421e+01	2.73684e+01	2.74947e+01	2.76211e+01	2.77474e+01	2.78737e+01	2.80000e+01
20.14	2.21555e-20	2.21555e-20	2.21555e-20	2.21555e-20	2.21555e-20	2.21555e-20	2.21555e-20	2.21555e-20	2.21555e-20	2.21555e-20	2.21555e-20	2.21555e-20	2.21555e-20	2.21555e-20	2.21555e-20	2.21555e-20	2.21555e-20	2.21555e-20	2.21555e-20	2.21555e-20	2.21555e-20	2.21555e-20	2.21556e-20	2.21556e-20	2.21557e-20	2.21559e-20	2.21562e-20	2.21568e-20	2.21579e-20	2.21597e-20	2.21631e-20	2.21691e-20	2.21798e-20	2.21990e-20	2.22334e-20	2.22948e-20	2.24047e-20	2.26014e-20	2.29532e-20	2.35826e-20	2.47086e-20	2.67231e-20	3.03272e-20	3.67752e-20	4.83112e-20	6.89499e-20	1.05874e-19	1.71935e-19	2.90123e-19
20.20	1.37455e-17	1.37455e-17	1.37455e-17	1.37455e-17	1.37455e-17	1.37455e-17	1.37455e-17	1.37455e-17	1.37455e-17	1.37455e-17	1.37455e-17	1.37455e-17	1.37455e-17	1.37455e-17	1.37455e-17	1.37455e-17	1.37455e-17	1.37455e-17	1.37455e-17	1.37455e-17	1.37455e-17	1.37455e-17	1.37455e-17	1.37455e-17	1.37455e-17	1.37455e-17	1.37455e-17	1.37455e-17	1.37455e-17	1.37455e-17	1.37455e-17	1.37455e-17	1.37455e-17	1.37455e-17	1.37455e-17	1.37456e-17	1.37456e-17	1.37458e-17	1.37461e-17	1.37465e-17	1.37474e-17	1.37489e-17	1.37516e-17	1.37565e-17	1.37652e-17	1.37808e-17	1.38088e-17	1.38587e-17	1.39481e-17
20.26	1.10847e-16	1.11607e-16	1.11607e-16	1.11607e-16	1.11607e-16	1.11607e-16	1.11607e-16	1.11607e-16	1.11607e-16	1.11607e-16	1.11607e-16	1.11607e-16	1.11607e-16	1.11607e-16	1.11607e-16	1.11607e-16	1.11607e-16	1.11607e-16	1.11607e-16	1.11607e-16	1.11607e-16	1.11607e-16	1.11607e-16	1.11607e-16	1.11607e-16	1.11607e-16	1.11607e-16	1.11607e-16	1.11607e-16	1.11607e-16	1.11607e-16	1.11607e-16	1.11607e-16	1.11607e-16	1.11607e-16	1.11607e-16	1.11607e-16	1.11607e-16	1.11607e-16	1.11608e-16	1.11608e-16	1.11609e-16	1.11611e-16	1.11615e-16	1.11622e-16	1.11633e-16	1.11655e-16	1.11692e-16	1.11760e-16
20.32	3.84442e-16	4.18911e-16	4.18911e-16	4.18911e-16	4.18911e-16	4.18911e-16	4.18911e-16	4.18911e-16	4.18911e-16	4.18911e-16	4.18911e-16	4.18911e-16	4.18911e-16	4.18911e-16	4.18911e-16	4.18911e-16	4.18911e-16	4.18911e-16	4.18911e-16	4.18911e-16	4.18911e-16	4.18911e-16	4.18911e-16	4.18911e-16	4.18911e-16	4.18911e-16	4.18911e-16	4.18911e-16	4.18911e-16	4.18911e-16	4.18911e-16	4.18911e-16	4.18911e-16	4.18911e-16	4.18911e-16	4.18911e-16	4.18911e-16	4.18911e-16	4.18911e-16	4.18911e-16	4.18912e-16	4.18913e-16	4.18914e-16	4.18917e-16	4.18922e-16	4.18931e-16	4.18947e-16	4.18975e-16	4.19027e-16
20.38	9.37658e-16	1.13006e-15	1.13042e-15	1.13042e-15	1.13042e-15	1.13042e-15	1.13042e-15	1.13042e-15	1.13042e-15	1.13042e-15	1.13042e-15	1.13042e-15	1.13042e-15	1.13042e-15	1.13042e-15	1.13042e-15	1.13042e-15	1.13042e-15	1.13042e-15	1.13042e-15	1.13042e-15	1.13042e-15	1.13042e-15	1.13042e-15	1.13042e-15	1.13042e-15	1.13042e-15	1.13042e-15	1.13042e-15	1.13042e-15	1.13042e-15	1.13042e-15	1.13042e-15	1.13042e-15	1.13042e-15	1.13042e-15	1.13042e-15	1.13042e-15	1.13042e-15	1.13042e-15	1.13042e-15	1.13042e-15	1.13042e-15	1.13043e-15	1.13043e-15	1.13044e-15	1.13045e-15	1.13047e-15	1.13051e-15
20.44	1.84177e-15	2.44001e-15	2.46639e-15	2.46639e-15	2.46639e-15	2.46639e-15	2.46639e-15	2.46639e-15	2.46639e-15	2.46639e-15	2.46639e-15	2.46639e-15	2.46639e-15	2.46639e-15	2.46639e-15	2.46639e-15	2.46639e-15	2.46639e-15	2.46639e-15	2.46639e-15	2.46639e-15	2.46639e-15	2.46639e-15	2.46639e-15	2.46639e-15	2.46639e-15	2.46639e-15	2.46639e-15	2.46639e-15	2.46639e-15	2.46639e-15	2.46639e-15	2.46639e-15	2.46639e-15	2.46639e-15	2.46639e-15	2.46639e-15	2.46639e-15	2.46639e-15	2.46639e-15	2.46639e-15	2.46639e-15	2.46639e-15	2.46639e-15	2.46639e-15	2.46640e-15	2.46641e-15	2.46642e-15	2.46645e-15
20.50	3.14868e-15	4.52254e-15	4.68209e-15	4.68222e-15	4.68222e-15	4.68222e-15	4.68222e-15	4.68222e-15	4.68222e-15	4.68222e-15	4.68222e-15	4.68222e-15	4.68222e-15	4.68222e-15	4.68222e-15	4.68222e-15	4.68222e-15	4.68222e-15	4.68222e-15	4.68222e-15	4.68222e-15	4.68222e-15	4.68222e-15	4.68222e-15	4.68222e-15	4.68222e-15	4.68222e-15	4.68222e-15	4.68222e-15	4.68222e-15	4.68222e-15	4.68222e-15	4.68222e-15	4.68222e-15	4.68222e-15	4.68222e-15	4.68222e-15	4.68222e-15	4.68223e-15	4.68223e-15	4.68223e-15	4.68223e-15	4.68223e-15	4.68223e-15	4.68223e-15	4.68223e-15	4.68224e-15	4.68225e-15	4.68227e-15
20.56	4.98422e-15	7.58861e-15	8.10190e-15	8.12259e-15	8.12259e-15	8.12259e-15	8.12259e-15	8.12259e-15	8.12259e-15	8.12259e-15	8.12259e-15	8.12259e-15	8.12259e-15	8.12259e-15	8.12259e-15	8.12259e-15	8.12259e-15	8.12259e-15	8.12259e-15	8.12259e-15	8.12259e-15	8.12259e-15	8.12259e-15	8.12259e-15	8.12259e-15	8.12259e-15	8.12259e-15	8.12259e-15	8.12259e-15	8.12259e-15	8.12259e-15	8.12259e-15	8.12259e-15	8.12259e-15	8.12259e-15	8.12259e-15	8.12259e-15	8.12259e-15	8.12259e-15	8.12259e-15	8.12259e-15	8.12259e-15	8.12259e-15	8.12259e-15	8.12260e-15	8.12260e-15	8.12260e-15	8.12261e-15	8.12263e-15
20.62	7.48235e-15	1.18550e-14	1.30581e-14	1.31949e-14	1.31950e-14	1.31950e-14	1.31950e-14	1.31950e-14	1.31950e-14	1.31950e-14	1.31950e-14	1.31950e-14	1.31950e-14	1.31950e-14	1.31950e-14	1.31950e-14	1.31950e-14	1.31950e-14	1.31950e-14	1.31950e-14	1.31950e-14	1.31950e-14	1.31950e-14	1.31950e-14	1.31950e-14	1.31950e-14	1.31950e-14	1.31950e-14	1.31950e-14	1.31950e-14	1.31950e-14	1.31950e-14	1.31950e-14	1.31950e-14	1.31950e-14	1.31950e-14	1.31950e-14	1.31950e-14	1.31950e-14	1.31950e-14	1.31950e-14	1.31950e-14	1.31950e-14	1.31950e-14	1.31950e-14	1.31950e-14	1.31950e-14	1.31950e-14	1.31950e-14
20.69	1.06606e-14	1.75080e-14	1.98201e-14	2.02765e-14	2.02929e-14	2.02929e-14	2.02929e-14	2.02929e-14	2.02929e-14	2.02929e-14	2.02929e-14	2.02929e-14	2.02929e-14	2.02929e-14	2.02929e-14	2.02929e-14	2.02929e-14	2.02929e-14	2.02929e-14	2.02929e-14	2.02929e-14	2.02929e-14	2.02929e-14	2.02929e-14	2.02929e-14	2.02929e-14	2.02929e-14	2.02929e-14	2.02929e-14	2.02929e-14	2.02929e-14	2.02929e-14	2.02929e-14	2.02929e-14	2.02929e-14	2.02929e-14	2.02929e-14	2.02929e-14	2.02929e-14	2.02929e-14	2.02929e-14	2.02929e-14	2.02929e-14	2.02929e-14	2.02929e-14	2.02929e-14	2.02929e-14	2.02929e-14	2.02929e-14
20.75	1.45925e-14	2.47566e-14	2.86695e-14	2.97620e-14	2.98812e-14	2.98812e-14	2.98812e-14	2.98812e-14	2.98812e-14	2.98812e-14	2.98812e-14	2.98812e-14	2.98812e-14	2.98812e-14	2.98812e-14	2.98812e-14	2.98812e-14	2.98812e-14	2.98812e-14	2.98812e-14	2.98812e-14	2.98812e-14	2.98812e-14	2.98812e-14	2.98812e-14	2.98812e-14	2.98812e-14	2.98812e-14	2.98812e-14	2.98812e-14	2.98812e-14	2.98812e-14	2.98812e-14	2.98812e-14	2.98812e-14	2.98812e-14	2.98812e-14	2.98812e-14	2.98812e-14	2.98812e-14	2.98812e-14	2.98812e-14	2.98812e-14	2.98812e-14	2.98812e-14	2.98812e-14	2.98812e-14	2.98812e-14	2.98812e-14
20.81	1.96676e-14	3.40216e-14	4.01794e-14	4.23087e-14	4.27206e-14	4.27333e-14	4.27333e-14	4.27333e-14	4.27333e-14	4.27333e-14	4.27333e-14	4.27333e-14	4.27333e-14	4.27333e-14	4.27333e-14	4.27333e-14	4.27333e-14	4.27333e-14	4.27333e-14	4.27333e-14	4.27333e-14	4.27333e-14	4.27333e-14	4.27333e-14	4.27333e-14	4.27333e-14	4.27333e-14	4.27333e-14	4.27333e-14	4.27333e-14	4.27333e-14	4.27333e-14	4.27333e-14	4.27333e-14	4.27333e-14	4.27333e-14	4.27333e-14	4.27333e-14	4.27333e-14	4.27333e-14	4.27333e-14	4.27333e-14	4.27333e-14	4.27333e-14	4.27333e-14	4.27333e-14	4.27333e-14	4.27333e-14	4.27333e-14
20.87	2.66462e-14	4.62221e-14	5.54039e-14	5.90371e-14	6.00440e-14	6.01471e-14	6.01471e-14	6.01471e-14	6.01471e-14	6.01471e-14	6.01471e-14	6.01471e-14	6.01471e-14	6.01471e-14	6.01471e-14	6.01471e-14	6.01471e-14	6.01471e-14	6.01471e-14	6.01471e-14	6.01471e-14	6.01471e-14	6.01471e-14	6.01471e-14	6.01471e-14	6.01471e-14	6.01471e-14	6.01471e-14	6.01471e-14	6.01471e-14	6.01471e-14	6.01471e-14	6.01471e-14	6.01471e-14	6.01471e-14	6.01471e-14	6.01471e-14	6.01471e-14	6.01471e-14	6.01471e-14	6.01471e-14	6.01471e-14	6.01471e-14	6.01471e-14	6.01471e-14	6.01471e-14	6.01471e-14	6.01471e-14	6.01471e-14
20.93	3.64154e-14	6.28287e-14	7.58466e-14	8.15930e-14	8.35826e-14	8.39525e-14	8.39622e-14	8.39622e-14	8.39622e-14	8.39622e-14	8.39622e-14	8.39622e-14	8.39622e-14	8.39622e-14	8.39622e-14	8.39622e-14	8.39622e-14	8.39622e-14	8.39622e-14	8.39622e-14	8.39622e-14	8.39622e-14	8.39622e-14	8.39622e-14	8.39622e-14	8.39622e-14	8.39622e-14	8.39622e-14	8.39622e-14	8.39622e-14	8.39622e-14	8.39622e-14	8.39622e-14	8.39622e-14	8.39622e-14	8.39622e-14	8.39622e-14	8.39622e-14	8.39622e-14	8.39622e-14	8.39622e-14	8.39622e-14	8.39622e-14	8.39622e-14	8.39622e-14	8.39622e-14	8.39622e-14	8.39622e-14	8.39622e-14
20.99	4.97544e-14	8.56128e-14	1.03404e-13	1.12011e-13	1.15434e-13	1.16357e-13	1.16446e-13	1.16446e-13	1.16446e-13	1.16446e-13	1.16446e-13	1.16446e-13	1.16446e-13	1.16446e-13	1.16446e-13	1.16446e-13	1.16446e-13	1.16446e-13	1.16446e-13	1.16446e-13	1.16446e-13	1.16446e-13	1.16446e-13	1.16446e-13	1.16446e-13	1.16446e-13	1.16446e-13	1.16446e-13	1.16446e-13	1.16446e-13	1.16446e-13	1.16446e-13	1.16446e-13	1.16446e-13	1.16446e-13	1.16446e-13	1.16446e-13	1.16446e-13	1.16446e-13	1.16446e-13	1.16446e-13	1.16446e-13	1.16446e-13	1.16446e-13	1.16446e-13	1.16446e-13	1.16446e-13	1.16446e-13	1.16446e-13
21.05	6.70851e-14	1.16104e-13	1.40111e-13	1.52363e-13	1.57803e-13	1.59654e-13	1.59982e-13	1.59990e-13	1.59990e-13	1.59990e-13	1.59990e-13	1.59990e-13	1.59990e-13	1.59990e-13	1.59990e-13	1.59990e-13	1.59990e-13	1.59990e-13	1.59990e-13	1.59990e-13	1.59990e-13	1.59990e-13	1.59990e-13	1.59990e-13	1.59990e-13	1.59990e-13	1.59990e-13	1.59990e-13	1.59990e-13	1.59990e-13	1.59990e-13	1.59990e-13	1.59990e-13	1.59990e-13	1.59990e-13	1.59990e-13	1.59990e-13	1.59990e-13	1.59990e-13	1.59990e-13	1.59990e-13	1.59990e-13	1.59990e-13	1.59990e-13	1.59990e-13	1.59990e-13	1.59990e-13	1.59990e-13	1.59990e-13
21.11	8.82540e-14	1.55077e-13	1.87642e-13	2.04424e-13	2.12606e-13	2.15818e-13	2.16657e-13	2.16732e-13	2.16732e-13	2.16732e-13	2.16732e-13	2.16732e-13	2.16732e-13	2.16732e-13	2.16732e-13	2.16732e-13	2.16732e-13	2.16732e-13	2.16732e-13	2.16732e-13	2.16732e-13	2.16732e-13	2.16732e-13	2.16732e-13	2.16732e-13	2.16732e-13	2.16732e-13	2.16732e-13	2.16732e-13	2.16732e-13	2.16732e-13	2.16732e-13	2.16732e-13	2.16732e-13	2.16732e-13	2.16732e-13	2.16732e-13	2.16732e-13	2.16732e-13	2.16732e-13	2.16732e-13	2.16732e-13	2.16732e-13	2.16732e-13	2.16732e-13	2.16732e-13	2.16732e-13	2.16732e-13	2.16732e-13
21.17	1.12898e-13	2.02565e-13	2.47069e-13	2.69717e-13	2.81410e-13	2.86539e-13	2.88246e-13	2.88536e-13	2.88541e-13	2.88541e-13	2.88541e-13	2.88541e-13	2.88541e-13	2.88541e-13	2.88541e-13	2.88541e-13	2.88541e-13	2.88541e-13	2.88541e-13	2.88541e-13	2.88541e-13	2.88541e-13	2.88541e-13	2.88541e-13	2.88541e-13	2.88541e-13	2.88541e-13	2.88541e-13	2.88541e-13	2.88541e-13	2.88541e-13	2.88541e-13	2.88541e-13	2.88541e-13	2.88541e-13	2.88541e-13	2.88541e-13	2.88541e-13	2.88541e-13	2.88541e-13	2.88541e-13	2.88541e-13	2.88541e-13	2.88541e-13	2.88541e-13	2.88541e-13	2.88541e-13	2.88541e-13	2.88541e-13
21.23	1.40901e-13	2.58210e-13	3.18922e-13	3.49622e-13	3.65674e-13	3.73421e-13	3.76410e-13	3.77168e-13	3.77230e-13	3.77230e-13	3.77230e-13	3.77230e-13	3.77230e-13	3.77230e-13	3.77230e-13	3.77230e-13	3.77230e-13	3.77230e-13	3.77230e-13	3.77230e-13	3.77230e-13	3.77230e-13	3.77230e-13	3.77230e-13	3.77230e-13	3.77230e-13	3.77230e-13	3.77230e-13	3.77230e-13	3.77230e-13	3.77230e-13	3.77230e-13	3.77230e-13	3.77230e-13	3.77230e-13	3.77230e-13	3.77230e-13	3.77230e-13	3.77230e-13	3.77230e-13	3.77230e-13	3.77230e-13	3.77230e-13	3.77230e-13	3.77230e-13	3.77230e-13	3.77230e-13	3.77230e-13	3.77230e-13
21.29	1.72282e-13	3.21630e-13	4.03246e-13	4.45185e-13	4.66856e-13	4.77969e-13	4.82767e-13	4.84331e-13	4.84586e-13	4.84589e-13	4.84589e-13	4.84589e-13	4.84589e-13	4.84589e-13	4.84589e-13	4.84589e-13	4.84589e-13	4.84589e-13	4.84589e-13	4.84589e-13	4.84589e-13	4.84589e-13	4.84589e-13	4.84589e-13	4.84589e-13	4.84589e-13	4.84589e-13	4.84589e-13	4.84589e-13	4.84589e-13	4.84589e-13	4.84589e-13	4.84589e-13	4.84589e-13	4.84589e-13	4.84589e-13	4.84589e-13	4.84589e-13	4.84589e-13	4.84589e-13	4.84589e-13	4.84589e-13	4.84589e-13	4.84589e-13	4.84589e-13	4.84589e-13	4.84589e-13	4.84589e-13	4.84589e-13
21.35	2.06658e-13	3.92340e-13	4.99371e-13	5.56620e-13	5.85974e-13	6.01268e-13	6.08544e-13	6.11308e-13	6.11990e-13	6.12042e-13	6.12042e-13	6.12042e-13	6.12042e-13	6.12042e-13	6.12042e-13	6.12042e-13	6.12042e-13	6.12042e-13	6.12042e-13	6.12042e-13	6.12042e-13	6.12042e-13	6.12042e-13	6.12042e-13	6.12042e-13	6.12042e-13	6.12042e-13	6.12042e-13	6.12042e-13	6.12042e-13	6.12042e-13	6.12042e-13	6.12042e-13	6.12042e-13	6.12042e-13	6.12042e-13	6.12042e-13	6.12042e-13	6.12042e-13	6.12042e-13	6.12042e-13	6.12042e-13	6.12042e-13	6.12042e-13	6.12042e-13	6.12042e-13	6.12042e-13	6.12042e-13	6.12042e-13
21.41	2.43158e-13	4.69402e-13	6.05972e-13	6.83065e-13	7.23150e-13	7.43806e-13	7.54285e-13	7.58746e-13	7.60175e-13	7.60398e-13	7.60400e-13	7.60400e-13	7.60400e-13	7.60400e-13	7.60400e-13	7.60400e-13	7.60400e-13	7.60400e-13	7.60400e-13	7.60400e-13	7.60400e-13	7.60400e-13	7.60400e-13	7.60400e-13	7.60400e-13	7.60400e-13	7.60400e-13	7.60400e-13	7.60400e-13	7.60400e-13	7.60400e-13	7.60400e-13	7.60400e-13	7.60400e-13	7.60400e-13	7.60400e-13	7.60400e-13	7.60400e-13	7.60400e-13	7.60400e-13	7.60400e-13	7.60400e-13	7.60400e-13	7.60400e-13	7.60400e-13	7.60400e-13	7.60400e-13	7.60400e-13	7.60400e-13
21.48	2.80766e-13	5.51198e-13	7.21311e-13	8.22648e-13	8.77394e-13	9.05354e-13	9.19813e-13	9.26607e-13	9.29157e-13	9.29770e-13	9.29813e-13	9.29813e-13	9.29813e-13	9.29813e-13	9.29813e-13	9.29813e-13	9.29813e-13	9.29813e-13	9.29813e-13	9.29813e-13	9.29813e-13	9.29813e-13	9.29813e-13	9.29813e-13	9.29813e-13	9.29813e-13	9.29813e-13	9.29813e-13	9.29813e-13	9.29813e-13	9.29813e-13	9.29813e-13	9.29813e-13	9.29813e-13	9.29813e-13	9.29813e-13	9.29813e-13	9.29813e-13	9.29813e-13	9.29813e-13	9.29813e-13	9.29813e-13	9.29813e-13	9.29813e-13	9.29813e-13	9.29813e-13	9.29813e-13	9.29813e-13	9.29813e-13
21.54	3.18112e-13	6.35223e-13	8.42845e-13	9.72439e-13	1.04628e-12	1.08444e-12	1.10398e-12	1.11381e-12	1.11794e-12	1.11925e-12	1.11944e-12	1.11945e-12	1.11945e-12	1.11945e-12	1.11945e-12	1.11945e-12	1.11945e-12	1.11945e-12	1.11945e-12	1.11945e-12	1.11945e-12	1.11945e-12	1.11945e-12	1.11945e-12	1.11945e-12	1.11945e-12	1.11945e-12	1.11945e-12	1.11945e-12	1.11945e-12	1.11945e-12	1.11945e-12	1.11945e-12	1.11945e-12	1.11945e-12	1.11945e-12	1.11945e-12	1.11945e-12	1.11945e-12	1.11945e-12	1.11945e-12	1.11945e-12	1.11945e-12	1.11945e-12	1.11945e-12	1.11945e-12	1.11945e-12	1.11945e-12	1.11945e-12
21.60	3.52257e-13	7.17226e-13	9.65809e-13	1.12754e-12	1.22481e-12	1.27695e-12	1.30339e-12	1.31698e-12	1.32331e-12	1.32566e-12	1.32621e-12	1.32625e-12	1.32625e-12	1.32625e-12	1.32625e-12	1.32625e-12	1.32625e-12	1.32625e-12	1.32625e-12	1.32625e-12	1.32625e-12	1.32625e-12	1.32625e-12	1.32625e-12	1.32625e-12	1.32625e-12	1.32625e-12	1.32625e-12	1.32625e-12	1.32625e-12	1.32625e-12	1.32625e-12	1.32625e-12	1.32625e-12	1.32625e-12	1.32625e-12	1.32625e-12	1.32625e-12	1.32625e-12	1.32625e-12	1.32625e-12	1.32625e-12	1.32625e-12	1.32625e-12	1.32625e-12	1.32625e-12	1.32625e-12	1.32625e-12	1.32625e-12
21.66	3.79578e-13	7.91472e-13	1.08344e-12	1.28116e-12	1.40582e-12	1.47626e-12	1.51231e-12	1.53070e-12	1.53989e-12	1.54373e-12	1.54492e-12	1.54509e-12	1.54509e-12	1.54509e-12	1.54509e-12	1.54509e-12	1.54509e-12	1.54509e-12	1.54509e-12	1.54509e-12	1.54509e-12	1.54509e-12	1.54509e-12	1.54509e-12	1.54509e-12	1.54509e-12	1.54509e-12	1.54509e-12	1.54509e-12	1.54509e-12	1.54509e-12	1.54509e-12	1.54509e-12	1.54509e-12	1.54509e-12	1.54509e-12	1.54509e-12	1.54509e-12	1.54509e-12	1.54509e-12	1.54509e-12	1.54509e-12	1.54509e-12	1.54509e-12	1.54509e-12	1.54509e-12	1.54509e-12	1.54509e-12	1.54509e-12
21.72	3.97249e-13	8.51194e-13	1.18777e-12	1.42488e-12	1.58074e-12	1.67372e-12	1.72300e-12	1.74785e-12	1.76061e-12	1.76651e-12	1.76868e-12	1.76918e-12	1.76921e-12	1.76921e-12	1.76921e-12	1.76921e-12	1.76921e-12	1.76921e-12	1.76921e-12	1.76921e-12	1.76921e-12	1.76921e-12	1.76921e-12	1.76921e-12	1.76921e-12	1.76921e-12	1.76921e-12	1.76921e-12	1.76921e-12	1.76921e-12	1.76921e-12	1.76921e-12	1.76921e-12	1.76921e-12	1.76921e-12	1.76921e-12	1.76921e-12	1.76921e-12	1.76921e-12	1.76921e-12	1.76921e-12	1.76921e-12	1.76921e-12	1.76921e-12	1.76921e-12	1.76921e-12	1.76921e-12	1.76921e-12	1.76921e-12
21.78	4.03717e-13	8.90469e-13	1.27101e-12	1.54996e-12	1.74080e-12	1.86022e-12	1.92688e-12	1.96077e-12	1.97803e-12	1.98663e-12	1.99021e-12	1.99130e-12	1.99145e-12	1.99145e-12	1.99145e-12	1.99145e-12	1.99145e-12	1.99145e-12	1.99145e-12	1.99145e-12	1.99145e-12	1.99145e-12	1.99145e-12	1.99145e-12	1.99145e-12	1.99145e-12	1.99145e-12	1.99145e-12	1.99145e-12	1.99145e-12	1.99145e-12	1.99145e-12	1.99145e-12	1.99145e-12	1.99145e-12	1.99145e-12	1.99145e-12	1.99145e-12	1.99145e-12	1.99145e-12	1.99145e-12	1.99145e-12	1.99145e-12	1.99145e-12	1.99145e-12	1.99145e-12	1.99145e-12	1.99145e-12	1.99145e-12
21.84	4.00383e-13	9.07247e-13	1.32757e-12	1.64964e-12	1.87886e-12	2.02843e-12	2.11662e-12	2.16295e-12	2.18627e-12	2.19824e-12	2.20376e-12	2.20578e-12	2.20623e-12	2.20625e-12	2.20625e-12	2.20625e-12	2.20625e-12	2.20625e-12	2.20625e-12	2.20625e-12	2.20625e-12	2.20625e-12	2.20625e-12	2.20625e-12	2.20625e-12	2.20625e-12	2.20625e-12	2.20625e-12	2.20625e-12	2.20625e-12	2.20625e-12	2.20625e-12	2.20625e-12	2.20625e-12	2.20625e-12	2.20625e-12	2.20625e-12	2.20625e-12	2.20625e-12	2.20625e-12	2.20625e-12	2.20625e-12	2.20625e-12	2.20625e-12	2.20625e-12	2.20625e-12	2.20625e-12	2.20625e-12	2.20625e-12
21.90	3.90166e-13	9.03213e-13	1.35503e-12	1.71982e-12	1.98990e-12	2.17332e-12	2.28683e-12	2.34958e-12	2.38136e-12	2.39759e-12	2.40566e-12	2.40900e-12	2.41001e-12	2.41014e-12	2.41014e-12	2.41014e-12	2.41014e-12	2.41014e-12	2.41014e-12	2.41014e-12	2.41014e-12	2.41014e-12	2.41014e-12	2.41014e-12	2.41014e-12	2.41014e-12	2.41014e-12	2.41014e-12	2.41014e-12	2.41014e-12	2.41014e-12	2.41014e-12	2.41014e-12	2.41014e-12	2.41014e-12	2.41014e-12	2.41014e-12	2.41014e-12	2.41014e-12	2.41014e-12	2.41014e-12	2.41014e-12	2.41014e-12	2.41014e-12	2.41014e-12	2.41014e-12	2.41014e-12	2.41014e-12	2.41014e-12
21.96	3.76955e-13	8.84313e-13	1.35600e-12	1.75980e-12	2.07210e-12	2.29275e-12	2.43518e-12	2.51835e-12	2.56181e-12	2.58373e-12	2.59500e-12	2.60017e-12	2.60205e-12	2.60246e-12	2.60248e-12	2.60248e-12	2.60248e-12	2.60248e-12	2.60248e-12	2.60248e-12	2.60248e-12	2.60248e-12	2.60248e-12	2.60248e-12	2.60248e-12	2.60248e-12	2.60248e-12	2.60248e-12	2.60248e-12	2.60248e-12	2.60248e-12	2.60248e-12	2.60248e-12	2.60248e-12	2.60248e-12	2.60248e-12	2.60248e-12	2.60248e-12	2.60248e-12	2.60248e-12	2.60248e-12	2.60248e-12	2.60248e-12	2.60248e-12	2.60248e-12	2.60248e-12	2.60248e-12	2.60248e-12	2.60248e-12
22.02	3.66133e-13	8.59794e-13	1.33834e-12	1.77345e-12	2.12775e-12	2.38813e-12	2.56307e-12	2.67036e-12	2.72930e-12	2.75914e-12	2.77443e-12	2.78204e-12	2.78517e-12	2.78610e-12	2.78622e-12	2.78622e-12	2.78622e-12	2.78622e-12	2.78622e-12	2.78622e-12	2.78622e-12	2.78622e-12	2.78622e-12	2.78622e-12	2.78622e-12	2.78622e-12	2.78622e-12	2.78622e-12	2.78622e-12	2.78622e-12	2.78622e-12	2.78622e-12	2.78622e-12	2.78622e-12	2.78622e-12	2.78622e-12	2.78622e-12	2.78622e-12	2.78622e-12	2.78622e-12	2.78622e-12	2.78622e-12	2.78622e-12	2.78622e-12	2.78622e-12	2.78622e-12	2.78622e-12	2.78622e-12	2.78622e-12
22.08	3.64989e-13	8.42274e-13	1.31635e-12	1.77174e-12	2.16472e-12	2.46624e-12	2.67700e-12	2.81189e-12	2.89017e-12	2.93098e-12	2.95163e-12	2.96228e-12	2.96716e-12	2.96892e-12	2.96929e-12	2.96930e-12	2.96930e-12	2.96930e-12	2.96930e-12	2.96930e-12	2.96930e-12	2.96930e-12	2.96930e-12	2.96930e-12	2.96930e-12	2.96930e-12	2.96930e-12	2.96930e-12	2.96930e-12	2.96930e-12	2.96930e-12	2.96930e-12	2.96930e-12	2.96930e-12	2.96930e-12	2.96930e-12	2.96930e-12	2.96930e-12	2.96930e-12	2.96930e-12	2.96930e-12	2.96930e-12	2.96930e-12	2.96930e-12	2.96930e-12	2.96930e-12	2.96930e-12	2.96930e-12	2.96930e-12
22.14	3.83104e-13	8.48382e-13	1.31016e-12	1.77323e-12	2.19765e-12	2.54027e-12	2.78936e-12	2.95530e-12	3.05651e-12	3.11191e-12	3.14001e-12	3.15449e-12	3.16168e-12	3.16463e-12	3.16549e-12	3.16560e-12	3.16560e-12	3.16560e-12	3.16560e-12	3.16560e-12	3.16560e-12	3.16560e-12	3.16560e-12	3.16560e-12	3.16560e-12	3.16560e-12	3.16560e-12	3.16560e-12	3.16560e-12	3.16560e-12	3.16560e-12	3.16560e-12	3.16560e-12	3.16560e-12	3.16560e-12	3.16560e-12	3.16560e-12	3.16560e-12	3.16560e-12	3.16560e-12	3.16560e-12	3.16560e-12	3.16560e-12	3.16560e-12	3.16560e-12	3.16560e-12	3.16560e-12	3.16560e-12	3.16560e-12
22.20	4.24934e-13	8.92787e-13	1.33927e-12	1.79883e-12	2.24409e-12	2.62487e-12	2.91374e-12	3.11396e-12	3.24143e-12	3.31518e-12	3.35361e-12	3.37315e-12	3.38326e-12	3.38787e-12	3.38952e-12	3.38986e-12	3.38987e-12	3.38987e-12	3.38987e-12	3.38987e-12	3.38987e-12	3.38987e-12	3.38987e-12	3.38987e-12	3.38987e-12	3.38987e-12	3.38987e-12	3.38987e-12	3.38987e-12	3.38987e-12	3.38987e-12	3.38987e-12	3.38987e-12	3.38987e-12	3.38987e-12	3.38987e-12	3.38987e-12	3.38987e-12	3.38987e-12	3.38987e-12	3.38987e-12	3.38987e-12	3.38987e-12	3.38987e-12	3.38987e-12	3.38987e-12	3.38987e-12	3.38987e-12	3.38987e-12
22.26	4.89560e-13	9.85473e-13	1.42009e-12	1.86823e-12	2.32201e-12	2.73416e-12	3.06293e-12	3.29992e-12	3.45700e-12	3.55255e-12	3.60478e-12	3.63135e-12	3.64512e-12	3.65195e-12	3.65473e-12	3.65553e-12	3.65562e-12	3.65562e-12	3.65562e-12	3.65562e-12	3.65562e-12	3.65562e-12	3.65562e-12	3.65562e-12	3.65562e-12	3.65562e-12	3.65562e-12	3.65562e-12	3.65562e-12	3.65562e-12	3.65562e-12	3.65562e-12	3.65562e-12	3.65562e-12	3.65562e-12	3.65562e-12	3.65562e-12	3.65562e-12	3.65562e-12	3.65562e-12	3.65562e-12	3.65562e-12	3.65562e-12	3.65562e-12	3.65562e-12	3.65562e-12	3.65562e-12	3.65562e-12	3.65562e-12
22.32	5.76417e-13	1.13010e-12	1.56550e-12	1.99887e-12	2.44998e-12	2.88339e-12	3.24947e-12	3.52472e-12	3.71454e-12	3.83513e-12	3.90479e-12	3.94113e-12	3.95970e-12	3.96934e-12	3.97371e-12	3.97526e-12	3.97557e-12	3.97558e-12	3.97558e-12	3.97558e-12	3.97558e-12	3.97558e-12	3.97558e-12	3.97558e-12	3.97558e-12	3.97558e-12	3.97558e-12	3.97558e-12	3.97558e-12	3.97558e-12	3.97558e-12	3.97558e-12	3.97558e-12	3.97558e-12	3.97558e-12	3.97558e-12	3.97558e-12	3.97558e-12	3.97558e-12	3.97558e-12	3.97558e-12	3.97558e-12	3.97558e-12	3.97558e-12	3.97558e-12	3.97558e-12	3.97558e-12	3.97558e-12	3.97558e-12
22.39	6.79824e-13	1.32048e-12	1.77970e-12	2.20101e-12	2.64141e-12	3.08408e-12	3.48120e-12	3.79496e-12	4.01999e-12	4.16882e-12	4.25929e-12	4.30872e-12	4.33396e-12	4.34710e-12	4.35362e-12	4.35625e-12	4.35700e-12	4.35708e-12	4.35708e-12	4.35708e-12	4.35708e-12	4.35708e-12	4.35708e-12	4.35708e-12	4.35708e-12	4.35708e-12	4.35708e-12	4.35708e-12	4.35708e-12	4.35708e-12	4.35708e-12	4.35708e-12	4.35708e-12	4.35708e-12	4.35708e-12	4.35708e-12	4.35708e-12	4.35708e-12	4.35708e-12	4.35708e-12	4.35708e-12	4.35708e-12	4.35708e-12	4.35708e-12	4.35708e-12	4.35708e-12	4.35708e-12	4.35708e-12	4.35708e-12
22.45	7.94458e-13	1.54916e-12	2.05990e-12	2.48051e-12	2.90648e-12	3.34731e-12	3.76590e-12	4.11593e-12	4.37769e-12	4.55782e-12	4.67222e-12	4.73828e-12	4.77279e-12	4.79052e-12	4.79974e-12	4.80391e-12	4.80537e-12	4.80565e-12	4.80566e-12	4.80566e-12	4.80566e-12	4.80566e-12	4.80566e-12	4.80566e-12	4.80566e-12	4.80566e-12	4.80566e-12	4.80566e-12	4.80566e-12	4.80566e-12	4.80566e-12	4.80566e-12	4.80566e-12	4.80566e-12	4.80566e-12	4.80566e-12	4.80566e-12	4.80566e-12	4.80566e-12	4.80566e-12	4.80566e-12	4.80566e-12	4.80566e-12	4.80566e-12	4.80566e-12	4.80566e-12	4.80566e-12	4.80566e-12	4.80566e-12
22.51	9.23696e-13	1.81189e-12	2.40143e-12	2.84289e-12	3.25656e-12	3.68743e-12	4.11591e-12	4.49647e-12	4.79530e-12	5.00919e-12	5.15061e-12	5.23659e-12	5.28359e-12	5.30766e-12	5.32026e-12	5.32649e-12	5.32899e-12	5.32969e-12	5.32976e-12	5.32976e-12	5.32976e-12	5.32976e-12	5.32976e-12	5.32976e-12	5.32976e-12	5.32976e-12	5.32976e-12	5.32976e-12	5.32976e-12	5.32976e-12	5.32976e-12	5.32976e-12	5.32976e-12	5.32976e-12	5.32976e-12	5.32976e-12	5.32976e-12	5.32976e-12	5.32976e-12	5.32976e-12	5.32976e-12	5.32976e-12	5.32976e-12	5.32976e-12	5.32976e-12	5.32976e-12	5.32976e-12	5.32976e-12	5.32976e-12
22.57	1.06840e-12	2.10567e-12	2.79961e-12	3.28865e-12	3.70035e-12	4.11723e-12	4.54470e-12	4.94676e-12	5.28079e-12	5.52995e-12	5.70139e-12	5.81034e-12	5.87325e-12	5.90616e-12	5.92316e-12	5.93201e-12	5.93599e-12	5.93737e-12	5.93762e-12	5.93763e-12	5.93763e-12	5.93763e-12	5.93763e-12	5.93763e-12	5.93763e-12	5.93763e-12	5.93763e-12	5.93763e-12	5.93763e-12	5.93763e-12	5.93763e-12	5.93763e-12	5.93763e-12	5.93763e-12	5.93763e-12	5.93763e-12	5.93763e-12	5.93763e-12	5.93763e-12	5.93763e-12	5.93763e-12	5.93763e-12	5.93763e-12	5.93763e-12	5.93763e-12	5.93763e-12	5.93763e-12	5.93763e-12	5.93763e-12
22.63	1.24395e-12	2.44852e-12	3.26571e-12	3.82880e-12	4.25893e-12	4.66340e-12	5.08170e-12	5.49421e-12	5.85817e-12	6.14307e-12	6.34694e-12	6.48186e-12	6.56393e-12	6.60878e-12	6.63185e-12	6.64396e-12	6.64993e-12	6.65232e-12	6.65296e-12	6.65302e-12	6.65302e-12	6.65302e-12	6.65302e-12	6.65302e-12	6.65302e-12	6.65302e-12	6.65302e-12	6.65302e-12	6.65302e-12	6.65302e-12	6.65302e-12	6.65302e-12	6.65302e-12	6.65302e-12	6.65302e-12	6.65302e-12	6.65302e-12	6.65302e-12	6.65302e-12	6.65302e-12	6.65302e-12	6.65302e-12	6.65302e-12	6.65302e-12	6.65302e-12	6.65302e-12	6.65302e-12	6.65302e-12	6.65302e-12
22.69	1.49212e-12	2.88607e-12	3.84097e-12	4.50315e-12	4.97783e-12	5.37920e-12	5.78409e-12	6.19638e-12	6.58181e-12	6.90086e-12	7.13872e-12	7.30252e-12	7.40673e-12	7.46689e-12	7.49841e-12	7.51476e-12	7.52327e-12	7.52708e-12	7.52838e-12	7.52861e-12	7.52862e-12	7.52862e-12	7.52862e-12	7.52862e-12	7.52862e-12	7.52862e-12	7.52862e-12	7.52862e-12	7.52862e-12	7.52862e-12	7.52862e-12	7.52862e-12	7.52862e-12	7.52862e-12	7.52862e-12	7.52862e-12	7.52862e-12	7.52862e-12	7.52862e-12	7.52862e-12	7.52862e-12	7.52862e-12	7.52862e-12	7.52862e-12	7.52862e-12	7.52862e-12	7.52862e-12	7.52862e-12	7.52862e-12
22.75	1.85953e-12	3.49141e-12	4.60083e-12	5.38105e-12	5.92625e-12	6.34372e-12	6.73624e-12	7.14021e-12	7.53657e-12	7.88496e-12	8.15736e-12	8.35246e-12	8.48172e-12	8.56038e-12	8.60337e-12	8.62554e-12	8.63722e-12	8.64296e-12	8.64523e-12	8.64583e-12	8.64589e-12	8.64589e-12	8.64589e-12	8.64589e-12	8.64589e-12	8.64589e-12	8.64589e-12	8.64589e-12	8.64589e-12	8.64589e-12	8.64589e-12	8.64589e-12	8.64589e-12	8.64589e-12	8.64589e-12	8.64589e-12	8.64589e-12	8.64589e-12	8.64589e-12	8.64589e-12	8.64589e-12	8.64589e-12	8.64589e-12	8.64589e-12	8.64589e-12	8.64589e-12	8.64589e-12	8.64589e-12	8.64589e-12
22.81	2.40457e-12	4.37595e-12	5.65976e-12	6.57203e-12	7.21251e-12	7.67143e-12	8.05988e-12	8.45107e-12	8.84797e-12	9.21780e-12	9.52342e-12	9.75139e-12	9.90858e-12	1.00087e-11	1.00664e-11	1.00967e-11	1.01125e-11	1.01207e-11	1.01243e-11	1.01256e-11	1.01258e-11	1.01258e-11	1.01258e-11	1.01258e-11	1.01258e-11	1.01258e-11	1.01258e-11	1.01258e-11	1.01258e-11	1.01258e-11	1.01258e-11	1.01258e-11	1.01258e-11	1.01258e-11	1.01258e-11	1.01258e-11	1.01258e-11	1.01258e-11	1.01258e-11	1.01258e-11	1.01258e-11	1.01258e-11	1.01258e-11	1.01258e-11	1.01258e-11	1.01258e-11	1.01258e-11	1.01258e-11	1.01258e-11
22.87	3.20902e-12	5.68302e-12	7.18313e-12	8.24350e-12	8.99849e-12	9.52425e-12	9.92651e-12	1.03055e-11	1.06949e-11	1.10761e-11	1.14106e-11	1.16720e-11	1.18595e-11	1.19839e-11	1.20596e-11	1.21009e-11	1.21223e-11	1.21336e-11	1.21391e-11	1.21413e-11	1.21418e-11	1.21419e-11	1.21419e-11	1.21419e-11	1.21419e-11	1.21419e-11	1.21419e-11	1.21419e-11	1.21419e-11	1.21419e-11	1.21419e-11	1.21419e-11	1.21419e-11	1.21419e-11	1.21419e-11	1.21419e-11	1.21419e-11	1.21419e-11	1.21419e-11	1.21419e-11	1.21419e-11	1.21419e-11	1.21419e-11	1.21419e-11	1.21419e-11	1.21419e-11	1.21419e-11	1.21419e-11	1.21419e-11
22.93	4.37068e-12	7.59020e-12	9.39665e-12	1.06238e-11	1.15071e-11	1.21240e-11	1.25645e-11	1.29385e-11	1.33158e-11	1.36983e-11	1.40542e-11	1.43481e-11	1.45675e-11	1.47190e-11	1.48155e-11	1.48711e-11	1.49003e-11	1.49155e-11	1.49235e-11	1.49270e-11	1.49282e-11	1.49283e-11	1.49283e-11	1.49283e-11	1.49283e-11	1.49283e-11	1.49283e-11	1.49283e-11	1.49283e-11	1.49283e-11	1.49283e-11	1.49283e-11	1.49283e-11	1.49283e-11	1.49283e-11	1.49283e-11	1.49283e-11	1.49283e-11	1.49283e-11	1.49283e-11	1.49283e-11	1.49283e-11	1.49283e-11	1.49283e-11	1.49283e-11	1.49283e-11	1.49283e-11	1.49283e-11	1.49283e-11
22.99	6.00593e-12	1.03208e-11	1.25804e-11	1.40118e-11	1.50390e-11	1.57665e-11	1.62697e-11	1.66554e-11	1.70207e-11	1.73965e-11	1.77642e-11	1.80865e-11	1.83386e-11	1.85196e-11	1.86397e-11	1.87127e-11	1.87526e-11	1.87732e-11	1.87842e-11	1.87895e-11	1.87916e-11	1.87921e-11	1.87921e-11	1.87921e-11	1.87921e-11	1.87921e-11	1.87921e-11	1.87921e-11	1.87921e-11	1.87921e-11	1.87921e-11	1.87921e-11	1.87921e-11	1.87921e-11	1.87921e-11	1.87921e-11	1.87921e-11	1.87921e-11	1.87921e-11	1.87921e-11	1.87921e-11	1.87921e-11	1.87921e-11	1.87921e-11	1.87921e-11	1.87921e-11	1.87921e-11	1.87921e-11	1.87921e-11
23.05	8.24853e-12	1.41368e-11	1.70686e-11	1.87870e-11	1.99759e-11	2.08275e-11	2.14173e-11	2.18379e-11	2.21976e-11	2.25619e-11	2.29316e-11	2.32753e-11	2.35592e-11	2.37713e-11	2.39178e-11	2.40112e-11	2.40649e-11	2.40931e-11	2.41079e-11	2.41155e-11	2.41189e-11	2.41200e-11	2.41202e-11	2.41202e-11	2.41202e-11	2.41202e-11	2.41202e-11	2.41202e-11	2.41202e-11	2.41202e-11	2.41202e-11	2.41202e-11	2.41202e-11	2.41202e-11	2.41202e-11	2.41202e-11	2.41202e-11	2.41202e-11	2.41202e-11	2.41202e-11	2.41202e-11	2.41202e-11	2.41202e-11	2.41202e-11	2.41202e-11	2.41202e-11	2.41202e-11	2.41202e-11	2.41202e-11
23.11	1.12241e-11	1.93162e-11	2.32372e-11	2.53797e-11	2.67644e-11	2.77552e-11	2.84509e-11	2.89301e-11	2.92994e-11	2.96520e-11	3.00157e-11	3.03717e-11	3.06837e-11	3.09277e-11	3.11030e-11	3.12194e-11	3.12901e-11	3.13287e-11	3.13487e-11	3.13593e-11	3.13644e-11	3.13664e-11	3.13669e-11	3.13669e-11	3.13669e-11	3.13669e-11	3.13669e-11	3.13669e-11	3.13669e-11	3.13669e-11	3.13669e-11	3.13669e-11	3.13669e-11	3.13669e-11	3.13669e-11	3.13669e-11	3.13669e-11	3.13669e-11	3.13669e-11	3.13669e-11	3.13669e-11	3.13669e-11	3.13669e-11	3.13669e-11	3.13669e-11	3.13669e-11	3.13669e-11	3.13669e-11	3.13669e-11
23.18	1.50218e-11	2.61171e-11	3.14619e-11	3.42336e-11	3.58912e-11	3.70382e-11	3.78531e-11	3.84140e-11	3.88149e-11	3.91613e-11	3.95142e-11	3.98728e-11	4.02063e-11	4.04816e-11	4.06874e-11	4.08296e-11	4.09202e-11	4.09722e-11	4.09995e-11	4.10138e-11	4.10213e-11	4.10245e-11	4.10255e-11	4.10257e-11	4.10257e-11	4.10257e-11	4.10257e-11	4.10257e-11	4.10257e-11	4.10257e-11	4.10257e-11	4.10257e-11	4.10257e-11	4.10257e-11	4.10257e-11	4.10257e-11	4.10257e-11	4.10257e-11	4.10257e-11	4.10257e-11	4.10257e-11	4.10257e-11	4.10257e-11	4.10257e-11	4.10257e-11	4.10257e-11	4.10257e-11	4.10257e-11	4.10257e-11
23.24	1.96626e-11	3.47130e-11	4.20566e-11	4.57553e-11	4.78156e-11	4.91499e-11	5.00983e-11	5.07600e-11	5.12155e-11	5.15697e-11	5.19110e-11	5.22644e-11	5.26106e-11	5.29138e-11	5.31510e-11	5.33214e-11	5.34345e-11	5.35031e-11	5.35404e-11	5.35598e-11	5.35701e-11	5.35751e-11	5.35770e-11	5.35774e-11	5.35775e-11	5.35775e-11	5.35775e-11	5.35775e-11	5.35775e-11	5.35775e-11	5.35775e-11	5.35775e-11	5.35775e-11	5.35775e-11	5.35775e-11	5.35775e-11	5.35775e-11	5.35775e-11	5.35775e-11	5.35775e-11	5.35775e-11	5.35775e-11	5.35775e-11	5.35775e-11	5.35775e-11	5.35775e-11	5.35775e-11	5.35775e-11	5.35775e-11
23.30	2.50627e-11	4.51202e-11	5.51947e-11	6.02307e-11	6.28885e-11	6.44813e-11	6.55796e-11	6.63551e-11	6.68875e-11	6.72703e-11	6.76049e-11	6.79481e-11	6.82976e-11	6.86225e-11	6.88905e-11	6.90908e-11	6.92293e-11	6.93173e-11	6.93677e-11	6.93942e-11	6.94081e-11	6.94153e-11	6.94184e-11	6.94194e-11	6.94196e-11	6.94196e-11	6.94196e-11	6.94196e-11	6.94196e-11	6.94196e-11	6.94196e-11	6.94196e-11	6.94196e-11	6.94196e-11	6.94196e-11	6.94196e-11	6.94196e-11	6.94196e-11	6.94196e-11	6.94196e-11	6.94196e-11	6.94196e-11	6.94196e-11	6.94196e-11	6.94196e-11	6.94196e-11	6.94196e-11	6.94196e-11	6.94196e-11
23.36	3.10143e-11	5.71361e-11	7.08184e-11	7.77357e-11	8.12749e-11	8.32487e-11	8.45248e-11	8.54278e-11	8.60559e-11	8.64895e-11	8.68302e-11	8.71621e-11	8.75070e-11	8.78451e-11	8.81409e-11	8.83721e-11	8.85382e-11	8.86484e-11	8.87151e-11	8.87513e-11	8.87701e-11	8.87801e-11	8.87849e-11	8.87867e-11	8.87871e-11	8.87871e-11	8.87871e-11	8.87871e-11	8.87871e-11	8.87871e-11	8.87871e-11	8.87871e-11	8.87871e-11	8.87871e-11	8.87871e-11	8.87871e-11	8.87871e-11	8.87871e-11	8.87871e-11	8.87871e-11	8.87871e-11	8.87871e-11	8.87871e-11	8.87871e-11	8.87871e-11	8.87871e-11	8.87871e-11	8.87871e-11	8.87871e-11
23.42	3.71778e-11	7.02889e-11	8.85552e-11	9.80493e-11	1.02862e-10	1.05401e-10	1.06921e-10	1.07967e-10	1.08703e-10	1.09209e-10	1.09576e-10	1.09901e-10	1.10236e-10	1.10578e-10	1.10896e-10	1.11157e-10	1.11353e-10	1.11488e-10	1.11574e-10	1.11623e-10	1.11648e-10	1.11662e-10	1.11669e-10	1.11672e-10	1.11673e-10	1.11673e-10	1.11673e-10	1.11673e-10	1.11673e-10	1.11673e-10	1.11673e-10	1.11673e-10	1.11673e-10	1.11673e-10	1.11673e-10	1.11673e-10	1.11673e-10	1.11673e-10	1.11673e-10	1.11673e-10	1.11673e-10	1.11673e-10	1.11673e-10	1.11673e-10	1.11673e-10	1.11673e-10	1.11673e-10	1.11673e-10	1.11673e-10
23.48	4.30930e-11	8.38266e-11	1.07667e-10	1.20576e-10	1.27185e-10	1.30559e-10	1.32436e-10	1.33650e-10	1.34508e-10	1.35105e-10	1.35519e-10	1.35848e-10	1.36172e-10	1.36510e-10	1.36842e-10	1.37131e-10	1.37357e-10	1.37520e-10	1.37627e-10	1.37692e-10	1.37727e-10	1.37745e-10	1.37755e-10	1.37760e-10	1.37762e-10	1.37762e-10	1.37762e-10	1.37762e-10	1.37762e-10	1.37762e-10	1.37762e-10	1.37762e-10	1.37762e-10	1.37762e-10	1.37762e-10	1.37762e-10	1.37762e-10	1.37762e-10	1.37762e-10	1.37762e-10	1.37762e-10	1.37762e-10	1.37762e-10	1.37762e-10	1.37762e-10	1.37762e-10	1.37762e-10	1.37762e-10	1.37762e-10
23.54	4.82263e-11	9.67580e-11	1.27052e-10	1.44315e-10	1.53389e-10	1.57972e-10	1.60380e-10	1.61821e-10	1.62816e-10	1.63516e-10	1.63998e-10	1.64351e-10	1.64668e-10	1.64997e-10	1.65333e-10	1.65644e-10	1.65900e-10	1.66092e-10	1.66224e-10	1.66308e-10	1.66355e-10	1.66380e-10	1.66393e-10	1.66400e-10	1.66403e-10	1.66404e-10	1.66404e-10	1.66404e-10	1.66404e-10	1.66404e-10	1.66404e-10	1.66404e-10	1.66404e-10	1.66404e-10	1.66404e-10	1.66404e-10	1.66404e-10	1.66404e-10	1.66404e-10	1.66404e-10	1.66404e-10	1.66404e-10	1.66404e-10	1.66404e-10	1.66404e-10	1.66404e-10	1.66404e-10	1.66404e-10	1.66404e-10
23.60	5.20678e-11	1.07971e-10	1.45338e-10	1.67917e-10	1.80269e-10	1.86558e-10	1.89750e-10	1.91526e-10	1.92679e-10	1.93496e-10	1.94064e-10	1.94461e-10	1.94781e-10	1.95099e-10	1.95432e-10	1.95758e-10	1.96042e-10	1.96263e-10	1.96422e-10	1.96527e-10	1.96590e-10	1.96625e-10	1.96642e-10	1.96652e-10	1.96656e-10	1.96658e-10	1.96658e-10	1.96658e-10	1.96658e-10	1.96658e-10	1.96658e-10	1.96658e-10	1.96658e-10	1.96658e-10	1.96658e-10	1.96658e-10	1.96658e-10	1.96658e-10	1.96658e-10	1.96658e-10	1.96658e-10	1.96658e-10	1.96658e-10	1.96658e-10	1.96658e-10	1.96658e-10	1.96658e-10	1.96658e-10	1.96658e-10
23.66	5.42484e-11	1.16420e-10	1.61068e-10	1.89828e-10	2.06371e-10	2.15010e-10	2.19340e-10	2.21611e-10	2.22977e-10	2.23924e-10	2.24592e-10	2.25053e-10	2.25394e-10	2.25704e-10	2.26028e-10	2.26359e-10	2.26666e-10	2.26917e-10	2.27105e-10	2.27234e-10	2.27316e-10	2.27362e-10	2.27386e-10	2.27399e-10	2.27406e-10	2.27409e-10	2.27409e-10	2.27410e-10	2.27410e-10	2.27410e-10	2.27410e-10	2.27410e-10	2.27410e-10	2.27410e-10	2.27410e-10	2.27410e-10	2.27410e-10	2.27410e-10	2.27410e-10	2.27410e-10	2.27410e-10	2.27410e-10	2.27410e-10	2.27410e-10	2.27410e-10	2.27410e-10	2.27410e-10	2.27410e-10	2.27410e-10
23.72	5.46048e-11	1.21324e-10	1.72906e-10	2.08475e-10	2.30154e-10	2.41925e-10	2.47865e-10	2.50869e-10	2.52546e-10	2.53643e-10	2.54422e-10	2.54966e-10	2.55349e-10	2.55661e-10	2.55974e-10	2.56302e-10	2.56624e-10	2.56903e-10	2.57120e-10	2.57276e-10	2.57379e-10	2.57441e-10	2.57474e-10	2.57491e-10	2.57500e-10	2.57505e-10	2.57506e-10	2.57507e-10	2.57507e-10	2.57507e-10	2.57507e-10	2.57507e-10	2.57507e-10	2.57507e-10	2.57507e-10	2.57507e-10	2.57507e-10	2.57507e-10	2.57507e-10	2.57507e-10	2.57507e-10	2.57507e-10	2.57507e-10	2.57507e-10	2.57507e-10	2.57507e-10	2.57507e-10	2.57507e-10	2.57507e-10
23.78	5.31818e-11	1.22298e-10	1.79842e-10	2.22459e-10	2.50136e-10	2.65925e-10	2.74086e-10	2.78156e-10	2.80294e-10	2.81590e-10	2.82494e-10	2.83133e-10	2.83577e-10	2.83908e-10	2.84213e-10	2.84533e-10	2.84860e-10	2.85163e-10	2.85410e-10	2.85594e-10	2.85721e-10	2.85801e-10	2.85846e-10	2.85869e-10	2.85882e-10	2.85888e-10	2.85891e-10	2.85892e-10	2.85892e-10	2.85892e-10	2.85892e-10	2.85892e-10	2.85892e-10	2.85892e-10	2.85892e-10	2.85892e-10	2.85892e-10	2.85892e-10	2.85892e-10	2.85892e-10	2.85892e-10	2.85892e-10	2.85892e-10	2.85892e-10	2.85892e-10	2.85892e-10	2.85892e-10	2.85892e-10	2.85892e-10
23.84	5.02034e-11	1.19405e-10	1.81347e-10	2.30729e-10	2.65043e-10	2.85773e-10	2.96903e-10	3.02483e-10	3.05305e-10	3.06892e-10	3.07938e-10	3.08684e-10	3.09207e-10	3.09577e-10	3.09883e-10	3.10193e-10	3.10518e-10	3.10835e-10	3.11111e-10	3.11324e-10	3.11477e-10	3.11578e-10	3.11638e-10	3.11670e-10	3.11687e-10	3.11696e-10	3.11700e-10	3.11702e-10	3.11702e-10	3.11702e-10	3.11702e-10	3.11702e-10	3.11702e-10	3.11702e-10	3.11702e-10	3.11702e-10	3.11702e-10	3.11702e-10	3.11702e-10	3.11702e-10	3.11702e-10	3.11702e-10	3.11702e-10	3.11702e-10	3.11702e-10	3.11702e-10	3.11702e-10	3.11702e-10	3.11702e-10
23.90	4.60338e-11	1.13102e-10	1.77464e-10	2.32718e-10	2.73941e-10	3.00464e-10	3.15416e-10	3.23084e-10	3.26901e-10	3.28918e-10	3.30151e-10	3.31017e-10	3.31632e-10	3.32061e-10	3.32384e-10	3.32685e-10	3.33002e-10	3.33326e-10	3.33625e-10	3.33868e-10	3.34049e-10	3.34174e-10	3.34252e-10	3.34295e-10	3.34318e-10	3.34331e-10	3.34337e-10	3.34339e-10	3.34340e-10	3.34340e-10	3.34340e-10	3.34340e-10	3.34340e-10	3.34340e-10	3.34340e-10	3.34340e-10	3.34340e-10	3.34340e-10	3.34340e-10	3.34340e-10	3.34340e-10	3.34340e-10	3.34340e-10	3.34340e-10	3.34340e-10	3.34340e-10	3.34340e-10	3.34340e-10	3.34340e-10
23.96	4.11068e-11	1.04137e-10	1.68765e-10	2.28425e-10	2.76322e-10	3.09285e-10	3.28953e-10	3.39420e-10	3.44651e-10	3.47305e-10	3.48810e-10	3.49813e-10	3.50531e-10	3.51036e-10	3.51395e-10	3.51696e-10	3.52003e-10	3.52325e-10	3.52640e-10	3.52911e-10	3.53122e-10	3.53272e-10	3.53371e-10	3.53429e-10	3.53461e-10	3.53477e-10	3.53486e-10	3.53490e-10	3.53492e-10	3.53492e-10	3.53492e-10	3.53492e-10	3.53492e-10	3.53492e-10	3.53492e-10	3.53492e-10	3.53492e-10	3.53492e-10	3.53492e-10	3.53492e-10	3.53492e-10	3.53492e-10	3.53492e-10	3.53492e-10	3.53492e-10	3.53492e-10	3.53492e-10	3.53492e-10	3.53492e-10
24.02	3.58460e-11	9.34118e-11	1.56219e-10	2.18395e-10	2.72142e-10	3.11843e-10	3.37063e-10	3.51144e-10	3.58334e-10	3.61918e-10	3.63826e-10	3.65005e-10	3.65838e-10	3.66433e-10	3.66848e-10	3.67165e-10	3.67463e-10	3.67778e-10	3.68099e-10	3.68394e-10	3.68635e-10	3.68813e-10	3.68935e-10	3.69011e-10	3.69054e-10	3.69076e-10	3.69088e-10	3.69094e-10	3.69097e-10	3.69097e-10	3.69097e-10	3.69097e-10	3.69097e-10	3.69097e-10	3.69097e-10	3.69097e-10	3.69097e-10	3.69097e-10	3.69097e-10	3.69097e-10	3.69097e-10	3.69097e-10	3.69097e-10	3.69097e-10	3.69097e-10	3.69097e-10	3.69097e-10	3.69097e-10	3.69097e-10
24.09	3.06070e-11	8.18335e-11	1.41012e-10	2.03624e-10	2.61824e-10	3.08077e-10	3.39495e-10	3.58053e-10	3.67875e-10	3.72784e-10	3.75289e-10	3.76723e-10	3.77688e-10	3.78382e-10	3.78871e-10	3.79222e-10	3.79519e-10	3.79824e-10	3.80144e-10	3.80456e-10	3.80724e-10	3.80932e-10	3.81079e-10	3.81176e-10	3.81233e-10	3.81264e-10	3.81280e-10	3.81288e-10	3.81292e-10	3.81294e-10	3.81294e-10	3.81294e-10	3.81294e-10	3.81294e-10	3.81294e-10	3.81294e-10	3.81294e-10	3.81294e-10	3.81294e-10	3.81294e-10	3.81294e-10	3.81294e-10	3.81294e-10	3.81294e-10	3.81294e-10	3.81294e-10	3.81294e-10	3.81294e-10	3.81294e-10
24.15	2.56169e-11	7.01529e-11	1.24330e-10	1.85344e-10	2.46169e-10	2.98218e-10	3.36155e-10	3.60002e-10	3.73235e-10	3.79983e-10	3.83360e-10	3.85172e-10	3.86305e-10	3.87110e-10	3.87687e-10	3.88091e-10	3.88402e-10	3.88698e-10	3.89011e-10	3.89331e-10	3.89623e-10	3.89860e-10	3.90035e-10	3.90155e-10	3.90230e-10	3.90271e-10	3.90293e-10	3.90305e-10	3.90311e-10	3.90313e-10	3.90314e-10	3.90314e-10	3.90314e-10	3.90314e-10	3.90314e-10	3.90314e-10	3.90314e-10	3.90314e-10	3.90314e-10	3.90314e-10	3.90314e-10	3.90314e-10	3.90314e-10	3.90314e-10	3.90314e-10	3.90314e-10	3.90314e-10	3.90314e-10	3.90314e-10
24.21	2.05582e-11	5.84861e-11	1.06801e-10	1.64437e-10	2.25855e-10	2.82375e-10	3.26693e-10	3.56472e-10	3.73944e-10	3.83171e-10	3.87792e-10	3.90165e-10	3.91538e-10	3.92471e-10	3.93144e-10	3.93620e-10	3.93963e-10	3.94257e-10	3.94561e-10	3.94880e-10	3.95189e-10	3.95454e-10	3.95659e-10	3.95804e-10	3.95899e-10	3.95955e-10	3.95984e-10	3.96000e-10	3.96008e-10	3.96012e-10	3.96013e-10	3.96014e-10	3.96014e-10	3.96014e-10	3.96014e-10	3.96014e-10	3.96014e-10	3.96014e-10	3.96014e-10	3.96014e-10	3.96014e-10	3.96014e-10	3.96014e-10	3.96014e-10	3.96014e-10	3.96014e-10	3.96014e-10	3.96014e-10	3.96014e-10
24.27	1.56674e-11	4.72303e-11	8.93154e-11	1.42205e-10	2.02210e-10	2.61445e-10	3.11455e-10	3.47505e-10	3.70007e-10	3.82454e-10	3.88807e-10	3.92001e-10	3.93731e-10	3.94823e-10	3.95605e-10	3.96165e-10	3.96560e-10	3.96866e-10	3.97161e-10	3.97473e-10	3.97791e-10	3.98080e-10	3.98315e-10	3.98487e-10	3.98605e-10	3.98678e-10	3.98719e-10	3.98740e-10	3.98751e-10	3.98757e-10	3.98759e-10	3.98760e-10	3.98760e-10	3.98760e-10	3.98760e-10	3.98760e-10	3.98760e-10	3.98760e-10	3.98760e-10	3.98760e-10	3.98760e-10	3.98760e-10	3.98760e-10	3.98760e-10	3.98760e-10	3.98760e-10	3.98760e-10	3.98760e-10	3.98760e-10
24.33	1.18555e-11	3.69738e-11	7.28753e-11	1.20142e-10	1.76964e-10	2.36936e-10	2.91396e-10	3.33624e-10	3.61791e-10	3.78256e-10	3.86948e-10	3.91315e-10	3.93574e-10	3.94895e-10	3.95800e-10	3.96455e-10	3.96919e-10	3.97256e-10	3.97548e-10	3.97850e-10	3.98168e-10	3.98475e-10	3.98738e-10	3.98940e-10	3.99082e-10	3.99175e-10	3.99230e-10	3.99259e-10	3.99274e-10	3.99282e-10	3.99286e-10	3.99287e-10	3.99288e-10	3.99288e-10	3.99288e-10	3.99288e-10	3.99288e-10	3.99288e-10	3.99288e-10	3.99288e-10	3.99288e-10	3.99288e-10	3.99288e-10	3.99288e-10	3.99288e-10	3.99288e-10	3.99288e-10	3.99288e-10	3.99288e-10
24.39	8.93636e-12	2.80958e-11	5.80561e-11	9.93059e-11	1.51566e-10	2.10309e-10	2.67544e-10	3.15330e-10	3.49516e-10	3.70766e-10	3.82507e-10	3.88511e-10	3.91546e-10	3.93205e-10	3.94263e-10	3.95025e-10	3.95572e-10	3.95958e-10	3.96261e-10	3.96554e-10	3.96866e-10	3.97182e-10	3.97469e-10	3.97700e-10	3.97870e-10	3.97986e-10	3.98057e-10	3.98097e-10	3.98118e-10	3.98129e-10	3.98134e-10	3.98136e-10	3.98137e-10	3.98137e-10	3.98137e-10	3.98137e-10	3.98137e-10	3.98137e-10	3.98137e-10	3.98137e-10	3.98137e-10	3.98137e-10	3.98137e-10	3.98137e-10	3.98137e-10	3.98137e-10	3.98137e-10	3.98137e-10	3.98137e-10
24.45	6.79370e-12	2.12497e-11	4.52013e-11	8.04494e-11	1.27248e-10	1.83008e-10	2.41112e-10	2.93299e-10	3.33452e-10	3.60116e-10	3.75676e-10	3.83897e-10	3.88043e-10	3.90203e-10	3.91479e-10	3.92360e-10	3.93000e-10	3.93454e-10	3.93785e-10	3.94075e-10	3.94377e-10	3.94694e-10	3.94999e-10	3.95259e-10	3.95458e-10	3.95599e-10	3.95690e-10	3.95743e-10	3.95772e-10	3.95786e-10	3.95794e-10	3.95798e-10	3.95799e-10	3.95799e-10	3.95799e-10	3.95799e-10	3.95799e-10	3.95799e-10	3.95799e-10	3.95799e-10	3.95799e-10	3.95799e-10	3.95799e-10	3.95799e-10	3.95799e-10	3.95799e-10	3.95799e-10	3.95799e-10	3.95799e-10
24.51	5.12990e-12	1.60685e-11	3.43763e-11	6.38684e-11	1.04784e-10	1.56182e-10	2.13241e-10	2.68241e-10	3.13808e-10	3.46254e-10	3.66378e-10	3.77498e-10	3.83198e-10	3.86094e-10	3.87692e-10	3.88720e-10	3.89464e-10	3.89999e-10	3.90378e-10	3.90677e-10	3.90970e-10	3.91281e-10	3.91596e-10	3.91881e-10	3.92110e-10	3.92277e-10	3.92391e-10	3.92461e-10	3.92499e-10	3.92520e-10	3.92531e-10	3.92536e-10	3.92538e-10	3.92538e-10	3.92538e-10	3.92538e-10	3.92538e-10	3.92538e-10	3.92538e-10	3.92538e-10	3.92538e-10	3.92538e-10	3.92538e-10	3.92538e-10	3.92538e-10	3.92538e-10	3.92538e-10	3.92538e-10	3.92538e-10
24.57	3.87140e-12	1.21725e-11	2.59897e-11	4.96628e-11	8.46819e-11	1.30801e-10	1.85094e-10	2.41081e-10	2.90988e-10	3.29201e-10	3.54513e-10	3.69275e-10	3.77084e-10	3.81038e-10	3.83112e-10	3.84348e-10	3.85209e-10	3.85836e-10	3.86280e-10	3.86607e-10	3.86895e-10	3.87197e-10	3.87513e-10	3.87817e-10	3.88074e-10	3.88270e-10	3.88409e-10	3.88498e-10	3.88550e-10	3.88578e-10	3.88592e-10	3.88600e-10	3.88603e-10	3.88604e-10	3.88605e-10	3.88605e-10	3.88605e-10	3.88605e-10	3.88605e-10	3.88605e-10	3.88605e-10	3.88605e-10	3.88605e-10	3.88605e-10	3.88605e-10	3.88605e-10	3.88605e-10	3.88605e-10	3.88605e-10
24.63	2.93041e-12	9.19993e-12	1.96528e-11	3.77993e-11	6.71654e-11	1.07560e-10	1.57717e-10	2.12840e-10	2.65587e-10	3.09075e-10	3.39955e-10	3.59088e-10	3.69665e-10	3.75099e-10	3.77875e-10	3.79418e-10	3.80422e-10	3.81150e-10	3.81674e-10	3.82047e-10	3.82343e-10	3.82636e-10	3.82947e-10	3.83261e-10	3.83543e-10	3.83769e-10	3.83934e-10	3.84046e-10	3.84114e-10	3.84152e-10	3.84172e-10	3.84182e-10	3.84187e-10	3.84189e-10	3.84190e-10	3.84190e-10	3.84190e-10	3.84190e-10	3.84190e-10	3.84190e-10	3.84190e-10	3.84190e-10	3.84190e-10	3.84190e-10	3.84190e-10	3.84190e-10	3.84190e-10	3.84190e-10	3.84190e-10
24.69	2.17828e-12	6.91159e-12	1.48357e-11	2.85404e-11	5.22031e-11	8.68307e-11	1.31929e-10	1.84509e-10	2.38350e-10	2.86118e-10	3.22586e-10	3.46708e-10	3.60772e-10	3.68222e-10	3.72007e-10	3.74007e-10	3.75209e-10	3.76052e-10	3.76666e-10	3.77102e-10	3.77425e-10	3.77712e-10	3.78014e-10	3.78330e-10	3.78631e-10	3.78886e-10	3.79080e-10	3.79216e-10	3.79304e-10	3.79355e-10	3.79382e-10	3.79396e-10	3.79403e-10	3.79407e-10	3.79408e-10	3.79408e-10	3.79408e-10	3.79408e-10	3.79408e-10	3.79408e-10	3.79408e-10	3.79408e-10	3.79408e-10	3.79408e-10	3.79408e-10	3.79408e-10	3.79408e-10	3.79408e-10	3.79408e-10
24.75	1.63326e-12	5.19133e-12	1.11878e-11	2.15428e-11	3.97378e-11	6.88340e-11	1.08406e-10	1.57092e-10	2.10241e-10	2.60872e-10	3.02492e-10	3.31996e-10	3.50263e-10	3.60365e-10	3.65567e-10	3.68237e-10	3.69733e-10	3.70715e-10	3.71429e-10	3.71944e-10	3.72310e-10	3.72604e-10	3.72896e-10	3.73208e-10	3.73520e-10	3.73801e-10	3.74024e-10	3.74187e-10	3.74297e-10	3.74364e-10	3.74400e-10	3.74420e-10	3.74430e-10	3.74435e-10	3.74437e-10	3.74437e-10	3.74437e-10	3.74437e-10	3.74437e-10	3.74437e-10	3.74437e-10	3.74437e-10	3.74437e-10	3.74437e-10	3.74437e-10	3.74437e-10	3.74437e-10	3.74437e-10	3.74437e-10
24.81	1.24779e-12	3.90723e-12	8.43114e-12	1.62756e-11	3.00258e-11	5.35595e-11	8.75368e-11	1.31402e-10	1.82225e-10	2.34050e-10	2.79899e-10	3.14836e-10	3.37922e-10	3.51378e-10	3.58512e-10	3.62149e-10	3.64082e-10	3.65255e-10	3.66082e-10	3.66685e-10	3.67113e-10	3.67432e-10	3.67718e-10	3.68020e-10	3.68336e-10	3.68636e-10	3.68888e-10	3.69080e-10	3.69214e-10	3.69300e-10	3.69350e-10	3.69376e-10	3.69390e-10	3.69397e-10	3.69400e-10	3.69401e-10	3.69401e-10	3.69401e-10	3.69401e-10	3.69401e-10	3.69401e-10	3.69401e-10	3.69401e-10	3.69401e-10	3.69401e-10	3.69401e-10	3.69401e-10	3.69401e-10	3.69401e-10
24.88	9.55336e-13	2.95308e-12	6.36175e-12	1.23052e-11	2.26941e-11	4.08441e-11	6.94458e-11	1.08007e-10	1.55175e-10	2.06469e-10	2.55206e-10	2.95192e-10	3.23500e-10	3.41014e-10	3.50700e-10	3.55696e-10	3.58272e-10	3.59727e-10	3.60689e-10	3.61391e-10	3.61896e-10	3.62257e-10	3.62549e-10	3.62842e-10	3.63153e-10	3.63465e-10	3.63743e-10	3.63964e-10	3.64125e-10	3.64232e-10	3.64298e-10	3.64334e-10	3.64352e-10	3.64362e-10	3.64367e-10	3.64369e-10	3.64370e-10	3.64370e-10	3.64370e-10	3.64370e-10	3.64370e-10	3.64370e-10	3.64370e-10	3.64370e-10	3.64370e-10	3.64370e-10	3.64370e-10	3.64370e-10	3.64370e-10
24.94	7.23676e-13	2.24976e-12	4.79661e-12	9.28067e-12	1.71376e-11	3.08668e-11	5.40885e-11	8.72525e-11	1.29840e-10	1.79012e-10	2.29037e-10	2.73214e-10	3.06826e-10	3.29011e-10	3.41934e-10	3.48790e-10	3.52295e-10	3.54169e-10	3.55315e-10	3.56128e-10	3.56720e-10	3.57142e-10	3.57457e-10	3.57743e-10	3.58045e-10	3.58361e-10	3.58659e-10	3.58909e-10	3.59098e-10	3.59230e-10	3.59314e-10	3.59363e-10	3.59388e-10	3.59402e-10	3.59409e-10	3.59412e-10	3.59413e-10	3.59413e-10	3.59413e-10	3.59413e-10	3.59413e-10	3.59413e-10	3.59413e-10	3.59413e-10	3.59413e-10	3.59413e-10	3.59413e-10	3.59413e-10	3.59413e-10
25.00	5.47164e-13	1.71558e-12	3.61778e-12	7.00459e-12	1.29639e-11	2.33375e-11	4.13042e-11	6.92677e-11	1.06776e-10	1.52518e-10	2.02164e-10	2.49259e-10	2.87837e-10	3.15110e-10	3.31965e-10	3.41283e-10	3.46096e-10	3.48587e-10	3.50005e-10	3.50949e-10	3.51639e-10	3.52137e-10	3.52493e-10	3.52783e-10	3.53076e-10	3.53387e-10	3.53698e-10	3.53974e-10	3.54193e-10	3.54351e-10	3.54457e-10	3.54521e-10	3.54556e-10	3.54574e-10	3.54584e-10	3.54589e-10	3.54590e-10	3.54591e-10	3.54591e-10	3.54591e-10	3.54591e-10	3.54591e-10	3.54591e-10	3.54591e-10	3.54591e-10	3.54591e-10	3.54591e-10	3.54591e-10	3.54591e-10
25.06	4.13703e-13	1.29840e-12	2.75599e-12	5.28235e-12	9.77822e-12	1.76053e-11	3.12151e-11	5.40054e-11	8.63174e-11	1.27706e-10	1.75418e-10	2.23894e-10	2.66638e-10	2.99107e-10	3.20508e-10	3.32961e-10	3.39568e-10	3.42954e-10	3.44774e-10	3.45896e-10	3.46696e-10	3.47280e-10	3.47695e-10	3.48006e-10	3.48292e-10	3.48595e-10	3.48910e-10	3.49207e-10	3.49454e-10	3.49641e-10	3.49771e-10	3.49854e-10	3.49901e-10	3.49926e-10	3.49939e-10	3.49946e-10	3.49949e-10	3.49950e-10	3.49950e-10	3.49950e-10	3.49950e-10	3.49950e-10	3.49950e-10	3.49950e-10	3.49950e-10	3.49950e-10	3.49950e-10	3.49950e-10	3.49950e-10
25.12	3.12793e-13	9.81704e-13	2.09832e-12	3.97864e-12	7.38050e-12	1.33303e-11	2.36003e-11	4.12986e-11	6.85876e-11	1.05109e-10	1.49598e-10	1.97836e-10	2.43536e-10	2.80907e-10	3.07282e-10	3.23556e-10	3.32546e-10	3.37194e-10	3.39609e-10	3.40992e-10	3.41920e-10	3.42600e-10	3.43090e-10	3.43441e-10	3.43730e-10	3.44023e-10	3.44335e-10	3.44645e-10	3.44919e-10	3.45135e-10	3.45291e-10	3.45395e-10	3.45458e-10	3.45492e-10	3.45510e-10	3.45519e-10	3.45524e-10	3.45525e-10	3.45526e-10	3.45526e-10	3.45526e-10	3.45526e-10	3.45526e-10	3.45526e-10	3.45526e-10	3.45526e-10	3.45526e-10	3.45526e-10	3.45526e-10
25.18	2.36499e-13	7.42253e-13	1.58772e-12	3.02933e-12	5.56656e-12	1.00529e-11	1.77974e-11	3.12145e-11	5.35381e-11	8.50536e-11	1.25395e-10	1.71871e-10	2.19044e-10	2.60572e-10	2.92055e-10	3.12766e-10	3.24799e-10	3.31182e-10	3.34459e-10	3.36231e-10	3.37331e-10	3.38119e-10	3.38694e-10	3.39102e-10	3.39411e-10	3.39697e-10	3.40001e-10	3.40315e-10	3.40611e-10	3.40856e-10	3.41040e-10	3.41168e-10	3.41249e-10	3.41295e-10	3.41319e-10	3.41332e-10	3.41339e-10	3.41342e-10	3.41343e-10	3.41343e-10	3.41343e-10	3.41343e-10	3.41343e-10	3.41343e-10	3.41343e-10	3.41343e-10	3.41343e-10	3.41343e-10	3.41343e-10
25.24	1.78742e-13	5.61134e-13	1.20038e-12	2.30717e-12	4.19364e-12	7.58806e-12	1.34802e-11	2.35995e-11	4.10008e-11	6.76596e-11	1.03326e-10	1.46766e-10	1.93833e-10	2.38361e-10	2.74699e-10	3.00288e-10	3.16045e-10	3.24738e-10	3.29235e-10	3.31580e-10	3.32933e-10	3.33846e-10	3.34516e-10	3.34998e-10	3.35345e-10	3.35633e-10	3.35926e-10	3.36238e-10	3.36548e-10	3.36819e-10	3.37033e-10	3.37187e-10	3.37289e-10	3.37350e-10	3.37384e-10	3.37401e-10	3.37410e-10	3.37415e-10	3.37416e-10	3.37417e-10	3.37417e-10	3.37417e-10	3.37417e-10	3.37417e-10	3.37417e-10	3.37417e-10	3.37417e-10	3.37417e-10	3.37417e-10
25.30	1.35111e-13	4.24232e-13	9.07559e-13	1.74557e-12	3.18952e-12	5.72394e-12	1.01669e-11	1.78147e-11	3.09966e-11	5.28832e-11	8.37135e-11	1.23189e-10	1.68654e-10	2.14746e-10	2.55243e-10	2.85869e-10	3.05967e-10	3.17621e-10	3.23800e-10	3.26977e-10	3.28704e-10	3.29784e-10	3.30561e-10	3.31127e-10	3.31530e-10	3.31836e-10	3.32122e-10	3.32426e-10	3.32741e-10	3.33035e-10	3.33277e-10	3.33459e-10	3.33585e-10	3.33664e-10	3.33709e-10	3.33733e-10	3.33746e-10	3.33752e-10	3.33755e-10	3.33756e-10	3.33756e-10	3.33756e-10	3.33756e-10	3.33756e-10	3.33756e-10	3.33756e-10	3.33756e-10	3.33756e-10	3.33756e-10
25.36	1.02222e-13	3.20736e-13	6.86171e-13	1.31978e-12	2.42949e-12	4.31310e-12	7.67422e-12	1.34800e-11	2.34344e-11	4.05609e-11	6.66813e-11	1.01651e-10	1.44247e-10	1.90361e-10	2.33909e-10	2.69356e-10	2.94249e-10	3.09540e-10	3.17963e-10	3.22321e-10	3.24601e-10	3.25925e-10	3.26825e-10	3.27485e-10	3.27960e-10	3.28303e-10	3.28590e-10	3.28884e-10	3.29196e-10	3.29504e-10	3.29774e-10	3.29985e-10	3.30137e-10	3.30237e-10	3.30297e-10	3.30330e-10	3.30347e-10	3.30356e-10	3.30360e-10	3.30362e-10	3.30362e-10	3.30362e-10	3.30362e-10	3.30362e-10	3.30362e-10	3.30362e-10	3.30362e-10	3.30362e-10	3.30362e-10
25.42	7.72886e-14	2.42489e-13	5.18787e-13	9.97851e-13	1.83805e-12	3.27951e-12	5.79002e-12	1.01677e-11	1.76938e-11	3.06749e-11	5.21932e-11	8.24734e-11	1.21267e-10	1.65926e-10	2.11131e-10	2.50748e-10	2.80622e-10	3.00169e-10	3.11477e-10	3.17466e-10	3.20552e-10	3.22237e-10	3.23298e-10	3.24065e-10	3.24623e-10	3.25020e-10	3.25324e-10	3.25610e-10	3.25914e-10	3.26229e-10	3.26521e-10	3.26761e-10	3.26941e-10	3.27064e-10	3.27142e-10	3.27186e-10	3.27210e-10	3.27222e-10	3.27228e-10	3.27231e-10	3.27231e-10	3.27232e-10	3.27232e-10	3.27232e-10	3.27232e-10	3.27232e-10	3.27232e-10	3.27232e-10	3.27232e-10
25.48	5.84368e-14	1.83404e-13	3.92231e-13	7.54441e-13	1.38971e-12	2.49708e-12	4.36369e-12	7.67514e-12	1.33864e-11	2.31903e-11	4.00947e-11	6.57895e-11	1.00223e-10	1.42164e-10	1.87513e-10	2.30239e-10	2.64911e-10	2.89182e-10	3.04047e-10	3.12220e-10	3.16449e-10	3.18668e-10	3.19965e-10	3.20853e-10	3.21504e-10	3.21972e-10	3.22311e-10	3.22597e-10	3.22892e-10	3.23204e-10	3.23512e-10	3.23779e-10	3.23988e-10	3.24137e-10	3.24236e-10	3.24295e-10	3.24326e-10	3.24343e-10	3.24352e-10	3.24356e-10	3.24357e-10	3.24358e-10	3.24358e-10	3.24358e-10	3.24358e-10	3.24358e-10	3.24358e-10	3.24358e-10	3.24358e-10
25.54	4.41833e-14	1.38669e-13	2.96544e-13	5.70405e-13	1.05073e-12	1.88911e-12	3.31719e-12	5.79141e-12	1.00979e-11	1.75124e-11	3.03368e-11	5.15737e-11	8.14418e-11	1.19723e-10	1.63755e-10	2.08232e-10	2.47094e-10	2.76298e-10	2.95344e-10	3.06332e-10	3.12145e-10	3.15144e-10	3.16790e-10	3.17834e-10	3.18590e-10	3.19141e-10	3.19532e-10	3.19834e-10	3.20120e-10	3.20425e-10	3.20740e-10	3.21030e-10	3.21268e-10	3.21445e-10	3.21567e-10	3.21643e-10	3.21686e-10	3.21709e-10	3.21721e-10	3.21727e-10	3.21729e-10	3.21730e-10	3.21730e-10	3.21730e-10	3.21730e-10	3.21730e-10	3.21730e-10	3.21730e-10	3.21730e-10
25.60	3.34064e-14	1.04846e-13	2.24272e-13	4.31258e-13	7.94418e-13	1.42833e-12	2.52501e-12	4.36535e-12	7.62276e-12	1.32479e-11	2.29349e-11	3.96830e-11	6.50680e-11	9.91146e-11	1.40567e-10	1.85307e-10	2.27340e-10	2.61328e-10	2.85034e-10	2.99506e-10	3.07445e-10	3.11553e-10	3.13716e-10	3.14988e-10	3.15863e-10	3.16506e-10	3.16967e-10	3.17302e-10	3.17588e-10	3.17883e-10	3.18196e-10	3.18502e-10	3.18768e-10	3.18974e-10	3.19121e-10	3.19218e-10	3.19276e-10	3.19306e-10	3.19323e-10	3.19331e-10	3.19335e-10	3.19336e-10	3.19337e-10	3.19337e-10	3.19337e-10	3.19337e-10	3.19337e-10	3.19337e-10	3.19337e-10
25.66	2.52581e-14	7.92725e-14	1.69568e-13	3.26050e-13	6.00631e-13	1.07992e-12	1.91021e-12	3.31781e-12	5.75235e-12	9.99867e-12	1.73201e-11	3.00436e-11	5.10892e-11	8.06742e-11	1.18593e-10	1.62146e-10	2.06026e-10	2.44231e-10	2.72829e-10	2.91412e-10	3.02102e-10	3.07749e-10	3.10667e-10	3.12276e-10	3.13304e-10	3.14050e-10	3.14593e-10	3.14980e-10	3.15279e-10	3.15566e-10	3.15872e-10	3.16185e-10	3.16474e-10	3.16710e-10	3.16885e-10	3.17004e-10	3.17079e-10	3.17121e-10	3.17143e-10	3.17155e-10	3.17161e-10	3.17163e-10	3.17164e-10	3.17164e-10	3.17164e-10	3.17164e-10	3.17164e-10	3.17164e-10	3.17164e-10
25.73	1.90973e-14	5.99369e-14	1.28208e-13	2.46581e-13	4.54111e-13	8.16495e-13	1.44427e-12	2.52487e-12	4.33610e-12	7.54408e-12	1.31023e-11	2.27114e-11	3.93753e-11	6.45593e-11	9.83511e-11	1.39453e-10	1.83712e-10	2.25154e-10	2.58529e-10	2.81716e-10	2.95821e-10	3.03539e-10	3.07533e-10	3.09642e-10	3.10890e-10	3.11754e-10	3.12388e-10	3.12843e-10	3.13175e-10	3.13460e-10	3.13756e-10	3.14069e-10	3.14374e-10	3.14637e-10	3.14841e-10	3.14986e-10	3.15081e-10	3.15138e-10	3.15168e-10	3.15184e-10	3.15192e-10	3.15196e-10	3.15197e-10	3.15197e-10	3.15197e-10	3.15197e-10	3.15197e-10	3.15197e-10	3.15197e-10
25.79	1.44392e-14	4.53175e-14	9.69366e-14	1.86436e-13	3.43329e-13	6.17323e-13	1.09198e-12	1.90963e-12	3.29524e-12	5.69373e-12	9.89005e-12	1.71532e-11	2.98324e-11	5.07722e-11	8.01882e-11	1.17871e-10	1.61068e-10	2.04453e-10	2.42076e-10	2.70120e-10	2.88272e-10	2.98680e-10	3.04170e-10	3.07010e-10	3.08584e-10	3.09597e-10	3.10333e-10	3.10869e-10	3.11251e-10	3.11549e-10	3.11836e-10	3.12142e-10	3.12456e-10	3.12743e-10	3.12976e-10	3.13148e-10	3.13266e-10	3.13340e-10	3.13381e-10	3.13402e-10	3.13413e-10	3.13419e-10	3.13421e-10	3.13422e-10	3.13422e-10	3.13422e-10	3.13422e-10	3.13422e-10	3.13422e-10
25.85	1.09173e-14	3.42639e-14	7.32925e-14	1.40962e-13	2.59644e-13	4.66732e-13	8.25610e-13	1.44417e-12	2.50717e-12	4.29172e-12	7.46185e-12	1.29761e-11	2.25485e-11	3.91967e-11	6.42764e-11	9.79255e-11	1.38790e-10	1.82670e-10	2.23600e-10	2.56418e-10	2.79120e-10	2.92879e-10	3.00388e-10	3.04274e-10	3.06331e-10	3.07557e-10	3.08410e-10	3.09036e-10	3.09485e-10	3.09813e-10	3.10097e-10	3.10394e-10	3.10708e-10	3.11012e-10	3.11273e-10	3.11474e-10	3.11617e-10	3.11711e-10	3.11766e-10	3.11795e-10	3.11810e-10	3.11819e-10	3.11822e-10	3.11824e-10	3.11824e-10	3.11824e-10	3.11824e-10	3.11824e-10	3.11824e-10
25.91	8.25443e-15	2.59065e-14	5.54155e-14	1.06579e-13	1.96313e-13	3.52873e-13	6.24216e-13	1.09190e-12	1.89537e-12	3.26146e-12	5.63186e-12	9.79507e-12	1.70333e-11	2.97231e-11	5.06329e-11	7.99773e-11	1.17528e-10	1.60466e-10	2.03436e-10	2.40537e-10	2.68067e-10	2.85810e-10	2.95950e-10	3.01291e-10	3.04058e-10	3.05599e-10	3.06596e-10	3.07324e-10	3.07853e-10	3.08229e-10	3.08525e-10	3.08813e-10	3.09120e-10	3.09433e-10	3.09718e-10	3.09949e-10	3.10119e-10	3.10235e-10	3.10307e-10	3.10347e-10	3.10368e-10	3.10379e-10	3.10385e-10	3.10387e-10	3.10388e-10	3.10388e-10	3.10388e-10	3.10388e-10	3.10388e-10
25.97	6.24106e-15	1.95876e-14	4.18989e-14	8.05832e-14	1.48430e-13	2.66858e-13	4.71945e-13	8.25550e-13	1.43404e-12	2.47895e-12	4.24521e-12	7.39046e-12	1.28853e-11	2.24624e-11	3.91549e-11	6.42136e-11	9.78126e-11	1.38533e-10	1.82112e-10	2.22590e-10	2.54894e-10	2.77139e-10	2.90568e-10	2.97879e-10	3.01660e-10	3.03669e-10	3.04873e-10	3.05715e-10	3.06333e-10	3.06776e-10	3.07101e-10	3.07385e-10	3.07683e-10	3.07996e-10	3.08299e-10	3.08558e-10	3.08757e-10	3.08898e-10	3.08990e-10	3.09044e-10	3.09072e-10	3.09087e-10	3.09095e-10	3.09099e-10	3.09100e-10	3.09100e-10	3.09100e-10	3.09100e-10	3.09100e-10
26.03	4.71878e-15	1.48099e-14	3.16792e-14	6.09278e-14	1.12226e-13	2.01768e-13	3.56814e-13	6.24171e-13	1.08424e-12	1.87566e-12	3.22582e-12	5.57815e-12	9.72688e-12	1.69717e-11	2.97206e-11	5.06665e-11	8.00206e-11	1.17522e-10	1.60278e-10	2.02895e-10	2.39519e-10	2.66564e-10	2.83919e-10	2.93803e-10	2.99001e-10	3.01697e-10	3.03206e-10	3.04190e-10	3.04908e-10	3.05430e-10	3.05802e-10	3.06096e-10	3.06384e-10	3.06692e-10	3.07005e-10	3.07288e-10	3.07517e-10	3.07685e-10	3.07799e-10	3.07869e-10	3.07908e-10	3.07929e-10	3.07940e-10	3.07945e-10	3.07947e-10	3.07948e-10	3.07948e-10	3.07948e-10	3.07948e-10
26.09	3.56781e-15	1.11976e-14	2.39522e-14	4.60667e-14	8.48524e-14	1.52554e-13	2.69837e-13	4.71911e-13	8.19760e-13	1.41909e-12	2.44904e-12	4.20496e-12	7.33927e-12	1.28384e-11	2.24590e-11	3.92468e-11	6.43541e-11	9.79786e-11	1.38626e-10	1.81966e-10	2.22037e-10	2.53859e-10	2.75670e-10	2.88783e-10	2.95902e-10	2.99584e-10	3.01546e-10	3.02730e-10	3.03561e-10	3.04172e-10	3.04608e-10	3.04930e-10	3.05214e-10	3.05512e-10	3.05826e-10	3.06128e-10	3.06385e-10	3.06582e-10	3.06720e-10	3.06810e-10	3.06863e-10	3.06891e-10	3.06906e-10	3.06913e-10	3.06917e-10	3.06918e-10	3.06918e-10	3.06918e-10	3.06918e-10
26.15	2.69757e-15	8.46631e-15	1.81099e-14	3.48304e-14	6.41558e-14	1.15344e-13	2.04020e-13	3.56790e-13	6.19794e-13	1.07294e-12	1.85490e-12	3.19254e-12	5.53963e-12	9.69180e-12	1.69712e-11	2.98244e-11	5.08602e-11	8.02903e-11	1.17810e-10	1.60443e-10	2.02753e-10	2.38932e-10	2.65516e-10	2.82499e-10	2.92137e-10	2.97197e-10	2.99825e-10	3.01304e-10	3.02274e-10	3.02984e-10	3.03499e-10	3.03866e-10	3.04159e-10	3.04448e-10	3.04756e-10	3.05068e-10	3.05350e-10	3.05576e-10	3.05742e-10	3.05854e-10	3.05923e-10	3.05961e-10	3.05981e-10	3.05992e-10	3.05997e-10	3.05999e-10	3.05999e-10	3.05999e-10	3.05999e-10
26.21	2.03960e-15	6.40127e-15	1.36927e-14	2.63348e-14	4.85073e-14	8.72100e-14	1.54256e-13	2.69800e-13	4.68603e-13	8.11217e-13	1.40338e-12	2.42272e-12	4.17779e-12	7.31299e-12	1.28336e-11	2.25382e-11	3.94627e-11	6.46759e-11	9.83863e-11	1.39016e-10	1.82163e-10	2.21862e-10	2.53227e-10	2.74620e-10	2.87428e-10	2.94363e-10	2.97949e-10	2.99867e-10	3.01030e-10	3.01852e-10	3.02455e-10	3.02885e-10	3.03204e-10	3.03488e-10	3.03787e-10	3.04101e-10	3.04402e-10	3.04657e-10	3.04851e-10	3.04988e-10	3.05076e-10	3.05127e-10	3.05154e-10	3.05169e-10	3.05176e-10	3.05180e-10	3.05181e-10	3.05181e-10	3.05181e-10
26.27	1.54211e-15	4.83991e-15	1.03528e-14	1.99114e-14	3.66757e-14	6.59383e-14	1.16631e-13	2.04004e-13	3.54289e-13	6.13336e-13	1.06106e-12	1.83689e-12	3.16529e-12	5.51993e-12	9.69482e-12	1.70295e-11	3.00275e-11	5.11969e-11	8.07567e-11	1.18347e-10	1.60901e-10	2.02938e-10	2.38697e-10	2.64839e-10	2.81462e-10	2.90862e-10	2.95789e-10	2.98353e-10	2.99803e-10	3.00759e-10	3.01461e-10	3.01969e-10	3.02332e-10	3.02623e-10	3.02913e-10	3.03221e-10	3.03533e-10	3.03813e-10	3.04037e-10	3.04200e-10	3.04310e-10	3.04378e-10	3.04415e-10	3.04435e-10	3.04445e-10	3.04450e-10	3.04452e-10	3.04452e-10	3.04452e-10
26.33	1.16597e-15	3.65939e-15	7.82764e-15	1.50547e-14	2.77300e-14	4.98551e-14	8.81834e-14	1.54245e-13	2.67883e-13	4.63720e-13	8.02240e-13	1.38974e-12	2.40302e-12	4.16331e-12	7.31330e-12	1.28723e-11	2.26920e-11	3.97898e-11	6.51555e-11	9.89996e-11	1.39655e-10	1.82642e-10	2.21994e-10	2.52920e-10	2.73909e-10	2.86422e-10	2.93179e-10	2.96672e-10	2.98547e-10	2.99692e-10	3.00504e-10	3.01099e-10	3.01523e-10	3.01840e-10	3.02124e-10	3.02424e-10	3.02738e-10	3.03037e-10	3.03290e-10	3.03482e-10	3.03616e-10	3.03703e-10	3.03753e-10	3.03779e-10	3.03793e-10	3.03801e-10	3.03804e-10	3.03805e-10	3.03805e-10
26.39	8.81574e-16	2.76681e-15	5.91838e-15	1.13827e-14	2.09663e-14	3.76947e-14	6.66742e-14	1.16622e-13	2.02573e-13	3.50598e-13	6.06547e-13	1.05075e-12	1.82390e-12	3.14876e-12	5.52027e-12	9.73020e-12	1.71500e-11	3.03200e-11	5.16585e-11	8.13910e-11	1.19092e-10	1.61600e-10	2.03389e-10	2.38746e-10	2.64459e-10	2.80733e-10	2.89903e-10	2.94702e-10	2.97203e-10	2.98625e-10	2.99569e-10	3.00262e-10	3.00763e-10	3.01122e-10	3.01412e-10	3.01702e-10	3.02011e-10	3.02322e-10	3.02601e-10	3.02822e-10	3.02983e-10	3.03091e-10	3.03158e-10	3.03194e-10	3.03213e-10	3.03223e-10	3.03228e-10	3.03230e-10	3.03230e-10
26.45	6.66546e-16	2.09195e-15	4.47480e-15	8.60628e-15	1.58523e-14	2.85005e-14	5.04115e-14	8.81767e-14	1.53163e-13	2.65070e-13	4.58588e-13	7.94442e-13	1.37991e-12	2.39146e-12	4.16363e-12	7.33977e-12	1.29558e-11	2.29133e-11	4.02144e-11	6.57702e-11	9.97854e-11	1.40499e-10	1.83350e-10	2.22372e-10	2.52872e-10	2.73468e-10	2.85695e-10	2.92280e-10	2.95684e-10	2.97517e-10	2.98644e-10	2.99446e-10	3.00033e-10	3.00452e-10	3.00766e-10	3.01050e-10	3.01351e-10	3.01665e-10	3.01963e-10	3.02213e-10	3.02403e-10	3.02535e-10	3.02620e-10	3.02669e-10	3.02695e-10	3.02709e-10	3.02716e-10	3.02719e-10	3.02720e-10
26.51	5.03966e-16	1.58170e-15	3.38334e-15	6.50710e-15	1.19857e-14	2.15488e-14	3.81154e-14	6.66692e-14	1.15804e-13	2.00462e-13	3.46718e-13	6.00652e-13	1.04331e-12	1.81715e-12	3.14360e-12	5.54019e-12	9.79682e-12	1.73219e-11	3.06918e-11	5.22276e-11	8.21665e-11	1.20009e-10	1.62495e-10	2.04052e-10	2.39021e-10	2.64316e-10	2.80250e-10	2.89196e-10	2.93871e-10	2.96311e-10	2.97706e-10	2.98638e-10	2.99322e-10	2.99817e-10	3.00172e-10	3.00461e-10	3.00751e-10	3.01062e-10	3.01372e-10	3.01648e-10	3.01867e-10	3.02026e-10	3.02133e-10	3.02197e-10	3.02233e-10	3.02251e-10	3.02261e-10	3.02266e-10	3.02268e-10
26.57	3.81042e-16	1.19590e-15	2.55810e-15	4.91993e-15	9.06224e-15	1.62928e-14	2.88186e-14	5.04077e-14	8.75581e-14	1.51566e-13	2.62136e-13	4.54131e-13	7.88821e-13	1.37478e-12	2.38959e-12	4.17878e-12	7.39031e-12	1.30732e-11	2.31945e-11	4.07232e-11	6.64994e-11	1.00714e-10	1.41509e-10	1.84241e-10	2.22946e-10	2.53030e-10	2.73243e-10	2.85190e-10	2.91608e-10	2.94925e-10	2.96718e-10	2.97827e-10	2.98620e-10	2.99200e-10	2.99614e-10	2.99925e-10	3.00209e-10	3.00510e-10	3.00825e-10	3.01121e-10	3.01369e-10	3.01557e-10	3.01687e-10	3.01770e-10	3.01818e-10	3.01844e-10	3.01857e-10	3.01864e-10	3.01867e-10
26.64	2.88101e-16	9.04203e-16	1.93414e-15	3.71989e-15	6.85184e-15	1.23187e-14	2.17893e-14	3.81125e-14	6.62015e-14	1.14597e-13	1.98242e-13	3.43348e-13	5.96402e-13	1.03943e-12	1.81698e-12	3.14953e-12	5.57848e-12	9.89499e-12	1.75367e-11	3.11311e-11	5.28880e-11	8.30600e-11	1.21067e-10	1.63547e-10	2.04884e-10	2.39473e-10	2.64360e-10	2.79961e-10	2.88689e-10	2.93244e-10	2.95625e-10	2.96994e-10	2.97914e-10	2.98590e-10	2.99078e-10	2.99429e-10	2.99717e-10	3.00008e-10	3.00319e-10	3.00629e-10	3.00903e-10	3.01120e-10	3.01277e-10	3.01381e-10	3.01445e-10	3.01479e-10	3.01497e-10	3.01507e-10	3.01511e-10
26.70	2.17829e-16	6.83655e-16	1.46238e-15	2.81256e-15	5.18058e-15	9.31403e-15	1.64746e-14	2.88164e-14	5.00540e-14	8.66454e-14	1.49888e-13	2.59588e-13	4.50918e-13	7.85889e-13	1.37464e-12	2.39655e-12	4.20781e-12	7.46288e-12	1.32243e-11	2.35284e-11	4.13041e-11	6.73246e-11	1.01761e-10	1.42654e-10	1.85278e-10	2.23672e-10	2.53348e-10	2.73185e-10	2.84860e-10	2.91115e-10	2.94349e-10	2.96103e-10	2.97195e-10	2.97978e-10	2.98551e-10	2.98959e-10	2.99268e-10	2.99552e-10	2.99855e-10	3.00169e-10	3.00464e-10	3.00710e-10	3.00895e-10	3.01023e-10	3.01105e-10	3.01152e-10	3.01176e-10	3.01189e-10	3.01196e-10
26.76	1.64698e-16	5.16903e-16	1.10568e-15	2.12654e-15	3.91697e-15	7.04221e-15	1.24562e-14	2.17877e-14	3.78452e-14	6.55114e-14	1.13329e-13	1.96315e-13	3.40919e-13	5.94185e-13	1.03933e-12	1.82328e-12	3.17044e-12	5.63330e-12	1.00172e-11	1.77891e-11	3.16275e-11	5.36258e-11	8.40514e-11	1.22239e-10	1.64725e-10	2.05848e-10	2.40064e-10	2.64548e-10	2.79824e-10	2.88339e-10	2.92777e-10	2.95102e-10	2.96446e-10	2.97354e-10	2.98022e-10	2.98503e-10	2.98850e-10	2.99137e-10	2.99430e-10	2.99741e-10	3.00050e-10	3.00322e-10	3.00536e-10	3.00691e-10	3.00794e-10	3.00856e-10	3.00889e-10	3.00907e-10	3.00916e-10
26.82	1.24526e-16	3.90823e-16	8.35993e-16	1.60785e-15	2.96156e-15	5.32452e-15	9.41798e-15	1.64734e-14	2.86142e-14	4.95323e-14	8.56862e-14	1.48431e-13	2.57752e-13	4.49242e-13	7.85809e-13	1.37939e-12	2.41123e-12	4.24939e-12	7.55498e-12	1.34228e-11	2.39083e-11	4.19464e-11	6.82303e-11	1.02905e-10	1.43907e-10	1.86429e-10	2.24517e-10	2.53791e-10	2.73258e-10	2.84666e-10	2.90763e-10	2.93916e-10	2.95633e-10	2.96708e-10	2.97482e-10	2.98048e-10	2.98451e-10	2.98757e-10	2.99042e-10	2.99345e-10	2.99659e-10	2.99953e-10	3.00196e-10	3.00379e-10	3.00505e-10	3.00586e-10	3.00631e-10	3.00655e-10	3.00668e-10
26.88	9.41521e-17	2.95496e-16	6.32083e-16	1.21567e-15	2.23920e-15	4.02580e-15	7.12081e-15	1.24553e-14	2.16348e-14	3.74507e-14	6.47862e-14	1.12227e-13	1.94926e-13	3.39652e-13	5.94125e-13	1.04292e-12	1.83562e-12	3.20181e-12	5.70276e-12	1.01616e-11	1.80763e-11	3.21728e-11	5.44288e-11	8.51242e-11	1.23504e-10	1.66002e-10	2.06915e-10	2.40760e-10	2.64847e-10	2.79804e-10	2.88112e-10	2.92437e-10	2.94707e-10	2.96026e-10	2.96923e-10	2.97583e-10	2.98058e-10	2.98401e-10	2.98688e-10	2.98980e-10	2.99292e-10	2.99600e-10	2.99871e-10	3.00082e-10	3.00235e-10	3.00336e-10	3.00397e-10	3.00429e-10	3.00447e-10
26.94	7.11871e-17	2.23421e-16	4.77909e-16	9.19151e-16	1.69303e-15	3.04385e-15	5.38395e-15	9.41727e-15	1.63578e-14	2.83160e-14	4.89839e-14	8.48531e-14	1.47381e-13	2.56794e-13	4.49197e-13	7.88527e-13	1.38871e-12	2.43432e-12	4.30213e-12	7.66424e-12	1.36475e-11	2.43282e-11	4.26410e-11	6.92033e-11	1.04129e-10	1.45246e-10	1.87669e-10	2.25453e-10	2.54328e-10	2.73431e-10	2.84579e-10	2.90521e-10	2.93595e-10	2.95276e-10	2.96336e-10	2.97101e-10	2.97659e-10	2.98057e-10	2.98361e-10	2.98646e-10	2.98950e-10	2.99264e-10	2.99556e-10	2.99797e-10	2.99978e-10	3.00102e-10	3.00181e-10	3.00225e-10	3.00249e-10
27.00	5.38236e-17	1.68925e-16	3.61341e-16	6.94958e-16	1.28008e-15	2.30142e-15	4.07073e-15	7.12027e-15	1.23679e-14	2.14093e-14	3.70361e-14	6.41563e-14	1.11432e-13	1.94201e-13	3.39618e-13	5.96180e-13	1.04997e-12	1.85342e-12	3.24179e-12	5.78500e-12	1.03258e-11	1.83928e-11	3.27600e-11	5.52870e-11	8.62642e-11	1.24844e-10	1.67357e-10	2.08060e-10	2.41537e-10	2.65232e-10	2.79875e-10	2.87980e-10	2.92195e-10	2.94412e-10	2.95707e-10	2.96594e-10	2.97245e-10	2.97714e-10	2.98053e-10	2.98339e-10	2.98633e-10	2.98945e-10	2.99253e-10	2.99521e-10	2.99730e-10	2.99881e-10	2.99980e-10	3.00039e-10	3.00071e-10
