# Program settings for SigmaNu
# Electroweak scheme and input parameters
# Scheme = Complex mass scheme
# alpha_GF = 0.00755898078237864
# Pole masses/widths for particles [GeV]
# mw = 80.35797361
# gw = 2.084298894
# mz = 91.15348062
# gz = 2.494266379
# s^2_thetaw (derived) = (0.222868505240788,-0.00110716741475141)
# charged leptons
# m_e = 0.0005109989461
# m_m = 0.10565837
# m_t = 1.77686
# quarks
# m_d = 0.05
# m_u = 0.05
# m_s = 0.2
# m_c = 1.51
# m_b = 4.92
# m_t = 173
# Ecms (default) = 7776.68

# channel_id = 14
# process  = nu_e nu_t~ -> e- t+
-0.99	2.93716402104729e-07
-0.97	2.69736948654658e-06
-0.95	7.64714982265702e-06
-0.93	1.53006200342159e-05
-0.91	2.58252599951502e-05
-0.89	3.93991689125822e-05
-0.87	5.62118239638831e-05
-0.85	7.64649006470005e-05
-0.83	0.000100373160532149
-0.81	0.000128165412692159
-0.79	0.000160085555745995
-0.77	0.000196393708183944
-0.75	0.000237367435463542
-0.73	0.000283303083283878
-0.71	0.000334517227475314
-0.69	0.000391348252096879
-0.67	0.000454158068631392
-0.65	0.00052333399062859
-0.63	0.000599290779791353
-0.61	0.000682472881355633
-0.59	0.000773356868710729
-0.57	0.000872454119577681
-0.55	0.000980313748749864
-0.53	0.00109752582544772
-0.51	0.00122472490680309
-0.49	0.00136259392293073
-0.47	0.00151186845353832
-0.45	0.00167334144115828
-0.429999999999999	0.00184786839195422
-0.409999999999999	0.00203637312178125
-0.389999999999999	0.00223985411290034
-0.369999999999999	0.0024593915556265
-0.349999999999999	0.00269615515942252
-0.329999999999999	0.00295141282976214
-0.309999999999999	0.00322654032075162
-0.289999999999999	0.00352303198934009
-0.269999999999999	0.00384251279535104
-0.249999999999999	0.00418675171299345
-0.229999999999999	0.00455767674451238
-0.209999999999999	0.00495739175588187
-0.189999999999999	0.00538819538872872
-0.169999999999999	0.00585260234297483
-0.149999999999999	0.00635336737217368
-0.129999999999999	0.00689351238962521
-0.109999999999999	0.0074763571498288
-0.0899999999999994	0.00810555404881647
-0.0699999999999994	0.008785127681025
-0.0499999999999994	0.00951951990285982
-0.0299999999999994	0.0103136412879848
-0.00999999999999938	0.0111729300216274
0.0100000000000006	0.012103419477031
0.0300000000000006	0.0131118159544072
0.0500000000000006	0.0142055883511246
0.0700000000000006	0.0153930718837934
0.0900000000000006	0.0166835884140597
0.110000000000001	0.0180875864603286
0.130000000000001	0.0196168046329337
0.150000000000001	0.0212844630435035
0.170000000000001	0.0231054882532219
0.190000000000001	0.0250967785950604
0.210000000000001	0.0272775183048551
0.230000000000001	0.0296695509215406
0.250000000000001	0.0322978249955423
0.270000000000001	0.0351909284467733
0.290000000000001	0.0383817321691639
0.310000000000001	0.041908168997964
0.330000000000001	0.0458141813636579
0.350000000000001	0.0501508804368403
0.370000000000001	0.0549779721340164
0.390000000000001	0.0603655221439
0.410000000000001	0.0663961547599807
0.430000000000001	0.0731678110751143
0.450000000000001	0.0807972343450703
0.470000000000001	0.0894244089450081
0.490000000000001	0.099218261564781
0.510000000000001	0.110384049988364
0.530000000000001	0.123173032545011
0.550000000000001	0.137895255735302
0.570000000000001	0.154936658942746
0.590000000000001	0.174782238111786
0.610000000000001	0.198047840245403
0.630000000000001	0.225524453401499
0.650000000000001	0.258240912682603
0.670000000000001	0.297554286916539
0.690000000000001	0.345282789092652
0.710000000000001	0.403905622172918
0.730000000000001	0.476871105554978
0.750000000000001	0.569085468810788
0.770000000000001	0.687713922997354
0.790000000000001	0.843543914535525
0.810000000000001	1.05340965631413
0.830000000000001	1.34473580135867
0.850000000000001	1.76460816147374
0.870000000000001	2.39935163806312
0.890000000000001	3.42118588318955
0.910000000000001	5.21490298138549
0.930000000000001	8.7901401316788
0.950000000000001	17.5448803676481
0.970000000000001	49.4597561708976
0.990000000000001	441.647355532349
