# Program settings for SigmaNu
# Electroweak scheme and input parameters
# Scheme = Complex mass scheme
# alpha_GF = 0.00755898078237864
# Pole masses/widths for particles [GeV]
# mw = 80.35797361
# gw = 2.084298894
# mz = 91.15348062
# gz = 2.494266379
# s^2_thetaw (derived) = (0.222868505240788,-0.00110716741475141)
# charged leptons
# m_e = 0.0005109989461
# m_m = 0.10565837
# m_t = 1.77686
# quarks
# m_d = 0.05
# m_u = 0.05
# m_s = 0.2
# m_c = 1.51
# m_b = 4.92
# m_t = 173
# Ecms (default) = 34047.9

# channel_id = 14
# process  = nu_e nu_t~ -> e- t+
-0.99	1.53256908638211e-08
-0.97	1.40746000925816e-07
-0.95	3.99021880306545e-07
-0.93	7.98375722043449e-07
-0.91	1.34754750504834e-06
-0.89	2.05583144008821e-06
-0.87	2.93311556798319e-06
-0.85	3.9899245793684e-06
-0.83	5.23746615299806e-06
-0.81	6.68768114030799e-06
-0.79	8.35329795828682e-06
-0.77	1.02478915910263e-05
-0.75	1.23859476431632e-05
-0.73	1.4782931936401e-05
-0.71	1.74553661940393e-05
-0.69	2.04209104187657e-05
-0.67	2.3698452636751e-05
-0.65	2.73082067572955e-05
-0.63	3.12718193832277e-05
-0.61	3.56124865040992e-05
-0.59	4.03550811137077e-05
-0.57	4.55262929172945e-05
-0.55	5.11547814340588e-05
-0.53	5.7271343959783e-05
-0.51	6.39091000352718e-05
-0.49	7.11036942721628e-05
-0.47	7.88935196223756e-05
-0.45	8.73199634454821e-05
-0.429999999999999	9.64276790348456e-05
-0.409999999999999	0.000106264885614693
-0.389999999999999	0.000116883700223536
-0.369999999999999	0.000128340505363174
-0.349999999999999	0.000140696356826917
-0.329999999999999	0.000154017436737691
-0.309999999999999	0.000168375557540454
-0.289999999999999	0.000183848723520817
-0.269999999999999	0.00020052175738309
-0.249999999999999	0.000218487000540141
-0.229999999999999	0.000237845097073578
-0.209999999999999	0.000258705872850382
-0.189999999999999	0.000281189323073304
-0.169999999999999	0.000305426723647648
-0.149999999999999	0.000331561884228073
-0.129999999999999	0.000359752563740479
-0.109999999999999	0.000390172072647231
-0.0899999999999994	0.000423011090350674
-0.0699999999999994	0.000458479731047613
-0.0499999999999994	0.0004968098972254
-0.0299999999999994	0.000538257967038458
-0.00999999999999938	0.000583107870282664
0.0100000000000006	0.000631674617919492
0.0300000000000006	0.000684308362498552
0.0500000000000006	0.000741399081898755
0.0700000000000006	0.000803381997200866
0.0900000000000006	0.000870743858038882
0.110000000000001	0.000944030256500706
0.130000000000001	0.00102385416490116
0.150000000000001	0.00111090593526033
0.170000000000001	0.00120596505132422
0.190000000000001	0.00130991399037744
0.210000000000001	0.00142375463573607
0.230000000000001	0.00154862778670547
0.250000000000001	0.00168583644761872
0.270000000000001	0.00183687375025538
0.290000000000001	0.00200345658647225
0.310000000000001	0.00218756631651949
0.330000000000001	0.0023914982954753
0.350000000000001	0.00261792245610397
0.370000000000001	0.00286995784372995
0.390000000000001	0.00315126487703349
0.410000000000001	0.00346616029242085
0.430000000000001	0.00381976133958541
0.450000000000001	0.00421816800678831
0.470000000000001	0.00466869512202091
0.490000000000001	0.00518017047966717
0.510000000000001	0.00576332125103092
0.530000000000001	0.0064312797188994
0.550000000000001	0.00720025217402786
0.570000000000001	0.00809041373782644
0.590000000000001	0.00912712031489039
0.610000000000001	0.0103425723587407
0.630000000000001	0.0117781328749073
0.650000000000001	0.0134876098285514
0.670000000000001	0.0155419884322842
0.690000000000001	0.0180363912951023
0.710000000000001	0.0211005462966244
0.730000000000001	0.0249149305413413
0.750000000000001	0.0297363880711009
0.770000000000001	0.0359401289402538
0.790000000000001	0.0440912321946594
0.810000000000001	0.0550718747815633
0.830000000000001	0.0703199023083125
0.850000000000001	0.0923054346726578
0.870000000000001	0.125560465641738
0.890000000000001	0.179135274999666
0.910000000000001	0.273278236151774
0.930000000000001	0.461223209233925
0.950000000000001	0.922712799952814
0.970000000000001	2.61516015929966
0.990000000000001	23.981142779512
