# Program settings for SigmaNu
# Electroweak scheme and input parameters
# Scheme = Complex mass scheme
# alpha_GF = 0.00755898078237864
# Pole masses/widths for particles [GeV]
# mw = 80.35797361
# gw = 2.084298894
# mz = 91.15348062
# gz = 2.494266379
# s^2_thetaw (derived) = (0.222868505240788,-0.00110716741475141)
# charged leptons
# m_e = 0.0005109989461
# m_m = 0.10565837
# m_t = 1.77686
# quarks
# m_d = 0.05
# m_u = 0.05
# m_s = 0.2
# m_c = 1.51
# m_b = 4.92
# m_t = 173
# Ecms (default) = 1396.33

# channel_id = 14
# process  = nu_e nu_t~ -> e- t+
-0.99	9.05488137059382e-06
-0.97	8.3133482364021e-05
-0.95	0.000235661206392858
-0.93	0.000471476732363864
-0.91	0.000795722272748675
-0.89	0.00121386498907893
-0.87	0.00173172012657821
-0.85	0.00235547602421919
-0.83	0.00309172117245719
-0.81	0.00394747350867102
-0.79	0.00493021216016684
-0.77	0.00604791186673184
-0.75	0.00730908033945845
-0.73	0.00872279884023426
-0.71	0.0102987662972974
-0.69	0.0120473473070315
-0.67	0.0139796244112323
-0.65	0.016107455082994
-0.63	0.0184435339038215
-0.61	0.0210014604703337
-0.59	0.0237958136318844
-0.57	0.0268422327316207
-0.55	0.0301575066041091
-0.53	0.033759671174084
-0.51	0.0376681166047036
-0.49	0.0419037050618191
-0.47	0.0464889002953437
-0.45	0.0514479103924096
-0.429999999999999	0.0568068452325895
-0.409999999999999	0.0625938903765565
-0.389999999999999	0.0688394993502555
-0.369999999999999	0.0755766065518179
-0.349999999999999	0.0828408633137904
-0.329999999999999	0.0906709000055389
-0.309999999999999	0.0991086174679542
-0.289999999999999	0.108199511544386
-0.269999999999999	0.11799303501944
-0.249999999999999	0.1285430019145
-0.229999999999999	0.139908039831841
-0.209999999999999	0.15215209690762
-0.189999999999999	0.165345010951383
-0.169999999999999	0.179563149544518
-0.149999999999999	0.194890131276869
-0.129999999999999	0.211417639961419
-0.109999999999999	0.229246345632698
-0.0899999999999994	0.24848694846805
-0.0699999999999994	0.269261364548758
-0.0499999999999994	0.291704075695059
-0.0299999999999994	0.315963669582128
-0.00999999999999938	0.34220460111832
0.0100000000000006	0.370609211823188
0.0300000000000006	0.401380050907015
0.0500000000000006	0.434742550209971
0.0700000000000006	0.470948115465506
0.0900000000000006	0.510277708963411
0.110000000000001	0.553046014180717
0.130000000000001	0.599606292062728
0.150000000000001	0.650356062322645
0.170000000000001	0.705743772615233
0.190000000000001	0.766276655325635
0.210000000000001	0.832530018087337
0.230000000000001	0.905158272751374
0.250000000000001	0.984908082009757
0.270000000000001	1.07263409807754
0.290000000000001	1.169317890266
0.310000000000001	1.27609081672952
0.330000000000001	1.39426180212375
0.350000000000001	1.52535125383184
0.370000000000001	1.67113270759919
0.390000000000001	1.83368427074275
0.410000000000001	2.01545257255654
0.430000000000001	2.21933280127332
0.450000000000001	2.44876959742355
0.470000000000001	2.70788521946498
0.490000000000001	3.00164369810626
0.510000000000001	3.33606294834217
0.530000000000001	3.71849146403834
0.550000000000001	4.15797297350392
0.570000000000001	4.66573237251253
0.590000000000001	5.25583110370383
0.610000000000001	5.94606272518062
0.630000000000001	6.75919435529162
0.650000000000001	7.72471486920122
0.670000000000001	8.88133982471515
0.690000000000001	10.2806704884533
0.710000000000001	11.9926548191615
0.730000000000001	14.1139369606401
0.750000000000001	16.7809765694638
0.770000000000001	20.1913154548673
0.790000000000001	24.6393117124343
0.810000000000001	30.5787500585105
0.830000000000001	38.738103251906
0.850000000000001	50.3457012323417
0.870000000000001	67.6028032187082
0.890000000000001	94.7726649416829
0.910000000000001	141.004120978915
0.930000000000001	228.938870406121
0.950000000000001	427.958191726174
0.970000000000001	1044.06982599205
0.990000000000001	5170.47328508935
