# Program settings for SigmaNu
# Electroweak scheme and input parameters
# Scheme = Complex mass scheme
# alpha_GF = 0.00755898078237864
# Pole masses/widths for particles [GeV]
# mw = 80.35797361
# gw = 2.084298894
# mz = 91.15348062
# gz = 2.494266379
# s^2_thetaw (derived) = (0.222868505240788,-0.00110716741475141)
# charged leptons
# m_e = 0.0005109989461
# m_m = 0.10565837
# m_t = 1.77686
# quarks
# m_d = 0.05
# m_u = 0.05
# m_s = 0.2
# m_c = 1.51
# m_b = 4.92
# m_t = 173
# Ecms (default) = 48.5996

# channel_id = 14
# process  = nu_e nu_t~ -> e- t+
-0.99	0.000676452481663642
-0.97	0.0052591198258992
-0.95	0.014206140906878
-0.93	0.0275881078891512
-0.91	0.0454767598620566
-0.89	0.0679450036080123
-0.87	0.0950669347950663
-0.85	0.126917859603436
-0.83	0.163574316796021
-0.81	0.205114100243121
-0.79	0.251616281911862
-0.77	0.303161235331114
-0.75	0.359830659542925
-0.73	0.421707603551825
-0.71	0.488876491283627
-0.69	0.561423147065654
-0.67	0.639434821640634
-0.65	0.723000218726835
-0.63	0.812209522137327
-0.61	0.907154423471609
-0.59	1.00792815039318
-0.57	1.11462549550699
-0.55	1.22734284585111
-0.53	1.34617821301729
-0.51	1.47123126391546
-0.49	1.60260335219775
-0.47	1.74039755035782
-0.45	1.88471868252196
-0.429999999999999	2.03567335794857
-0.409999999999999	2.19337000525344
-0.389999999999999	2.35791890737833
-0.369999999999999	2.52943223732112
-0.349999999999999	2.70802409464627
-0.329999999999999	2.89381054279463
-0.309999999999999	3.0869096472123
-0.289999999999999	3.28744151431904
-0.269999999999999	3.49552833133661
-0.249999999999999	3.7112944069989
-0.229999999999999	3.93486621316537
-0.209999999999999	4.16637242736081
-0.189999999999999	4.40594397626421
-0.169999999999999	4.65371408017103
-0.149999999999999	4.90981829845305
-0.129999999999999	5.17439457604124
-0.109999999999999	5.44758329095755
-0.0899999999999994	5.72952730292217
-0.0699999999999994	6.02037200306391
-0.0499999999999994	6.32026536476167
-0.0299999999999994	6.62935799564621
-0.00999999999999938	6.94780319079196
0.0100000000000006	7.27575698712956
0.0300000000000006	7.61337821911087
0.0500000000000006	7.96082857565876
0.0700000000000006	8.31827265843517
0.0900000000000006	8.68587804146204
0.110000000000001	9.06381533213023
0.130000000000001	9.45225823363312
0.150000000000001	9.85138360886234
0.170000000000001	10.2613715458042
0.190000000000001	10.6824054244768
0.210000000000001	11.1146719854483
0.230000000000001	11.5583613999791
0.250000000000001	12.0136673418311
0.270000000000001	12.4807870607885
0.290000000000001	12.9599214579366
0.310000000000001	13.4512751627459
0.330000000000001	13.9550566120103
0.350000000000001	14.4714781306894
0.370000000000001	15.0007560147082
0.390000000000001	15.5431106157654
0.410000000000001	16.0987664282076
0.430000000000001	16.6679521780249
0.450000000000001	17.2509009140263
0.470000000000001	17.8478501012564
0.490000000000001	18.4590417167144
0.510000000000001	19.0847223474404
0.530000000000001	19.7251432910341
0.550000000000001	20.3805606586754
0.570000000000001	21.0512354807161
0.590000000000001	21.7374338149159
0.610000000000001	22.4394268573976
0.630000000000001	23.1574910563975
0.650000000000001	23.8919082288928
0.670000000000001	24.6429656801861
0.690000000000001	25.4109563265331
0.710000000000001	26.1961788209002
0.730000000000001	26.9989376819435
0.750000000000001	27.8195434263011
0.770000000000001	28.6583127042958
0.790000000000001	29.5155684391479
0.810000000000001	30.3916399697997
0.830000000000001	31.2868631974588
0.850000000000001	32.2015807359696
0.870000000000001	33.1361420661247
0.890000000000001	34.0909036940356
0.910000000000001	35.0662293136812
0.930000000000001	36.0624899737598
0.950000000000001	37.0800642489736
0.970000000000001	38.1193384158789
0.990000000000001	39.1807066334393
