# Program settings for SigmaNu
# Electroweak scheme and input parameters
# Scheme = Complex mass scheme
# alpha_GF = 0.00755898078237864
# Pole masses/widths for particles [GeV]
# mw = 80.35797361
# gw = 2.084298894
# mz = 91.15348062
# gz = 2.494266379
# s^2_thetaw (derived) = (0.222868505240788,-0.00110716741475141)
# charged leptons
# m_e = 0.0005109989461
# m_m = 0.10565837
# m_t = 1.77686
# quarks
# m_d = 0.05
# m_u = 0.05
# m_s = 0.2
# m_c = 1.51
# m_b = 4.92
# m_t = 173
# Ecms (default) = 716.504

# channel_id = 14
# process  = nu_e nu_t~ -> e- t+
-0.99	3.37899663483381e-05
-0.97	0.000309983133803557
-0.95	0.000878446408811793
-0.93	0.00175703654933923
-0.91	0.00296471972878791
-0.89	0.00452164904940001
-0.87	0.00644924821696597
-0.85	0.00877030193140539
-0.83	0.0115090536038617
-0.81	0.0146913110733432
-0.79	0.0183445610654361
-0.77	0.02249809321311
-0.75	0.0271831345461486
-0.73	0.0324329954524274
-0.71	0.0382832282224576
-0.69	0.0447717994098325
-0.67	0.0519392773761805
-0.65	0.0598290365419519
-0.63	0.0684874800361036
-0.61	0.0779642826311566
-0.59	0.0883126560681775
-0.57	0.0995896391225013
-0.55	0.111856415039477
-0.53	0.125178659284873
-0.51	0.139626920912234
-0.49	0.155277041255739
-0.47	0.172210614119268
-0.45	0.190515492159084
-0.429999999999999	0.210286344758597
-0.409999999999999	0.231625273380997
-0.389999999999999	0.254642491172656
-0.369999999999999	0.279457074493337
-0.349999999999999	0.306197795087442
-0.329999999999999	0.335004042806041
-0.309999999999999	0.366026850169099
-0.289999999999999	0.399430031652313
-0.269999999999999	0.435391452431115
-0.249999999999999	0.474104443459974
-0.229999999999999	0.515779382261879
-0.209999999999999	0.560645461714431
-0.189999999999999	0.608952672522441
-0.169999999999999	0.6609740290547
-0.149999999999999	0.717008072906681
-0.129999999999999	0.77738169406689
-0.109999999999999	0.842453316077292
-0.0899999999999994	0.912616499288683
-0.0699999999999994	0.98830402546615
-0.0499999999999994	1.06999253789981
-0.0299999999999994	1.15820782419388
-0.00999999999999938	1.25353084450302
0.0100000000000006	1.35660462672965
0.0300000000000006	1.46814217280143
0.0500000000000006	1.58893554750382
0.0700000000000006	1.71986635456777
0.0900000000000006	1.86191784521732
0.110000000000001	2.0161889539555
0.130000000000001	2.18391061728686
0.150000000000001	2.36646480625623
0.170000000000001	2.56540679687652
0.190000000000001	2.78249131857182
0.210000000000001	3.01970336598346
0.230000000000001	3.27929464212498
0.250000000000001	3.56382683178267
0.270000000000001	3.87622319762184
0.290000000000001	4.21983036684518
0.310000000000001	4.59849265920149
0.330000000000001	5.01664193247917
0.350000000000001	5.47940673680458
0.370000000000001	5.99274563933183
0.390000000000001	6.56361099668515
0.410000000000001	7.20015134029469
0.430000000000001	7.91196307822187
0.450000000000001	8.7104056611501
0.470000000000001	9.60899907768194
0.490000000000001	10.6239290715773
0.510000000000001	11.7746946038598
0.530000000000001	13.084945002438
0.550000000000001	14.5835727523792
0.570000000000001	16.3061547573448
0.590000000000001	18.2968744955346
0.610000000000001	20.6111167341838
0.630000000000001	23.3190166190893
0.650000000000001	26.5103847040772
0.670000000000001	30.3016505305715
0.690000000000001	34.8458248424858
0.710000000000001	40.3470729604328
0.730000000000001	47.0825007336768
0.750000000000001	55.4355255481306
0.770000000000001	65.9484218642409
0.790000000000001	79.4077048189693
0.810000000000001	96.988003246555
0.830000000000001	120.504975759419
0.850000000000001	152.882749585997
0.870000000000001	199.071462766734
0.890000000000001	267.986461637314
0.910000000000001	377.006541284867
0.930000000000001	563.754428815519
0.950000000000001	922.519615676428
0.970000000000001	1748.03327964599
0.990000000000001	4389.50008988893
