# Program settings for SigmaNu
# Electroweak scheme and input parameters
# Scheme = Complex mass scheme
# alpha_GF = 0.00755898078237864
# Pole masses/widths for particles [GeV]
# mw = 80.35797361
# gw = 2.084298894
# mz = 91.15348062
# gz = 2.494266379
# s^2_thetaw (derived) = (0.222868505240788,-0.00110716741475141)
# charged leptons
# m_e = 0.0005109989461
# m_m = 0.10565837
# m_t = 1.77686
# quarks
# m_d = 0.05
# m_u = 0.05
# m_s = 0.2
# m_c = 1.51
# m_b = 4.92
# m_t = 173
# Ecms (default) = 663.691

# channel_id = 14
# process  = nu_e nu_t~ -> e- t+
-0.99	3.92273026242636e-05
-0.97	0.000359800675056452
-0.95	0.00101955131636397
-0.93	0.00203915799741763
-0.91	0.00344058146840207
-0.89	0.00524715383403567
-0.87	0.00748367501731493
-0.85	0.01017651694839
-0.83	0.0133537361794005
-0.81	0.0170451956975423
-0.79	0.0212826967881961
-0.77	0.0261001218886423
-0.75	0.0315335894718773
-0.73	0.0376216221106612
-0.71	0.0444053289956664
-0.69	0.0519286043201938
-0.67	0.0602383430993484
-0.65	0.069384676166088
-0.63	0.0794212262827657
-0.61	0.0904053875276771
-0.59	0.102398630365129
-0.57	0.115466835088637
-0.55	0.129680656644622
-0.53	0.145115924203715
-0.51	0.161854079254623
-0.49	0.179982656458675
-0.47	0.199595812029818
-0.45	0.220794905004879
-0.429999999999999	0.243689137453402
-0.409999999999999	0.268396260458818
-0.389999999999999	0.295043353598426
-0.369999999999999	0.323767686677038
-0.349999999999999	0.354717673649621
-0.329999999999999	0.388053930027215
-0.309999999999999	0.423950446627845
-0.289999999999999	0.462595894345654
-0.269999999999999	0.504195076709357
-0.249999999999999	0.548970549435744
-0.229999999999999	0.597164429015517
-0.209999999999999	0.649040415669356
-0.189999999999999	0.704886059868269
-0.169999999999999	0.765015306128348
-0.149999999999999	0.829771353091719
-0.129999999999999	0.899529875145446
-0.109999999999999	0.974702658193454
-0.0899999999999994	1.05574171090906
-0.0699999999999994	1.14314392313337
-0.0499999999999994	1.23745635538654
-0.0299999999999994	1.33928225814093
-0.00999999999999938	1.4492879370837
0.0100000000000006	1.56821060170917
0.0300000000000006	1.69686736002405
0.0500000000000006	1.83616555291606
0.0700000000000006	1.98711465907513
0.0900000000000006	2.15084004684079
0.110000000000001	2.32859890497048
0.130000000000001	2.521798752616
0.150000000000001	2.73201901299947
0.170000000000001	2.96103623955883
0.190000000000001	3.21085371306436
0.210000000000001	3.48373629037778
0.230000000000001	3.78225158925981
0.250000000000001	4.10931885092645
0.270000000000001	4.46826714877303
0.290000000000001	4.86290502895223
0.310000000000001	5.29760420462818
0.330000000000001	5.77740061897997
0.350000000000001	6.30811709444623
0.370000000000001	6.89651296869878
0.390000000000001	7.55046768021836
0.410000000000001	8.27920734607718
0.430000000000001	9.09358616606882
0.450000000000001	10.0064382675379
0.470000000000001	11.0330207726098
0.490000000000001	12.191576004013
0.510000000000001	13.5040507019045
0.530000000000001	14.9970241776031
0.550000000000001	16.7029174114127
0.570000000000001	18.6615841763101
0.590000000000001	20.9224279662774
0.610000000000001	23.5472521792567
0.630000000000001	26.6141475465402
0.650000000000001	30.2228698586484
0.670000000000001	34.5023957824707
0.690000000000001	39.6217223761098
0.710000000000001	45.8055987334871
0.730000000000001	53.3579325835789
0.750000000000001	62.6974533926603
0.770000000000001	74.4135285873232
0.790000000000001	89.3562358507768
0.810000000000001	108.786924518292
0.830000000000001	134.640413252773
0.850000000000001	170.004195932434
0.870000000000001	220.046435037395
0.890000000000001	293.944655070577
0.910000000000001	409.265122749521
0.930000000000001	603.11246506745
0.950000000000001	965.266285739499
0.970000000000001	1761.33998619549
0.990000000000001	4089.81315280999
