# Program settings for SigmaNu
# Electroweak scheme and input parameters
# Scheme = Complex mass scheme
# alpha_GF = 0.00755898078237864
# Pole masses/widths for particles [GeV]
# mw = 80.35797361
# gw = 2.084298894
# mz = 91.15348062
# gz = 2.494266379
# s^2_thetaw (derived) = (0.222868505240788,-0.00110716741475141)
# charged leptons
# m_e = 0.0005109989461
# m_m = 0.10565837
# m_t = 1.77686
# quarks
# m_d = 0.05
# m_u = 0.05
# m_s = 0.2
# m_c = 1.51
# m_b = 4.92
# m_t = 173
# Ecms (default) = 11.5968

# channel_id = 14
# process  = nu_e nu_t~ -> e- t+
-0.99	0.000294588514715397
-0.97	0.00118855824837181
-0.95	0.00248932340252527
-0.93	0.00419737033913611
-0.91	0.00631318600181626
-0.89	0.00883725791660207
-0.87	0.0117700741927283
-0.85	0.0151121235234036
-0.83	0.0188638951865869
-0.81	0.0230258790457646
-0.79	0.0275985655507299
-0.77	0.0325824457383624
-0.75	0.0379780112334091
-0.73	0.0437857542492667
-0.71	0.0500061675887652
-0.69	0.0566397446449522
-0.67	0.063686979401879
-0.65	0.0711483664353871
-0.63	0.0790244009138966
-0.61	0.0873155785991957
-0.59	0.0960223958472308
-0.57	0.105145349608898
-0.55	0.114684937430837
-0.53	0.124641657456223
-0.51	0.135016008425566
-0.49	0.145808489677501
-0.47	0.157019601149592
-0.45	0.168649843379128
-0.429999999999999	0.18069971750392
-0.409999999999999	0.193169725263108
-0.389999999999999	0.206060368997961
-0.369999999999999	0.219372151652679
-0.349999999999999	0.233105576775198
-0.329999999999999	0.247261148518001
-0.309999999999999	0.261839371638916
-0.289999999999999	0.276840751501936
-0.269999999999999	0.292265794078017
-0.249999999999999	0.308115005945898
-0.229999999999999	0.324388894292909
-0.209999999999999	0.341087966915783
-0.189999999999999	0.358212732221476
-0.169999999999999	0.375763699227975
-0.149999999999999	0.393741377565123
-0.129999999999999	0.412146277475432
-0.109999999999999	0.430978909814903
-0.0899999999999994	0.450239786053851
-0.0699999999999994	0.469929418277719
-0.0499999999999994	0.49004831918791
-0.0299999999999994	0.510597002102606
-0.00999999999999938	0.531575980957594
0.0100000000000006	0.552985770307093
0.0300000000000006	0.574826885324587
0.0500000000000006	0.597099841803647
0.0700000000000006	0.619805156158766
0.0900000000000006	0.642943345426191
0.110000000000001	0.666514927264753
0.130000000000001	0.690520419956706
0.150000000000001	0.714960342408558
0.170000000000001	0.739835214151912
0.190000000000001	0.765145555344302
0.210000000000001	0.790891886770032
0.230000000000001	0.817074729841019
0.250000000000001	0.843694606597633
0.270000000000001	0.870752039709539
0.290000000000001	0.898247552476548
0.310000000000001	0.926181668829454
0.330000000000001	0.954554913330886
0.350000000000001	0.98336781117616
0.370000000000001	1.01262088819412
0.390000000000001	1.04231467084799
0.410000000000001	1.07244968623624
0.430000000000001	1.10302646209342
0.450000000000001	1.13404552679103
0.470000000000001	1.16550740933837
0.490000000000001	1.19741263938339
0.510000000000001	1.22976174721356
0.530000000000001	1.26255526375674
0.550000000000001	1.29579372058199
0.570000000000001	1.32947764990053
0.590000000000001	1.36360758456648
0.610000000000001	1.39818405807783
0.630000000000001	1.43320760457726
0.650000000000001	1.46867875885299
0.670000000000001	1.50459805633972
0.690000000000001	1.5409660331194
0.710000000000001	1.57778322592219
0.730000000000001	1.61505017212729
0.750000000000001	1.65276740976382
0.770000000000001	1.6909354775117
0.790000000000001	1.72955491470252
0.810000000000001	1.76862626132043
0.830000000000001	1.80815005800302
0.850000000000001	1.84812684604219
0.870000000000001	1.88855716738502
0.890000000000001	1.92944156463471
0.910000000000001	1.97078058105139
0.930000000000001	2.01257476055305
0.950000000000001	2.05482464771645
0.970000000000001	2.09753078777793
0.990000000000001	2.1406937266344
