# Program settings for SigmaNu
# Electroweak scheme and input parameters
# Scheme = Complex mass scheme
# alpha_GF = 0.00755898078237864
# Pole masses/widths for particles [GeV]
# mw = 80.35797361
# gw = 2.084298894
# mz = 91.15348062
# gz = 2.494266379
# s^2_thetaw (derived) = (0.222868505240788,-0.00110716741475141)
# charged leptons
# m_e = 0.0005109989461
# m_m = 0.10565837
# m_t = 1.77686
# quarks
# m_d = 0.05
# m_u = 0.05
# m_s = 0.2
# m_c = 1.51
# m_b = 4.92
# m_t = 173
# Ecms (default) = 17471.1

# channel_id = 14
# process  = nu_e nu_t~ -> e- t+
-0.99	5.82032555736828e-08
-0.97	5.34518450560815e-07
-0.95	1.51538546912939e-06
-0.93	3.03203037639337e-06
-0.91	5.11764483384986e-06
-0.89	7.80752526470247e-06
-0.87	1.1139223230233e-05
-0.85	1.51527080400585e-05
-0.83	1.9890542723974e-05
-0.81	2.5398074609905e-05
-0.79	3.17236418828039e-05
-0.77	3.89187976448567e-05
-0.75	4.70385531600799e-05
-0.73	5.61416421485055e-05
-0.71	6.62908081992889e-05
-0.69	7.7553117601119e-05
-0.67	9.00003001456715e-05
-0.65	0.000103709120749371
-0.63	0.000118761785064915
-0.61	0.000135246382621924
-0.59	0.000153257371451748
-0.57	0.000172896108621657
-0.55	0.000194271431636326
-0.53	0.000217500296268974
-0.51	0.000242708477071329
-0.49	0.000270031337593387
-0.47	0.000299614678235119
-0.45	0.000331615670669986
-0.429999999999999	0.000366203888944273
-0.409999999999999	0.000403562448690165
-0.389999999999999	0.000443889267421809
-0.369999999999999	0.000487398460644738
-0.349999999999999	0.000534321890538271
-0.329999999999999	0.000584910886313416
-0.309999999999999	0.000639438158059096
-0.289999999999999	0.000698199929031497
-0.269999999999999	0.00076151831499154
-0.249999999999999	0.000829743983445152
-0.229999999999999	0.000903259130600401
-0.209999999999999	0.00098248081965603
-0.189999999999999	0.00106786473083713
-0.169999999999999	0.00115990938158768
-0.149999999999999	0.0012591608847501
-0.129999999999999	0.00136621832369252
-0.109999999999999	0.00148173983653231
-0.0899999999999994	0.00160644951727322
-0.0699999999999994	0.00174114526034584
-0.0499999999999994	0.00188670769735939
-0.0299999999999994	0.00204411040163419
-0.00999999999999938	0.00221443156827644
0.0100000000000006	0.00239886741641596
0.0300000000000006	0.00259874760729623
0.0500000000000006	0.00281555302913001
0.0700000000000006	0.00305093636946721
0.0900000000000006	0.00330674598138047
0.110000000000001	0.00358505365503159
0.130000000000001	0.0038881870362304
0.150000000000001	0.00421876759499409
0.170000000000001	0.00457975524835545
0.190000000000001	0.00497450099381298
0.210000000000001	0.00540680922735928
0.230000000000001	0.00588101182206905
0.250000000000001	0.0064020565551211
0.270000000000001	0.00697561312672365
0.290000000000001	0.00760820085925203
0.310000000000001	0.00830734326071496
0.330000000000001	0.00908175606775529
0.350000000000001	0.0099415772658915
0.370000000000001	0.0108986500799714
0.390000000000001	0.0119668732621068
0.410000000000001	0.0131626374981031
0.430000000000001	0.0145053728650504
0.450000000000001	0.0160182406655612
0.470000000000001	0.0177290146089448
0.490000000000001	0.0196712126453404
0.510000000000001	0.0218855639469203
0.530000000000001	0.0244219288643067
0.550000000000001	0.0273418382629067
0.570000000000001	0.0307218904814955
0.590000000000001	0.0346583520979036
0.610000000000001	0.0392734737107595
0.630000000000001	0.0447242890433882
0.650000000000001	0.051215074580414
0.670000000000001	0.0590153122501852
0.690000000000001	0.068486107689413
0.710000000000001	0.0801199211270447
0.730000000000001	0.094601839312618
0.750000000000001	0.112906799041104
0.770000000000001	0.136458972002806
0.790000000000001	0.167403098577206
0.810000000000001	0.209087249851348
0.830000000000001	0.266967988252117
0.850000000000001	0.350418458339338
0.870000000000001	0.476633829002315
0.890000000000001	0.679947234439939
0.910000000000001	1.03715694009289
0.930000000000001	1.75010737457745
0.950000000000001	3.4999796628076
0.970000000000001	9.91144091769933
0.990000000000001	90.5127722022616
