# Program settings for SigmaNu
# Electroweak scheme and input parameters
# Scheme = Complex mass scheme
# alpha_GF = 0.00755898078237864
# Pole masses/widths for particles [GeV]
# mw = 80.35797361
# gw = 2.084298894
# mz = 91.15348062
# gz = 2.494266379
# s^2_thetaw (derived) = (0.222868505240788,-0.00110716741475141)
# charged leptons
# m_e = 0.0005109989461
# m_m = 0.10565837
# m_t = 1.77686
# quarks
# m_d = 0.05
# m_u = 0.05
# m_s = 0.2
# m_c = 1.51
# m_b = 4.92
# m_t = 173
# Ecms (default) = 208.175

# channel_id = 14
# process  = nu_e nu_t~ -> e- t+
-0.99	0.000314612839487531
-0.97	0.00285408110001011
-0.95	0.00805409177358407
-0.93	0.0160573532139784
-0.91	0.0270143421561744
-0.89	0.0410837785660008
-0.87	0.0584331334647836
-0.85	0.0792391723183805
-0.83	0.10368853680807
-0.81	0.131978368051214
-0.79	0.164316974614826
-0.77	0.200924548967895
-0.75	0.242033936351523
-0.73	0.287891460413068
-0.71	0.338757810355339
-0.69	0.394908994798773
-0.67	0.456637368048172
-0.65	0.524252735001603
-0.63	0.598083541543319
-0.61	0.678478157932182
-0.59	0.765806263439755
-0.57	0.860460341316748
-0.55	0.962857294083021
-0.53	1.07344019015592
-0.51	1.19268015396761
-0.49	1.32107841298845
-0.47	1.45916851648741
-0.45	1.60751874244068
-0.429999999999999	1.76673471076818
-0.409999999999999	1.93746222305851
-0.389999999999999	2.12039035116594
-0.369999999999999	2.31625479955867
-0.349999999999999	2.52584156910598
-0.329999999999999	2.74999095315299
-0.309999999999999	2.98960190029835
-0.289999999999999	3.24563678231644
-0.269999999999999	3.51912661022021
-0.249999999999999	3.81117674661897
-0.229999999999999	4.12297316837632
-0.209999999999999	4.45578934022047
-0.189999999999999	4.81099376752326
-0.169999999999999	5.19005830508427
-0.149999999999999	5.5945673085983
-0.129999999999999	6.02622772673905
-0.109999999999999	6.48688024468557
-0.0899999999999994	6.97851160471547
-0.0699999999999994	7.50326824650393
-0.0499999999999994	8.06347142936848
-0.0299999999999994	8.66163402132498
-0.00999999999999938	9.30047916598912
0.0100000000000006	9.98296106868818
0.0300000000000006	10.7122881783769
0.0500000000000006	11.4919490829608
0.0700000000000006	12.3257414834776
0.0900000000000006	13.2178046685414
0.110000000000001	14.1726559760533
0.130000000000001	15.1952318062693
0.150000000000001	16.2909338411532
0.170000000000001	17.4656812322485
0.190000000000001	18.7259696464334
0.210000000000001	20.0789382099494
0.230000000000001	21.5324455710547
0.250000000000001	23.0951565167349
0.270000000000001	24.7766408367795
0.290000000000001	26.5874864387276
0.310000000000001	28.5394290915945
0.330000000000001	30.645501629787
0.350000000000001	32.9202059999391
0.370000000000001	35.3797122062012
0.390000000000001	38.0420890338299
0.410000000000001	40.9275724450467
0.430000000000001	44.0588787941469
0.450000000000001	47.4615715639898
0.470000000000001	51.1644922651969
0.490000000000001	55.2002685693438
0.510000000000001	59.605915807993
0.530000000000001	64.4235518449514
0.550000000000001	69.7012502643497
0.570000000000001	75.4940631389673
0.590000000000001	81.8652527916328
0.610000000000001	88.8877825340412
0.630000000000001	96.6461301771021
0.650000000000001	105.238506278257
0.670000000000001	114.77958318552
0.690000000000001	125.403873146104
0.710000000000001	137.269937173506
0.730000000000001	150.565665455003
0.750000000000001	165.514951265284
0.770000000000001	182.386193055204
0.790000000000001	201.503217585959
0.810000000000001	223.259441693065
0.830000000000001	248.13641354271
0.850000000000001	276.728345730981
0.870000000000001	309.774950465655
0.890000000000001	348.20593675028
0.910000000000001	393.202136005919
0.930000000000001	446.280728424145
0.950000000000001	509.416033115035
0.970000000000001	585.213827763648
0.990000000000001	677.168030461907
