# Program settings for SigmaNu
# Electroweak scheme and input parameters
# Scheme = Complex mass scheme
# alpha_GF = 0.00755898078237864
# Pole masses/widths for particles [GeV]
# mw = 80.35797361
# gw = 2.084298894
# mz = 91.15348062
# gz = 2.494266379
# s^2_thetaw (derived) = (0.222868505240788,-0.00110716741475141)
# charged leptons
# m_e = 0.0005109989461
# m_m = 0.10565837
# m_t = 1.77686
# quarks
# m_d = 0.05
# m_u = 0.05
# m_s = 0.2
# m_c = 1.51
# m_b = 4.92
# m_t = 173
# Ecms (default) = 670.99

# channel_id = 14
# process  = nu_e nu_t~ -> e- t+
-0.99	3.84014615053902e-05
-0.97	0.000352235379649037
-0.95	0.000998124399745656
-0.93	0.00199631960465336
-0.91	0.00336832795377545
-0.89	0.00513699986754185
-0.87	0.00732662376071917
-0.85	0.00996302814882197
-0.83	0.0130736920148973
-0.81	0.0166878641940397
-0.79	0.0208366926110425
-0.77	0.025553364293608
-0.75	0.0308732571806579
-0.73	0.0368341048538148
-0.71	0.0434761754415344
-0.69	0.0508424660813658
-0.67	0.0589789144783243
-0.65	0.0679346292686243
-0.63	0.0777621410905624
-0.61	0.0885176764811182
-0.59	0.100261456961224
-0.57	0.113058025948537
-0.55	0.126976606448429
-0.53	0.142091492827027
-0.51	0.158482480370481
-0.49	0.176235336789282
-0.47	0.195442320343525
-0.45	0.216202749854042
-0.429999999999999	0.238623632536453
-0.409999999999999	0.262820356363382
-0.389999999999999	0.288917454539641
-0.369999999999999	0.317049450684062
-0.349999999999999	0.347361794470914
-0.329999999999999	0.380011898818461
-0.309999999999999	0.415170291251719
-0.289999999999999	0.453021893845782
-0.269999999999999	0.493767448216777
-0.249999999999999	0.537625104419232
-0.229999999999999	0.584832195390419
-0.209999999999999	0.635647221825104
-0.189999999999999	0.690352076153093
-0.169999999999999	0.749254538729666
-0.149999999999999	0.812691084559143
-0.129999999999999	0.88103004500449
-0.109999999999999	0.954675176173247
-0.0899999999999994	1.03406969423429
-0.0699999999999994	1.11970084808271
-0.0499999999999994	1.21210511186438
-0.0299999999999994	1.31187409430858
-0.00999999999999938	1.41966127910248
0.0100000000000006	1.53618973130512
0.0300000000000006	1.66226092982343
0.0500000000000006	1.7987649162375
0.0700000000000006	1.94669198699668
0.0900000000000006	2.10714620076006
0.110000000000001	2.28136102738864
0.130000000000001	2.47071753230746
0.150000000000001	2.67676557283859
0.170000000000001	2.90124858576191
0.190000000000001	3.1461326730933
0.210000000000001	3.41364085276533
0.230000000000001	3.70629354155481
0.250000000000001	4.02695659105463
0.270000000000001	4.3788985193868
0.290000000000001	4.76585899254261
0.310000000000001	5.19213113766612
0.330000000000001	5.66266095402676
0.350000000000001	6.18316797725463
0.370000000000001	6.7602925191715
0.390000000000001	7.40177634686761
0.410000000000001	8.11668571689008
0.430000000000001	8.91568843576373
0.450000000000001	9.81140035036322
0.470000000000001	10.8188217750833
0.490000000000001	11.9558914113075
0.510000000000001	13.2441951544238
0.530000000000001	14.709881077951
0.550000000000001	16.3848517461841
0.570000000000001	18.3083337761489
0.590000000000001	20.5289668382734
0.610000000000001	23.1076173495806
0.630000000000001	26.1212177877668
0.650000000000001	29.6680803626616
0.670000000000001	33.8753667110792
0.690000000000001	38.9097704432388
0.710000000000001	44.9930883230522
0.730000000000001	52.4254046381739
0.750000000000001	61.6204440662382
0.770000000000001	73.160952753405
0.790000000000001	87.8881616127522
0.810000000000001	107.05151015381
0.830000000000001	132.569753867692
0.850000000000001	167.508978172627
0.870000000000001	217.010161284744
0.890000000000001	290.221804529519
0.910000000000001	404.702227215307
0.930000000000001	597.674610868304
0.950000000000001	959.672458856162
0.970000000000001	1760.69419095795
0.990000000000001	4133.6505275789
