# Program settings for SigmaNu
# Electroweak scheme and input parameters
# Scheme = Complex mass scheme
# alpha_GF = 0.00755898078237864
# Pole masses/widths for particles [GeV]
# mw = 80.35797361
# gw = 2.084298894
# mz = 91.15348062
# gz = 2.494266379
# s^2_thetaw (derived) = (0.222868505240788,-0.00110716741475141)
# charged leptons
# m_e = 0.0005109989461
# m_m = 0.10565837
# m_t = 1.77686
# quarks
# m_d = 0.05
# m_u = 0.05
# m_s = 0.2
# m_c = 1.51
# m_b = 4.92
# m_t = 173
# Ecms (default) = 5188.37

# channel_id = 14
# process  = nu_e nu_t~ -> e- t+
-0.99	6.59696571643681e-07
-0.97	6.05831039027318e-06
-0.95	1.71754736162689e-05
-0.93	3.43650200476071e-05
-0.91	5.80030512521961e-05
-0.89	8.84895127723467e-05
-0.87	0.000126249897277097
-0.85	0.000171737086241825
-0.83	0.000225433342921299
-0.81	0.000287852470704465
-0.79	0.000359542152414168
-0.77	0.000441086487761932
-0.75	0.000533108748009294
-0.73	0.000636274368948312
-0.71	0.000751294205623753
-0.69	0.000878928074811421
-0.67	0.00101998861417928
-0.65	0.00117534549033415
-0.63	0.00134592999164724
-0.61	0.00153274004591516
-0.59	0.00173684570761538
-0.57	0.00195939516483502
-0.55	0.00220162132197886
-0.53	0.00246484902119976
-0.51	0.00275050297326537
-0.49	0.00306011647741814
-0.47	0.00339534101986698
-0.45	0.00375795685206108
-0.429999999999999	0.00414988466306322
-0.409999999999999	0.00457319847542816
-0.389999999999999	0.00503013991131071
-0.369999999999999	0.00552313399544586
-0.349999999999999	0.00605480668459268
-0.329999999999999	0.00662800433952847
-0.309999999999999	0.00724581538632863
-0.289999999999999	0.00791159444919593
-0.269999999999999	0.00862898927837537
-0.249999999999999	0.00940197084474144
-0.229999999999999	0.0102348670287136
-0.209999999999999	0.0111324003967331
-0.189999999999999	0.0120997306354211
-0.169999999999999	0.0131425023039001
-0.149999999999999	0.0142668986712482
-0.129999999999999	0.0154797025318592
-0.109999999999999	0.0167883650405321
-0.0899999999999994	0.0182010837861948
-0.0699999999999994	0.0197268915341736
-0.0499999999999994	0.021375757319116
-0.0299999999999994	0.0231587018730503
-0.00999999999999938	0.025087929736786
0.0100000000000006	0.0271769808418563
0.0300000000000006	0.0294409048819234
0.0500000000000006	0.0318964624389383
0.0700000000000006	0.0345623576180881
0.0900000000000006	0.0374595079118303
0.110000000000001	0.0406113582019438
0.130000000000001	0.0440442472769572
0.150000000000001	0.0477878370645443
0.170000000000001	0.0518756170502975
0.190000000000001	0.0563454992004855
0.210000000000001	0.0612405222903831
0.230000000000001	0.0666096890769496
0.250000000000001	0.0725089655307416
0.270000000000001	0.0790024787386045
0.290000000000001	0.0861639596191259
0.310000000000001	0.0940784889525885
0.330000000000001	0.10284462136611
0.350000000000001	0.112576983140888
0.370000000000001	0.123409467839125
0.390000000000001	0.135499191330929
0.410000000000001	0.149031418443214
0.430000000000001	0.164225742313037
0.450000000000001	0.181343892069559
0.470000000000001	0.200699675612373
0.490000000000001	0.222671748180679
0.510000000000001	0.247720158416586
0.530000000000001	0.276407998731208
0.550000000000001	0.309430033241332
0.570000000000001	0.347650984407161
0.590000000000001	0.392157372947888
0.610000000000001	0.444328660013298
0.630000000000001	0.505936328383849
0.650000000000001	0.579284130237477
0.670000000000001	0.66741019446733
0.690000000000001	0.774384135042923
0.710000000000001	0.905753646414601
0.730000000000001	1.06923282911633
0.750000000000001	1.27579366746835
0.770000000000001	1.54145399216654
0.790000000000001	1.89031856978019
0.810000000000001	2.35998420258127
0.830000000000001	3.01166140246455
0.850000000000001	3.95036194054658
0.870000000000001	5.36842045488799
0.890000000000001	7.64905470517107
0.910000000000001	11.6469832319593
0.930000000000001	19.5990656844158
0.950000000000001	39.0017611808562
0.970000000000001	109.183962733659
0.990000000000001	942.436938171334
