# Program settings for SigmaNu
# Electroweak scheme and input parameters
# Scheme = Complex mass scheme
# alpha_GF = 0.00755898078237864
# Pole masses/widths for particles [GeV]
# mw = 80.35797361
# gw = 2.084298894
# mz = 91.15348062
# gz = 2.494266379
# s^2_thetaw (derived) = (0.222868505240788,-0.00110716741475141)
# charged leptons
# m_e = 0.0005109989461
# m_m = 0.10565837
# m_t = 1.77686
# quarks
# m_d = 0.05
# m_u = 0.05
# m_s = 0.2
# m_c = 1.51
# m_b = 4.92
# m_t = 173
# Ecms (default) = 19490.5

# channel_id = 14
# process  = nu_e nu_t~ -> e- t+
-0.99	4.67676199057998e-08
-0.97	4.29497703807486e-07
-0.95	1.21764678151404e-06
-0.93	2.43630582213429e-06
-0.91	4.11214521033922e-06
-0.89	6.27352657036337e-06
-0.87	8.95062359849761e-06
-0.85	1.21755527259637e-05
-0.83	1.59825145183312e-05
-0.81	2.04079468114925e-05
-0.79	2.54906906889453e-05
-0.77	3.12721705220538e-05
-0.75	3.7796589425709e-05
-0.73	4.51111416281681e-05
-0.71	5.32662434178645e-05
-0.69	6.23157845140376e-05
-0.67	7.23174019148323e-05
-0.65	8.33327785091685e-05
-0.63	9.54279690007826e-05
-0.61	0.000108673755988483
-0.59	0.000123146039380664
-0.57	0.000138926262699957
-0.55	0.00015610188026193
-0.53	0.000174766869697451
-0.51	0.000195022294840227
-0.49	0.000216976924629238
-0.47	0.000240747914391897
-0.45	0.000266461556691569
-0.429999999999999	0.000294254109858501
-0.409999999999999	0.000324272713395128
-0.389999999999999	0.000356676400677199
-0.369999999999999	0.000391637220787318
-0.349999999999999	0.00042934148294816
-0.329999999999999	0.000469991138905211
-0.309999999999999	0.000513805320786808
-0.289999999999999	0.000561022054494014
-0.269999999999999	0.000611900171605997
-0.249999999999999	0.000666721446201472
-0.229999999999999	0.000725792986981905
-0.209999999999999	0.000789449919743255
-0.189999999999999	0.000858058400708193
-0.169999999999999	0.000932019007654406
-0.149999999999999	0.00101177056334452
-0.129999999999999	0.00109779445470731
-0.109999999999999	0.00119061952181717
-0.0899999999999994	0.00129082760330965
-0.0699999999999994	0.00139905983987552
-0.0499999999999994	0.00151602385541018
-0.0299999999999994	0.00164250195689933
-0.00999999999999938	0.00177936051999155
0.0100000000000006	0.00192756075843334
0.0300000000000006	0.00208817111336633
0.0500000000000006	0.0022623815444695
0.0700000000000006	0.00245152006104569
0.0900000000000006	0.00265707189990525
0.110000000000001	0.00288070184148195
0.130000000000001	0.00312428026012109
0.150000000000001	0.00338991363417478
0.170000000000001	0.00367998040325275
0.190000000000001	0.00399717326259702
0.210000000000001	0.00434454923972196
0.230000000000001	0.00472558922154058
0.250000000000001	0.00514426901154993
0.270000000000001	0.00560514452348004
0.290000000000001	0.00611345439671947
0.310000000000001	0.00667524419941812
0.330000000000001	0.00729751753519037
0.350000000000001	0.00798842088212296
0.370000000000001	0.00875747099799784
0.390000000000001	0.00961583640510617
0.410000000000001	0.0105766880792488
0.430000000000001	0.0116556393789253
0.450000000000001	0.0128713019953222
0.470000000000001	0.0142459940617111
0.490000000000001	0.015806649688659
0.510000000000001	0.0175859978260504
0.530000000000001	0.0196241051412384
0.550000000000001	0.0219704166405765
0.570000000000001	0.0246864854933453
0.590000000000001	0.0278496702648829
0.610000000000001	0.0315582103879981
0.630000000000001	0.0359382973206007
0.650000000000001	0.0411540874608328
0.670000000000001	0.0474221375785845
0.690000000000001	0.0550326356309651
0.710000000000001	0.0643813304660657
0.730000000000001	0.0760187735230057
0.750000000000001	0.0907284543237107
0.770000000000001	0.109654894932852
0.790000000000001	0.134521719266257
0.810000000000001	0.168019653702986
0.830000000000001	0.214534030995924
0.850000000000001	0.281598047677435
0.870000000000001	0.383031886919644
0.890000000000001	0.54643105228111
0.910000000000001	0.833526119796869
0.930000000000001	1.40657317910001
0.950000000000001	2.81322433879131
0.970000000000001	7.96841096479503
0.990000000000001	72.8490257341009
