# Program settings for SigmaNu
# Electroweak scheme and input parameters
# Scheme = Complex mass scheme
# alpha_GF = 0.00755898078237864
# Pole masses/widths for particles [GeV]
# mw = 80.35797361
# gw = 2.084298894
# mz = 91.15348062
# gz = 2.494266379
# s^2_thetaw (derived) = (0.222868505240788,-0.00110716741475141)
# charged leptons
# m_e = 0.0005109989461
# m_m = 0.10565837
# m_t = 1.77686
# quarks
# m_d = 0.05
# m_u = 0.05
# m_s = 0.2
# m_c = 1.51
# m_b = 4.92
# m_t = 173
# Ecms (default) = 3947.05

# channel_id = 14
# process  = nu_e nu_t~ -> e- t+
-0.99	1.13950399962202e-06
-0.97	1.04644560221102e-05
-0.95	2.96668401689351e-05
-0.93	5.93577099427966e-05
-0.91	0.000100186567142589
-0.89	0.000152844082887663
-0.87	0.000218065037752876
-0.85	0.000296631500996666
-0.83	0.000389376270911791
-0.81	0.000497186600609602
-0.79	0.000621008236093119
-0.77	0.000761849796315691
-0.75	0.000920787528098629
-0.73	0.00109897047233697
-0.71	0.00129762608190739
-0.69	0.00151806633616359
-0.67	0.00176169440192804
-0.65	0.00203001189654042
-0.63	0.00232462681488901
-0.61	0.0026472621895324
-0.59	0.00299976556113029
-0.57	0.00338411934557793
-0.55	0.00380245219463351
-0.53	0.00425705145862115
-0.51	0.0047503768731934
-0.49	0.00528507560738865
-0.47	0.00586399882760518
-0.45	0.00649021995196601
-0.429999999999999	0.00716705479225536
-0.409999999999999	0.00789808380662565
-0.389999999999999	0.00868717671613848
-0.369999999999999	0.0095385197725474
-0.349999999999999	0.0104566460043009
-0.329999999999999	0.011446468813426
-0.309999999999999	0.0125133193487955
-0.289999999999999	0.0136629881425349
-0.269999999999999	0.01490177156748
-0.249999999999999	0.0162365237564293
-0.229999999999999	0.0176747147205937
-0.209999999999999	0.0192244955176859
-0.189999999999999	0.0208947714526212
-0.169999999999999	0.0226952844495582
-0.149999999999999	0.0246367059175372
-0.129999999999999	0.0267307416488011
-0.109999999999999	0.0289902505457517
-0.0899999999999994	0.0314293792776599
-0.0699999999999994	0.034063715331858
-0.0499999999999994	0.0369104613587083
-0.0299999999999994	0.039988634230637
-0.00999999999999938	0.04331929286219
0.0100000000000006	0.0469257995943776
0.0300000000000006	0.0508341208625701
0.0500000000000006	0.0550731739806445
0.0700000000000006	0.0596752282326717
0.0900000000000006	0.0646763701276909
0.110000000000001	0.0701170447202074
0.130000000000001	0.0760426874278371
0.150000000000001	0.0825044639153207
0.170000000000001	0.0895601395257916
0.190000000000001	0.0972751046403707
0.210000000000001	0.105723588517019
0.230000000000001	0.114990101969626
0.250000000000001	0.125171159189985
0.270000000000001	0.136377341744857
0.290000000000001	0.148735784180286
0.310000000000001	0.16239318193147
0.330000000000001	0.177519450001707
0.350000000000001	0.194312197386477
0.370000000000001	0.213002230601354
0.390000000000001	0.233860364302554
0.410000000000001	0.257205904062838
0.430000000000001	0.283417284745476
0.450000000000001	0.312945510420137
0.470000000000001	0.346331267136095
0.490000000000001	0.384226895885271
0.510000000000001	0.427424861449155
0.530000000000001	0.476894997032936
0.550000000000001	0.533833742852377
0.570000000000001	0.599729983557163
0.590000000000001	0.676454171685453
0.610000000000001	0.766380605552425
0.630000000000001	0.872557682255819
0.650000000000001	0.998948816218442
0.670000000000001	1.15077950603307
0.690000000000001	1.33504735356896
0.710000000000001	1.56128837833989
0.730000000000001	1.84275756823834
0.750000000000001	2.19829988736702
0.770000000000001	2.65541333100656
0.790000000000001	3.25545509517509
0.810000000000001	4.06288709074692
0.830000000000001	5.18257199869853
0.850000000000001	6.7942281691179
0.870000000000001	9.22659715851061
0.890000000000001	13.1335820089644
0.910000000000001	19.9702779694666
0.930000000000001	33.5319555968769
0.950000000000001	66.4680053383086
0.970000000000001	184.40820710706
0.990000000000001	1525.09107387219
