# Program settings for SigmaNu
# Electroweak scheme and input parameters
# Scheme = Complex mass scheme
# alpha_GF = 0.00755898078237864
# Pole masses/widths for particles [GeV]
# mw = 80.35797361
# gw = 2.084298894
# mz = 91.15348062
# gz = 2.494266379
# s^2_thetaw (derived) = (0.222868505240788,-0.00110716741475141)
# charged leptons
# m_e = 0.0005109989461
# m_m = 0.10565837
# m_t = 1.77686
# quarks
# m_d = 0.05
# m_u = 0.05
# m_s = 0.2
# m_c = 1.51
# m_b = 4.92
# m_t = 173
# Ecms (default) = 4.28604

# channel_id = 14
# process  = nu_e nu_t~ -> e- t+
-0.99	0.000186074998234375
-0.97	0.000584515749718214
-0.95	0.00101801697065471
-0.93	0.00148658360113931
-0.91	0.00199022058196355
-0.89	0.00252893285461512
-0.87	0.00310272536127796
-0.85	0.00371160304483243
-0.83	0.00435557084885536
-0.81	0.00503463371762016
-0.79	0.00574879659609701
-0.77	0.00649806442995283
-0.75	0.00728244216555153
-0.73	0.00810193474995402
-0.71	0.00895654713091838
-0.69	0.00984628425689991
-0.67	0.0107711510770513
-0.65	0.0117311525412228
-0.63	0.012726293599962
-0.61	0.0137565792045144
-0.59	0.0148220143068232
-0.57	0.0159226038595296
-0.55	0.0170583528159727
-0.53	0.0182292661301899
-0.51	0.0194353487569166
-0.49	0.0206766056515867
-0.47	0.0219530417703326
-0.45	0.0232646620699851
-0.429999999999999	0.0246114715080739
-0.409999999999999	0.0259934750428272
-0.389999999999999	0.0274106776331723
-0.369999999999999	0.0288630842387355
-0.349999999999999	0.0303506998198422
-0.329999999999999	0.0318735293375168
-0.309999999999999	0.0334315777534834
-0.289999999999999	0.0350248500301654
-0.269999999999999	0.0366533511306855
-0.249999999999999	0.0383170860188665
-0.229999999999999	0.0400160596592305
-0.209999999999999	0.0417502770169999
-0.189999999999999	0.0435197430580969
-0.169999999999999	0.0453244627491438
-0.149999999999999	0.0471644410574631
-0.129999999999999	0.0490396829510776
-0.109999999999999	0.0509501933987106
-0.0899999999999994	0.0528959773697859
-0.0699999999999994	0.0548770398344279
-0.0499999999999994	0.056893385763462
-0.0299999999999994	0.0589450201284141
-0.00999999999999938	0.0610319479015112
0.0100000000000006	0.0631541740556816
0.0300000000000006	0.0653117035645545
0.0500000000000006	0.0675045414024607
0.0700000000000006	0.0697326925444321
0.0900000000000006	0.0719961619662024
0.110000000000001	0.0742949546442067
0.130000000000001	0.0766290755555821
0.150000000000001	0.0789985296781674
0.170000000000001	0.0814033219905032
0.190000000000001	0.0838434574718326
0.210000000000001	0.0863189411021005
0.230000000000001	0.0888297778619544
0.250000000000001	0.0913759727327439
0.270000000000001	0.0939575306965213
0.290000000000001	0.0965744567360416
0.310000000000001	0.0992267558347623
0.330000000000001	0.101914432976844
0.350000000000001	0.10463749314715
0.370000000000001	0.107395941331247
0.390000000000001	0.110189782515404
0.410000000000001	0.113019021686595
0.430000000000001	0.115883663832496
0.450000000000001	0.118783713941486
0.470000000000001	0.12171917700265
0.490000000000001	0.124690058005774
0.510000000000001	0.12769636194135
0.530000000000001	0.130738093800572
0.550000000000001	0.13381525857534
0.570000000000001	0.136927861258256
0.590000000000001	0.140075906842629
0.610000000000001	0.14325940032247
0.630000000000001	0.146478346692496
0.650000000000001	0.149732750948127
0.670000000000001	0.15302261808549
0.690000000000001	0.156347953101414
0.710000000000001	0.159708760993436
0.730000000000001	0.163105046759796
0.750000000000001	0.16653681539944
0.770000000000001	0.170004071912018
0.790000000000001	0.173506821297888
0.810000000000001	0.17704506855811
0.830000000000001	0.180618818694453
0.850000000000001	0.18422807670939
0.870000000000001	0.187872847606099
0.890000000000001	0.191553136388466
0.910000000000001	0.195268948061082
0.930000000000001	0.199020287629244
0.950000000000001	0.202807160098955
0.970000000000001	0.206629570476925
0.990000000000001	0.210487523770571
