# Program settings for SigmaNu
# Electroweak scheme and input parameters
# Scheme = Complex mass scheme
# alpha_GF = 0.00755898078237864
# Pole masses/widths for particles [GeV]
# mw = 80.35797361
# gw = 2.084298894
# mz = 91.15348062
# gz = 2.494266379
# s^2_thetaw (derived) = (0.222868505240788,-0.00110716741475141)
# charged leptons
# m_e = 0.0005109989461
# m_m = 0.10565837
# m_t = 1.77686
# quarks
# m_d = 0.05
# m_u = 0.05
# m_s = 0.2
# m_c = 1.51
# m_b = 4.92
# m_t = 173
# Ecms (default) = 19.3912

# channel_id = 14
# process  = nu_e nu_t~ -> e- t+
-0.99	0.000372301888583033
-0.97	0.00194836093163651
-0.95	0.0046360550349032
-0.93	0.00843902815994409
-0.91	0.0133609362235989
-0.89	0.0194054471415884
-0.87	0.0265762408722954
-0.85	0.0348770094607259
-0.83	0.0443114570826512
-0.81	0.0548833000889299
-0.79	0.0665962670500148
-0.77	0.0794540988006402
-0.75	0.0934605484846948
-0.73	0.108619381600279
-0.71	0.124934376044949
-0.69	0.142409322161144
-0.67	0.161048022781804
-0.65	0.180854293276178
-0.63	0.201831961595814
-0.61	0.223984868320744
-0.59	0.247316866705863
-0.57	0.271831822727491
-0.55	0.297533615130137
-0.53	0.324426135473447
-0.51	0.352513288179358
-0.49	0.381798990579436
-0.47	0.412287172962418
-0.45	0.443981778621946
-0.429999999999999	0.476886763904506
-0.409999999999999	0.511006098257554
-0.389999999999999	0.546343764277858
-0.369999999999999	0.582903757760026
-0.349999999999999	0.620690087745245
-0.329999999999999	0.65970677657022
-0.309999999999999	0.699957859916315
-0.289999999999999	0.741447386858901
-0.269999999999999	0.78417941991691
-0.249999999999999	0.828158035102592
-0.229999999999999	0.873387321971483
-0.209999999999999	0.919871383672582
-0.189999999999999	0.967614336998733
-0.169999999999999	1.01662031243722
-0.149999999999999	1.06689345422058
-0.129999999999999	1.11843792037761
-0.109999999999999	1.17125788278462
-0.0899999999999994	1.22535752721685
-0.0699999999999994	1.28074105340016
-0.0499999999999994	1.33741267506289
-0.0299999999999994	1.39537661998798
-0.00999999999999938	1.45463713006525
0.0100000000000006	1.51519846134396
0.0300000000000006	1.57706488408557
0.0500000000000006	1.6402406828167
0.0700000000000006	1.70473015638231
0.0900000000000006	1.77053761799917
0.110000000000001	1.83766739530948
0.130000000000001	1.90612383043474
0.150000000000001	1.97591128002987
0.170000000000001	2.0470341153375
0.190000000000001	2.11949672224258
0.210000000000001	2.19330350132712
0.230000000000001	2.26845886792523
0.250000000000001	2.34496725217836
0.270000000000001	2.4228330990908
0.290000000000001	2.5020608685854
0.310000000000001	2.58265503555948
0.330000000000001	2.66462008994109
0.350000000000001	2.74796053674536
0.370000000000001	2.83268089613125
0.390000000000001	2.91878570345839
0.410000000000001	3.00627950934426
0.430000000000001	3.09516687972158
0.450000000000001	3.18545239589593
0.470000000000001	3.27714065460364
0.490000000000001	3.37023626806993
0.510000000000001	3.46474386406725
0.530000000000001	3.56066808597391
0.550000000000001	3.65801359283297
0.570000000000001	3.75678505941134
0.590000000000001	3.85698717625915
0.610000000000001	3.95862464976939
0.630000000000001	4.06170220223778
0.650000000000001	4.16622457192289
0.670000000000001	4.27219651310657
0.690000000000001	4.37962279615457
0.710000000000001	4.48850820757742
0.730000000000001	4.59885755009169
0.750000000000001	4.71067564268131
0.770000000000001	4.82396732065933
0.790000000000001	4.93873743572986
0.810000000000001	5.0549908560503
0.830000000000001	5.17273246629381
0.850000000000001	5.29196716771208
0.870000000000001	5.41269987819835
0.890000000000001	5.53493553235072
0.910000000000001	5.65867908153568
0.930000000000001	5.78393549395202
0.950000000000001	5.91070975469488
0.970000000000001	6.03900686582015
0.990000000000001	6.16883184640918
