# Program settings for SigmaNu
# Electroweak scheme and input parameters
# Scheme = Complex mass scheme
# alpha_GF = 0.00755898078237864
# Pole masses/widths for particles [GeV]
# mw = 80.35797361
# gw = 2.084298894
# mz = 91.15348062
# gz = 2.494266379
# s^2_thetaw (derived) = (0.222868505240788,-0.00110716741475141)
# charged leptons
# m_e = 0.0005109989461
# m_m = 0.10565837
# m_t = 1.77686
# quarks
# m_d = 0.05
# m_u = 0.05
# m_s = 0.2
# m_c = 1.51
# m_b = 4.92
# m_t = 173
# Ecms (default) = 123.144

# channel_id = 14
# process  = nu_e nu_t~ -> e- t+
-0.99	0.00059826554599101
-0.97	0.00531541503007287
-0.95	0.0148945441808258
-0.93	0.0295446625182674
-0.91	0.0494838717221054
-0.89	0.074939808819759
-0.87	0.106150113867471
-0.85	0.143362923652159
-0.83	0.186837393048313
-0.81	0.236844245779187
-0.79	0.293666356455465
-0.77	0.357599365898233
-0.75	0.428952331897355
-0.73	0.508048417712155
-0.71	0.595225620789597
-0.69	0.690837544357182
-0.67	0.795254214744543
-0.65	0.908862947500861
-0.63	1.0320692656059
-0.61	1.1652978733225
-0.59	1.30899368950953
-0.57	1.46362294450842
-0.55	1.6296743450358
-0.53	1.80766031186166
-0.51	1.99811829542984
-0.49	2.2016121749876
-0.47	2.41873374723814
-0.45	2.65010431101607
-0.429999999999999	2.8963763550165
-0.409999999999999	3.15823535618679
-0.389999999999999	3.43640169702186
-0.369999999999999	3.73163271069365
-0.349999999999999	4.04472486369997
-0.329999999999999	4.37651608654323
-0.309999999999999	4.72788826385322
-0.289999999999999	5.09976989635884
-0.269999999999999	5.4931389481994
-0.249999999999999	5.90902589425876
-0.229999999999999	6.34851698351504
-0.209999999999999	6.81275773583887
-0.189999999999999	7.30295669125759
-0.169999999999999	7.82038943244861
-0.149999999999999	8.36640290314865
-0.129999999999999	8.94242004728966
-0.109999999999999	9.54994479601612
-0.0899999999999994	10.1905674323319
-0.0699999999999994	10.8659703659927
-0.0499999999999994	11.5779343544387
-0.0299999999999994	12.3283452090848
-0.00999999999999938	13.1192010301979
0.0100000000000006	13.9526200179359
0.0300000000000006	14.8308489119564
0.0500000000000006	15.7562721173901
0.0700000000000006	16.7314215809697
0.0900000000000006	17.7589874878086
0.110000000000001	18.8418298568061
0.130000000000001	19.9829911210321
0.150000000000001	21.1857097888217
0.170000000000001	22.4534352918361
0.190000000000001	23.7898441381568
0.210000000000001	25.1988575017696
0.230000000000001	26.6846603947554
0.250000000000001	28.2517225853722
0.270000000000001	29.9048214442648
0.290000000000001	31.6490669225742
0.310000000000001	33.4899288901164
0.330000000000001	35.4332670894649
0.350000000000001	37.485363993202
0.370000000000001	39.6529608873622
0.390000000000001	41.9432975448482
0.410000000000001	44.3641558991188
0.430000000000001	46.9239081816548
0.450000000000001	49.6315700476531
0.470000000000001	52.4968592843465
0.490000000000001	55.5302607767736
0.510000000000001	58.7430984984753
0.530000000000001	62.1476154015474
0.550000000000001	65.7570622041822
0.570000000000001	69.5857962172256
0.590000000000001	73.6493915178293
0.610000000000001	77.9647619721896
0.630000000000001	82.5502988356206
0.650000000000001	87.4260249228497
0.670000000000001	92.6137676517031
0.690000000000001	98.1373536280576
0.710000000000001	104.022827869742
0.730000000000001	110.298701274942
0.750000000000001	116.996230542473
0.770000000000001	124.149735466393
0.790000000000001	131.796959379817
0.810000000000001	139.979479541764
0.830000000000001	148.743175483036
0.850000000000001	158.138764797787
0.870000000000001	168.222417643106
0.890000000000001	179.056463360716
0.910000000000001	190.710205251868
0.930000000000001	203.260862731663
0.950000000000001	216.794664005691
0.970000000000001	231.408117232954
0.990000000000001	247.209494099246
