# Program settings for SigmaNu
# Electroweak scheme and input parameters
# Scheme = Complex mass scheme
# alpha_GF = 0.00755898078237864
# Pole masses/widths for particles [GeV]
# mw = 80.35797361
# gw = 2.084298894
# mz = 91.15348062
# gz = 2.494266379
# s^2_thetaw (derived) = (0.222868505240788,-0.00110716741475141)
# charged leptons
# m_e = 0.0005109989461
# m_m = 0.10565837
# m_t = 1.77686
# quarks
# m_d = 0.05
# m_u = 0.05
# m_s = 0.2
# m_c = 1.51
# m_b = 4.92
# m_t = 173
# Ecms (default) = 4.23941

# channel_id = 14
# process  = nu_e nu_t~ -> e- t+
-0.99	0.000184279728615765
-0.97	0.000578211350246681
-0.95	0.00100597845111638
-0.93	0.00146758567440928
-0.91	0.001963037663947
-0.89	0.00249233906418838
-0.87	0.00305549452022964
-0.85	0.00365250867780444
-0.83	0.004283386183284
-0.81	0.00494813168367717
-0.79	0.00564674982663057
-0.77	0.00637924526042864
-0.75	0.00714562263399376
-0.73	0.00794588659688637
-0.71	0.00878004179930502
-0.69	0.0096480928920865
-0.67	0.0105500445267059
-0.65	0.0114859013552769
-0.63	0.0124556680305513
-0.61	0.0134593492059201
-0.59	0.0144969495354124
-0.57	0.0155684736736967
-0.55	0.0166739262760799
-0.53	0.0178133119985083
-0.51	0.018986635497567
-0.49	0.0201939014304806
-0.47	0.0214351144551128
-0.45	0.0227102792299668
-0.429999999999999	0.0240194004141852
-0.409999999999999	0.0253624826675502
-0.389999999999999	0.0267395306504839
-0.369999999999999	0.0281505490240479
-0.349999999999999	0.0295955424499438
-0.329999999999999	0.0310745155905134
-0.309999999999999	0.0325874731087381
-0.289999999999999	0.03413441966824
-0.269999999999999	0.0357153599332812
-0.249999999999999	0.0373302985687641
-0.229999999999999	0.0389792402402318
-0.209999999999999	0.0406621896138679
-0.189999999999999	0.0423791513564966
-0.169999999999999	0.0441301301355828
-0.149999999999999	0.0459151306192326
-0.129999999999999	0.0477341574761926
-0.109999999999999	0.0495872153758508
-0.0899999999999994	0.0514743089882363
-0.0699999999999994	0.0533954429840192
-0.0499999999999994	0.0553506220345114
-0.0299999999999994	0.0573398508116659
-0.00999999999999938	0.0593631339880773
0.0100000000000006	0.061420476236982
0.0300000000000006	0.0635118822322581
0.0500000000000006	0.0656373566484253
0.0700000000000006	0.0677969041606455
0.0900000000000006	0.0699905294447227
0.110000000000001	0.0722182371771028
0.130000000000001	0.074480032034874
0.150000000000001	0.0767759186957671
0.170000000000001	0.0791059018381549
0.190000000000001	0.0814699861410529
0.210000000000001	0.0838681762841194
0.230000000000001	0.0863004769476553
0.250000000000001	0.0887668928126042
0.270000000000001	0.0912674285605529
0.290000000000001	0.0938020888737308
0.310000000000001	0.0963708784350108
0.330000000000001	0.098973801927909
0.350000000000001	0.101610864036585
0.370000000000001	0.10428206944584
0.390000000000001	0.106987422841122
0.410000000000001	0.10972692890852
0.430000000000001	0.112500592334768
0.450000000000001	0.115308417807243
0.470000000000001	0.118150410013966
0.490000000000001	0.121026573643603
0.510000000000001	0.123936913385462
0.530000000000001	0.126881433929498
0.550000000000001	0.129860139966309
0.570000000000001	0.132873036187135
0.590000000000001	0.135920127283865
0.610000000000001	0.13900141794903
0.630000000000001	0.142116912875805
0.650000000000001	0.145266616758011
0.670000000000001	0.148450534290114
0.690000000000001	0.151668670167226
0.710000000000001	0.1549210290851
0.730000000000001	0.158207615740139
0.750000000000001	0.161528434829389
0.770000000000001	0.16488349105054
0.790000000000001	0.168272789101931
0.810000000000001	0.171696333682544
0.830000000000001	0.175154129492008
0.850000000000001	0.178646181230595
0.870000000000001	0.182172493599227
0.890000000000001	0.185733071299469
0.910000000000001	0.189327919033533
0.930000000000001	0.192957041504278
0.950000000000001	0.196620443415208
0.970000000000001	0.200318129470474
0.990000000000001	0.204050104374872
