# Program settings for SigmaNu
# Electroweak scheme and input parameters
# Scheme = Complex mass scheme
# alpha_GF = 0.00755898078237864
# Pole masses/widths for particles [GeV]
# mw = 80.35797361
# gw = 2.084298894
# mz = 91.15348062
# gz = 2.494266379
# s^2_thetaw (derived) = (0.222868505240788,-0.00110716741475141)
# charged leptons
# m_e = 0.0005109989461
# m_m = 0.10565837
# m_t = 1.77686
# quarks
# m_d = 0.05
# m_u = 0.05
# m_s = 0.2
# m_c = 1.51
# m_b = 4.92
# m_t = 173
# Ecms (default) = 1351.26

# channel_id = 14
# process  = nu_e nu_t~ -> e- t+
-0.99	9.66485048177147e-06
-0.97	8.87319476359325e-05
-0.95	0.000251529454419193
-0.93	0.000503220602140281
-0.91	0.000849292438997511
-0.89	0.00129557867121251
-0.87	0.00184828433730358
-0.85	0.00251401248211093
-0.83	0.00329979301419858
-0.81	0.00421311394920717
-0.79	0.00526195526285963
-0.77	0.00645482560090741
-0.75	0.00780080211966269
-0.73	0.0093095737602544
-0.71	0.0109914882927839
-0.69	0.0128576035036127
-0.67	0.014919742940631
-0.65	0.017190556678153
-0.63	0.0196835876157788
-0.61	0.0224133438849732
-0.59	0.0253953780041937
-0.57	0.0286463734992454
-0.55	0.0321842397914248
-0.53	0.0360282162534023
-0.51	0.0401989864434116
-0.49	0.0447188036541326
-0.47	0.0496116290560168
-0.45	0.0549032838784093
-0.429999999999999	0.0606216172588484
-0.409999999999999	0.0667966916051072
-0.389999999999999	0.0734609875602387
-0.369999999999999	0.0806496309432864
-0.349999999999999	0.0884006443634814
-0.329999999999999	0.0967552265809019
-0.309999999999999	0.105758063120248
-0.289999999999999	0.115457672146748
-0.269999999999999	0.125906790196392
-0.249999999999999	0.137162803031112
-0.229999999999999	0.149288227680594
-0.209999999999999	0.162351252656865
-0.189999999999999	0.176426344410815
-0.169999999999999	0.191594929371603
-0.149999999999999	0.207946162407293
-0.129999999999999	0.225577794312539
-0.109999999999999	0.244597153021298
-0.0899999999999994	0.265122255725716
-0.0699999999999994	0.287283072038434
-0.0499999999999994	0.311222961864959
-0.0299999999999994	0.337100315880006
-0.00999999999999938	0.365090431580977
0.0100000000000006	0.39538766401524
0.0300000000000006	0.42820789768597
0.0500000000000006	0.463791395135765
0.0700000000000006	0.50240608866874
0.0900000000000006	0.544351395082779
0.110000000000001	0.589962649757822
0.130000000000001	0.639616276769158
0.150000000000001	0.693735836876341
0.170000000000001	0.752799126583837
0.190000000000001	0.817346540675567
0.210000000000001	0.887990959909957
0.230000000000001	0.965429487842364
0.250000000000001	1.05045743987921
0.270000000000001	1.14398508880819
0.290000000000001	1.24705780109567
0.310000000000001	1.36088036652781
0.330000000000001	1.48684654300836
0.350000000000001	1.62657512596956
0.370000000000001	1.78195423208272
0.390000000000001	1.95519599356596
0.410000000000001	2.14890454006634
0.430000000000001	2.36616106782338
0.450000000000001	2.6106310585588
0.470000000000001	2.88670045606671
0.490000000000001	3.19965004747769
0.510000000000001	3.55588074358401
0.530000000000001	3.96320738587965
0.550000000000001	4.43124586180669
0.570000000000001	4.97192883315004
0.590000000000001	5.60020110422099
0.610000000000001	6.33496954204272
0.630000000000001	7.20041941950725
0.650000000000001	8.22786739527075
0.670000000000001	9.45841548957608
0.690000000000001	10.9468260625421
0.710000000000001	12.7673021448899
0.730000000000001	15.0223201058029
0.750000000000001	17.8564991088662
0.770000000000001	21.4790668828225
0.790000000000001	26.2015760041852
0.810000000000001	32.5039199973785
0.830000000000001	41.1557175468624
0.850000000000001	53.4530954675915
0.870000000000001	71.7152586454925
0.890000000000001	100.425009526342
0.910000000000001	149.17667641389
0.930000000000001	241.623959018219
0.950000000000001	449.816339996682
0.970000000000001	1088.02100446142
0.990000000000001	5234.36528802962
