# Program settings for SigmaNu
# Electroweak scheme and input parameters
# Scheme = Complex mass scheme
# alpha_GF = 0.00755898078237864
# Pole masses/widths for particles [GeV]
# mw = 80.35797361
# gw = 2.084298894
# mz = 91.15348062
# gz = 2.494266379
# s^2_thetaw (derived) = (0.222868505240788,-0.00110716741475141)
# charged leptons
# m_e = 0.0005109989461
# m_m = 0.10565837
# m_t = 1.77686
# quarks
# m_d = 0.05
# m_u = 0.05
# m_s = 0.2
# m_c = 1.51
# m_b = 4.92
# m_t = 173
# Ecms (default) = 2210.57

# channel_id = 14
# process  = nu_e nu_t~ -> e- t+
-0.99	3.62660156078513e-06
-0.97	3.33017417521694e-05
-0.95	9.44078831224721e-05
-0.93	0.000188887642567158
-0.91	0.000318805752835982
-0.89	0.000486357696480162
-0.87	0.000693879034372678
-0.85	0.000943855492082417
-0.83	0.00123893387386022
-0.81	0.00158193388121103
-0.79	0.0019758609210748
-0.77	0.00242391999762522
-0.75	0.00292953079174105
-0.73	0.00349634404344841
-0.71	0.00412825936523041
-0.69	0.00482944462823632
-0.67	0.00560435707930061
-0.65	0.00645776636454403
-0.63	0.00739477965544577
-0.61	0.00842086909596574
-0.59	0.00954190181492267
-0.57	0.010764172776818
-0.55	0.0120944407771273
-0.53	0.0135399679253237
-0.51	0.015108563001213
-0.49	0.0168086291183092
-0.47	0.0186492161828627
-0.45	0.0206400786998049
-0.429999999999999	0.0227917395485322
-0.409999999999999	0.0251155604335357
-0.389999999999999	0.0276238198090945
-0.369999999999999	0.0303297991855717
-0.349999999999999	0.0332478788496361
-0.329999999999999	0.0363936441747611
-0.309999999999999	0.039784003864925
-0.289999999999999	0.0434373216674901
-0.269999999999999	0.047373563315441
-0.249999999999999	0.0516144607201308
-0.229999999999999	0.0561836957401188
-0.209999999999999	0.0611071062076606
-0.189999999999999	0.0664129173116497
-0.169999999999999	0.0721320019260761
-0.149999999999999	0.0782981740506062
-0.129999999999999	0.0849485202120402
-0.109999999999999	0.0921237744833257
-0.0899999999999994	0.0998687437363854
-0.0699999999999994	0.108232790888053
-0.0499999999999994	0.117270385264125
-0.0299999999999994	0.127041730843386
-0.00999999999999938	0.137613485111732
0.0100000000000006	0.149059583631196
0.0300000000000006	0.161462188303836
0.0500000000000006	0.174912780804141
0.0700000000000006	0.189513426915017
0.0900000000000006	0.205378242720708
0.110000000000001	0.222635100026183
0.130000000000001	0.241427616295367
0.150000000000001	0.261917484227393
0.170000000000001	0.284287208335109
0.190000000000001	0.308743331222654
0.210000000000001	0.335520251555135
0.230000000000001	0.364884760127165
0.250000000000001	0.397141451498004
0.270000000000001	0.432639208410428
0.290000000000001	0.471779007391749
0.310000000000001	0.515023360263078
0.330000000000001	0.562907792825543
0.350000000000001	0.616054875723389
0.370000000000001	0.675191473081532
0.390000000000001	0.741170075534111
0.410000000000001	0.814995354870571
0.430000000000001	0.897857445117559
0.450000000000001	0.991173959016225
0.470000000000001	1.09664344737104
0.490000000000001	1.21631398720253
0.510000000000001	1.35267197132869
0.530000000000001	1.5087581620505
0.550000000000001	1.68832096633945
0.570000000000001	1.89602116232251
0.590000000000001	2.13770871274944
0.610000000000001	2.42080207167835
0.630000000000001	2.75481557370462
0.650000000000001	3.15210457571267
0.670000000000001	3.62893708046724
0.690000000000001	4.20706551732124
0.710000000000001	4.91608336103552
0.730000000000001	5.79704693562044
0.750000000000001	6.90819981245279
0.770000000000001	8.33431495140775
0.790000000000001	10.2025154610948
0.810000000000001	12.7102501200904
0.830000000000001	16.1773612194536
0.850000000000001	21.1491623072849
0.870000000000001	28.6166044346182
0.890000000000001	40.5339405287149
0.910000000000001	61.1991296462357
0.930000000000001	101.632107028444
0.950000000000001	197.556783128825
0.970000000000001	524.392172305572
0.990000000000001	3567.00219687421
