# Program settings for SigmaNu
# Electroweak scheme and input parameters
# Scheme = Complex mass scheme
# alpha_GF = 0.00755898078237864
# Pole masses/widths for particles [GeV]
# mw = 80.35797361
# gw = 2.084298894
# mz = 91.15348062
# gz = 2.494266379
# s^2_thetaw (derived) = (0.222868505240788,-0.00110716741475141)
# charged leptons
# m_e = 0.0005109989461
# m_m = 0.10565837
# m_t = 1.77686
# quarks
# m_d = 0.05
# m_u = 0.05
# m_s = 0.2
# m_c = 1.51
# m_b = 4.92
# m_t = 173
# Ecms (default) = 66353.2

# channel_id = 14
# process  = nu_e nu_t~ -> e- t+
-0.99	4.03534236357575e-09
-0.97	3.70592428538386e-08
-0.95	1.0506480272374e-07
-0.93	2.10217035997328e-07
-0.91	3.54817241295802e-07
-0.89	5.41312651063971e-07
-0.87	7.72306858145049e-07
-0.85	1.05057109063772e-06
-0.83	1.37905641320974e-06
-0.81	1.76090694118389e-06
-0.79	2.19947416271095e-06
-0.77	2.69833247445912e-06
-0.75	3.26129604752538e-06
-0.73	3.89243715290185e-06
-0.71	4.59610608997876e-06
-0.69	5.3769528774681e-06
-0.67	6.23995088394989e-06
-0.65	7.1904225953479e-06
-0.63	8.23406773923948e-06
-0.61	9.37699401142127e-06
-0.59	1.0625750678989e-05
-0.57	1.19873653667683e-05
-0.55	1.34693843709037e-05
-0.53	1.50799168852978e-05
-0.51	1.6827683574238e-05
-0.49	1.87220699787577e-05
-0.47	2.07731853060687e-05
-0.45	2.29919272219811e-05
-0.429999999999999	2.53900533469603e-05
-0.409999999999999	2.79802602489585e-05
-0.389999999999999	3.07762708323509e-05
-0.369999999999999	3.37929311444474e-05
-0.349999999999999	3.70463177617448e-05
-0.329999999999999	4.05538570805808e-05
-0.309999999999999	4.43344580247844e-05
-0.289999999999999	4.84086599008069e-05
-0.269999999999999	5.27987973839553e-05
-0.249999999999999	5.75291849140348e-05
-0.229999999999999	6.2626323122656e-05
-0.209999999999999	6.81191303166833e-05
-0.189999999999999	7.40392025139752e-05
-0.169999999999999	8.042110608193e-05
-0.149999999999999	8.73027076826355e-05
-0.129999999999999	9.47255470003508e-05
-0.109999999999999	0.000102735258641573
-0.0899999999999994	0.000111382050684625
-0.0699999999999994	0.000120721248650593
-0.0499999999999994	0.00013081391521528
-0.0299999999999994	0.000141727557837724
-0.00999999999999938	0.000153536938713501
0.0100000000000006	0.000166325004155898
0.0300000000000006	0.00018018395377247
0.0500000000000006	0.000195216473773135
0.0700000000000006	0.000211537163589136
0.0900000000000006	0.000229274190916165
0.110000000000001	0.000248571217594993
0.130000000000001	0.000269589647762587
0.150000000000001	0.000292511260900572
0.170000000000001	0.000317541306365167
0.190000000000001	0.00034491215347104
0.210000000000001	0.000374887613225604
0.230000000000001	0.000407768075695855
0.250000000000001	0.000443896642494533
0.270000000000001	0.000483666479344972
0.290000000000001	0.000527529672283246
0.310000000000001	0.00057600794706412
0.330000000000001	0.000629705710602457
0.350000000000001	0.000689326003860234
0.370000000000001	0.000755690128674554
0.390000000000001	0.00082976194231088
0.410000000000001	0.000912678125246916
0.430000000000001	0.00100578615165249
0.450000000000001	0.00111069227424418
0.470000000000001	0.00122932264301612
0.490000000000001	0.00136400181061446
0.510000000000001	0.00151755448580044
0.530000000000001	0.00169343870905965
0.550000000000001	0.00189592199460248
0.570000000000001	0.00213031696716431
0.590000000000001	0.00240330051141585
0.610000000000001	0.00272335190210689
0.630000000000001	0.0031013632226275
0.650000000000001	0.00355150375410777
0.670000000000001	0.00409246618560291
0.690000000000001	0.00474929952958139
0.710000000000001	0.00555616580362928
0.730000000000001	0.00656059153660529
0.750000000000001	0.00783021427089775
0.770000000000001	0.0094638433051896
0.790000000000001	0.0116102908061401
0.810000000000001	0.0145018796287234
0.830000000000001	0.0185172763187511
0.850000000000001	0.0243070195864592
0.870000000000001	0.0330647061590904
0.890000000000001	0.0471740142328228
0.910000000000001	0.0719682867647775
0.930000000000001	0.121470242475924
0.950000000000001	0.243033429807345
0.970000000000001	0.688958044864607
0.990000000000001	6.32468878519499
