# Program settings for SigmaNu
# Electroweak scheme and input parameters
# Scheme = Complex mass scheme
# alpha_GF = 0.00755898078237864
# Pole masses/widths for particles [GeV]
# mw = 80.35797361
# gw = 2.084298894
# mz = 91.15348062
# gz = 2.494266379
# s^2_thetaw (derived) = (0.222868505240788,-0.00110716741475141)
# charged leptons
# m_e = 0.0005109989461
# m_m = 0.10565837
# m_t = 1.77686
# quarks
# m_d = 0.05
# m_u = 0.05
# m_s = 0.2
# m_c = 1.51
# m_b = 4.92
# m_t = 173
# Ecms (default) = 153.257

# channel_id = 14
# process  = nu_e nu_t~ -> e- t+
-0.99	0.000476737154824699
-0.97	0.00428291969473201
-0.95	0.0120451605612515
-0.93	0.0239541677730243
-0.91	0.0402099655525828
-0.89	0.0610224048102958
-0.87	0.0866117053740238
-0.85	0.117209032194615
-0.83	0.15305710793294
-0.81	0.194410864525088
-0.79	0.241538136530115
-0.77	0.294720399291016
-0.75	0.354253555186113
-0.73	0.420448771516962
-0.71	0.493633373872251
-0.69	0.574151799127599
-0.67	0.662366612591342
-0.65	0.758659594189344
-0.63	0.863432899001097
-0.61	0.977110297918487
-0.59	1.10013850470201
-0.57	1.23298859626141
-0.55	1.37615753359421
-0.53	1.53016979148187
-0.51	1.69557910577639
-0.49	1.8729703479171
-0.47	2.06296153720627
-0.45	2.26620600235287
-0.429999999999999	2.48339470487615
-0.409999999999999	2.71525873815623
-0.389999999999999	2.96257201724181
-0.369999999999999	3.22615417598893
-0.349999999999999	3.50687368972728
-0.329999999999999	3.80565124344993
-0.309999999999999	4.12346336752098
-0.289999999999999	4.46134636511693
-0.269999999999999	4.82040055808918
-0.249999999999999	5.20179488068933
-0.229999999999999	5.60677185366968
-0.209999999999999	6.03665297470082
-0.189999999999999	6.49284456488196
-0.169999999999999	6.97684411540964
-0.149999999999999	7.49024718327933
-0.129999999999999	8.03475489028909
-0.109999999999999	8.61218208567537
-0.0899999999999994	9.22446623953014
-0.0699999999999994	9.87367714182909
-0.0499999999999994	10.5620274905656
-0.0299999999999994	11.2918844622731
-0.00999999999999938	12.0657823692909
0.0100000000000006	12.8864365206753
0.0300000000000006	13.7567584178911
0.0500000000000006	14.679872432599
0.0700000000000006	15.6591341322672
0.0900000000000006	16.6981504403346
0.110000000000001	17.8008018416323
0.130000000000001	18.9712668712042
0.150000000000001	20.2140491561144
0.170000000000001	21.5340073159311
0.190000000000001	22.9363880691109
0.210000000000001	24.4268629403795
0.230000000000001	26.0115690194908
0.250000000000001	27.6971542857251
0.270000000000001	29.490828086687
0.290000000000001	31.4004174461922
0.310000000000001	33.4344299764794
0.330000000000001	35.6021242872472
0.350000000000001	37.9135889212519
0.370000000000001	40.3798310071888
0.390000000000001	43.0128760099275
0.410000000000001	45.825880181432
0.430000000000001	48.8332575796809
0.450000000000001	52.0508238358909
0.470000000000001	55.4959592225161
0.490000000000001	59.1877940183582
0.510000000000001	63.1474196981262
0.530000000000001	67.3981301110761
0.550000000000001	71.9656975807604
0.570000000000001	76.8786897851751
0.590000000000001	82.1688344010345
0.610000000000001	87.8714398645245
0.630000000000001	94.025882273188
0.650000000000001	100.676170505183
0.670000000000001	107.871604159632
0.690000000000001	115.667542049175
0.710000000000001	124.12630286324
0.730000000000001	133.318224475649
0.750000000000001	143.322914464275
0.770000000000001	154.230732099494
0.790000000000001	166.144551812828
0.810000000000001	179.181870603241
0.830000000000001	193.477337814399
0.850000000000001	209.185806352761
0.870000000000001	226.486031251183
0.890000000000001	245.58517662265
0.910000000000001	266.724338405927
0.930000000000001	290.185351939741
0.950000000000001	316.299236030865
0.970000000000001	345.456736931635
0.990000000000001	378.121588193827
