# Program settings for SigmaNu
# Electroweak scheme and input parameters
# Scheme = Complex mass scheme
# alpha_GF = 0.00755898078237864
# Pole masses/widths for particles [GeV]
# mw = 80.35797361
# gw = 2.084298894
# mz = 91.15348062
# gz = 2.494266379
# s^2_thetaw (derived) = (0.222868505240788,-0.00110716741475141)
# charged leptons
# m_e = 0.0005109989461
# m_m = 0.10565837
# m_t = 1.77686
# quarks
# m_d = 0.05
# m_u = 0.05
# m_s = 0.2
# m_c = 1.51
# m_b = 4.92
# m_t = 173
# Ecms (default) = 2.12831

# channel_id = 14
# process  = nu_e nu_t~ -> e- t+
-0.99	2.44827655646563e-05
-0.97	7.37610258147412e-05
-0.95	0.000123464444682706
-0.93	0.000173593027584312
-0.91	0.000224146779935393
-0.89	0.000275125707151854
-0.87	0.000326529814649661
-0.85	0.00037835910784486
-0.83	0.000430613592153557
-0.81	0.000483293272991932
-0.79	0.000536398155776232
-0.77	0.000589928245922773
-0.75	0.000643883548847944
-0.73	0.000698264069968193
-0.71	0.000753069814700046
-0.69	0.000808300788460095
-0.67	0.000863956996665003
-0.65	0.0009200384447315
-0.63	0.000976545138076386
-0.61	0.00103347708211653
-0.59	0.00109083428226886
-0.57	0.0011486167439504
-0.55	0.0012068244725782
-0.53	0.00126545747356943
-0.51	0.0013245157523413
-0.49	0.00138399931431107
-0.47	0.00144390816489612
-0.45	0.00150424230951385
-0.429999999999999	0.00156500175358175
-0.409999999999999	0.00162618650251739
-0.389999999999999	0.0016877965617384
-0.369999999999999	0.00174983193666246
-0.349999999999999	0.00181229263270735
-0.329999999999999	0.00187517865529089
-0.309999999999999	0.00193849000983099
-0.289999999999999	0.00200222670174563
-0.269999999999999	0.00206638873645285
-0.249999999999999	0.00213097611937075
-0.229999999999999	0.00219598885591752
-0.209999999999999	0.0022614269515114
-0.189999999999999	0.00232729041157071
-0.169999999999999	0.00239357924151384
-0.149999999999999	0.00246029344675924
-0.129999999999999	0.00252743303272544
-0.109999999999999	0.00259499800483104
-0.0899999999999994	0.00266298836849469
-0.0699999999999994	0.00273140412913512
-0.0499999999999994	0.00280024529217114
-0.0299999999999994	0.00286951186302161
-0.00999999999999938	0.00293920384710549
0.0100000000000006	0.00300932124984176
0.0300000000000006	0.00307986407664951
0.0500000000000006	0.0031508323329479
0.0700000000000006	0.00322222602415612
0.0900000000000006	0.00329404515569346
0.110000000000001	0.00336628973297928
0.130000000000001	0.003438959761433
0.150000000000001	0.00351205524647411
0.170000000000001	0.00358557619352217
0.190000000000001	0.00365952260799681
0.210000000000001	0.00373389449531773
0.230000000000001	0.00380869186090469
0.250000000000001	0.00388391471017754
0.270000000000001	0.00395956304855616
0.290000000000001	0.00403563688146055
0.310000000000001	0.00411213621431074
0.330000000000001	0.00418906105252685
0.350000000000001	0.00426641140152905
0.370000000000001	0.0043441872667376
0.390000000000001	0.00442238865357282
0.410000000000001	0.00450101556745509
0.430000000000001	0.00458006801380488
0.450000000000001	0.0046595459980427
0.470000000000001	0.00473944952558917
0.490000000000001	0.00481977860186493
0.510000000000001	0.00490053323229072
0.530000000000001	0.00498171342228735
0.550000000000001	0.00506331917727569
0.570000000000001	0.00514535050267668
0.590000000000001	0.00522780740391133
0.610000000000001	0.00531068988640072
0.630000000000001	0.00539399795556599
0.650000000000001	0.00547773161682837
0.670000000000001	0.00556189087560914
0.690000000000001	0.00564647573732965
0.710000000000001	0.00573148620741133
0.730000000000001	0.00581692229127568
0.750000000000001	0.00590278399434425
0.770000000000001	0.00598907132203867
0.790000000000001	0.00607578427978066
0.810000000000001	0.00616292287299197
0.830000000000001	0.00625048710709446
0.850000000000001	0.00633847698751001
0.870000000000001	0.00642689251966061
0.890000000000001	0.00651573370896831
0.910000000000001	0.00660500056085522
0.930000000000001	0.00669469308074353
0.950000000000001	0.00678481127405549
0.970000000000001	0.00687535514621342
0.990000000000001	0.00696632470263971
