# Program settings for SigmaNu
# Electroweak scheme and input parameters
# Scheme = Complex mass scheme
# alpha_GF = 0.00755898078237864
# Pole masses/widths for particles [GeV]
# mw = 80.35797361
# gw = 2.084298894
# mz = 91.15348062
# gz = 2.494266379
# s^2_thetaw (derived) = (0.222868505240788,-0.00110716741475141)
# charged leptons
# m_e = 0.0005109989461
# m_m = 0.10565837
# m_t = 1.77686
# quarks
# m_d = 0.05
# m_u = 0.05
# m_s = 0.2
# m_c = 1.51
# m_b = 4.92
# m_t = 173
# Ecms (default) = 2003.32

# channel_id = 14
# process  = nu_e nu_t~ -> e- t+
-0.99	4.41335869996469e-06
-0.97	4.05252451103937e-05
-0.95	0.000114884844353376
-0.93	0.000229855384816232
-0.91	0.000387948606265374
-0.89	0.000591835256832467
-0.87	0.000844356434188787
-0.85	0.00114853584779558
-0.83	0.0015075930869857
-0.81	0.00192495798839698
-0.79	0.0024042862060526
-0.77	0.00294947609829837
-0.75	0.00356468705800699
-0.73	0.00425435942611375
-0.71	0.00502323614384779
-0.69	0.00587638631618758
-0.67	0.00681923087835188
-0.65	0.00785757057882435
-0.63	0.00899761651683755
-0.61	0.0102460234997907
-0.59	0.0116099265171884
-0.57	0.0130969806628781
-0.55	0.0147154048772192
-0.53	0.0164740299260292
-0.51	0.0183823510845191
-0.49	0.0204505860528734
-0.47	0.0226897386967458
-0.45	0.0251116692819896
-0.429999999999999	0.0277291719599002
-0.409999999999999	0.0305560603588741
-0.389999999999999	0.0336072622527098
-0.369999999999999	0.0368989244072248
-0.349999999999999	0.0404485288582705
-0.329999999999999	0.0442750220489839
-0.309999999999999	0.0483989584562091
-0.289999999999999	0.0528426605702275
-0.269999999999999	0.0576303973639188
-0.249999999999999	0.0627885837040372
-0.229999999999999	0.0683460035265442
-0.209999999999999	0.0743340600296957
-0.189999999999999	0.080787056644593
-0.169999999999999	0.0877425131374481
-0.149999999999999	0.0952415218981291
-0.129999999999999	0.103329150296666
-0.109999999999999	0.11205489596892
-0.0899999999999994	0.12147320305591
-0.0699999999999994	0.131644048806891
-0.0499999999999994	0.142633611611619
-0.0299999999999994	0.154515033511079
-0.00999999999999938	0.167369292621197
0.0100000000000006	0.181286203781558
0.0300000000000006	0.196365569224724
0.0500000000000006	0.212718505294289
0.0700000000000006	0.230468976401874
0.0900000000000006	0.249755573733669
0.110000000000001	0.270733583987547
0.130000000000001	0.293577403015573
0.150000000000001	0.318483361144567
0.170000000000001	0.345673041771007
0.190000000000001	0.375397193385302
0.210000000000001	0.407940358533249
0.230000000000001	0.443626372764128
0.250000000000001	0.482824924193599
0.270000000000001	0.525959412391712
0.290000000000001	0.573516407205545
0.310000000000001	0.626057088328073
0.330000000000001	0.684231151049451
0.350000000000001	0.748793801091495
0.370000000000001	0.820626643409689
0.390000000000001	0.900763512702335
0.410000000000001	0.990422620213825
0.430000000000001	1.09104683528376
0.450000000000001	1.20435452866753
0.470000000000001	1.33240424761173
0.490000000000001	1.47767767306808
0.510000000000001	1.64318698173994
0.530000000000001	1.83261513470021
0.550000000000001	2.05050110255817
0.570000000000001	2.30248718329528
0.590000000000001	2.59565328120263
0.610000000000001	2.93897477248169
0.630000000000001	3.34395884299161
0.650000000000001	3.82554312639207
0.670000000000001	4.40338738493006
0.690000000000001	5.1037669229267
0.710000000000001	5.96240954021409
0.730000000000001	7.02885225401616
0.750000000000001	8.37332135034583
0.770000000000001	10.0979494672491
0.790000000000001	12.3557498057933
0.810000000000001	15.3841227148391
0.830000000000001	19.567117828884
0.850000000000001	25.5584527658301
0.870000000000001	34.5436336796129
0.890000000000001	48.8543447515931
0.910000000000001	73.5999601755442
0.930000000000001	121.811713190716
0.950000000000001	235.375752024441
0.970000000000001	616.585480267148
0.990000000000001	3973.44689840067
