# Program settings for SigmaNu
# Electroweak scheme and input parameters
# Scheme = Complex mass scheme
# alpha_GF = 0.00755898078237864
# Pole masses/widths for particles [GeV]
# mw = 80.35797361
# gw = 2.084298894
# mz = 91.15348062
# gz = 2.494266379
# s^2_thetaw (derived) = (0.222868505240788,-0.00110716741475141)
# charged leptons
# m_e = 0.0005109989461
# m_m = 0.10565837
# m_t = 1.77686
# quarks
# m_d = 0.05
# m_u = 0.05
# m_s = 0.2
# m_c = 1.51
# m_b = 4.92
# m_t = 173
# Ecms (default) = 410.158

# channel_id = 14
# process  = nu_e nu_t~ -> e- t+
-0.99	9.82750355196584e-05
-0.97	0.000899596733237552
-0.95	0.00254716673658321
-0.93	0.00509136320138082
-0.91	0.00858561272314553
-0.89	0.0130865977177639
-0.87	0.0186544798473332
-0.85	0.0253531408964935
-0.83	0.0332504426428159
-0.81	0.0424185074181817
-0.79	0.0529340212284477
-0.77	0.0648785614881002
-0.75	0.0783389516374323
-0.73	0.0934076451447007
-0.71	0.11018314165779
-0.69	0.128770438362585
-0.67	0.149281519932501
-0.65	0.171835890819982
-0.63	0.196561154051346
-0.61	0.223593641147185
-0.59	0.253079098308272
-0.57	0.285173434589504
-0.55	0.320043538440742
-0.53	0.35786816973388
-0.51	0.398838935232012
-0.49	0.443161356403087
-0.47	0.491056039552801
-0.45	0.542759959468459
-0.429999999999999	0.598527869148646
-0.409999999999999	0.658633849767932
-0.389999999999999	0.723373016821072
-0.369999999999999	0.793063400441347
-0.349999999999999	0.868048020233355
-0.329999999999999	0.948697177648836
-0.309999999999999	1.03541099202063
-0.289999999999999	1.12862220992038
-0.269999999999999	1.2287993215975
-0.249999999999999	1.33645002298201
-0.229999999999999	1.45212506720153
-0.209999999999999	1.57642255590252
-0.189999999999999	1.7099927280324
-0.169999999999999	1.85354331231897
-0.149999999999999	2.00784551969735
-0.129999999999999	2.17374076365101
-0.109999999999999	2.3521482101748
-0.0899999999999994	2.54407327522412
-0.0699999999999994	2.75061720655923
-0.0499999999999994	2.97298790940414
-0.0299999999999994	3.21251220201849
-0.00999999999999938	3.47064971899211
0.0100000000000006	3.74900871787452
0.0300000000000006	4.04936408995501
0.0500000000000006	4.37367793023238
0.0700000000000006	4.7241230868716
0.0900000000000006	5.10311018925032
0.110000000000001	5.51331874920196
0.130000000000001	5.95773304622775
0.150000000000001	6.43968364928832
0.170000000000001	6.96289560166092
0.190000000000001	7.53154450938065
0.210000000000001	8.15032203838746
0.230000000000001	8.82451265410051
0.250000000000001	9.56008384713724
0.270000000000001	10.3637926029696
0.290000000000001	11.2433115212059
0.310000000000001	12.2073788111462
0.330000000000001	13.2659774364005
0.350000000000001	14.4305500223655
0.370000000000001	15.7142578700743
0.390000000000001	17.1322946657109
0.410000000000001	18.7022684110718
0.430000000000001	20.4446689666623
0.450000000000001	22.3834437301315
0.470000000000001	24.5467108377202
0.490000000000001	26.9676485409825
0.510000000000001	29.6856120293094
0.530000000000001	32.7475463233876
0.550000000000001	36.2097879834044
0.570000000000001	40.1403822700728
0.590000000000001	44.6220905999499
0.610000000000001	49.7563325734235
0.630000000000001	55.6684082662844
0.650000000000001	62.5144968109943
0.670000000000001	70.4911537774364
0.690000000000001	79.8483771042439
0.710000000000001	90.9078540067286
0.730000000000001	104.088867369463
0.750000000000001	119.945754650116
0.770000000000001	139.22318236994
0.790000000000001	162.939584884784
0.810000000000001	192.516387112133
0.830000000000001	229.984044241323
0.850000000000001	278.321708930199
0.870000000000001	342.03925774333
0.890000000000001	428.220856295809
0.910000000000001	548.499792301818
0.930000000000001	723.048179018213
0.950000000000001	989.317735956964
0.970000000000001	1423.27574927014
0.990000000000001	2198.58675895898
