# Program settings for SigmaNu
# Electroweak scheme and input parameters
# Scheme = Complex mass scheme
# alpha_GF = 0.00755898078237864
# Pole masses/widths for particles [GeV]
# mw = 80.35797361
# gw = 2.084298894
# mz = 91.15348062
# gz = 2.494266379
# s^2_thetaw (derived) = (0.222868505240788,-0.00110716741475141)
# charged leptons
# m_e = 0.0005109989461
# m_m = 0.10565837
# m_t = 1.77686
# quarks
# m_d = 0.05
# m_u = 0.05
# m_s = 0.2
# m_c = 1.51
# m_b = 4.92
# m_t = 173
# Ecms (default) = 167.272

# channel_id = 14
# process  = nu_e nu_t~ -> e- t+
-0.99	0.00042775031318578
-0.97	0.00385575571789304
-0.95	0.0108562874927703
-0.93	0.0216079040466578
-0.91	0.0362982118948669
-0.89	0.0551243801316985
-0.87	0.0782936881131442
-0.85	0.106024108772281
-0.83	0.138544930187965
-0.81	0.176097418243534
-0.79	0.218935523448137
-0.77	0.267326635251071
-0.75	0.321552387461298
-0.73	0.381909518692614
-0.71	0.448710792092601
-0.69	0.522285978983427
-0.67	0.602982911448349
-0.65	0.691168609343101
-0.63	0.787230487700672
-0.61	0.891577651035796
-0.59	1.00464228164749
-0.57	1.12688112966984
-0.55	1.25877711333985
-0.53	1.40084103874427
-0.51	1.55361344918274
-0.49	1.71766661525282
-0.47	1.89360667783361
-0.45	2.08207595733076
-0.429999999999999	2.28375544386131
-0.409999999999999	2.49936748451639
-0.389999999999999	2.72967868546167
-0.369999999999999	2.97550304843932
-0.349999999999999	3.23770536324357
-0.329999999999999	3.51720487998055
-0.309999999999999	3.81497928742123
-0.289999999999999	4.13206902654746
-0.269999999999999	4.46958197151256
-0.249999999999999	4.82869851373455
-0.229999999999999	5.21067708876028
-0.209999999999999	5.61686018994021
-0.189999999999999	6.04868091790187
-0.169999999999999	6.50767012038031
-0.149999999999999	6.9954641832427
-0.129999999999999	7.51381354063202
-0.109999999999999	8.06459198016723
-0.0899999999999994	8.64980682820749
-0.0699999999999994	9.27161011047264
-0.0499999999999994	9.9323107949898
-0.0299999999999994	10.6343882376179
-0.00999999999999938	11.3805069655323
0.0100000000000006	12.1735329513169
0.0300000000000006	13.0165515500438
0.0500000000000006	13.9128872943191
0.0700000000000006	14.8661257681905
0.0900000000000006	15.8801378106005
0.110000000000001	16.9591063333664
0.130000000000001	18.1075560782348
0.150000000000001	19.3303866832941
0.170000000000001	20.6329094820123
0.190000000000001	22.0208885196694
0.210000000000001	23.5005863435027
0.230000000000001	25.0788152063178
0.250000000000001	26.7629944208214
0.270000000000001	28.5612147161748
0.290000000000001	30.4823105824286
0.310000000000001	32.5359417464812
0.330000000000001	34.7326851097153
0.350000000000001	37.084138698257
0.370000000000001	39.6030394389349
0.390000000000001	42.3033968861165
0.410000000000001	45.2006453973362
0.430000000000001	48.311817702183
0.450000000000001	51.655743345636
0.470000000000001	55.2532761343237
0.490000000000001	59.1275554975434
0.510000000000001	63.3043076263765
0.530000000000001	67.8121934143389
0.550000000000001	72.6832116430217
0.570000000000001	77.9531676014755
0.590000000000001	83.6622194823406
0.610000000000001	89.855517568639
0.630000000000001	96.5839545520162
0.650000000000001	103.905049487342
0.670000000000001	111.883993127162
0.690000000000001	120.59488900489
0.710000000000001	130.12223306177
0.730000000000001	140.56268539177
0.750000000000001	152.027201552636
0.770000000000001	164.643608864668
0.790000000000001	178.559736561404
0.810000000000001	193.94723945271
0.830000000000001	211.006295525149
0.850000000000001	229.97141229757
0.870000000000001	251.118649946902
0.890000000000001	274.774668612719
0.910000000000001	301.32814355469
0.930000000000001	331.244280570754
0.950000000000001	365.083428355122
0.970000000000001	403.525158861545
0.990000000000001	447.399723805116
