# Program settings for SigmaNu
# Electroweak scheme and input parameters
# Scheme = Complex mass scheme
# alpha_GF = 0.00755898078237864
# Pole masses/widths for particles [GeV]
# mw = 80.35797361
# gw = 2.084298894
# mz = 91.15348062
# gz = 2.494266379
# s^2_thetaw (derived) = (0.222868505240788,-0.00110716741475141)
# charged leptons
# m_e = 0.0005109989461
# m_m = 0.10565837
# m_t = 1.77686
# quarks
# m_d = 0.05
# m_u = 0.05
# m_s = 0.2
# m_c = 1.51
# m_b = 4.92
# m_t = 173
# Ecms (default) = 47.0308

# channel_id = 14
# process  = nu_e nu_t~ -> e- t+
-0.99	0.000664738427078221
-0.97	0.00512201408679198
-0.95	0.0138031790415716
-0.93	0.0267732894026012
-0.91	0.0440984075454441
-0.89	0.0658456194543176
-0.87	0.0920830524035827
-0.85	0.122879892983804
-0.83	0.158306405479916
-0.81	0.198433950609232
-0.79	0.243335004627203
-0.77	0.293083178809025
-0.75	0.347753239315423
-0.73	0.40742112745109
-0.71	0.472163980324542
-0.69	0.542060151918284
-0.67	0.617189234578481
-0.65	0.697632080933495
-0.63	0.783470826250924
-0.61	0.874788911242994
-0.59	0.971671105330416
-0.57	1.07420353037508
-0.55	1.18247368489216
-0.53	1.29657046875266
-0.51	1.41658420838729
-0.49	1.54260668250352
-0.47	1.67473114832717
-0.45	1.81305236838079
-0.429999999999999	1.95766663781117
-0.409999999999999	2.10867181227858
-0.389999999999999	2.26616733642076
-0.369999999999999	2.43025427290501
-0.349999999999999	2.60103533208202
-0.329999999999999	2.77861490225548
-0.309999999999999	2.96309908058189
-0.289999999999999	3.15459570461529
-0.269999999999999	3.35321438451208
-0.249999999999999	3.55906653591152
-0.229999999999999	3.77226541350779
-0.209999999999999	3.99292614533008
-0.189999999999999	4.22116576774744
-0.169999999999999	4.45710326121572
-0.149999999999999	4.70085958678425
-0.129999999999999	4.95255772338056
-0.109999999999999	5.2123227058916
-0.0899999999999994	5.48028166406093
-0.0699999999999994	5.75656386222129
-0.0499999999999994	6.04130073988297
-0.0299999999999994	6.33462595319868
-0.00999999999999938	6.63667541732617
0.0100000000000006	6.94758734971063
0.0300000000000006	7.26750231430936
0.0500000000000006	7.59656326678173
0.0700000000000006	7.93491560066832
0.0900000000000006	8.28270719458355
0.110000000000001	8.64008846044691
0.130000000000001	9.00721239277858
0.150000000000001	9.3842346190859
0.170000000000001	9.77131345136796
0.190000000000001	10.1686099387662
0.210000000000001	10.5762879213899
0.230000000000001	10.9945140853461
0.250000000000001	11.4234580190042
0.270000000000001	11.8632922705267
0.290000000000001	12.3141924066982
0.310000000000001	12.7763370730857
0.330000000000001	13.249908055564
0.350000000000001	13.7350903432413
0.370000000000001	14.2320721928215
0.390000000000001	14.7410451944387
0.410000000000001	15.2622043390043
0.430000000000001	15.7957480871029
0.450000000000001	16.3418784394809
0.470000000000001	16.900801009165
0.490000000000001	17.4727250952576
0.510000000000001	18.05786375845
0.530000000000001	18.6564338982993
0.550000000000001	19.2686563323168
0.570000000000001	19.8947558769139
0.590000000000001	20.5349614302567
0.610000000000001	21.1895060570781
0.630000000000001	21.8586270755018
0.650000000000001	22.5425661459304
0.670000000000001	23.2415693620543
0.690000000000001	23.9558873440371
0.710000000000001	24.6857753339382
0.730000000000001	25.4314932934321
0.750000000000001	26.1933060038862
0.770000000000001	26.9714831688639
0.790000000000001	27.7662995191169
0.810000000000001	28.5780349201358
0.830000000000001	29.406974482331
0.850000000000001	30.2534086739136
0.870000000000001	31.1176334365547
0.890000000000001	31.9999503038972
0.910000000000001	32.9006665230018
0.930000000000001	33.8200951788084
0.950000000000001	34.758555321698
0.970000000000001	35.7163720982425
0.990000000000001	36.6938768852312
