# Program settings for SigmaNu
# Electroweak scheme and input parameters
# Scheme = Complex mass scheme
# alpha_GF = 0.00755898078237864
# Pole masses/widths for particles [GeV]
# mw = 80.35797361
# gw = 2.084298894
# mz = 91.15348062
# gz = 2.494266379
# s^2_thetaw (derived) = (0.222868505240788,-0.00110716741475141)
# charged leptons
# m_e = 0.0005109989461
# m_m = 0.10565837
# m_t = 1.77686
# quarks
# m_d = 0.05
# m_u = 0.05
# m_s = 0.2
# m_c = 1.51
# m_b = 4.92
# m_t = 173
# Ecms (default) = 3499.6

# channel_id = 14
# process  = nu_e nu_t~ -> e- t+
-0.99	1.44920780762697e-06
-0.97	1.33084438779329e-05
-0.95	3.77294309242575e-05
-0.93	7.54891936627066e-05
-0.91	0.000127413642451758
-0.89	0.000194381032563781
-0.87	0.000277325701981048
-0.85	0.000377242113113722
-0.83	0.00049518922643928
-0.81	0.000632295236961726
-0.79	0.000789762707622657
-0.77	0.000968874137406953
-0.75	0.00117099800592283
-0.73	0.00139759534075442
-0.71	0.00165022685894881
-0.69	0.00193056073968122
-0.67	0.00224038109152562
-0.65	0.00258159718493903
-0.63	0.00295625352865695
-0.61	0.00336654087782191
-0.59	0.00381480827197368
-0.57	0.00430357621268853
-0.55	0.00483555110386212
-0.53	0.00541364109261509
-0.51	0.00604097346582668
-0.49	0.00672091377667979
-0.47	0.0074570868976889
-0.45	0.00825340022190517
-0.429999999999999	0.00911406926283965
-0.409999999999999	0.0100436459367
-0.389999999999999	0.0110470498484747
-0.369999999999999	0.0121296029470301
-0.349999999999999	0.0132970679646503
-0.329999999999999	0.0145556911144846
-0.309999999999999	0.0159122495864867
-0.289999999999999	0.0173741044602398
-0.269999999999999	0.0189492597434414
-0.249999999999999	0.0206464283500357
-0.229999999999999	0.0224751059547517
-0.209999999999999	0.0244456538043766
-0.189999999999999	0.0265693917344189
-0.169999999999999	0.0288587028376311
-0.149999999999999	0.0313271514639448
-0.129999999999999	0.0339896165067336
-0.109999999999999	0.0368624422565207
-0.0899999999999994	0.0399636094907727
-0.0699999999999994	0.0433129299301467
-0.0499999999999994	0.0469322677433643
-0.0299999999999994	0.0508457924444216
-0.00999999999999938	0.0550802683215177
0.0100000000000006	0.0596653864973378
0.0300000000000006	0.0646341468832689
0.0500000000000006	0.0700232987036856
0.0700000000000006	0.075873849991155
0.0900000000000006	0.0822316585660683
0.110000000000001	0.0891481196127207
0.130000000000001	0.0966809681736662
0.150000000000001	0.104895218866796
0.170000000000001	0.113864270094164
0.190000000000001	0.123671206230424
0.210000000000001	0.134410339108426
0.230000000000001	0.146189040030105
0.250000000000001	0.159129926145376
0.270000000000001	0.1733734811928
0.290000000000001	0.189081211402159
0.310000000000001	0.206439464337195
0.330000000000001	0.22566407367667
0.350000000000001	0.247006039243927
0.370000000000001	0.270758512957508
0.390000000000001	0.297265443336345
0.410000000000001	0.326932341605247
0.430000000000001	0.360239782539702
0.450000000000001	0.39776045920017
0.470000000000001	0.440180896386886
0.490000000000001	0.48832932817805
0.510000000000001	0.543211813106131
0.530000000000001	0.606059476788818
0.550000000000001	0.678390960491036
0.570000000000001	0.762095910589028
0.590000000000001	0.859547980986772
0.610000000000001	0.973759848460875
0.630000000000001	1.10859900991009
0.650000000000001	1.269093090216
0.670000000000001	1.46186957473196
0.690000000000001	1.69580184869848
0.710000000000001	1.98297962726534
0.730000000000001	2.34020350978526
0.750000000000001	2.79135283094648
0.770000000000001	3.37126058480335
0.790000000000001	4.13229649851957
0.810000000000001	5.1560514860844
0.830000000000001	6.57518233194173
0.850000000000001	8.61689375180783
0.870000000000001	11.6964464834402
0.890000000000001	16.6389480029658
0.910000000000001	25.2777521729494
0.930000000000001	42.3843893772167
0.950000000000001	83.806082599127
0.970000000000001	231.18380374716
0.990000000000001	1861.65449904003
