# Program settings for SigmaNu
# Electroweak scheme and input parameters
# Scheme = Complex mass scheme
# alpha_GF = 0.00755898078237864
# Pole masses/widths for particles [GeV]
# mw = 80.35797361
# gw = 2.084298894
# mz = 91.15348062
# gz = 2.494266379
# s^2_thetaw (derived) = (0.222868505240788,-0.00110716741475141)
# charged leptons
# m_e = 0.0005109989461
# m_m = 0.10565837
# m_t = 1.77686
# quarks
# m_d = 0.05
# m_u = 0.05
# m_s = 0.2
# m_c = 1.51
# m_b = 4.92
# m_t = 173
# Ecms (default) = 2721.2

# channel_id = 14
# process  = nu_e nu_t~ -> e- t+
-0.99	2.39530242198501e-06
-0.97	2.19960224331011e-05
-0.95	6.23579838281004e-05
-0.93	0.00012476494563559
-0.91	0.000210581403953857
-0.89	0.000321258303019528
-0.87	0.00045833920593481
-0.85	0.000623466966952029
-0.83	0.000818390951504966
-0.81	0.00104497485495699
-0.79	0.00130520517636809
-0.77	0.00160120040953674
-0.75	0.0019352210202287
-0.73	0.0023096802859546
-0.71	0.00272715608300694
-0.69	0.0031904037148337
-0.67	0.00370236988634991
-0.65	0.00426620794062544
-0.63	0.00488529448772201
-0.61	0.00556324757049178
-0.59	0.00630394652913778
-0.57	0.00711155374555146
-0.55	0.00799053847020898
-0.53	0.00894570295910156
-0.51	0.00998221117623254
-0.49	0.0111056203491435
-0.47	0.0123219157013279
-0.45	0.0136375487269448
-0.429999999999999	0.0150594794207722
-0.409999999999999	0.0165952229307912
-0.389999999999999	0.0182529011632882
-0.369999999999999	0.0200412999422289
-0.349999999999999	0.0219699324074516
-0.329999999999999	0.0240491094317994
-0.309999999999999	0.0262900179478514
-0.289999999999999	0.0287048082030416
-0.269999999999999	0.0313066911107678
-0.249999999999999	0.0341100470383284
-0.229999999999999	0.0371305475746389
-0.209999999999999	0.0403852920570281
-0.189999999999999	0.043892960913484
-0.169999999999999	0.0476739882022984
-0.149999999999999	0.0517507561146647
-0.129999999999999	0.0561478146589079
-0.109999999999999	0.0608921302817765
-0.0899999999999994	0.0660133678198064
-0.0699999999999994	0.0715442109333492
-0.0499999999999994	0.0775207270835394
-0.0299999999999994	0.083982784200527
-0.00999999999999938	0.0909745274998273
0.0100000000000006	0.0985449264826338
0.0300000000000006	0.106748404067993
0.0500000000000006	0.115645562128543
0.0700000000000006	0.125304020536445
0.0900000000000006	0.135799390298286
0.110000000000001	0.147216405627708
0.130000000000001	0.159650245078245
0.150000000000001	0.173208078401264
0.170000000000001	0.188010883948053
0.190000000000001	0.204195591647611
0.210000000000001	0.221917619447164
0.230000000000001	0.241353887371437
0.250000000000001	0.262706414060514
0.270000000000001	0.286206627148491
0.290000000000001	0.312120552979265
0.310000000000001	0.340755095404606
0.330000000000001	0.372465671162654
0.350000000000001	0.407665545257075
0.370000000000001	0.446837310325036
0.390000000000001	0.490547088271063
0.410000000000001	0.539462213293661
0.430000000000001	0.594373401197944
0.450000000000001	0.656222747099214
0.470000000000001	0.726139361071171
0.490000000000001	0.805485106410784
0.510000000000001	0.895913834148561
0.530000000000001	0.999448841366
0.550000000000001	1.11858522244324
0.570000000000001	1.25642664991814
0.590000000000001	1.41687042433997
0.610000000000001	1.60486120046055
0.630000000000001	1.82674401245738
0.650000000000001	2.09076343824402
0.670000000000001	2.40778207579422
0.690000000000001	2.79233534098386
0.710000000000001	3.26421462031826
0.730000000000001	3.85090324854158
0.750000000000001	4.59143186116342
0.770000000000001	5.5426800352627
0.790000000000001	6.79006723135194
0.810000000000001	8.46649741017754
0.830000000000001	10.7877078451414
0.850000000000001	14.1224640795626
0.870000000000001	19.1430667309598
0.890000000000001	27.180976317393
0.910000000000001	41.1813979314924
0.930000000000001	68.7595220255831
0.950000000000001	134.939184042876
0.970000000000001	365.928783994223
0.990000000000001	2728.04824313395
