# Program settings for SigmaNu
# Electroweak scheme and input parameters
# Scheme = Complex mass scheme
# alpha_GF = 0.00755898078237864
# Pole masses/widths for particles [GeV]
# mw = 80.35797361
# gw = 2.084298894
# mz = 91.15348062
# gz = 2.494266379
# s^2_thetaw (derived) = (0.222868505240788,-0.00110716741475141)
# charged leptons
# m_e = 0.0005109989461
# m_m = 0.10565837
# m_t = 1.77686
# quarks
# m_d = 0.05
# m_u = 0.05
# m_s = 0.2
# m_c = 1.51
# m_b = 4.92
# m_t = 173
# Ecms (default) = 8.17197

# channel_id = 14
# process  = nu_e nu_t~ -> e- t+
-0.99	0.000260817883171912
-0.97	0.000925878839051724
-0.95	0.00178226716253632
-0.93	0.00283009478913612
-0.91	0.00406947371985583
-0.89	0.00550051602123712
-0.87	0.00712333382540111
-0.85	0.00893803933009106
-0.83	0.010944744798715
-0.81	0.0131435625603887
-0.79	0.0155346050099777
-0.77	0.0181179846081411
-0.75	0.0208938138813733
-0.73	0.0238622054220478
-0.71	0.0270232718884592
-0.69	0.0303771260048666
-0.67	0.0339238805615365
-0.65	0.0376636484147854
-0.63	0.0415965424870234
-0.61	0.0457226757667964
-0.59	0.0500421613088301
-0.57	0.0545551122340719
-0.55	0.0592616417297354
-0.53	0.0641618630493422
-0.51	0.0692558895127662
-0.49	0.0745438345062757
-0.47	0.080025811482578
-0.45	0.0857019339608611
-0.429999999999999	0.0915723155268384
-0.409999999999999	0.0976370698327911
-0.389999999999999	0.103896310597612
-0.369999999999999	0.110350151606848
-0.349999999999999	0.116998706712747
-0.329999999999999	0.123842089834295
-0.309999999999999	0.130880414957265
-0.289999999999999	0.13811379613426
-0.269999999999999	0.145542347484753
-0.249999999999999	0.153166183195134
-0.229999999999999	0.160985417518752
-0.209999999999999	0.169000164775962
-0.189999999999999	0.177210539354161
-0.169999999999999	0.185616655707841
-0.149999999999999	0.194218628358625
-0.129999999999999	0.203016571895317
-0.109999999999999	0.21201060097394
-0.0899999999999994	0.221200830317785
-0.0699999999999994	0.230587374717452
-0.0499999999999994	0.240170349030894
-0.0299999999999994	0.249949868183462
-0.00999999999999938	0.259926047167948
0.0100000000000006	0.27009900104463
0.0300000000000006	0.280468844941315
0.0500000000000006	0.291035694053384
0.0700000000000006	0.301799663643835
0.0900000000000006	0.312760869043329
0.110000000000001	0.323919425650231
0.130000000000001	0.335275448930658
0.150000000000001	0.346829054418521
0.170000000000001	0.358580357715568
0.190000000000001	0.370529474491432
0.210000000000001	0.382676520483672
0.230000000000001	0.395021611497819
0.250000000000001	0.407564863407421
0.270000000000001	0.420306392154084
0.290000000000001	0.433246313747522
0.310000000000001	0.446384744265595
0.330000000000001	0.45972179985436
0.350000000000001	0.47325759672811
0.370000000000001	0.486992251169423
0.390000000000001	0.500925879529204
0.410000000000001	0.515058598226729
0.430000000000001	0.529390523749693
0.450000000000001	0.543921772654251
0.470000000000001	0.558652461565067
0.490000000000001	0.573582707175353
0.510000000000001	0.588712626246919
0.530000000000001	0.604042335610216
0.550000000000001	0.61957195216438
0.570000000000001	0.635301592877279
0.590000000000001	0.651231374785555
0.610000000000001	0.667361414994672
0.630000000000001	0.683691830678959
0.650000000000001	0.700222739081657
0.670000000000001	0.716954257514959
0.690000000000001	0.733886503360065
0.710000000000001	0.751019594067216
0.730000000000001	0.768353647155746
0.750000000000001	0.785888780214126
0.770000000000001	0.803625110900009
0.790000000000001	0.821562756940273
0.810000000000001	0.839701836131071
0.830000000000001	0.858042466337871
0.850000000000001	0.876584765495507
0.870000000000001	0.895328851608219
0.890000000000001	0.914274842749701
0.910000000000001	0.933422857063149
0.930000000000001	0.9527730127613
0.950000000000001	0.972325428126486
0.970000000000001	0.992080221510671
0.990000000000001	1.0120375113355
