# Program settings for SigmaNu
# Electroweak scheme and input parameters
# Scheme = Complex mass scheme
# alpha_GF = 0.00755898078237864
# Pole masses/widths for particles [GeV]
# mw = 80.35797361
# gw = 2.084298894
# mz = 91.15348062
# gz = 2.494266379
# s^2_thetaw (derived) = (0.222868505240788,-0.00110716741475141)
# charged leptons
# m_e = 0.0005109989461
# m_m = 0.10565837
# m_t = 1.77686
# quarks
# m_d = 0.05
# m_u = 0.05
# m_s = 0.2
# m_c = 1.51
# m_b = 4.92
# m_t = 173
# Ecms (default) = 1134.31

# channel_id = 14
# process  = nu_e nu_t~ -> e- t+
-0.99	1.36767754273148e-05
-0.97	0.000125549106615996
-0.95	0.000355877705009047
-0.93	0.000711956051395967
-0.91	0.00120153433629642
-0.89	0.00183285162453365
-0.87	0.00261467059712235
-0.85	0.003556315104345
-0.83	0.00466771078773347
-0.81	0.00595942905522397
-0.79	0.00744273472335265
-0.77	0.00912963767339661
-0.75	0.011032948905277
-0.73	0.013166341414338
-0.71	0.0155444163623649
-0.69	0.0181827750660752
-0.67	0.0210980973845517
-0.65	0.024308227152565
-0.63	0.0278322653804412
-0.61	0.0316906720242224
-0.59	0.0359053772236645
-0.57	0.040499903011646
-0.55	0.0454994966185959
-0.53	0.0509312766316378
-0.51	0.0568243934226712
-0.49	0.0632102054353495
-0.47	0.070122473121086
-0.45	0.0775975725426118
-0.429999999999999	0.0856747309246269
-0.409999999999999	0.094396286729922
-0.389999999999999	0.103807977182065
-0.369999999999999	0.113959256549546
-0.349999999999999	0.124903648959563
-0.329999999999999	0.13669914003249
-0.309999999999999	0.149408612232252
-0.289999999999999	0.163100329527558
-0.269999999999999	0.177848477770917
-0.249999999999999	0.193733768146655
-0.229999999999999	0.21084411213987
-0.209999999999999	0.229275377764103
-0.189999999999999	0.249132238291362
-0.169999999999999	0.270529126495821
-0.149999999999999	0.293591309502921
-0.129999999999999	0.318456101790334
-0.109999999999999	0.345274236791638
-0.0899999999999994	0.374211420999387
-0.0699999999999994	0.405450098564415
-0.0499999999999994	0.439191459281502
-0.0299999999999994	0.475657728709406
-0.00999999999999938	0.515094786208474
0.0100000000000006	0.55777516515628
0.0300000000000006	0.604001499851869
0.0500000000000006	0.654110496057604
0.0700000000000006	0.708477517277477
0.0900000000000006	0.767521897395161
0.110000000000001	0.831713113036707
0.130000000000001	0.901577977059549
0.150000000000001	0.977709049285604
0.170000000000001	1.06077450378003
0.190000000000001	1.15152974595065
0.210000000000001	1.25083114053954
0.230000000000001	1.35965229718336
0.250000000000001	1.4791034689039
0.270000000000001	1.61045475767048
0.290000000000001	1.75516399945655
0.310000000000001	1.91491043169066
0.330000000000001	2.09163554595377
0.350000000000001	2.28759292189498
0.370000000000001	2.50540935740339
0.390000000000001	2.7481603008335
0.410000000000001	3.01946351799697
0.430000000000001	3.32359618145832
0.450000000000001	3.66564228439766
0.470000000000001	4.0516796479895
0.490000000000001	4.48901909274721
0.510000000000001	4.98651300259594
0.530000000000001	5.55495716392689
0.550000000000001	6.20761939065368
0.570000000000001	6.96094257936115
0.590000000000001	7.83549090284977
0.610000000000001	8.85723977012833
0.630000000000001	10.0593594321643
0.650000000000001	11.4847196207436
0.670000000000001	13.1894672553677
0.690000000000001	15.2482345561428
0.710000000000001	17.7618821234202
0.730000000000001	20.8692863951448
0.750000000000001	24.7657700445046
0.770000000000001	29.732810084245
0.790000000000001	36.1876317234604
0.810000000000001	44.7694415376795
0.830000000000001	56.4967429160137
0.850000000000001	73.0713054030685
0.870000000000001	97.5081862954486
0.890000000000001	135.561303293639
0.910000000000001	199.336201153996
0.930000000000001	317.958931661714
0.950000000000001	576.851314765347
0.970000000000001	1323.81779745984
0.990000000000001	5392.5455487424
