# Program settings for SigmaNu
# Electroweak scheme and input parameters
# Scheme = Complex mass scheme
# alpha_GF = 0.00755898078237864
# Pole masses/widths for particles [GeV]
# mw = 80.35797361
# gw = 2.084298894
# mz = 91.15348062
# gz = 2.494266379
# s^2_thetaw (derived) = (0.222868505240788,-0.00110716741475141)
# charged leptons
# m_e = 0.0005109989461
# m_m = 0.10565837
# m_t = 1.77686
# quarks
# m_d = 0.05
# m_u = 0.05
# m_s = 0.2
# m_c = 1.51
# m_b = 4.92
# m_t = 173
# Ecms (default) = 24523.4

# channel_id = 14
# process  = nu_e nu_t~ -> e- t+
-0.99	2.95416716326791e-08
-0.97	2.71300676805378e-07
-0.95	7.69150715004472e-07
-0.93	1.53894110218917e-06
-0.91	2.59751883681684e-06
-0.89	3.96279923710782e-06
-0.87	5.6538422688459e-06
-0.85	7.69093508291762e-06
-0.83	1.00956813349766e-05
-0.81	1.28910979189607e-05
-0.79	1.61017198123003e-05
-0.77	1.97537138045595e-05
-0.75	2.38750019638113e-05
-0.73	2.84953957875205e-05
-0.71	3.36467420883072e-05
-0.69	3.93630817812421e-05
-0.67	4.5680822869951e-05
-0.65	5.26389290757629e-05
-0.63	6.02791257197396e-05
-0.61	6.86461246541374e-05
-0.59	7.77878702508702e-05
-0.57	8.77558086932168e-05
-0.55	9.86051830873965e-05
-0.53	0.000110395357217463
-0.51	0.000123190171115612
-0.49	0.000137058332016803
-0.47	0.000152073844719035
-0.45	0.000168316485887138
-0.429999999999999	0.000185872327428938
-0.409999999999999	0.000204834314749725
-0.389999999999999	0.000225302906468289
-0.369999999999999	0.000247386783071757
-0.349999999999999	0.000271203633016532
-0.329999999999999	0.000296881025971937
-0.309999999999999	0.000324557384278951
-0.289999999999999	0.000354383065291366
-0.269999999999999	0.000386521569119563
-0.249999999999999	0.000421150888454388
-0.229999999999999	0.000458465019666038
-0.209999999999999	0.000498675657317329
-0.189999999999999	0.000542014097683237
-0.169999999999999	0.000588733380926432
-0.149999999999999	0.000639110706360677
-0.129999999999999	0.000693450160884137
-0.109999999999999	0.000752085807359086
-0.0899999999999994	0.000815385187668607
-0.0699999999999994	0.00088375330465947
-0.0499999999999994	0.000957637158509965
-0.0299999999999994	0.00103753092664641
-0.00999999999999938	0.00112398189267422
0.0100000000000006	0.00121759724951561
0.0300000000000006	0.00131905192584006
0.0500000000000006	0.00142909761392332
0.0700000000000006	0.00154857321252071
0.0900000000000006	0.00167841694177488
0.110000000000001	0.00181968044061181
0.130000000000001	0.00197354522309823
0.150000000000001	0.00214134195216753
0.170000000000001	0.00232457309128209
0.190000000000001	0.00252493962260367
0.210000000000001	0.00274437268144868
0.230000000000001	0.00298507116090887
0.250000000000001	0.00324954660039073
0.270000000000001	0.00354067700465317
0.290000000000001	0.00386177166882771
0.310000000000001	0.0042166496412228
0.330000000000001	0.00460973518225326
0.350000000000001	0.00504617453355502
0.370000000000001	0.00553197957816812
0.390000000000001	0.00607420566547612
0.410000000000001	0.00668117315606233
0.430000000000001	0.00736274534455756
0.450000000000001	0.00813067967966899
0.470000000000001	0.00899907511282808
0.490000000000001	0.00998494670089649
0.510000000000001	0.0111089703616105
0.530000000000001	0.0123964576052949
0.550000000000001	0.0138786447307582
0.570000000000001	0.0155944174488671
0.590000000000001	0.0175926467061222
0.610000000000001	0.0199353952746448
0.630000000000001	0.0227023852235975
0.650000000000001	0.0259973240249542
0.670000000000001	0.0299570248894439
0.690000000000001	0.0347648206176362
0.710000000000001	0.0406707374194743
0.730000000000001	0.0480226073170232
0.750000000000001	0.0573154374645108
0.770000000000001	0.0692723474396441
0.790000000000001	0.0849823612224706
0.810000000000001	0.1061455814386
0.830000000000001	0.135532909329317
0.850000000000001	0.177904418829267
0.870000000000001	0.241993208120795
0.890000000000001	0.345238184134991
0.910000000000001	0.526653078604997
0.930000000000001	0.888796326424716
0.950000000000001	1.77789610910385
0.970000000000001	5.03754047221554
0.990000000000001	46.1310164082104
