# Program settings for SigmaNu
# Electroweak scheme and input parameters
# Scheme = Complex mass scheme
# alpha_GF = 0.00755898078237864
# Pole masses/widths for particles [GeV]
# mw = 80.35797361
# gw = 2.084298894
# mz = 91.15348062
# gz = 2.494266379
# s^2_thetaw (derived) = (0.222868505240788,-0.00110716741475141)
# charged leptons
# m_e = 0.0005109989461
# m_m = 0.10565837
# m_t = 1.77686
# quarks
# m_d = 0.05
# m_u = 0.05
# m_s = 0.2
# m_c = 1.51
# m_b = 4.92
# m_t = 173
# Ecms (default) = 6.71151

# channel_id = 14
# process  = nu_e nu_t~ -> e- t+
-0.99	0.00024230941353318
-0.97	0.000817475192304405
-0.95	0.00151340993384242
-0.93	0.00233016030531248
-0.91	0.00326777299191369
-0.89	0.00432629469688675
-0.87	0.00550577214152159
-0.85	0.00680625206516536
-0.83	0.00822778122522995
-0.81	0.0097704063971998
-0.79	0.0114341743746398
-0.77	0.0132191319692029
-0.75	0.0151253260106379
-0.73	0.0171528033467972
-0.71	0.0193016108436449
-0.69	0.021571795385264
-0.67	0.0239634038738646
-0.65	0.0264764832297916
-0.63	0.0291110803915325
-0.61	0.0318672423157251
-0.59	0.0347450159771654
-0.57	0.0377444483688153
-0.55	0.0408655865018107
-0.53	0.0441084774054687
-0.51	0.0474731681272962
-0.49	0.0509597057329971
-0.47	0.0545681373064802
-0.45	0.0582985099498674
-0.429999999999999	0.0621508707835014
-0.409999999999999	0.066125266945953
-0.389999999999999	0.0702217455940297
-0.369999999999999	0.0744403539027831
-0.349999999999999	0.0787811390655168
-0.329999999999999	0.0832441482937943
-0.309999999999999	0.0878294288174471
-0.289999999999999	0.0925370278845818
-0.269999999999999	0.0973669927615889
-0.249999999999999	0.10231937073315
-0.229999999999999	0.107394209102246
-0.209999999999999	0.112591555190164
-0.189999999999999	0.117911456336509
-0.169999999999999	0.123353959899204
-0.149999999999999	0.128919113254507
-0.129999999999999	0.134606963797013
-0.109999999999999	0.140417558939662
-0.0899999999999994	0.146350946113751
-0.0699999999999994	0.152407172768937
-0.0499999999999994	0.15858628637325
-0.0299999999999994	0.164888334413094
-0.00999999999999938	0.171313364393263
0.0100000000000006	0.177861423836941
0.0300000000000006	0.184532560285719
0.0500000000000006	0.191326821299592
0.0700000000000006	0.198244254456976
0.0900000000000006	0.205284907354712
0.110000000000001	0.212448827608075
0.130000000000001	0.219736062850779
0.150000000000001	0.227146660734992
0.170000000000001	0.234680668931334
0.190000000000001	0.242338135128893
0.210000000000001	0.250119107035232
0.230000000000001	0.258023632376391
0.250000000000001	0.266051758896903
0.270000000000001	0.274203534359795
0.290000000000001	0.282479006546602
0.310000000000001	0.290878223257369
0.330000000000001	0.299401232310665
0.350000000000001	0.308048081543585
0.370000000000001	0.316818818811764
0.390000000000001	0.32571349198938
0.410000000000001	0.334732148969164
0.430000000000001	0.343874837662409
0.450000000000001	0.353141605998977
0.470000000000001	0.362532501927304
0.490000000000001	0.372047573414415
0.510000000000001	0.381686868445925
0.530000000000001	0.391450435026053
0.550000000000001	0.401338321177623
0.570000000000001	0.411350574942079
0.590000000000001	0.421487244379489
0.610000000000001	0.431748377568556
0.630000000000001	0.442134022606619
0.650000000000001	0.452644227609672
0.670000000000001	0.463279040712363
0.690000000000001	0.474038510068005
0.710000000000001	0.484922683848586
0.730000000000001	0.495931610244774
0.750000000000001	0.507065337465927
0.770000000000001	0.5183239137401
0.790000000000001	0.529707387314053
0.810000000000001	0.541215806453261
0.830000000000001	0.55284921944192
0.850000000000001	0.564607674582956
0.870000000000001	0.576491220198031
0.890000000000001	0.588499904627555
0.910000000000001	0.600633776230691
0.930000000000001	0.612892883385365
0.950000000000001	0.625277274488271
0.970000000000001	0.637786997954883
0.990000000000001	0.650422102219462
