# Program settings for SigmaNu
# Electroweak scheme and input parameters
# Scheme = Complex mass scheme
# alpha_GF = 0.00755898078237864
# Pole masses/widths for particles [GeV]
# mw = 80.35797361
# gw = 2.084298894
# mz = 91.15348062
# gz = 2.494266379
# s^2_thetaw (derived) = (0.222868505240788,-0.00110716741475141)
# charged leptons
# m_e = 0.0005109989461
# m_m = 0.10565837
# m_t = 1.77686
# quarks
# m_d = 0.05
# m_u = 0.05
# m_s = 0.2
# m_c = 1.51
# m_b = 4.92
# m_t = 173
# Ecms (default) = 35.7786

# channel_id = 14
# process  = nu_e nu_t~ -> e- t+
-0.99	0.000559037032872538
-0.97	0.00393448115915546
-0.95	0.0103446948529232
-0.93	0.0198198704142837
-0.91	0.0323905013426178
-0.89	0.048087385681275
-0.87	0.0669416294041209
-0.85	0.0889846498445264
-0.83	0.114248179167391
-0.81	0.142764267884812
-0.79	0.174565288416006
-0.77	0.209683938692121
-0.75	0.248153245806558
-0.73	0.290006569711463
-0.71	0.335277606961035
-0.69	0.384000394502313
-0.67	0.43620931351413
-0.65	0.491939093294906
-0.63	0.551224815199992
-0.61	0.614101916629262
-0.59	0.680606195065678
-0.57	0.750773812165559
-0.55	0.824641297901305
-0.53	0.902245554757307
-0.51	0.983623861979842
-0.49	1.06881387988171
-0.47	1.15785365420243
-0.45	1.25078162052471
-0.429999999999999	1.34763660874822
-0.409999999999999	1.4484578476212
-0.389999999999999	1.55328496933103
-0.369999999999999	1.66215801415442
-0.349999999999999	1.77511743516824
-0.329999999999999	1.89220410302169
-0.309999999999999	2.01345931077099
-0.289999999999999	2.13892477877719
-0.269999999999999	2.26864265966826
-0.249999999999999	2.40265554336634
-0.229999999999999	2.54100646218101
-0.209999999999999	2.68373889596978
-0.189999999999999	2.83089677736653
-0.169999999999999	2.9825244970791
-0.149999999999999	3.13866690925702
-0.129999999999999	3.29936933693034
-0.109999999999999	3.46467757752068
-0.0899999999999994	3.63463790842563
-0.0699999999999994	3.80929709267753
-0.0499999999999994	3.98870238467766
-0.0299999999999994	4.1729015360072
-0.00999999999999938	4.3619428013159
0.0100000000000006	4.55587494428976
0.0300000000000006	4.75474724369878
0.0500000000000006	4.95860949952615
0.0700000000000006	5.16751203918004
0.0900000000000006	5.38150572378914
0.110000000000001	5.60064195458343
0.130000000000001	5.82497267936126
0.150000000000001	6.05455039904428
0.170000000000001	6.28942817432128
0.190000000000001	6.52965963238261
0.210000000000001	6.77529897374628
0.230000000000001	7.02640097917743
0.250000000000001	7.28302101670227
0.270000000000001	7.54521504871832
0.290000000000001	7.81303963920207
0.310000000000001	8.08655196101588
0.330000000000001	8.36580980331543
0.350000000000001	8.65087157905934
0.370000000000001	8.94179633262274
0.390000000000001	9.23864374751592
0.410000000000001	9.54147415421037
0.430000000000001	9.85034853807326
0.450000000000001	10.1653285474125
0.470000000000001	10.4864765016337
0.490000000000001	10.8138553995114
0.510000000000001	11.1475289275756
0.530000000000001	11.4875614686161
0.550000000000001	11.834018110306
0.570000000000001	12.1869646539463
0.590000000000001	12.5464676233344
0.610000000000001	12.9125942737566
0.630000000000001	13.2854126011089
0.650000000000001	13.6649913511458
0.670000000000001	14.0514000288611
0.690000000000001	14.444708908002
0.710000000000001	14.8449890407175
0.730000000000001	15.2523122673464
0.750000000000001	15.6667512263428
0.770000000000001	16.0883793643457
0.790000000000001	16.5172709463913
0.810000000000001	16.9535010662733
0.830000000000001	17.3971456570514
0.850000000000001	17.8482815017112
0.870000000000001	18.3069862439792
0.890000000000001	18.7733383992923
0.910000000000001	19.2474173659283
0.930000000000001	19.7293034362963
0.950000000000001	20.2190778083926
0.970000000000001	20.7168225974226
0.990000000000001	21.2226208475928
