# Program settings for SigmaNu
# Electroweak scheme and input parameters
# Scheme = Complex mass scheme
# alpha_GF = 0.00755898078237864
# Pole masses/widths for particles [GeV]
# mw = 80.35797361
# gw = 2.084298894
# mz = 91.15348062
# gz = 2.494266379
# s^2_thetaw (derived) = (0.222868505240788,-0.00110716741475141)
# charged leptons
# m_e = 0.0005109989461
# m_m = 0.10565837
# m_t = 1.77686
# quarks
# m_d = 0.05
# m_u = 0.05
# m_s = 0.2
# m_c = 1.51
# m_b = 4.92
# m_t = 173
# Ecms (default) = 104.51

# channel_id = 14
# process  = nu_e nu_t~ -> e- t+
-0.99	0.000676658947978377
-0.97	0.00594266001252957
-0.95	0.0165923392137328
-0.93	0.0328325847890371
-0.91	0.0548783202436035
-0.89	0.0829528537227831
-0.87	0.117288244593006
-0.85	0.158125688186839
-0.83	0.205715919727362
-0.81	0.260319638510462
-0.79	0.322207953491538
-0.77	0.391662851495725
-0.75	0.468977689348449
-0.73	0.554457711306363
-0.71	0.648420593257854
-0.69	0.751197015257853
-0.67	0.863131264064124
-0.65	0.984581867452092
-0.63	1.11592226220321
-0.61	1.25754149778849
-0.59	1.40984497790485
-0.57	1.57325524216813
-0.55	1.74821279042381
-0.53	1.93517695230566
-0.51	2.13462680485447
-0.49	2.34706214120519
-0.47	2.57300449356198
-0.45	2.81299821390843
-0.429999999999999	3.06761161614585
-0.409999999999999	3.33743818361759
-0.389999999999999	3.62309784626384
-0.369999999999999	3.92523833196046
-0.349999999999999	4.24453659692984
-0.329999999999999	4.58170034047372
-0.309999999999999	4.9374696096691
-0.289999999999999	5.31261850009275
-0.269999999999999	5.70795695909903
-0.249999999999999	6.1243326986741
-0.229999999999999	6.5626332254303
-0.209999999999999	7.02378799589142
-0.189999999999999	7.50877070585706
-0.169999999999999	8.01860172332783
-0.149999999999999	8.55435067522726
-0.129999999999999	9.11713919897717
-0.109999999999999	9.70814387087783
-0.0899999999999994	10.3285993242193
-0.0699999999999994	10.9798015711138
-0.0499999999999994	11.6631115432008
-0.0299999999999994	12.3799588676447
-0.00999999999999938	13.1318458962323
0.0100000000000006	13.9203520068961
0.0300000000000006	14.7471381986506
0.0500000000000006	15.613952002751
0.0700000000000006	16.5226327348826
0.0900000000000006	17.4751171153816
0.110000000000001	18.4734452868994
0.130000000000001	19.519767261572
0.150000000000001	20.6163498326725
0.170000000000001	21.7655839889394
0.190000000000001	22.9699928733144
0.210000000000001	24.2322403317338
0.230000000000001	25.5551401019387
0.250000000000001	26.9416656970397
0.270000000000001	28.3949610438642
0.290000000000001	29.9183519419646
0.310000000000001	31.5153584156645
0.330000000000001	33.1897080387289
0.350000000000001	34.9453503192583
0.370000000000001	36.7864722413244
0.390000000000001	38.7175150697957
0.410000000000001	40.7431925358768
0.430000000000001	42.8685105332505
0.450000000000001	45.0987884685304
0.470000000000001	47.4396824252024
0.490000000000001	49.8972103175574
0.510000000000001	52.4777792305691
0.530000000000001	55.188215163506
0.550000000000001	58.0357954196406
0.570000000000001	61.0282839120942
0.590000000000001	64.1739696870727
0.610000000000001	67.4817090010124
0.630000000000001	70.9609713280458
0.650000000000001	74.6218897193932
0.670000000000001	78.4753159875637
0.690000000000001	82.5328812465317
0.710000000000001	86.8070624053904
0.730000000000001	91.311255288625
0.750000000000001	96.0598551425348
0.770000000000001	101.068345386175
0.790000000000001	106.353395578473
0.810000000000001	111.93296970326
0.830000000000001	117.826446023616
0.850000000000001	124.054749929442
0.870000000000001	130.640501401414
0.890000000000001	137.608178945086
0.910000000000001	144.984302116391
0.930000000000001	152.797635070684
0.950000000000001	161.079413929663
0.970000000000001	169.863601183468
0.990000000000001	179.18717084027
