# Program settings for SigmaNu
# Electroweak scheme and input parameters
# Scheme = Complex mass scheme
# alpha_GF = 0.00755898078237864
# Pole masses/widths for particles [GeV]
# mw = 80.35797361
# gw = 2.084298894
# mz = 91.15348062
# gz = 2.494266379
# s^2_thetaw (derived) = (0.222868505240788,-0.00110716741475141)
# charged leptons
# m_e = 0.0005109989461
# m_m = 0.10565837
# m_t = 1.77686
# quarks
# m_d = 0.05
# m_u = 0.05
# m_s = 0.2
# m_c = 1.51
# m_b = 4.92
# m_t = 173
# Ecms (default) = 105.659

# channel_id = 14
# process  = nu_e nu_t~ -> e- t+
-0.99	0.000672042591226896
-0.97	0.00590729868282564
-0.95	0.0164980019038555
-0.93	0.032651657672615
-0.91	0.0545838980040608
-0.89	0.0825188378291314
-0.87	0.116689449013519
-0.85	0.157337953067313
-0.83	0.204716233599068
-0.81	0.259086269634305
-0.79	0.320720590989522
-0.77	0.389902756968918
-0.75	0.466927859732529
-0.73	0.552103053771766
-0.71	0.645748113021991
-0.69	0.748196017242073
-0.67	0.859793569398589
-0.65	0.980902045907916
-0.63	1.11189788171353
-0.61	1.25317339230928
-0.59	1.4051375349626
-0.57	1.56821671154597
-0.55	1.74285561555068
-0.53	1.92951812603552
-0.51	2.12868825145559
-0.49	2.34087112652332
-0.47	2.56659406547774
-0.45	2.80640767537889
-0.429999999999999	3.06088703330458
-0.409999999999999	3.33063293160809
-0.389999999999999	3.61627319569876
-0.369999999999999	3.91846407913648
-0.349999999999999	4.23789174118582
-0.329999999999999	4.57527381236106
-0.309999999999999	4.9313610539094
-0.289999999999999	5.30693911763193
-0.269999999999999	5.70283041293148
-0.249999999999999	6.11989608850828
-0.229999999999999	6.5590381367018
-0.209999999999999	7.02120162910442
-0.189999999999999	7.50737709275469
-0.169999999999999	8.01860303696057
-0.149999999999999	8.55596864161098
-0.129999999999999	9.12061661871489
-0.109999999999999	9.71374625986733
-0.0899999999999994	10.3366166833899
-0.0699999999999994	10.9905502960371
-0.0499999999999994	11.6769364854107
-0.0299999999999994	12.397235560592
-0.00999999999999938	13.1529829599977
0.0100000000000006	13.9457937471054
0.0300000000000006	14.7773674164926
0.0500000000000006	15.6494930346024
0.0700000000000006	16.5640547418167
0.0900000000000006	17.5230376447962
0.110000000000001	18.5285341306628
0.130000000000001	19.5827506374821
0.150000000000001	20.6880149186787
0.170000000000001	21.8467838425166
0.190000000000001	23.0616517716441
0.210000000000001	24.3353595719724
0.230000000000001	25.6708043048814
0.250000000000001	27.0710496619758
0.270000000000001	28.5393372074111
0.290000000000001	30.0790984992386
0.310000000000001	31.6939681683609
0.330000000000001	33.3877980416277
0.350000000000001	35.1646724044383
0.370000000000001	37.0289245080635
0.390000000000001	38.9851544378818
0.410000000000001	41.0382484709916
0.430000000000001	43.193400065376
0.450000000000001	45.4561326381504
0.470000000000001	47.832324307636
0.490000000000001	50.3282347933166
0.510000000000001	52.9505346894484
0.530000000000001	55.7063373525156
0.550000000000001	58.6032336702604
0.570000000000001	61.6493300110745
0.590000000000001	64.8532896876465
0.610000000000001	68.2243783084901
0.630000000000001	71.772513436005
0.650000000000001	75.5083190208469
0.670000000000001	79.4431851405004
0.690000000000001	83.589333636142
0.710000000000001	87.9598903173911
0.730000000000001	92.5689644908275
0.750000000000001	97.4317366669252
0.770000000000001	102.564555413322
0.790000000000001	107.985044452475
0.810000000000001	113.712221251561
0.830000000000001	119.766628525234
0.850000000000001	126.170480271548
0.870000000000001	132.947824192585
0.890000000000001	140.124722619682
0.910000000000001	147.729454375326
0.930000000000001	155.792740367676
0.950000000000001	164.347996138856
0.970000000000001	173.431615086273
0.990000000000001	183.083286660997
