# Program settings for SigmaNu
# Electroweak scheme and input parameters
# Scheme = Complex mass scheme
# alpha_GF = 0.00755898078237864
# Pole masses/widths for particles [GeV]
# mw = 80.35797361
# gw = 2.084298894
# mz = 91.15348062
# gz = 2.494266379
# s^2_thetaw (derived) = (0.222868505240788,-0.00110716741475141)
# charged leptons
# m_e = 0.0005109989461
# m_m = 0.10565837
# m_t = 1.77686
# quarks
# m_d = 0.05
# m_u = 0.05
# m_s = 0.2
# m_c = 1.51
# m_b = 4.92
# m_t = 173
# Ecms (default) = 6386.87

# channel_id = 14
# process  = nu_e nu_t~ -> e- t+
-0.99	4.35409306991856e-07
-0.97	3.99860066016682e-06
-0.95	1.13361721995528e-05
-0.93	2.26816824084396e-05
-0.91	3.82833895296535e-05
-0.89	5.8405292165232e-05
-0.87	8.33282536935588e-05
-0.85	0.00011335121814999
-0.83	0.000148792526000632
-0.81	0.000189991339112092
-0.79	0.000237309185193973
-0.77	0.000291131633078522
-0.75	0.000351870111417878
-0.73	0.000419963884740476
-0.71	0.000495882202333742
-0.69	0.000580126637131852
-0.67	0.000673233633710692
-0.65	0.000775777286655738
-0.63	0.000888372373006045
-0.61	0.00101167766522694
-0.59	0.00114639955426998
-0.57	0.00129329601579219
-0.55	0.0014531809565871
-0.53	0.00162692898279628
-0.51	0.00181548063660227
-0.49	0.0020198481539446
-0.47	0.00224112180245969
-0.45	0.00248047686644871
-0.429999999999999	0.00273918135437525
-0.409999999999999	0.00301860451436023
-0.389999999999999	0.0033202262545817
-0.369999999999999	0.00364564757864395
-0.349999999999999	0.00399660216113972
-0.329999999999999	0.00437496920613094
-0.309999999999999	0.00478278775151985
-0.289999999999999	0.00522227260575203
-0.269999999999999	0.00569583213055783
-0.249999999999999	0.00620608811518183
-0.229999999999999	0.00675589802459088
-0.209999999999999	0.00734837994747514
-0.189999999999999	0.0079869406206511
-0.169999999999999	0.0086753069661777
-0.149999999999999	0.00941756164784831
-0.129999999999999	0.0102181832368431
-0.109999999999999	0.0110820916748039
-0.0899999999999994	0.0120146998395986
-0.0699999999999994	0.0130219721584634
-0.0499999999999994	0.0141104913798546
-0.0299999999999994	0.0152875348151451
-0.00999999999999938	0.0165611616016484
0.0100000000000006	0.0179403128285512
0.0300000000000006	0.0194349267187151
0.0500000000000006	0.0210560714864691
0.0700000000000006	0.0228160990127781
0.0900000000000006	0.0247288231177789
0.110000000000001	0.026809726996272
0.130000000000001	0.0290762053523122
0.150000000000001	0.0315478479734873
0.170000000000001	0.0342467729871463
0.190000000000001	0.0371980199222446
0.210000000000001	0.0404300150696846
0.230000000000001	0.0439751246334871
0.250000000000001	0.0478703149838071
0.270000000000001	0.0521579442130854
0.290000000000001	0.056886715497983
0.310000000000001	0.0621128309422348
0.330000000000001	0.0679013952475362
0.350000000000001	0.0743281325963983
0.370000000000001	0.0814814987347894
0.390000000000001	0.0894652950989746
0.410000000000001	0.0984019253269671
0.430000000000001	0.108436480044912
0.450000000000001	0.119741898361456
0.470000000000001	0.132525541266819
0.490000000000001	0.147037633829277
0.510000000000001	0.163582205796664
0.530000000000001	0.182531408452014
0.550000000000001	0.20434444725624
0.570000000000001	0.229592904575812
0.590000000000001	0.258995030143342
0.610000000000001	0.293462804767806
0.630000000000001	0.334167495235542
0.650000000000001	0.382632459087189
0.670000000000001	0.44086690373788
0.690000000000001	0.511562553197424
0.710000000000001	0.598389322618512
0.730000000000001	0.70645113280099
0.750000000000001	0.843008874286032
0.770000000000001	1.01866504093487
0.790000000000001	1.24937930351012
0.810000000000001	1.56005229979558
0.830000000000001	1.99123982741052
0.850000000000001	2.6125518356489
0.870000000000001	3.55155935868055
0.890000000000001	5.06264197565505
0.910000000000001	7.71377408554582
0.930000000000001	12.9937416646132
0.950000000000001	25.9049033052541
0.970000000000001	72.8294053542947
0.990000000000001	641.753116754994
