# Program settings for SigmaNu
# Electroweak scheme and input parameters
# Scheme = Complex mass scheme
# alpha_GF = 0.00755898078237864
# Pole masses/widths for particles [GeV]
# mw = 80.35797361
# gw = 2.084298894
# mz = 91.15348062
# gz = 2.494266379
# s^2_thetaw (derived) = (0.222868505240788,-0.00110716741475141)
# charged leptons
# m_e = 0.0005109989461
# m_m = 0.10565837
# m_t = 1.77686
# quarks
# m_d = 0.05
# m_u = 0.05
# m_s = 0.2
# m_c = 1.51
# m_b = 4.92
# m_t = 173
# Ecms (default) = 26.6296

# channel_id = 14
# process  = nu_e nu_t~ -> e- t+
-0.99	0.000454568513282278
-0.97	0.00280894119196714
-0.95	0.00709980884123158
-0.93	0.0133386475784429
-0.91	0.0215370016404273
-0.89	0.0317064838331899
-0.87	0.0438587759849762
-0.85	0.0580056294027072
-0.83	0.0741588653318112
-0.81	0.0923303754194843
-0.79	0.112532122181407
-0.77	0.134776139471943
-0.75	0.15907453295786
-0.73	0.185439480595583
-0.71	0.213883233112029
-0.69	0.244418114489044
-0.67	0.277056522451472
-0.65	0.311810928958886
-0.63	0.348693880701017
-0.61	0.387717999596915
-0.59	0.428895983297852
-0.57	0.472240605694028
-0.55	0.517764717425098
-0.53	0.565481246394539
-0.51	0.615403198287922
-0.49	0.667543657095092
-0.47	0.721915785636295
-0.45	0.778532826092311
-0.429999999999999	0.837408100538586
-0.409999999999999	0.898555011483426
-0.389999999999999	0.961987042410289
-0.369999999999999	1.02771775832418
-0.349999999999999	1.09576080630222
-0.329999999999999	1.16612991604842
-0.309999999999999	1.23883890045263
-0.289999999999999	1.31390165615386
-0.269999999999999	1.39133216410777
-0.249999999999999	1.47114449015861
-0.229999999999999	1.55335278561547
-0.209999999999999	1.637971287833
-0.189999999999999	1.72501432079653
-0.169999999999999	1.81449629571168
-0.149999999999999	1.90643171159858
-0.129999999999999	2.00083515589054
-0.109999999999999	2.09772130503743
-0.0899999999999994	2.19710492511363
-0.0699999999999994	2.29900087243074
-0.0499999999999994	2.40342409415495
-0.0299999999999994	2.51038962892922
-0.00999999999999938	2.61991260750028
0.0100000000000006	2.73200825335042
0.0300000000000006	2.84669188333426
0.0500000000000006	2.96397890832041
0.0700000000000006	3.0838848338381
0.0900000000000006	3.20642526072883
0.110000000000001	3.33161588580316
0.130000000000001	3.45947250250253
0.150000000000001	3.59001100156623
0.170000000000001	3.72324737170366
0.190000000000001	3.85919770027177
0.210000000000001	3.99787817395777
0.230000000000001	4.13930507946726
0.250000000000001	4.28349480421765
0.270000000000001	4.43046383703711
0.290000000000001	4.58022876886896
0.310000000000001	4.73280629348153
0.330000000000001	4.88821320818369
0.350000000000001	5.04646641454599
0.370000000000001	5.20758291912741
0.390000000000001	5.37157983420791
0.410000000000001	5.53847437852677
0.430000000000001	5.70828387802665
0.450000000000001	5.88102576660365
0.470000000000001	6.05671758686326
0.490000000000001	6.23537699088228
0.510000000000001	6.4170217409768
0.530000000000001	6.60166971047626
0.550000000000001	6.78933888450365
0.570000000000001	6.98004736076198
0.590000000000001	7.17381335032688
0.610000000000001	7.37065517844564
0.630000000000001	7.57059128534254
0.650000000000001	7.77364022703066
0.670000000000001	7.97982067613011
0.690000000000001	8.18915142269288
0.710000000000001	8.40165137503425
0.730000000000001	8.61733956057083
0.750000000000001	8.83623512666537
0.770000000000001	9.05835734147839
0.790000000000001	9.28372559482653
0.810000000000001	9.51235939904789
0.830000000000001	9.74427838987438
0.850000000000001	9.97950232731095
0.870000000000001	10.2180510965221
0.890000000000001	10.4599447087253
0.910000000000001	10.7052033020921
0.930000000000001	10.9538471426559
0.950000000000001	11.2058966252274
0.970000000000001	11.4613722743178
0.990000000000001	11.7202947450686
