# Program settings for SigmaNu
# Electroweak scheme and input parameters
# Scheme = Complex mass scheme
# alpha_GF = 0.00755898078237864
# Pole masses/widths for particles [GeV]
# mw = 80.35797361
# gw = 2.084298894
# mz = 91.15348062
# gz = 2.494266379
# s^2_thetaw (derived) = (0.222868505240788,-0.00110716741475141)
# charged leptons
# m_e = 0.0005109989461
# m_m = 0.10565837
# m_t = 1.77686
# quarks
# m_d = 0.05
# m_u = 0.05
# m_s = 0.2
# m_c = 1.51
# m_b = 4.92
# m_t = 173
# Ecms (default) = 442.795

# channel_id = 14
# process  = nu_e nu_t~ -> e- t+
-0.99	8.51733679182209e-05
-0.97	0.000780022393740316
-0.95	0.00220898757291294
-0.93	0.00441600949209512
-0.91	0.00744770233273694
-0.89	0.0113535367689876
-0.87	0.0161860370965397
-0.85	0.0220009938459657
-0.83	0.0288576932581168
-0.81	0.0368191651368343
-0.79	0.0459524507472355
-0.77	0.0563288925980686
-0.75	0.0680244481362261
-0.73	0.0811200295929052
-0.71	0.0957018724568729
-0.69	0.111861935314002
-0.67	0.12969833408729
-0.65	0.149315814042115
-0.63	0.170826263292165
-0.61	0.194349271957832
-0.59	0.220012741596985
-0.57	0.247953550055151
-0.55	0.278318277476469
-0.53	0.311263999887783
-0.51	0.346959157526954
-0.49	0.385584505945561
-0.47	0.427334158890398
-0.45	0.472416733074575
-0.429999999999999	0.521056606207762
-0.409999999999999	0.573495301089062
-0.389999999999999	0.62999301020264
-0.369999999999999	0.690830277127141
-0.349999999999999	0.756309853212467
-0.329999999999999	0.826758750435451
-0.309999999999999	0.902530514170934
-0.289999999999999	0.984007742867881
-0.269999999999999	1.07160488537324
-0.249999999999999	1.16577135098517
-0.229999999999999	1.26699497234351
-0.209999999999999	1.37580586710029
-0.189999999999999	1.49278075110168
-0.169999999999999	1.61854776372819
-0.149999999999999	1.75379187529153
-0.129999999999999	1.89926095722452
-0.109999999999999	2.05577260852948
-0.0899999999999994	2.22422184693733
-0.0699999999999994	2.40558979092237
-0.0499999999999994	2.60095347966067
-0.0299999999999994	2.81149700288098
-0.00999999999999938	3.03852414215373
0.0100000000000006	3.28347276050597
0.0300000000000006	3.54793121958298
0.0500000000000006	3.83365715444972
0.0700000000000006	4.14259899746332
0.0900000000000006	4.47692071686282
0.110000000000001	4.83903032584308
0.130000000000001	5.23161282772483
0.150000000000001	5.65766839724536
0.170000000000001	6.120556763137
0.190000000000001	6.62404896092044
0.210000000000001	7.17238787736129
0.230000000000001	7.77035932243354
0.250000000000001	8.42337575795462
0.270000000000001	9.1375753065996
0.290000000000001	9.91993929010251
0.310000000000001	10.7784323399545
0.330000000000001	11.7221701395844
0.350000000000001	12.761621163359
0.370000000000001	13.9088504687409
0.390000000000001	15.177815801655
0.410000000000001	16.5847291674806
0.430000000000001	18.1485008449101
0.450000000000001	19.8912879181229
0.470000000000001	21.8391762556653
0.490000000000001	24.0230341586533
0.510000000000001	26.4795886263403
0.530000000000001	29.2527927875092
0.550000000000001	32.3955776533824
0.570000000000001	35.9721161510316
0.590000000000001	40.0607772341817
0.610000000000001	44.7580201932187
0.630000000000001	50.1835857639903
0.650000000000001	56.4874998499686
0.670000000000001	63.859647797435
0.690000000000001	72.5430522071308
0.710000000000001	82.8525799987971
0.730000000000001	95.201762150735
0.750000000000001	110.14199515261
0.770000000000001	128.4210904603
0.790000000000001	151.072867289334
0.810000000000001	179.558062130098
0.830000000000001	215.992999206245
0.850000000000001	263.534323317165
0.870000000000001	327.054134478824
0.890000000000001	414.385160649954
0.910000000000001	538.758740581201
0.930000000000001	723.941269678537
0.950000000000001	1016.10115088735
0.970000000000001	1514.72126796427
0.990000000000001	2467.45189868366
