# Program settings for SigmaNu
# Electroweak scheme and input parameters
# Scheme = Complex mass scheme
# alpha_GF = 0.00755898078237864
# Pole masses/widths for particles [GeV]
# mw = 80.35797361
# gw = 2.084298894
# mz = 91.15348062
# gz = 2.494266379
# s^2_thetaw (derived) = (0.222868505240788,-0.00110716741475141)
# charged leptons
# m_e = 0.0005109989461
# m_m = 0.10565837
# m_t = 1.77686
# quarks
# m_d = 0.05
# m_u = 0.05
# m_s = 0.2
# m_c = 1.51
# m_b = 4.92
# m_t = 173
# Ecms (default) = 3904.11

# channel_id = 14
# process  = nu_e nu_t~ -> e- t+
-0.99	1.16468747800991e-06
-0.97	1.06957161495064e-05
-0.95	3.03224555937527e-05
-0.93	6.06694569082342e-05
-0.91	0.000102400568395281
-0.89	0.000156221716637368
-0.87	0.000222883911516631
-0.85	0.00030318649560138
-0.83	0.000397980660415028
-0.81	0.000508173254434217
-0.79	0.000634730910263524
-0.77	0.000778684521338154
-0.75	0.000941134101752715
-0.73	0.00112325406644817
-0.71	0.0013262989730619
-0.69	0.00155160977131535
-0.67	0.00180062061094833
-0.65	0.00207486626498458
-0.63	0.00237599023161958
-0.61	0.002705753585361
-0.59	0.00306604465634187
-0.57	0.00345888962610468
-0.55	0.00388646413877818
-0.53	0.00435110603862184
-0.51	0.00485532935860893
-0.49	0.00540183970030689
-0.47	0.00599355116308235
-0.45	0.00663360500094796
-0.429999999999999	0.00732539020857441
-0.409999999999999	0.00807256626458197
-0.389999999999999	0.0088790882907477
-0.369999999999999	0.00974923492086425
-0.349999999999999	0.0106876392134284
-0.329999999999999	0.0116993229890235
-0.309999999999999	0.0127897350272665
-0.289999999999999	0.0139647936207895
-0.269999999999999	0.0152309340564464
-0.249999999999999	0.0165951616785915
-0.229999999999999	0.0180651112880583
-0.209999999999999	0.0196491137459962
-0.189999999999999	0.0213562707871618
-0.169999999999999	0.0231965392064477
-0.149999999999999	0.0251808257699904
-0.129999999999999	0.0273210944237975
-0.109999999999999	0.0296304876353428
-0.0899999999999994	0.0321234640154532
-0.0699999999999994	0.0348159547394096
-0.0499999999999994	0.037725541730296
-0.0299999999999994	0.0408716611000738
-0.00999999999999938	0.044275835984285
0.0100000000000006	0.0479619436792127
0.0300000000000006	0.0519565229264292
0.0500000000000006	0.0562891283275507
0.0700000000000006	0.0609927402604211
0.0900000000000006	0.0661042403687336
0.110000000000001	0.0716649647891034
0.130000000000001	0.0777213498638709
0.150000000000001	0.0843256882945343
0.170000000000001	0.0915370176881557
0.190000000000001	0.0994221684567076
0.210000000000001	0.108057004334424
0.230000000000001	0.11752789675942
0.250000000000001	0.127933484525341
0.270000000000001	0.139386783117156
0.290000000000001	0.152017724904309
0.310000000000001	0.165976233096117
0.330000000000001	0.181435960737155
0.350000000000001	0.198598863331722
0.370000000000001	0.21770082312726
0.390000000000001	0.239018609129694
0.410000000000001	0.262878545900535
0.430000000000001	0.289667385151608
0.450000000000001	0.319846040202887
0.470000000000001	0.353967073659436
0.490000000000001	0.392697151574669
0.510000000000001	0.436846135504856
0.530000000000001	0.487405142107561
0.550000000000001	0.545596858633041
0.570000000000001	0.612942819556816
0.590000000000001	0.691354477200457
0.610000000000001	0.783258149529665
0.630000000000001	0.891768988130323
0.650000000000001	1.0209371498209
0.670000000000001	1.17610242492801
0.690000000000001	1.36441535797091
0.710000000000001	1.59562022547026
0.730000000000001	1.88326122823645
0.750000000000001	2.24659408439002
0.770000000000001	2.71371542705935
0.790000000000001	3.32688153711233
0.810000000000001	4.15195334311719
0.830000000000001	5.29606474239316
0.850000000000001	6.942816838825
0.870000000000001	9.42803096173729
0.890000000000001	13.4196338548757
0.910000000000001	20.4037479444088
0.930000000000001	34.2558873536136
0.950000000000001	67.8891759311813
0.970000000000001	188.262993507081
0.990000000000001	1553.55783590381
