# Program settings for SigmaNu
# Electroweak scheme and input parameters
# Scheme = Complex mass scheme
# alpha_GF = 0.00755898078237864
# Pole masses/widths for particles [GeV]
# mw = 80.35797361
# gw = 2.084298894
# mz = 91.15348062
# gz = 2.494266379
# s^2_thetaw (derived) = (0.222868505240788,-0.00110716741475141)
# charged leptons
# m_e = 0.0005109989461
# m_m = 0.10565837
# m_t = 1.77686
# quarks
# m_d = 0.05
# m_u = 0.05
# m_s = 0.2
# m_c = 1.51
# m_b = 4.92
# m_t = 173
# Ecms (default) = 12.9372

# channel_id = 14
# process  = nu_e nu_t~ -> e- t+
-0.99	0.000307142319829582
-0.97	0.00130241331395845
-0.95	0.00280629609571029
-0.93	0.0048195473678189
-0.91	0.00734292495922891
-0.89	0.0103771878269581
-0.87	0.0139230960579638
-0.85	0.017981410871012
-0.83	0.0225528946185506
-0.81	0.0276383107885864
-0.79	0.0332384240065639
-0.77	0.0393540000372503
-0.75	0.0459858057866213
-0.73	0.0531346093037521
-0.71	0.0608011797827119
-0.69	0.0689862875644608
-0.67	0.0776907041387509
-0.65	0.0869152021460321
-0.63	0.0966605553793583
-0.61	0.106927538786302
-0.59	0.117716928470866
-0.57	0.129029501695407
-0.55	0.140866036882553
-0.53	0.153227313617133
-0.51	0.166114112648106
-0.49	0.179527215890494
-0.47	0.193467406427319
-0.45	0.207935468511541
-0.429999999999999	0.222932187568009
-0.409999999999999	0.2384583501954
-0.389999999999999	0.254514744168177
-0.369999999999999	0.271102158438544
-0.349999999999999	0.288221383138398
-0.329999999999999	0.305873209581301
-0.309999999999999	0.324058430264438
-0.289999999999999	0.342777838870591
-0.269999999999999	0.362032230270113
-0.249999999999999	0.381822400522903
-0.229999999999999	0.402149146880385
-0.209999999999999	0.423013267787501
-0.189999999999999	0.444415562884687
-0.169999999999999	0.466356833009876
-0.149999999999999	0.488837880200489
-0.129999999999999	0.511859507695434
-0.109999999999999	0.535422519937109
-0.0899999999999994	0.559527722573413
-0.0699999999999994	0.584175922459753
-0.0499999999999994	0.609367927661058
-0.0299999999999994	0.635104547453802
-0.00999999999999938	0.661386592328021
0.0100000000000006	0.688214873989341
0.0300000000000006	0.715590205361011
0.0500000000000006	0.74351340058593
0.0700000000000006	0.771985275028689
0.0900000000000006	0.801006645277612
0.110000000000001	0.830578329146799
0.130000000000001	0.860701145678178
0.150000000000001	0.891375915143555
0.170000000000001	0.92260345904667
0.190000000000001	0.954384600125263
0.210000000000001	0.986720162353131
0.230000000000001	1.0196109709422
0.250000000000001	1.0530578523446
0.270000000000001	1.08706163425474
0.290000000000001	1.12162314561138
0.310000000000001	1.15674321659972
0.330000000000001	1.19242267865349
0.350000000000001	1.22866236445705
0.370000000000001	1.26546310794748
0.390000000000001	1.30282574431665
0.410000000000001	1.34075111001337
0.430000000000001	1.37924004274547
0.450000000000001	1.41829338148194
0.470000000000001	1.45791196645499
0.490000000000001	1.49809663916223
0.510000000000001	1.53884824236876
0.530000000000001	1.58016762010931
0.550000000000001	1.62205561769035
0.570000000000001	1.66451308169226
0.590000000000001	1.70754085997146
0.610000000000001	1.75113980166253
0.630000000000001	1.79531075718038
0.650000000000001	1.84005457822239
0.670000000000001	1.88537211777058
0.690000000000001	1.93126423009376
0.710000000000001	1.9777317707497
0.730000000000001	2.02477559658729
0.750000000000001	2.07239656574872
0.770000000000001	2.12059553767165
0.790000000000001	2.16937337309139
0.810000000000001	2.2187309340431
0.830000000000001	2.26866908386397
0.850000000000001	2.31918868719538
0.870000000000001	2.37029060998517
0.890000000000001	2.42197571948977
0.910000000000001	2.47424488427645
0.930000000000001	2.52709897422551
0.950000000000001	2.58053886053249
0.970000000000001	2.63456541571041
0.990000000000001	2.68917951359197
