# Program settings for SigmaNu
# Electroweak scheme and input parameters
# Scheme = Complex mass scheme
# alpha_GF = 0.00755898078237864
# Pole masses/widths for particles [GeV]
# mw = 80.35797361
# gw = 2.084298894
# mz = 91.15348062
# gz = 2.494266379
# s^2_thetaw (derived) = (0.222868505240788,-0.00110716741475141)
# charged leptons
# m_e = 0.0005109989461
# m_m = 0.10565837
# m_t = 1.77686
# quarks
# m_d = 0.05
# m_u = 0.05
# m_s = 0.2
# m_c = 1.51
# m_b = 4.92
# m_t = 173
# Ecms (default) = 212.78

# channel_id = 14
# process  = nu_e nu_t~ -> e- t+
-0.99	0.000304343892756968
-0.97	0.00276232448232386
-0.95	0.00779658731407461
-0.93	0.0155461145413955
-0.91	0.0261574979320452
-0.89	0.0397854067513248
-0.87	0.0565930883296537
-0.85	0.0767529038965164
-0.83	0.100446902491563
-0.81	0.12786743601502
-0.79	0.159217818755985
-0.77	0.194713035041341
-0.75	0.234580498983056
-0.73	0.279060870670994
-0.71	0.328408933565866
-0.69	0.382894538297107
-0.67	0.442803618567981
-0.65	0.508439285420868
-0.63	0.580123006725503
-0.61	0.658195879429139
-0.59	0.743020002858027
-0.57	0.834979962193468
-0.55	0.93448443217297
-0.53	1.04196791209963
-0.51	1.15789260439378
-0.49	1.28275045020535
-0.47	1.41706533704014
-0.45	1.5613954949585
-0.429999999999999	1.71633609970212
-0.409999999999999	1.88252210312024
-0.389999999999999	2.06063131352942
-0.369999999999999	2.25138775118473
-0.349999999999999	2.45556530690367
-0.329999999999999	2.67399173511185
-0.309999999999999	2.90755301622257
-0.289999999999999	3.15719812738075
-0.269999999999999	3.42394426526351
-0.249999999999999	3.7088825699149
-0.229999999999999	4.01318440459351
-0.209999999999999	4.33810825343627
-0.189999999999999	4.68500730651572
-0.169999999999999	5.05533781073776
-0.149999999999999	5.45066827516379
-0.129999999999999	5.87268963094714
-0.109999999999999	6.32322645938528
-0.0899999999999994	6.8042494168843
-0.0699999999999994	7.31788900324123
-0.0499999999999994	7.86645083996051
-0.0299999999999994	8.45243264879655
-0.00999999999999938	9.07854314790187
0.0100000000000006	9.74772311451617
0.0300000000000006	10.4631688998346
0.0500000000000006	11.2283587244824
0.0700000000000006	12.0470821330198
0.0900000000000006	12.9234730444629
0.110000000000001	13.8620469045653
0.130000000000001	14.8677425265515
0.150000000000001	15.9459693025229
0.170000000000001	17.1026605808277
0.190000000000001	18.3443341388651
0.210000000000001	19.6781608405192
0.230000000000001	21.1120427580948
0.250000000000001	22.6547022669912
0.270000000000001	24.3157838957152
0.290000000000001	26.1059710445903
0.310000000000001	28.0371200866314
0.330000000000001	30.1224148498359
0.350000000000001	32.3765450721364
0.370000000000001	34.815913144536
0.390000000000001	37.4588743476529
0.410000000000001	40.3260168844893
0.430000000000001	43.4404893722539
0.450000000000001	46.8283851490664
0.470000000000001	50.519194869053
0.490000000000001	54.5463415216157
0.510000000000001	58.9478153752831
0.530000000000001	63.766930622385
0.550000000000001	69.0532309662146
0.570000000000001	74.8635784209933
0.590000000000001	81.2634686920349
0.610000000000001	88.3286283574277
0.630000000000001	96.1469646290249
0.650000000000001	104.820959039976
0.670000000000001	114.470623820817
0.690000000000001	125.237176573152
0.710000000000001	137.287638818922
0.730000000000001	150.820632413687
0.750000000000001	166.073742422997
0.770000000000001	183.332947327063
0.790000000000001	202.94480447766
0.810000000000001	225.332346581263
0.830000000000001	251.016033666279
0.850000000000001	280.641677190305
0.870000000000001	315.018108506003
0.890000000000001	355.168664940825
0.910000000000001	402.402581925967
0.930000000000001	458.415564339446
0.950000000000001	525.433955695186
0.970000000000001	606.425442356988
0.990000000000001	705.41371953656
