# Program settings for SigmaNu
# Electroweak scheme and input parameters
# Scheme = Complex mass scheme
# alpha_GF = 0.00755898078237864
# Pole masses/widths for particles [GeV]
# mw = 80.35797361
# gw = 2.084298894
# mz = 91.15348062
# gz = 2.494266379
# s^2_thetaw (derived) = (0.222868505240788,-0.00110716741475141)
# charged leptons
# m_e = 0.0005109989461
# m_m = 0.10565837
# m_t = 1.77686
# quarks
# m_d = 0.05
# m_u = 0.05
# m_s = 0.2
# m_c = 1.51
# m_b = 4.92
# m_t = 173
# Ecms (default) = 9063.56

# channel_id = 14
# process  = nu_e nu_t~ -> e- t+
-0.99	2.16243183218106e-07
-0.97	1.98589239896924e-06
-0.95	5.63008933944114e-06
-0.93	1.12648404788866e-05
-0.91	1.90134541452671e-05
-0.89	2.90070574640605e-05
-0.87	4.1385154944048e-05
-0.85	5.62962325040861e-05
-0.83	7.38984111292643e-05
-0.81	9.43601547787256e-05
-0.79	0.000117861037651398
-0.77	0.000144592576456359
-0.75	0.00017475913393881
-0.73	0.000208578900589048
-0.71	0.000246284962219875
-0.69	0.000288126461948524
-0.67	0.00033436986607495
-0.65	0.000385300344423508
-0.63	0.000441223276926392
-0.61	0.000502465899593504
-0.59	0.000569379104557029
-0.57	0.000642339410625029
-0.55	0.000721751122756607
-0.53	0.000808048701115687
-0.51	0.000901699362911007
-0.49	0.00100320594313292
-0.47	0.00111311004360705
-0.45	0.00123199550356385
-0.429999999999999	0.00136049222924595
-0.409999999999999	0.00149928042502838
-0.389999999999999	0.00164909527421294
-0.369999999999999	0.0018107321241972
-0.349999999999999	0.00198505223825381
-0.329999999999999	0.00217298918485484
-0.309999999999999	0.00237555594553956
-0.289999999999999	0.00259385283399056
-0.269999999999999	0.00282907633253531
-0.249999999999999	0.0030825289680701
-0.229999999999999	0.00335563036781563
-0.209999999999999	0.00364992965685061
-0.189999999999999	0.0039671193846203
-0.169999999999999	0.00430905119729648
-0.149999999999999	0.00467775350783995
-0.129999999999999	0.00507545145694023
-0.109999999999999	0.0055045895069665
-0.0899999999999994	0.00596785706923504
-0.0699999999999994	0.00646821763421637
-0.0499999999999994	0.00700894195715979
-0.0299999999999994	0.00759364595095649
-0.00999999999999938	0.00822633405756889
0.0100000000000006	0.00891144901360058
0.0300000000000006	0.00965392910030468
0.0500000000000006	0.0104592741807404
0.0700000000000006	0.0113336220860009
0.0900000000000006	0.0122838372300135
0.110000000000001	0.0133176137230977
0.130000000000001	0.0144435957371546
0.150000000000001	0.0156715184743916
0.170000000000001	0.017012373838364
0.190000000000001	0.0184786058419084
0.210000000000001	0.0200843419650031
0.230000000000001	0.0218456681676102
0.250000000000001	0.0237809571621666
0.270000000000001	0.0259112619831876
0.290000000000001	0.0282607900263836
0.310000000000001	0.0308574767957333
0.330000000000001	0.0337336839068641
0.350000000000001	0.0369270528796146
0.370000000000001	0.0404815555102572
0.390000000000001	0.0444487939837417
0.410000000000001	0.0488896205567759
0.430000000000001	0.0538761693137598
0.450000000000001	0.0594944236289733
0.470000000000001	0.0658474861597324
0.490000000000001	0.0730597787814977
0.510000000000001	0.081282485870309
0.530000000000001	0.0907006779497896
0.550000000000001	0.101542732840724
0.570000000000001	0.114092937800012
0.590000000000001	0.128708556310805
0.610000000000001	0.145843254915403
0.630000000000001	0.166079738410878
0.650000000000001	0.19017595713957
0.670000000000001	0.219131715399524
0.690000000000001	0.254286622589256
0.710000000000001	0.297467383598798
0.730000000000001	0.351214911313527
0.750000000000001	0.41914463544045
0.770000000000001	0.506537061436051
0.790000000000001	0.621342891982118
0.810000000000001	0.775970864987499
0.830000000000001	0.990638778346108
0.850000000000001	1.30006459256416
0.870000000000001	1.76791183157086
0.890000000000001	2.52122496266137
0.910000000000001	3.84396695989011
0.930000000000001	6.48162388818748
0.950000000000001	12.945424294071
0.970000000000001	36.5480232520691
0.990000000000001	328.753798396085
