# Program settings for SigmaNu
# Electroweak scheme and input parameters
# Scheme = Complex mass scheme
# alpha_GF = 0.00755898078237864
# Pole masses/widths for particles [GeV]
# mw = 80.35797361
# gw = 2.084298894
# mz = 91.15348062
# gz = 2.494266379
# s^2_thetaw (derived) = (0.222868505240788,-0.00110716741475141)
# charged leptons
# m_e = 0.0005109989461
# m_m = 0.10565837
# m_t = 1.77686
# quarks
# m_d = 0.05
# m_u = 0.05
# m_s = 0.2
# m_c = 1.51
# m_b = 4.92
# m_t = 173
# Ecms (default) = 359.705

# channel_id = 14
# process  = nu_e nu_t~ -> e- t+
-0.99	0.000125113749449986
-0.97	0.00114417305481826
-0.95	0.00323847600012375
-0.93	0.00647130896715065
-0.91	0.0109097438613545
-0.89	0.0166248926416645
-0.87	0.0236921813120072
-0.85	0.0321916450588886
-0.83	0.042208246383052
-0.81	0.0538322182546365
-0.79	0.0671594345224895
-0.77	0.0822918100317682
-0.75	0.0993377331523815
-0.73	0.118412533697279
-0.71	0.139638989517587
-0.69	0.163147875405092
-0.67	0.189078558316095
-0.65	0.21757964335946
-0.63	0.248809675471485
-0.61	0.282937902238003
-0.59	0.320145103927391
-0.57	0.360624497475949
-0.55	0.404582721929483
-0.53	0.45224091370364
-0.51	0.503835880994153
-0.49	0.559621387762044
-0.47	0.619869558956336
-0.45	0.684872420038416
-0.429999999999999	0.754943585462393
-0.409999999999999	0.830420112572626
-0.389999999999999	0.911664539435639
-0.369999999999999	0.999067127467509
-0.349999999999999	1.09304833239375
-0.329999999999999	1.19406153013935
-0.309999999999999	1.30259602775331
-0.289999999999999	1.41918039349681
-0.269999999999999	1.54438614485277
-0.249999999999999	1.67883183854669
-0.229999999999999	1.82318761282449
-0.209999999999999	1.97818023935343
-0.189999999999999	2.14459875036529
-0.169999999999999	2.32330071624773
-0.149999999999999	2.51521925995062
-0.129999999999999	2.7213709075957
-0.109999999999999	2.94286438990758
-0.0899999999999994	3.18091052693826
-0.0699999999999994	3.43683334954061
-0.0499999999999994	3.71208263577105
-0.0299999999999994	4.00824806961134
-0.00999999999999938	4.32707526400402
0.0100000000000006	4.6704839313069
0.0300000000000006	5.04058853325683
0.0500000000000006	5.4397218010781
0.0700000000000006	5.87046158656105
0.0900000000000006	6.33566158936595
0.110000000000001	6.83848660770687
0.130000000000001	7.38245308298978
0.150000000000001	7.97147585900986
0.170000000000001	8.60992225938677
0.190000000000001	9.30267481119569
0.210000000000001	10.0552042186434
0.230000000000001	10.8736545314778
0.250000000000001	11.7649428757848
0.270000000000001	12.7368766421611
0.290000000000001	13.7982916869279
0.310000000000001	14.9592159340176
0.330000000000001	16.2310638184559
0.350000000000001	17.6268683533298
0.370000000000001	19.1615593194391
0.390000000000001	20.8522982897019
0.410000000000001	22.7188840704424
0.430000000000001	24.7842458896763
0.450000000000001	27.0750465924637
0.470000000000001	29.6224246377633
0.490000000000001	32.4629124223729
0.510000000000001	35.6395802243373
0.530000000000001	39.2034710609237
0.550000000000001	43.2154137313285
0.570000000000001	47.7483318034026
0.590000000000001	52.8902090741795
0.610000000000001	58.7479327449217
0.630000000000001	65.4523228263137
0.650000000000001	73.1647834732044
0.670000000000001	82.0862000377316
0.690000000000001	92.4689882588498
0.710000000000001	104.63363411077
0.730000000000001	118.991736059349
0.750000000000001	136.078632290611
0.770000000000001	156.600437874074
0.790000000000001	181.503224216666
0.810000000000001	212.077062064526
0.830000000000001	250.116482033748
0.850000000000001	298.175105984961
0.870000000000001	359.98312666698
0.890000000000001	441.158122019842
0.910000000000001	550.469991577387
0.930000000000001	702.213245671828
0.950000000000001	920.947199836144
0.970000000000001	1251.73863549088
0.990000000000001	1784.60586750709
