# Program settings for SigmaNu
# Electroweak scheme and input parameters
# Scheme = Complex mass scheme
# alpha_GF = 0.00755898078237864
# Pole masses/widths for particles [GeV]
# mw = 80.35797361
# gw = 2.084298894
# mz = 91.15348062
# gz = 2.494266379
# s^2_thetaw (derived) = (0.222868505240788,-0.00110716741475141)
# charged leptons
# m_e = 0.0005109989461
# m_m = 0.10565837
# m_t = 1.77686
# quarks
# m_d = 0.05
# m_u = 0.05
# m_s = 0.2
# m_c = 1.51
# m_b = 4.92
# m_t = 173
# Ecms (default) = 4.10256

# channel_id = 14
# process  = nu_e nu_t~ -> e- t+
-0.99	0.00017873753925088
-0.97	0.000558965264621928
-0.95	0.00096953525297088
-0.93	0.00141045134792769
-0.91	0.0018817173936092
-0.89	0.0023833372346192
-0.87	0.0029153147160485
-0.85	0.003477653683475
-0.83	0.00407035798296374
-0.81	0.00469343146106702
-0.79	0.0053468779648244
-0.77	0.00603070134176282
-0.75	0.00674490543989663
-0.73	0.00748949410772773
-0.71	0.00826447119424552
-0.69	0.00906984054892707
-0.67	0.00990560602173717
-0.65	0.0107717714631284
-0.63	0.011668340724041
-0.61	0.0125953176559035
-0.59	0.013552706110632
-0.57	0.0145405099406309
-0.55	0.0155587329987927
-0.53	0.016607379138498
-0.51	0.0176864522136156
-0.49	0.0187959560785027
-0.47	0.0199358945880051
-0.45	0.0211062715974567
-0.429999999999999	0.0223070909626802
-0.409999999999999	0.0235383565399866
-0.389999999999999	0.024800072186176
-0.369999999999999	0.0260922417585369
-0.349999999999999	0.0274148691148466
-0.329999999999999	0.0287679581133715
-0.309999999999999	0.0301515126128668
-0.289999999999999	0.0315655364725767
-0.269999999999999	0.0330100335522345
-0.249999999999999	0.0344850077120628
-0.229999999999999	0.035990462812773
-0.209999999999999	0.0375264027155663
-0.189999999999999	0.0390928312821328
-0.169999999999999	0.0406897523746525
-0.149999999999999	0.0423171698557945
-0.129999999999999	0.0439750875887175
-0.109999999999999	0.0456635094370702
-0.0899999999999994	0.0473824392649905
-0.0699999999999994	0.0491318809371063
-0.0499999999999994	0.0509118383185355
-0.0299999999999994	0.0527223152748856
-0.00999999999999938	0.0545633156722543
0.0100000000000006	0.0564348433772292
0.0300000000000006	0.0583369022568882
0.0500000000000006	0.0602694961787992
0.0700000000000006	0.0622326290110203
0.0900000000000006	0.0642263046221002
0.110000000000001	0.0662505268810778
0.130000000000001	0.0683052996574824
0.150000000000001	0.070390626821334
0.170000000000001	0.0725065122431431
0.190000000000001	0.0746529597939108
0.210000000000001	0.0768299733451292
0.230000000000001	0.0790375567687809
0.250000000000001	0.0812757139373395
0.270000000000001	0.0835444487237696
0.290000000000001	0.0858437650015266
0.310000000000001	0.0881736666445573
0.330000000000001	0.0905341575272994
0.350000000000001	0.0929252415246821
0.370000000000001	0.0953469225121253
0.390000000000001	0.0977992043655409
0.410000000000001	0.100282090961332
0.430000000000001	0.102795586176393
0.450000000000001	0.105339693888111
0.470000000000001	0.107914417974362
0.490000000000001	0.110519762313517
0.510000000000001	0.113155730784436
0.530000000000001	0.115822327266473
0.550000000000001	0.118519555639474
0.570000000000001	0.121247419783773
0.590000000000001	0.124005923580202
0.610000000000001	0.126795070910081
0.630000000000001	0.129614865655223
0.650000000000001	0.132465311697935
0.670000000000001	0.135346412921013
0.690000000000001	0.138258173207748
0.710000000000001	0.141200596441924
0.730000000000001	0.144173686507815
0.750000000000001	0.147177447290189
0.770000000000001	0.150211882674308
0.790000000000001	0.153276996545924
0.810000000000001	0.156372792791283
0.830000000000001	0.159499275297126
0.850000000000001	0.162656447950682
0.870000000000001	0.165844314639679
0.890000000000001	0.169062879252334
0.910000000000001	0.172312145677358
0.930000000000001	0.175592117803955
0.950000000000001	0.178902799521824
0.970000000000001	0.182244194721156
0.990000000000001	0.185616307292636
