# Program settings for SigmaNu
# Electroweak scheme and input parameters
# Scheme = Complex mass scheme
# alpha_GF = 0.00755898078237864
# Pole masses/widths for particles [GeV]
# mw = 80.35797361
# gw = 2.084298894
# mz = 91.15348062
# gz = 2.494266379
# s^2_thetaw (derived) = (0.222868505240788,-0.00110716741475141)
# charged leptons
# m_e = 0.0005109989461
# m_m = 0.10565837
# m_t = 1.77686
# quarks
# m_d = 0.05
# m_u = 0.05
# m_s = 0.2
# m_c = 1.51
# m_b = 4.92
# m_t = 173
# Ecms (default) = 5245.44

# channel_id = 14
# process  = nu_e nu_t~ -> e- t+
-0.99	6.45426169109579e-07
-0.97	5.92726106497573e-06
-0.95	1.68039481920736e-05
-0.93	3.36216694716142e-05
-0.91	5.67483931589698e-05
-0.89	8.65754159786433e-05
-0.87	0.000123519029463818
-0.85	0.000168022321829753
-0.83	0.000220557127871393
-0.81	0.000281626140669147
-0.79	0.000351765200329818
-0.77	0.000431545776601045
-0.75	0.000521577663999222
-0.73	0.00062251191010746
-0.71	0.000735043999960174
-0.69	0.000859917321966859
-0.67	0.000997926943676927
-0.65	0.00114992372889282
-0.63	0.00131681883124959
-0.61	0.00149958860345226
-0.59	0.00169927996596352
-0.57	0.00191701628413909
-0.55	0.00215400380870498
-0.53	0.00241153874116069
-0.51	0.00269101499329531
-0.49	0.00299393271865554
-0.47	0.00332190770366884
-0.45	0.00367668171738771
-0.429999999999999	0.00406013393170502
-0.409999999999999	0.00447429353865149
-0.389999999999999	0.0049213537083329
-0.369999999999999	0.00540368705055155
-0.349999999999999	0.00592386276561139
-0.329999999999999	0.00648466569572863
-0.309999999999999	0.00708911751845772
-0.289999999999999	0.0077405003583038
-0.269999999999999	0.00844238313307538
-0.249999999999999	0.0091986509985442
-0.229999999999999	0.010013538309839
-0.209999999999999	0.0108916655821631
-0.189999999999999	0.011838081008652
-0.169999999999999	0.0128583071816042
-0.149999999999999	0.0139583937675031
-0.129999999999999	0.0151449770093457
-0.109999999999999	0.016425347075622
-0.0899999999999994	0.0178075244485581
-0.0699999999999994	0.0193003467506901
-0.0499999999999994	0.0209135676555936
-0.0299999999999994	0.0226579698244524
-0.00999999999999938	0.0245454941660273
0.0100000000000006	0.0265893881471243
0.0300000000000006	0.0288043764009142
0.0500000000000006	0.0312068575129011
0.0700000000000006	0.0338151316360783
0.0900000000000006	0.0366496645322577
0.110000000000001	0.0397333947995741
0.130000000000001	0.0430920924829691
0.150000000000001	0.0467547790474253
0.170000000000001	0.0507542209166192
0.190000000000001	0.0551275115645532
0.210000000000001	0.0599167606545358
0.230000000000001	0.0651699131593735
0.250000000000001	0.0709417270484058
0.270000000000001	0.0772949453644524
0.290000000000001	0.0843017078390732
0.310000000000001	0.0920452592883349
0.330000000000001	0.100622027822999
0.350000000000001	0.110144166676683
0.370000000000001	0.120742680981188
0.390000000000001	0.13257129759279
0.410000000000001	0.145811285626294
0.430000000000001	0.160677502734012
0.450000000000001	0.177426034677032
0.470000000000001	0.196363924062322
0.490000000000001	0.217861664095709
0.510000000000001	0.242369388605464
0.530000000000001	0.270438056645162
0.550000000000001	0.30274746471816
0.570000000000001	0.340143710200532
0.590000000000001	0.383689916968042
0.610000000000001	0.434735848890969
0.630000000000001	0.495014862792959
0.650000000000001	0.56678114494377
0.670000000000001	0.653007480850633
0.690000000000001	0.757675990406215
0.710000000000001	0.886215148819254
0.730000000000001	1.0461733646605
0.750000000000001	1.24828708920684
0.770000000000001	1.5082305307539
0.790000000000001	1.84959175150786
0.810000000000001	2.3091623835962
0.830000000000001	2.94684352733391
0.850000000000001	3.86540365365984
0.870000000000001	5.25307587527964
0.890000000000001	7.48492463091706
0.910000000000001	11.3975409296855
0.930000000000001	19.1805637040063
0.950000000000001	38.1734069923604
0.970000000000001	106.893874225115
0.990000000000001	923.870995043446
