# Program settings for SigmaNu
# Electroweak scheme and input parameters
# Scheme = Complex mass scheme
# alpha_GF = 0.00755898078237864
# Pole masses/widths for particles [GeV]
# mw = 80.35797361
# gw = 2.084298894
# mz = 91.15348062
# gz = 2.494266379
# s^2_thetaw (derived) = (0.222868505240788,-0.00110716741475141)
# charged leptons
# m_e = 0.0005109989461
# m_m = 0.10565837
# m_t = 1.77686
# quarks
# m_d = 0.05
# m_u = 0.05
# m_s = 0.2
# m_c = 1.51
# m_b = 4.92
# m_t = 173
# Ecms (default) = 11914

# channel_id = 14
# process  = nu_e nu_t~ -> e- t+
-0.99	1.25156199942504e-07
-0.97	1.14938860466813e-06
-0.95	3.25856918998512e-06
-0.93	6.51984232016541e-06
-0.91	1.10045788077419e-05
-0.89	1.67886751406919e-05
-0.87	2.39528768144731e-05
-0.85	3.25831279680812e-05
-0.83	4.27709497487235e-05
-0.81	5.46138500808733e-05
-0.79	6.82157677956367e-05
-0.77	8.3687554389262e-05
-0.75	0.000101147497029406
-0.73	0.000120721886819392
-0.71	0.000142545636769513
-0.69	0.000166762954416889
-0.67	0.000193528074588693
-0.65	0.000223006058426056
-0.63	0.000255373665487142
-0.61	0.000290820306538993
-0.59	0.000329549085541258
-0.57	0.000371777940335893
-0.55	0.00041774089270207
-0.53	0.000467689419735047
-0.51	0.000521893959984327
-0.49	0.000580645569467146
-0.47	0.000644257744589287
-0.45	0.00071306843119314
-0.429999999999999	0.000787442241455599
-0.409999999999999	0.000867772903226143
-0.389999999999999	0.00095448596968748
-0.369999999999999	0.00104804182100719
-0.349999999999999	0.00114893899401133
-0.329999999999999	0.0012577178809477
-0.309999999999999	0.00137496484423286
-0.289999999999999	0.00150131680083186
-0.269999999999999	0.00163746633776615
-0.249999999999999	0.0017841674293815
-0.229999999999999	0.00194224183766831
-0.209999999999999	0.0021125862893969
-0.189999999999999	0.00229618053845028
-0.169999999999999	0.00249409643892194
-0.149999999999999	0.00270750817479659
-0.129999999999999	0.00293770381595952
-0.109999999999999	0.00318609839862837
-0.0899999999999994	0.00345424876198435
-0.0699999999999994	0.00374387041291751
-0.0499999999999994	0.00405685673877694
-0.0299999999999994	0.00439530094554129
-0.00999999999999938	0.00476152116802618
0.0100000000000006	0.00515808928227252
0.0300000000000006	0.00558786405143664
0.0500000000000006	0.00605402935950613
0.0700000000000006	0.00656013843727086
0.0900000000000006	0.00711016516888542
0.110000000000001	0.00770856379360443
0.130000000000001	0.00836033859680081
0.150000000000001	0.00907112553128352
0.170000000000001	0.00984728814247085
0.190000000000001	0.0106960307129224
0.210000000000001	0.0116255322242349
0.230000000000001	0.0126451055984187
0.250000000000001	0.0137653877810638
0.270000000000001	0.0149985676376268
0.290000000000001	0.0163586604498999
0.310000000000001	0.0178618401547835
0.330000000000001	0.0195268435430796
0.350000000000001	0.0213754646816729
0.370000000000001	0.0234331631849015
0.390000000000001	0.0257298171263296
0.410000000000001	0.0283006610389807
0.430000000000001	0.0311874625854599
0.450000000000001	0.0344400095143174
0.470000000000001	0.0381180035413345
0.490000000000001	0.0422934928956051
0.510000000000001	0.0470540250939212
0.530000000000001	0.052506773128624
0.550000000000001	0.0587839926223086
0.570000000000001	0.0660503218423513
0.590000000000001	0.0745126683680331
0.610000000000001	0.0844337807191973
0.630000000000001	0.0961511555427184
0.650000000000001	0.110103809301316
0.670000000000001	0.126870872431061
0.690000000000001	0.147228348029981
0.710000000000001	0.172234467312147
0.730000000000001	0.203361313988523
0.750000000000001	0.24270366440451
0.770000000000001	0.293321323593285
0.790000000000001	0.359821854052299
0.810000000000001	0.449397256399794
0.830000000000001	0.57376743526674
0.850000000000001	0.753061681004917
0.870000000000001	1.02420081348268
0.890000000000001	1.4608862448733
0.910000000000001	2.22792398601493
0.930000000000001	3.7582580356778
0.950000000000001	7.51184085741433
0.970000000000001	21.2449608195406
0.990000000000001	192.768143767094
