# Program settings for SigmaNu
# Electroweak scheme and input parameters
# Scheme = Complex mass scheme
# alpha_GF = 0.00755898078237864
# Pole masses/widths for particles [GeV]
# mw = 80.35797361
# gw = 2.084298894
# mz = 91.15348062
# gz = 2.494266379
# s^2_thetaw (derived) = (0.222868505240788,-0.00110716741475141)
# charged leptons
# m_e = 0.0005109989461
# m_m = 0.10565837
# m_t = 1.77686
# quarks
# m_d = 0.05
# m_u = 0.05
# m_s = 0.2
# m_c = 1.51
# m_b = 4.92
# m_t = 173
# Ecms (default) = 65631.4

# channel_id = 14
# process  = nu_e nu_t~ -> e- t+
-0.99	4.12458983995914e-09
-0.97	3.78788619013206e-08
-0.95	1.07388463503359e-07
-0.93	2.14866291023645e-07
-0.91	3.62664539558074e-07
-0.89	5.53284565552984e-07
-0.87	7.89387543982822e-07
-0.85	1.07380599255635e-06
-0.83	1.40955624288779e-06
-0.81	1.79985194682536e-06
-0.79	2.24811871537717e-06
-0.77	2.75800999799703e-06
-0.75	3.33342432150604e-06
-0.73	3.97852402084677e-06
-0.71	4.69775560833986e-06
-0.69	5.49587194432125e-06
-0.67	6.37795639032009e-06
-0.65	7.34944914640576e-06
-0.63	8.41617599750868e-06
-0.61	9.58437971954541e-06
-0.59	1.08607544256681e-05
-0.57	1.22524831662821e-05
-0.55	1.37672791342174e-05
-0.53	1.54134308692952e-05
-0.51	1.71998519051995e-05
-0.49	1.91361353569887e-05
-0.47	2.12326140107298e-05
-0.45	2.35004265488888e-05
-0.429999999999999	2.59515906276094e-05
-0.409999999999999	2.85990836165752e-05
-0.389999999999999	3.14569319206598e-05
-0.369999999999999	3.45403099274355e-05
-0.349999999999999	3.78656497684075e-05
-0.329999999999999	4.14507632479308e-05
-0.309999999999999	4.53149774858538e-05
-0.289999999999999	4.94792860426471e-05
-0.269999999999999	5.39665175545107e-05
-0.249999999999999	5.88015242071554e-05
-0.229999999999999	6.40113927284963e-05
-0.209999999999999	6.96256809916406e-05
-0.189999999999999	7.56766838016337e-05
-0.169999999999999	8.21997320060558e-05
-0.149999999999999	8.92335297373027e-05
-0.129999999999999	9.68205353833785e-05
-0.109999999999999	0.000105007392818781
-0.0899999999999994	0.000113845420537776
-0.0699999999999994	0.000123391167655883
-0.0499999999999994	0.000133707047327478
-0.0299999999999994	0.000144862060024334
-0.00999999999999938	0.000156932621401957
0.0100000000000006	0.000170003512235088
0.0300000000000006	0.000184168971240298
0.0500000000000006	0.000199533955660058
0.0700000000000006	0.000216215599432976
0.0900000000000006	0.000234344904839991
0.110000000000001	0.000254068710977961
0.130000000000001	0.000275551991631052
0.150000000000001	0.000298980546551853
0.170000000000001	0.000324564164430119
0.190000000000001	0.000352540353701997
0.210000000000001	0.000383178759863928
0.230000000000001	0.000416786416457537
0.250000000000001	0.000453714013181854
0.270000000000001	0.000494363411067351
0.290000000000001	0.000539196694541572
0.310000000000001	0.000588747127904918
0.330000000000001	0.000643632485195695
0.350000000000001	0.000704571355889806
0.370000000000001	0.000772403205793603
0.390000000000001	0.000848113208892374
0.410000000000001	0.000932863184532022
0.430000000000001	0.0010280304076475
0.450000000000001	0.00113525665484097
0.470000000000001	0.00125651067480065
0.490000000000001	0.00139416842988023
0.510000000000001	0.00155111709991239
0.530000000000001	0.00173089120308734
0.550000000000001	0.00193785263344711
0.570000000000001	0.0021774315089361
0.590000000000001	0.00245645237897997
0.610000000000001	0.00278358204410327
0.630000000000001	0.00316995347418004
0.650000000000001	0.00363004931385042
0.670000000000001	0.00418297565307271
0.690000000000001	0.00485433547804014
0.710000000000001	0.00567904631744046
0.730000000000001	0.00670568577112436
0.750000000000001	0.00800338721130025
0.770000000000001	0.00967314513240706
0.790000000000001	0.0118670627082138
0.810000000000001	0.0148226006240598
0.830000000000001	0.0189267995938712
0.850000000000001	0.0248445847921676
0.870000000000001	0.0337959486789143
0.890000000000001	0.048217282410377
0.910000000000001	0.0735598688052581
0.930000000000001	0.124156511453644
0.950000000000001	0.248407839043892
0.970000000000001	0.704192354196995
0.990000000000001	6.46448504102954
