# Program settings for SigmaNu
# Electroweak scheme and input parameters
# Scheme = Complex mass scheme
# alpha_GF = 0.00755898078237864
# Pole masses/widths for particles [GeV]
# mw = 80.35797361
# gw = 2.084298894
# mz = 91.15348062
# gz = 2.494266379
# s^2_thetaw (derived) = (0.222868505240788,-0.00110716741475141)
# charged leptons
# m_e = 0.0005109989461
# m_m = 0.10565837
# m_t = 1.77686
# quarks
# m_d = 0.05
# m_u = 0.05
# m_s = 0.2
# m_c = 1.51
# m_b = 4.92
# m_t = 173
# Ecms (default) = 22.3542

# channel_id = 14
# process  = nu_e nu_t~ -> e- t+
-0.99	0.000405181172801546
-0.97	0.00228899156289514
-0.95	0.0056091820286436
-0.93	0.0103719147661778
-0.91	0.0165833784383194
-0.89	0.0242497883009711
-0.87	0.033377386330188
-0.85	0.0439724413499298
-0.83	0.0560412491605038
-0.81	0.0695901326676969
-0.79	0.0846254420126051
-0.77	0.101153554702163
-0.75	0.119180875740377
-0.73	0.138713837760267
-0.71	0.159758901156525
-0.69	0.182322554218883
-0.67	0.206411313266209
-0.65	0.23203172278133
-0.63	0.259190355546576
-0.61	0.287893812780072
-0.59	0.318148724272758
-0.57	0.349961748526162
-0.55	0.383339572890908
-0.53	0.418288913705999
-0.51	0.45481651643883
-0.49	0.492929155825986
-0.47	0.532633636014795
-0.45	0.573936790705654
-0.429999999999999	0.616845483295137
-0.409999999999999	0.661366607019872
-0.389999999999999	0.707507085101217
-0.369999999999999	0.755273870890718
-0.349999999999999	0.804673948016362
-0.329999999999999	0.855714330529638
-0.309999999999999	0.908402063053393
-0.289999999999999	0.962744220930506
-0.269999999999999	1.01874791037337
-0.249999999999999	1.07642026861421
-0.229999999999999	1.13576846405618
-0.209999999999999	1.19679969642538
-0.189999999999999	1.25952119692361
-0.169999999999999	1.32394022838199
-0.149999999999999	1.3900640854155
-0.129999999999999	1.45790009457828
-0.109999999999999	1.52745561451982
-0.0899999999999994	1.59873803614198
-0.0699999999999994	1.67175478275698
-0.0499999999999994	1.74651331024614
-0.0299999999999994	1.82302110721953
-0.00999999999999938	1.90128569517656
0.0100000000000006	1.98131462866741
0.0300000000000006	2.06311549545533
0.0500000000000006	2.14669591667992
0.0700000000000006	2.23206354702121
0.0900000000000006	2.31922607486476
0.110000000000001	2.40819122246759
0.130000000000001	2.49896674612508
0.150000000000001	2.59156043633876
0.170000000000001	2.68598011798509
0.190000000000001	2.78223365048512
0.210000000000001	2.88032892797514
0.230000000000001	2.98027387947824
0.250000000000001	3.08207646907685
0.270000000000001	3.18574469608628
0.290000000000001	3.29128659522916
0.310000000000001	3.39871023681086
0.330000000000001	3.50802372689598
0.350000000000001	3.61923520748571
0.370000000000001	3.73235285669629
0.390000000000001	3.84738488893837
0.410000000000001	3.96433955509744
0.430000000000001	4.08322514271529
0.450000000000001	4.20404997617241
0.470000000000001	4.32682241687148
0.490000000000001	4.45155086342188
0.510000000000001	4.57824375182523
0.530000000000001	4.70690955566199
0.550000000000001	4.83755678627904
0.570000000000001	4.97019399297847
0.590000000000001	5.10482976320725
0.610000000000001	5.24147272274812
0.630000000000001	5.38013153591148
0.650000000000001	5.52081490572839
0.670000000000001	5.66353157414467
0.690000000000001	5.80829032221607
0.710000000000001	5.95509997030456
0.730000000000001	6.10396937827576
0.750000000000001	6.25490744569745
0.770000000000001	6.40792311203922
0.790000000000001	6.56302535687328
0.810000000000001	6.72022320007635
0.830000000000001	6.87952570203282
0.850000000000001	7.04094196383886
0.870000000000001	7.20448112750795
0.890000000000001	7.37015237617735
0.910000000000001	7.53796493431591
0.930000000000001	7.70792806793299
0.950000000000001	7.88005108478856
0.970000000000001	8.05434333460458
0.990000000000001	8.23081420927751
