# Program settings for SigmaNu
# Electroweak scheme and input parameters
# Scheme = Complex mass scheme
# alpha_GF = 0.00755898078237864
# Pole masses/widths for particles [GeV]
# mw = 80.35797361
# gw = 2.084298894
# mz = 91.15348062
# gz = 2.494266379
# s^2_thetaw (derived) = (0.222868505240788,-0.00110716741475141)
# charged leptons
# m_e = 0.0005109989461
# m_m = 0.10565837
# m_t = 1.77686
# quarks
# m_d = 0.05
# m_u = 0.05
# m_s = 0.2
# m_c = 1.51
# m_b = 4.92
# m_t = 173
# Ecms (default) = 88.6956

# channel_id = 14
# process  = nu_e nu_t~ -> e- t+
-0.99	0.000731894512890893
-0.97	0.00633014886267227
-0.95	0.0175946580223138
-0.93	0.03471521356195
-0.91	0.057888023264435
-0.89	0.0873159537167808
-0.87	0.123208783282499
-0.85	0.165783465955293
-0.83	0.215264406621513
-0.81	0.271883748287345
-0.79	0.335881671857013
-0.77	0.407506709080378
-0.75	0.487016069322388
-0.73	0.574675980842989
-0.71	0.670762047314478
-0.69	0.775559620344009
-0.67	0.88936418881227
-0.65	1.01248178588527
-0.63	1.14522941460517
-0.61	1.28793549301784
-0.59	1.44094031985044
-0.57	1.60459656181068
-0.55	1.77926976364259
-0.53	1.96533888213964
-0.51	2.16319684538764
-0.49	2.37325113858528
-0.47	2.59592441787066
-0.45	2.83165515366857
-0.429999999999999	3.08089830516478
-0.409999999999999	3.34412602761168
-0.389999999999999	3.62182841427421
-0.369999999999999	3.91451427493661
-0.349999999999999	4.22271195301024
-0.329999999999999	4.54697018340994
-0.309999999999999	4.88785899350333
-0.289999999999999	5.24597064958317
-0.269999999999999	5.62192065146956
-0.249999999999999	6.01634877801606
-0.229999999999999	6.42992018647317
-0.209999999999999	6.86332656885517
-0.189999999999999	7.31728736866235
-0.169999999999999	7.79255106153193
-0.149999999999999	8.28989650362873
-0.129999999999999	8.81013435184146
-0.109999999999999	9.35410856012483
-0.0899999999999994	9.92269795662192
-0.0699999999999994	10.5168179065189
-0.0499999999999994	11.137422065924
-0.0299999999999994	11.7855042324313
-0.00999999999999938	12.4621002984238
0.0100000000000006	13.1682903135975
0.0300000000000006	13.9052006636479
0.0500000000000006	14.674006372555
0.0700000000000006	15.4759335364405
0.0900000000000006	16.3122618975468
0.110000000000001	17.1843275675133
0.130000000000001	18.0935259098034
0.150000000000001	19.0413145918627
0.170000000000001	20.0292168183849
0.190000000000001	21.0588247579178
0.210000000000001	22.1318031759711
0.230000000000001	23.2498932887993
0.250000000000001	24.4149168531238
0.270000000000001	25.6287805082513
0.290000000000001	26.8934803883367
0.310000000000001	28.2111070239433
0.330000000000001	29.5838505535845
0.350000000000001	31.0140062675976
0.370000000000001	32.5039805085145
0.390000000000001	34.0562969540757
0.410000000000001	35.6736033111967
0.430000000000001	37.3586784515527
0.450000000000001	39.1144400220349
0.470000000000001	40.9439525661479
0.490000000000001	42.8504361955121
0.510000000000001	44.8372758540226
0.530000000000001	46.9080312209243
0.550000000000001	49.0664473031432
0.570000000000001	51.3164657716883
0.590000000000001	53.6622371018556
0.610000000000001	56.1081335823874
0.630000000000001	58.6587632646937
0.650000000000001	61.318984929822
0.670000000000001	64.0939241581092
0.690000000000001	66.9889905944567
0.710000000000001	70.0098965110249
0.730000000000001	73.1626767789335
0.750000000000001	76.4537103714061
0.770000000000001	79.8897435328234
0.790000000000001	83.4779147614994
0.810000000000001	87.2257817688305
0.830000000000001	91.1413505939604
0.850000000000001	95.233107071483
0.870000000000001	99.5100508701776
0.890000000000001	103.981732343638
0.910000000000001	108.658292459188
0.930000000000001	113.550506100068
0.950000000000001	118.669829067866
0.970000000000001	124.028449148088
0.990000000000001	129.639341642066
