# Program settings for SigmaNu
# Electroweak scheme and input parameters
# Scheme = Complex mass scheme
# alpha_GF = 0.00755898078237864
# Pole masses/widths for particles [GeV]
# mw = 80.35797361
# gw = 2.084298894
# mz = 91.15348062
# gz = 2.494266379
# s^2_thetaw (derived) = (0.222868505240788,-0.00110716741475141)
# charged leptons
# m_e = 0.0005109989461
# m_m = 0.10565837
# m_t = 1.77686
# quarks
# m_d = 0.05
# m_u = 0.05
# m_s = 0.2
# m_c = 1.51
# m_b = 4.92
# m_t = 173
# Ecms (default) = 2259.46

# channel_id = 14
# process  = nu_e nu_t~ -> e- t+
-0.99	3.47173046517111e-06
-0.97	3.18797719694983e-05
-0.95	9.03768807148106e-05
-0.93	0.000180822842802966
-0.91	0.000305194360251227
-0.89	0.000465593317784573
-0.87	0.000664255714705112
-0.85	0.00090356132243565
-0.83	0.00118604413453762
-0.81	0.00151440368291415
-0.79	0.00189151730161667
-0.77	0.00232045342827962
-0.75	0.0028044860428284
-0.73	0.00334711035387301
-0.71	0.00395205985526585
-0.69	0.00462332488883868
-0.67	0.00536517286454168
-0.65	0.00618217030631263
-0.63	0.00707920691127195
-0.61	0.0080615218315691
-0.59	0.00913473241274974
-0.57	0.010304865650273
-0.55	0.0115783926572516
-0.53	0.0129622664721595
-0.51	0.0144639635757765
-0.49	0.0160915295327588
-0.47	0.0178536292257882
-0.45	0.019759602210263
-0.429999999999999	0.0218195237861259
-0.409999999999999	0.0240442724620471
-0.389999999999999	0.0264456045774182
-0.369999999999999	0.0290362369513671
-0.349999999999999	0.0318299385475267
-0.329999999999999	0.0348416322812476
-0.309999999999999	0.038087508255505
-0.289999999999999	0.0415851498966648
-0.269999999999999	0.0453536746760397
-0.249999999999999	0.0494138913531487
-0.229999999999999	0.0537884759682156
-0.209999999999999	0.0585021691524407
-0.189999999999999	0.0635819977242755
-0.169999999999999	0.069057524009579
-0.149999999999999	0.0749611268767986
-0.129999999999999	0.0813283191318167
-0.109999999999999	0.0881981066910845
-0.0899999999999994	0.0956133958709643
-0.0699999999999994	0.103621456226263
-0.0499999999999994	0.112274447679359
-0.0299999999999994	0.121630022249544
-0.00999999999999938	0.131752012577953
0.0100000000000006	0.142711221718653
0.0300000000000006	0.154586331421224
0.0500000000000006	0.167464949477593
0.0700000000000006	0.181444820789054
0.0900000000000006	0.196635231809444
0.110000000000001	0.213158644168556
0.130000000000001	0.231152600871707
0.150000000000001	0.250771957888075
0.170000000000001	0.272191505674563
0.190000000000001	0.295609059875389
0.210000000000001	0.321249118929841
0.230000000000001	0.349367209718026
0.250000000000001	0.380255072143218
0.270000000000001	0.414246871646495
0.290000000000001	0.451726677704877
0.310000000000001	0.493137509939371
0.330000000000001	0.538992336413898
0.350000000000001	0.589887517726512
0.370000000000001	0.646519334860647
0.390000000000001	0.709704431474383
0.410000000000001	0.780405260743536
0.430000000000001	0.859761979308675
0.450000000000001	0.949132714256413
0.470000000000001	1.05014479885661
0.490000000000001	1.16476051105586
0.510000000000001	1.29536217857083
0.530000000000001	1.4448634230318
0.550000000000001	1.61685609210091
0.570000000000001	1.815806526714
0.590000000000001	2.0473209559049
0.610000000000001	2.31850918572368
0.630000000000001	2.63849031731382
0.650000000000001	3.01910733800155
0.670000000000001	3.47595491720472
0.690000000000001	4.02988708132506
0.710000000000001	4.70927801497728
0.730000000000001	5.55349712346504
0.750000000000001	6.61840243094195
0.770000000000001	7.98530747656404
0.790000000000001	9.77617003262231
0.810000000000001	12.1804571300221
0.830000000000001	15.5051619049205
0.850000000000001	20.2738592110015
0.870000000000001	27.4383825162116
0.890000000000001	38.8768346890653
0.910000000000001	58.722680056826
0.930000000000001	97.5852117264782
0.950000000000001	189.915297044046
0.970000000000001	505.441880338572
0.990000000000001	3476.25075550422
