# Program settings for SigmaNu
# Electroweak scheme and input parameters
# Scheme = Complex mass scheme
# alpha_GF = 0.00755898078237864
# Pole masses/widths for particles [GeV]
# mw = 80.35797361
# gw = 2.084298894
# mz = 91.15348062
# gz = 2.494266379
# s^2_thetaw (derived) = (0.222868505240788,-0.00110716741475141)
# charged leptons
# m_e = 0.0005109989461
# m_m = 0.10565837
# m_t = 1.77686
# quarks
# m_d = 0.05
# m_u = 0.05
# m_s = 0.2
# m_c = 1.51
# m_b = 4.92
# m_t = 173
# Ecms (default) = 149.94

# channel_id = 14
# process  = nu_e nu_t~ -> e- t+
-0.99	0.000489120815299974
-0.97	0.00439010625522693
-0.95	0.0123427474705218
-0.93	0.0245404477498526
-0.91	0.0411859645102162
-0.89	0.0624919167254606
-0.87	0.0886813235916977
-0.85	0.119988176601628
-0.83	0.156658047369046
-0.81	0.198948733728659
-0.79	0.247130946836324
-0.77	0.301489042212332
-0.75	0.362321797907241
-0.73	0.429943243227783
-0.71	0.504683541741773
-0.69	0.586889932587891
-0.67	0.676927734451364
-0.65	0.775181416932829
-0.63	0.882055744438088
-0.61	0.997976998154674
-0.59	1.12339428216106
-0.57	1.25878092024037
-0.55	1.40463595054734
-0.53	1.56148572591071
-0.51	1.72988562824921
-0.49	1.91042190634437
-0.47	2.10371364705586
-0.45	2.31041489099275
-0.429999999999999	2.53121690467706
-0.409999999999999	2.76685062236501
-0.389999999999999	3.01808927193814
-0.369999999999999	3.28575120065579
-0.349999999999999	3.57070291808584
-0.329999999999999	3.87386237522161
-0.309999999999999	4.19620250066747
-0.289999999999999	4.53875501685685
-0.269999999999999	4.90261456157938
-0.249999999999999	5.28894314266672
-0.229999999999999	5.69897495655241
-0.209999999999999	6.13402160461594
-0.189999999999999	6.59547774478778
-0.169999999999999	7.08482721987792
-0.149999999999999	7.60364970854965
-0.129999999999999	8.15362794985704
-0.109999999999999	8.7365555978675
-0.0899999999999994	9.35434576918537
-0.0699999999999994	10.0090403532702
-0.0499999999999994	10.7028201634136
-0.0299999999999994	11.4380160152275
-0.00999999999999938	12.2171208296451
0.0100000000000006	13.0428028689154
0.0300000000000006	13.9179202270701
0.0500000000000006	14.8455367110884
0.0700000000000006	15.828939265735
0.0900000000000006	16.871657114106
0.110000000000001	17.9774828076413
0.130000000000001	19.1504954041604
0.150000000000001	20.3950860208378
0.170000000000001	21.7159860415245
0.190000000000001	23.1182982951085
0.210000000000001	24.6075315644838
0.230000000000001	26.189638835091
0.250000000000001	27.8710597490078
0.270000000000001	29.6587677965193
0.290000000000001	31.5603228535394
0.310000000000001	33.5839297620474
0.330000000000001	35.7385037540754
0.350000000000001	38.0337436403984
0.370000000000001	40.4802138261499
0.390000000000001	43.0894363809795
0.410000000000001	45.8739945857727
0.430000000000001	48.8476496070369
0.450000000000001	52.0254722207424
0.470000000000001	55.4239918281291
0.490000000000001	59.0613653870796
0.510000000000001	62.9575693368401
0.530000000000001	67.1346181368046
0.550000000000001	71.6168136911826
0.570000000000001	76.4310307147739
0.590000000000001	81.6070440408789
0.610000000000001	87.1779050183048
0.630000000000001	93.1803755379646
0.650000000000001	99.6554299307012
0.670000000000001	106.648837062906
0.690000000000001	114.211837522469
0.710000000000001	122.401933959235
0.730000000000001	131.28381658222
0.750000000000001	140.930450728587
0.770000000000001	151.424359578332
0.790000000000001	162.859142849847
0.810000000000001	175.341282144608
0.830000000000001	188.992296138182
0.850000000000001	203.951324873456
0.870000000000001	220.378243124117
0.890000000000001	238.457429685939
0.910000000000001	258.402354605596
0.930000000000001	280.461192646832
0.950000000000001	304.923732723071
0.970000000000001	332.129935213558
0.990000000000001	362.480599997617
