# Program settings for SigmaNu
# Electroweak scheme and input parameters
# Scheme = Complex mass scheme
# alpha_GF = 0.00755898078237864
# Pole masses/widths for particles [GeV]
# mw = 80.35797361
# gw = 2.084298894
# mz = 91.15348062
# gz = 2.494266379
# s^2_thetaw (derived) = (0.222868505240788,-0.00110716741475141)
# charged leptons
# m_e = 0.0005109989461
# m_m = 0.10565837
# m_t = 1.77686
# quarks
# m_d = 0.05
# m_u = 0.05
# m_s = 0.2
# m_c = 1.51
# m_b = 4.92
# m_t = 173
# Ecms (default) = 1815.51

# channel_id = 14
# process  = nu_e nu_t~ -> e- t+
-0.99	5.37009902564476e-06
-0.97	4.93089456216787e-05
-0.95	0.000139784065893881
-0.93	0.000279669780110392
-0.91	0.000472020972023644
-0.89	0.000720085846606692
-0.87	0.00102731971340668
-0.85	0.00139739988889201
-0.83	0.00183424182072124
-0.81	0.00234201654750149
-0.79	0.00292516961947029
-0.77	0.0035884416187831
-0.75	0.00433689043289735
-0.73	0.00517591545111645
-0.71	0.00611128387292618
-0.69	0.00714915933758805
-0.67	0.0082961331078531
-0.65	0.00955925806697978
-0.63	0.0109460858178786
-0.61	0.0124647072066355
-0.59	0.0141237966304159
-0.57	0.0159326605324462
-0.55	0.0179012905351225
-0.53	0.0200404217171484
-0.51	0.0223615966029087
-0.49	0.0248772355031855
-0.47	0.0276007139271204
-0.45	0.0305464478775579
-0.429999999999999	0.0337299879473784
-0.409999999999999	0.0371681232552345
-0.389999999999999	0.0408789963977456
-0.369999999999999	0.0448822307545857
-0.349999999999999	0.0491990716664833
-0.329999999999999	0.0538525432180194
-0.309999999999999	0.0588676226021124
-0.289999999999999	0.0642714343269811
-0.269999999999999	0.0700934668560562
-0.249999999999999	0.0763658146549826
-0.229999999999999	0.083123449067377
-0.209999999999999	0.0904045219642014
-0.189999999999999	0.0982507067247679
-0.169999999999999	0.106707581827732
-0.149999999999999	0.115825063178861
-0.129999999999999	0.125657892304325
-0.109999999999999	0.136266188724693
-0.0899999999999994	0.147716076233754
-0.0699999999999994	0.160080394484231
-0.0499999999999994	0.173439509286902
-0.0299999999999994	0.187882237431541
-0.00999999999999938	0.203506904725699
0.0100000000000006	0.220422559430418
0.0300000000000006	0.23875036748815
0.0500000000000006	0.258625221060176
0.0700000000000006	0.280197598136799
0.0900000000000006	0.30363571863009
0.110000000000001	0.329128051758345
0.130000000000001	0.356886241134607
0.150000000000001	0.387148528359114
0.170000000000001	0.420183773838155
0.190000000000001	0.456296195986364
0.210000000000001	0.495830978194289
0.230000000000001	0.539180928640877
0.250000000000001	0.586794423431383
0.270000000000001	0.63918492161942
0.290000000000001	0.696942415423319
0.310000000000001	0.760747275778969
0.330000000000001	0.831387079658974
0.350000000000001	0.90977717147246
0.370000000000001	0.99698593040744
0.390000000000001	1.09426600847714
0.410000000000001	1.20309319811041
0.430000000000001	1.32521512311851
0.450000000000001	1.46271268013334
0.470000000000001	1.61807817290597
0.490000000000001	1.79431550301721
0.510000000000001	1.99506979310603
0.530000000000001	2.22479670455908
0.550000000000001	2.4889859055906
0.570000000000001	2.79445932969313
0.590000000000001	3.14977412691119
0.610000000000001	3.56577432188061
0.630000000000001	4.05635709412826
0.650000000000001	4.63955428513853
0.670000000000001	5.33908591870662
0.690000000000001	6.18663578281083
0.710000000000001	7.22525822969457
0.730000000000001	8.51460522473726
0.750000000000001	10.1391722094215
0.770000000000001	12.2217259126931
0.790000000000001	14.9459866305293
0.810000000000001	18.5966176745922
0.830000000000001	23.6333896899766
0.850000000000001	30.8373701286625
0.870000000000001	41.621500717516
0.890000000000001	58.7558295986282
0.910000000000001	88.2837074820686
0.930000000000001	145.520703016825
0.950000000000001	279.196828924521
0.970000000000001	720.072365869667
0.990000000000001	4363.4353614271
