# Program settings for SigmaNu
# Electroweak scheme and input parameters
# Scheme = Complex mass scheme
# alpha_GF = 0.00755898078237864
# Pole masses/widths for particles [GeV]
# mw = 80.35797361
# gw = 2.084298894
# mz = 91.15348062
# gz = 2.494266379
# s^2_thetaw (derived) = (0.222868505240788,-0.00110716741475141)
# charged leptons
# m_e = 0.0005109989461
# m_m = 0.10565837
# m_t = 1.77686
# quarks
# m_d = 0.05
# m_u = 0.05
# m_s = 0.2
# m_c = 1.51
# m_b = 4.92
# m_t = 173
# Ecms (default) = 844.255

# channel_id = 14
# process  = nu_e nu_t~ -> e- t+
-0.99	2.45000972179501e-05
-0.97	0.000224826814597655
-0.95	0.000637200870727501
-0.93	0.00127462429335979
-0.91	0.00215090986282653
-0.89	0.00328073796795462
-0.87	0.00467971799820192
-0.85	0.00636445468185694
-0.83	0.0083526198217436
-0.81	0.0106630299261746
-0.79	0.0133157302844937
-0.77	0.0163320860941049
-0.75	0.01973488131017
-0.73	0.0235484259610346
-0.71	0.0277986727529054
-0.69	0.0325133438774913
-0.67	0.0377220690375349
-0.65	0.0434565358188871
-0.63	0.0497506536657416
-0.61	0.0566407328598125
-0.59	0.0641656800668839
-0.57	0.0723672121979138
-0.55	0.0812900905397694
-0.53	0.0909823773462282
-0.51	0.10149571734718
-0.49	0.112885646937752
-0.47	0.125211934154902
-0.45	0.138538952943286
-0.429999999999999	0.15293609566254
-0.409999999999999	0.16847822830324
-0.389999999999999	0.185246193469225
-0.369999999999999	0.203327366861802
-0.349999999999999	0.222816273781038
-0.329999999999999	0.243815273057913
-0.309999999999999	0.266435316868664
-0.289999999999999	0.29079679608319
-0.269999999999999	0.317030482191334
-0.249999999999999	0.345278578468236
-0.229999999999999	0.375695894923383
-0.209999999999999	0.408451163776265
-0.189999999999999	0.443728514773279
-0.169999999999999	0.481729132676498
-0.149999999999999	0.522673122800605
-0.129999999999999	0.566801614653664
-0.109999999999999	0.614379138676552
-0.0899999999999994	0.665696316929371
-0.0699999999999994	0.721072915529646
-0.0499999999999994	0.780861314939177
-0.0299999999999994	0.845450464110365
-0.00999999999999938	0.915270396393579
0.0100000000000006	0.990797399415588
0.0300000000000006	1.07255994841539
0.0500000000000006	1.16114553345735
0.0700000000000006	1.25720853639955
0.0900000000000006	1.36147934457424
0.110000000000001	1.47477492622817
0.130000000000001	1.59801113964961
0.150000000000001	1.73221710585169
0.170000000000001	1.87855204662165
0.190000000000001	2.03832507948418
0.210000000000001	2.21301857361667
0.230000000000001	2.40431581248763
0.250000000000001	2.6141338885305
0.270000000000001	2.84466298388097
0.290000000000001	3.09841348429174
0.310000000000001	3.37827275124824
0.330000000000001	3.68757386778284
0.350000000000001	4.03017931444777
0.370000000000001	4.41058337563198
0.390000000000001	4.83403819558885
0.410000000000001	5.30670990021083
0.430000000000001	5.83587321936471
0.450000000000001	6.43015579262811
0.470000000000001	7.09984711853184
0.490000000000001	7.85729235352574
0.510000000000001	8.71739853422396
0.530000000000001	9.69829126628135
0.550000000000001	10.822174992814
0.570000000000001	12.116471945112
0.590000000000001	13.6153474453891
0.610000000000001	15.3617782434084
0.630000000000001	17.4103956281275
0.650000000000001	19.8314522133341
0.670000000000001	22.7164480173817
0.690000000000001	26.186255953324
0.710000000000001	30.4030961703346
0.730000000000001	35.5885850252778
0.750000000000001	42.0516407133578
0.770000000000001	50.2328915764633
0.790000000000001	60.7777218242204
0.810000000000001	74.6611094853079
0.830000000000001	93.4107659218319
0.850000000000001	119.527831221347
0.870000000000001	157.332920805194
0.890000000000001	214.809087285296
0.910000000000001	308.046298779993
0.930000000000001	473.504373069685
0.950000000000001	808.857175184229
0.970000000000001	1654.30578854968
0.990000000000001	4942.40760021171
