# Program settings for SigmaNu
# Electroweak scheme and input parameters
# Scheme = Complex mass scheme
# alpha_GF = 0.00755898078237864
# Pole masses/widths for particles [GeV]
# mw = 80.35797361
# gw = 2.084298894
# mz = 91.15348062
# gz = 2.494266379
# s^2_thetaw (derived) = (0.222868505240788,-0.00110716741475141)
# charged leptons
# m_e = 0.0005109989461
# m_m = 0.10565837
# m_t = 1.77686
# quarks
# m_d = 0.05
# m_u = 0.05
# m_s = 0.2
# m_c = 1.51
# m_b = 4.92
# m_t = 173
# Ecms (default) = 13.8148

# channel_id = 14
# process  = nu_e nu_t~ -> e- t+
-0.99	0.000315474002188378
-0.97	0.00138091429494171
-0.95	0.00302649590150813
-0.93	0.00525320196648661
-0.91	0.0080620173012695
-0.89	0.0114539283871828
-0.87	0.0154299233786332
-0.85	0.0199909921062617
-0.83	0.0251381260801039
-0.81	0.0308723184927569
-0.79	0.0371945642225534
-0.77	0.0441058598367417
-0.75	0.0516072035946732
-0.73	0.0596995954509969
-0.71	0.0683840370588589
-0.69	0.0776615317731112
-0.67	0.0875330846535258
-0.65	0.0979997024680154
-0.63	0.109062393695862
-0.61	0.120722168530953
-0.59	0.132980038885018
-0.57	0.145837018390887
-0.55	0.159294122405735
-0.53	0.173352368014353
-0.51	0.188012774032413
-0.49	0.203276361009748
-0.47	0.219144151233631
-0.45	0.235617168732069
-0.429999999999999	0.252696439277099
-0.409999999999999	0.270382990388094
-0.389999999999999	0.288677851335071
-0.369999999999999	0.307582053142014
-0.349999999999999	0.327096628590198
-0.329999999999999	0.347222612221521
-0.309999999999999	0.367961040341843
-0.289999999999999	0.389312951024337
-0.269999999999999	0.41127938411284
-0.249999999999999	0.433861381225213
-0.229999999999999	0.457059985756715
-0.209999999999999	0.480876242883374
-0.189999999999999	0.50531119956537
-0.169999999999999	0.530365904550428
-0.149999999999999	0.556041408377214
-0.129999999999999	0.58233876337874
-0.109999999999999	0.609259023685776
-0.0899999999999994	0.636803245230266
-0.0699999999999994	0.664972485748764
-0.0499999999999994	0.693767804785855
-0.0299999999999994	0.723190263697607
-0.00999999999999938	0.753240925655016
0.0100000000000006	0.783920855647459
0.0300000000000006	0.815231120486165
0.0500000000000006	0.847172788807676
0.0700000000000006	0.879746931077336
0.0900000000000006	0.912954619592767
0.110000000000001	0.946796928487371
0.130000000000001	0.981274933733824
0.150000000000001	1.01638971314759
0.170000000000001	1.05214234639043
0.190000000000001	1.08853391497393
0.210000000000001	1.12556550226304
0.230000000000001	1.1632381934796
0.250000000000001	1.20155307570588
0.270000000000001	1.24051123788815
0.290000000000001	1.28011377084025
0.310000000000001	1.32036176724713
0.330000000000001	1.36125632166844
0.350000000000001	1.40279853054213
0.370000000000001	1.44498949218801
0.390000000000001	1.48783030681139
0.410000000000001	1.53132207650665
0.430000000000001	1.57546590526087
0.450000000000001	1.62026289895748
0.470000000000001	1.66571416537984
0.490000000000001	1.71182081421492
0.510000000000001	1.75858395705691
0.530000000000001	1.80600470741094
0.550000000000001	1.85408418069665
0.570000000000001	1.90282349425196
0.590000000000001	1.95222376733665
0.610000000000001	2.00228612113613
0.630000000000001	2.05301167876508
0.650000000000001	2.10440156527118
0.670000000000001	2.15645690763882
0.690000000000001	2.2091788347928
0.710000000000001	2.26256847760205
0.730000000000001	2.31662696888342
0.750000000000001	2.37135544340535
0.770000000000001	2.42675503789168
0.790000000000001	2.48282689102536
0.810000000000001	2.53957214345226
0.830000000000001	2.59699193778491
0.850000000000001	2.65508741860631
0.870000000000001	2.71385973247369
0.890000000000001	2.77331002792237
0.910000000000001	2.83343945546949
0.930000000000001	2.89424916761787
0.950000000000001	2.95574031885984
0.970000000000001	3.01791406568106
0.990000000000001	3.08077156656435
