# Program settings for SigmaNu
# Electroweak scheme and input parameters
# Scheme = Complex mass scheme
# alpha_GF = 0.00755898078237864
# Pole masses/widths for particles [GeV]
# mw = 80.35797361
# gw = 2.084298894
# mz = 91.15348062
# gz = 2.494266379
# s^2_thetaw (derived) = (0.222868505240788,-0.00110716741475141)
# charged leptons
# m_e = 0.0005109989461
# m_m = 0.10565837
# m_t = 1.77686
# quarks
# m_d = 0.05
# m_u = 0.05
# m_s = 0.2
# m_c = 1.51
# m_b = 4.92
# m_t = 173
# Ecms (default) = 57.2649

# channel_id = 14
# process  = nu_e nu_t~ -> e- t+
-0.99	0.000726297905721965
-0.97	0.00587199555268072
-0.95	0.016025433584926
-0.93	0.0312887331802534
-0.91	0.0517661098255192
-0.89	0.0775639212260135
-0.87	0.108790716452212
-0.85	0.145557286359822
-0.83	0.187976715320208
-0.81	0.236164434299473
-0.79	0.290238275325733
-0.77	0.350318527385404
-0.75	0.41652799379067
-0.73	0.48899205106167
-0.71	0.567838709368405
-0.69	0.653198674578832
-0.67	0.745205411961176
-0.65	0.843995211590079
-0.63	0.94970725550788
-0.61	1.06248368669402
-0.59	1.18246967989739
-0.57	1.30981351438824
-0.55	1.44466664868826
-0.53	1.58718379733934
-0.51	1.73752300977372
-0.49	1.89584575135025
-0.47	2.0623169866238
-0.45	2.23710526491714
-0.429999999999999	2.42038280826703
-0.409999999999999	2.61232560181877
-0.389999999999999	2.81311348674594
-0.369999999999999	3.02293025577497
-0.349999999999999	3.2419637513967
-0.329999999999999	3.4704059668503
-0.309999999999999	3.70845314996764
-0.289999999999999	3.95630590996953
-0.269999999999999	4.21416932730848
-0.249999999999999	4.48225306665598
-0.229999999999999	4.76077149313583
-0.209999999999999	5.04994379190867
-0.189999999999999	5.34999409121686
-0.169999999999999	5.66115158900257
-0.149999999999999	5.98365068321615
-0.129999999999999	6.31773110593638
-0.109999999999999	6.66363806142815
-0.0899999999999994	7.02162236826829
-0.0699999999999994	7.39194060567482
-0.0499999999999994	7.77485526417997
-0.0299999999999994	8.17063490079256
-0.00999999999999938	8.57955429880085
0.0100000000000006	9.00189463237257
0.0300000000000006	9.43794363611487
0.0500000000000006	9.88799577976292
0.0700000000000006	10.3523524481725
0.0900000000000006	10.8313221267987
0.110000000000001	11.325220592849
0.130000000000001	11.8343711123085
0.150000000000001	12.3591046430388
0.170000000000001	12.8997600441648
0.190000000000001	13.4566842919674
0.210000000000001	14.0302327025122
0.230000000000001	14.6207691612503
0.250000000000001	15.2286663598399
0.270000000000001	15.8543060404444
0.290000000000001	16.4980792477736
0.310000000000001	17.1603865891474
0.330000000000001	17.8416385028689
0.350000000000001	18.5422555352086
0.370000000000001	19.262668626312
0.390000000000001	20.0033194053558
0.410000000000001	20.7646604952915
0.430000000000001	21.5471558275293
0.450000000000001	22.3512809669278
0.470000000000001	23.1775234474748
0.490000000000001	24.0263831190531
0.510000000000001	24.8983725057104
0.530000000000001	25.7940171758615
0.550000000000001	26.7138561248766
0.570000000000001	27.6584421705216
0.590000000000001	28.6283423617425
0.610000000000001	29.6241384013025
0.630000000000001	30.6464270828042
0.650000000000001	31.6958207426513
0.670000000000001	32.7729477275298
0.690000000000001	33.8784528780111
0.710000000000001	35.0129980289094
0.730000000000001	36.1772625270486
0.750000000000001	37.3719437671292
0.770000000000001	38.5977577464087
0.790000000000001	39.8554396389485
0.810000000000001	41.1457443902066
0.830000000000001	42.4694473327967
0.850000000000001	43.8273448242667
0.870000000000001	45.2202549077902
0.890000000000001	46.649017996706
0.910000000000001	48.1144975838815
0.930000000000001	49.6175809769214
0.950000000000001	51.159180060292
0.970000000000001	52.7402320854777
0.990000000000001	54.3617004903416
