# Program settings for SigmaNu
# Electroweak scheme and input parameters
# Scheme = Complex mass scheme
# alpha_GF = 0.00755898078237864
# Pole masses/widths for particles [GeV]
# mw = 80.35797361
# gw = 2.084298894
# mz = 91.15348062
# gz = 2.494266379
# s^2_thetaw (derived) = (0.222868505240788,-0.00110716741475141)
# charged leptons
# m_e = 0.0005109989461
# m_m = 0.10565837
# m_t = 1.77686
# quarks
# m_d = 0.05
# m_u = 0.05
# m_s = 0.2
# m_c = 1.51
# m_b = 4.92
# m_t = 173
# Ecms (default) = 23473.6

# channel_id = 14
# process  = nu_e nu_t~ -> e- t+
-0.99	3.2243057311412e-08
-0.97	2.96109260331537e-07
-0.95	8.39484237240841e-07
-0.93	1.679666595996e-06
-0.91	2.83504385593515e-06
-0.89	4.32516954409718e-06
-0.87	6.17084650240232e-06
-0.85	8.39421697238274e-06
-0.83	1.10188600821805e-05
-0.81	1.40698974253154e-05
-0.79	1.75741074928537e-05
-0.77	2.15600498013002e-05
-0.75	2.60581996486121e-05
-0.73	3.11010945317023e-05
-0.71	3.6723493371821e-05
-0.69	4.29625498211639e-05
-0.67	4.98580010665773e-05
-0.65	5.74523737066886e-05
-0.63	6.57912084594488e-05
-0.61	7.49233056609451e-05
-0.59	8.4900993746604e-05
-0.57	9.57804231664054e-05
-0.55	0.000107621888480853
-0.53	0.000120490181719309
-0.51	0.000134454980462823
-0.49	0.000149591274546701
-0.47	0.000165979835771802
-0.45	0.000183707735577396
-0.429999999999999	0.000202868916273342
-0.409999999999999	0.000223564822168424
-0.389999999999999	0.000245905097780006
-0.369999999999999	0.000270008361285935
-0.349999999999999	0.000296003062503839
-0.329999999999999	0.000324028435981024
-0.309999999999999	0.000354235561279729
-0.289999999999999	0.000386788544283294
-0.269999999999999	0.000421865835371066
-0.249999999999999	0.000459661702664364
-0.229999999999999	0.000500387881293477
-0.209999999999999	0.000544275422849339
-0.189999999999999	0.000591576772951608
-0.169999999999999	0.000642568109293891
-0.149999999999999	0.000697551977746083
-0.129999999999999	0.000756860270260626
-0.109999999999999	0.000820857595636007
-0.0899999999999994	0.000889945102872127
-0.0699999999999994	0.000964564827197392
-0.0499999999999994	0.00104520464121285
-0.0299999999999994	0.00113240390842556
-0.00999999999999938	0.00122675995427993
0.0100000000000006	0.00132893549132501
0.0300000000000006	0.00143966716123502
0.0500000000000006	0.00155977538810501
0.0700000000000006	0.00169017577613571
0.0900000000000006	0.00183189233222594
0.110000000000001	0.00198607285231056
0.130000000000001	0.0021540068823367
0.150000000000001	0.00233714675419585
0.170000000000001	0.00253713230842996
0.190000000000001	0.00275582005523627
0.210000000000001	0.00299531770123791
0.230000000000001	0.00325802519225157
0.250000000000001	0.003546683705913
0.270000000000001	0.00386443439127578
0.290000000000001	0.00421488912061287
0.310000000000001	0.00460221612582692
0.330000000000001	0.00503124418483297
0.350000000000001	0.00550759006636682
0.370000000000001	0.00603781532430347
0.390000000000001	0.00662962038012516
0.410000000000001	0.00729208632221144
0.430000000000001	0.00803597823718796
0.450000000000001	0.0088741285392067
0.470000000000001	0.00982192521572828
0.490000000000001	0.010897938960537
0.510000000000001	0.0121247360141456
0.530000000000001	0.01352994200366
0.550000000000001	0.0151476489930391
0.570000000000001	0.0170202977643082
0.590000000000001	0.019201227168799
0.610000000000001	0.0217581738404403
0.630000000000001	0.0247781480437301
0.650000000000001	0.0283743380443087
0.670000000000001	0.0326960641097708
0.690000000000001	0.0379434184537049
0.710000000000001	0.0443892829918648
0.730000000000001	0.0524132854057583
0.750000000000001	0.0625556806371332
0.770000000000001	0.0756056852465491
0.790000000000001	0.0927518619543836
0.810000000000001	0.115849698658846
0.830000000000001	0.147923336200585
0.850000000000001	0.194167853744931
0.870000000000001	0.264114365099858
0.890000000000001	0.376795133389566
0.910000000000001	0.574787935811131
0.930000000000001	0.970018140152887
0.950000000000001	1.94032395403291
0.970000000000001	5.49748051369912
0.990000000000001	50.3297531199846
