# Program settings for SigmaNu
# Electroweak scheme and input parameters
# Scheme = Complex mass scheme
# alpha_GF = 0.00755898078237864
# Pole masses/widths for particles [GeV]
# mw = 80.35797361
# gw = 2.084298894
# mz = 91.15348062
# gz = 2.494266379
# s^2_thetaw (derived) = (0.222868505240788,-0.00110716741475141)
# charged leptons
# m_e = 0.0005109989461
# m_m = 0.10565837
# m_t = 1.77686
# quarks
# m_d = 0.05
# m_u = 0.05
# m_s = 0.2
# m_c = 1.51
# m_b = 4.92
# m_t = 173
# Ecms (default) = 1645.3

# channel_id = 14
# process  = nu_e nu_t~ -> e- t+
-0.99	6.53335194763093e-06
-0.97	5.99878984422559e-05
-0.95	0.000170054977285711
-0.93	0.000340229735409193
-0.91	0.000574226785291724
-0.89	0.000875995704323003
-0.87	0.00124973777961852
-0.85	0.00169992411162579
-0.83	0.00223131520144863
-0.81	0.002848982159724
-0.79	0.00355832968928111
-0.77	0.00436512100988255
-0.75	0.00527550491131008
-0.73	0.00629604514115899
-0.71	0.00743375235622573
-0.69	0.00869611889163844
-0.67	0.0100911566302569
-0.65	0.0116274382867836
-0.63	0.0133141424569695
-0.61	0.0151611028228284
-0.59	0.0171788619505449
-0.57	0.0193787301695203
-0.55	0.0217728500796197
-0.53	0.0243742673001712
-0.51	0.0271970081497923
-0.49	0.0302561650320486
-0.47	0.03356799039987
-0.45	0.0371500002834241
-0.429999999999999	0.0410210884939482
-0.409999999999999	0.0452016527624249
-0.389999999999999	0.0497137342399526
-0.369999999999999	0.0545811719797508
-0.349999999999999	0.0598297742431276
-0.329999999999999	0.0654875087283638
-0.309999999999999	0.0715847141182064
-0.289999999999999	0.0781543356854853
-0.269999999999999	0.085232188095587
-0.249999999999999	0.0928572490090806
-0.229999999999999	0.101071987629603
-0.209999999999999	0.109922732975488
-0.189999999999999	0.119460087395814
-0.169999999999999	0.129739391723389
-0.149999999999999	0.140821249483961
-0.129999999999999	0.152772118793342
-0.109999999999999	0.165664982009627
-0.0899999999999994	0.179580104912145
-0.0699999999999994	0.194605899208417
-0.0499999999999994	0.210839904594663
-0.0299999999999994	0.228389909499969
-0.00999999999999938	0.247375233135588
0.0100000000000006	0.267928195681681
0.0300000000000006	0.290195808540037
0.0500000000000006	0.314341722771529
0.0700000000000006	0.340548481384372
0.0900000000000006	0.369020130377367
0.110000000000001	0.399985254795999
0.130000000000001	0.433700520072509
0.150000000000001	0.470454816293488
0.170000000000001	0.510574124675116
0.190000000000001	0.554427252603975
0.210000000000001	0.602432617660161
0.230000000000001	0.655066304106048
0.250000000000001	0.712871670083159
0.270000000000001	0.776470853791481
0.290000000000001	0.846578617038044
0.310000000000001	0.924019081239231
0.330000000000001	1.00974606311227
0.350000000000001	1.1048679170859
0.370000000000001	1.21067805579984
0.390000000000001	1.32869267259575
0.410000000000001	1.46069766403837
0.430000000000001	1.60880739392648
0.450000000000001	1.77553882175928
0.470000000000001	1.96390573863054
0.490000000000001	2.17753956041518
0.510000000000001	2.42084554405716
0.530000000000001	2.6992067551213
0.550000000000001	3.01925314362015
0.570000000000001	3.38922049542776
0.590000000000001	3.81943511802307
0.610000000000001	4.32297700445784
0.630000000000001	4.91660040418838
0.650000000000001	5.62203216486842
0.670000000000001	6.46783525081095
0.690000000000001	7.4921360095874
0.710000000000001	8.74670317874818
0.730000000000001	10.3031993590511
0.750000000000001	12.2630305107078
0.770000000000001	14.7733619691844
0.790000000000001	18.054127346491
0.810000000000001	22.4455521463522
0.830000000000001	28.4960840237908
0.850000000000001	37.1352231434426
0.870000000000001	50.0393981412139
0.890000000000001	70.4824572017496
0.910000000000001	105.569270836683
0.930000000000001	173.168860711478
0.950000000000001	329.44955786883
0.970000000000001	834.28986195585
0.990000000000001	4717.20112303234
