# Program settings for SigmaNu
# Electroweak scheme and input parameters
# Scheme = Complex mass scheme
# alpha_GF = 0.00755898078237864
# Pole masses/widths for particles [GeV]
# mw = 80.35797361
# gw = 2.084298894
# mz = 91.15348062
# gz = 2.494266379
# s^2_thetaw (derived) = (0.222868505240788,-0.00110716741475141)
# charged leptons
# m_e = 0.0005109989461
# m_m = 0.10565837
# m_t = 1.77686
# quarks
# m_d = 0.05
# m_u = 0.05
# m_s = 0.2
# m_c = 1.51
# m_b = 4.92
# m_t = 173
# Ecms (default) = 3538.09

# channel_id = 14
# process  = nu_e nu_t~ -> e- t+
-0.99	1.41787910119923e-06
-0.97	1.30207571113171e-05
-0.95	3.6913853354936e-05
-0.93	7.38574054586709e-05
-0.91	0.000124659481122878
-0.89	0.000190179362739458
-0.87	0.000271331204526732
-0.85	0.000369087987031365
-0.83	0.000484485796393266
-0.81	0.000618628458605848
-0.79	0.000772692562167992
-0.77	0.000947932906057133
-0.75	0.00114568841390276
-0.73	0.00136738855966084
-0.71	0.00161456035504429
-0.69	0.00188883595452417
-0.67	0.00219196093996215
-0.65	0.00252580335396149
-0.63	0.00289236355893849
-0.61	0.00329378500784466
-0.59	0.00373236602255451
-0.57	0.00421057268734161
-0.55	0.00473105297778868
-0.53	0.00529665226013942
-0.51	0.00591043031275959
-0.49	0.00657568004033568
-0.47	0.00729594807305303
-0.45	0.00807505746767452
-0.429999999999999	0.00891713275566785
-0.409999999999999	0.00982662761587209
-0.389999999999999	0.0108083554863177
-0.369999999999999	0.0118675234725055
-0.349999999999999	0.0130097699586376
-0.329999999999999	0.0142412063850734
-0.309999999999999	0.0155684637209685
-0.289999999999999	0.016998744237185
-0.269999999999999	0.0185398792730014
-0.249999999999999	0.0202003937931037
-0.229999999999999	0.0219895786514681
-0.209999999999999	0.0239175716192377
-0.189999999999999	0.0259954483983973
-0.169999999999999	0.0282353250366214
-0.149999999999999	0.0306504733867467
-0.129999999999999	0.0332554515237661
-0.109999999999999	0.0360662513514423
-0.0899999999999994	0.0391004660098411
-0.0699999999999994	0.0423774801469012
-0.0499999999999994	0.0459186866571171
-0.0299999999999994	0.0497477341377557
-0.00999999999999938	0.0538908100916267
0.0100000000000006	0.0583769658450828
0.0300000000000006	0.0632384902879246
0.0500000000000006	0.0685113409251365
0.0700000000000006	0.0742356424181132
0.0900000000000006	0.0804562648604134
0.110000000000001	0.0872234965759071
0.130000000000001	0.0945938293682164
0.150000000000001	0.102630878047674
0.170000000000001	0.111406460920279
0.190000000000001	0.121001874008834
0.210000000000001	0.131509399438571
0.230000000000001	0.143034098118081
0.250000000000001	0.155695949191152
0.270000000000001	0.169632414540759
0.290000000000001	0.185001526988121
0.310000000000001	0.201985627231312
0.330000000000001	0.220795909035536
0.350000000000001	0.241677977510262
0.370000000000001	0.264918685361135
0.390000000000001	0.290854592216901
0.410000000000001	0.319882500189295
0.430000000000001	0.352472665718001
0.450000000000001	0.389185489375263
0.470000000000001	0.430692764903093
0.490000000000001	0.477804960765067
0.510000000000001	0.531506563604055
0.530000000000001	0.593002311913176
0.550000000000001	0.663778311646442
0.570000000000001	0.745683744721739
0.590000000000001	0.841041462544389
0.610000000000001	0.952799699298197
0.630000000000001	1.0847432761176
0.650000000000001	1.24179241650693
0.670000000000001	1.43043313707041
0.690000000000001	1.65934957748917
0.710000000000001	1.9403738627964
0.730000000000001	2.28994902573946
0.750000000000001	2.73144682283107
0.770000000000001	3.29896092778616
0.790000000000001	4.04375145090498
0.810000000000001	5.0456840899252
0.830000000000001	6.43461759444612
0.850000000000001	8.43297909163105
0.870000000000001	11.4473312743086
0.890000000000001	16.285587089349
0.910000000000001	24.7431630505772
0.930000000000001	41.493874018038
0.950000000000001	82.0659328920153
0.970000000000001	226.513949810504
0.990000000000001	1828.91299961084
