# Program settings for SigmaNu
# Electroweak scheme and input parameters
# Scheme = Complex mass scheme
# alpha_GF = 0.00755898078237864
# Pole masses/widths for particles [GeV]
# mw = 80.35797361
# gw = 2.084298894
# mz = 91.15348062
# gz = 2.494266379
# s^2_thetaw (derived) = (0.222868505240788,-0.00110716741475141)
# charged leptons
# m_e = 0.0005109989461
# m_m = 0.10565837
# m_t = 1.77686
# quarks
# m_d = 0.05
# m_u = 0.05
# m_s = 0.2
# m_c = 1.51
# m_b = 4.92
# m_t = 173
# Ecms (default) = 1896.7

# channel_id = 14
# process  = nu_e nu_t~ -> e- t+
-0.99	4.92173667646754e-06
-0.97	4.51926586291087e-05
-0.95	0.000128115669893184
-0.93	0.000256325629007722
-0.91	0.000432622943576033
-0.89	0.000659985269191555
-0.87	0.000941580149026669
-0.85	0.00128077867974176
-0.83	0.00168117029813504
-0.81	0.002146578792716
-0.79	0.00268107965527279
-0.77	0.00328901889965975
-0.75	0.00397503348861918
-0.73	0.00474407352465855
-0.71	0.00560142637804273
-0.69	0.0065527429440772
-0.67	0.00760406624333058
-0.65	0.00876186260259642
-0.63	0.0100330556815953
-0.61	0.0114250636410953
-0.59	0.0129458397827727
-0.57	0.0146039170303199
-0.55	0.0164084566656828
-0.53	0.0183693017846527
-0.51	0.0204970359932238
-0.49	0.0228030479312023
-0.47	0.0252996022837114
-0.45	0.0279999180259011
-0.429999999999999	0.0309182547429799
-0.409999999999999	0.0340700079785859
-0.389999999999999	0.0374718146917808
-0.369999999999999	0.041141670049261
-0.349999999999999	0.0450990569479181
-0.329999999999999	0.0493650898573891
-0.309999999999999	0.0539626747971703
-0.289999999999999	0.0589166875235296
-0.269999999999999	0.06425417230415
-0.249999999999999	0.0700045640107219
-0.229999999999999	0.0761999366706285
-0.209999999999999	0.0828752820993059
-0.189999999999999	0.090068822797915
-0.169999999999999	0.0978223639624866
-0.149999999999999	0.106181690229881
-0.129999999999999	0.115197013706118
-0.109999999999999	0.12492348091235
-0.0899999999999994	0.135421747577838
-0.0699999999999994	0.146758631750613
-0.0499999999999994	0.159007857537748
-0.0299999999999994	0.172250903993696
-0.00999999999999938	0.18657797632796
0.0100000000000006	0.202089119803462
0.0300000000000006	0.218895500570794
0.0500000000000006	0.23712088238997
0.0700000000000006	0.256903333930836
0.0900000000000006	0.278397208370279
0.110000000000001	0.301775445642799
0.130000000000001	0.327232258365603
0.150000000000001	0.354986275684052
0.170000000000001	0.385284235758616
0.190000000000001	0.41840533823916
0.210000000000001	0.45466639402227
0.230000000000001	0.494427942410972
0.250000000000001	0.538101547545465
0.270000000000001	0.586158539385791
0.290000000000001	0.639140533280486
0.310000000000001	0.697672151226793
0.330000000000001	0.762476484107862
0.350000000000001	0.834393986818252
0.370000000000001	0.914405700214701
0.390000000000001	1.0036619633891
0.410000000000001	1.10351814248926
0.430000000000001	1.21557939482051
0.450000000000001	1.34175716210321
0.470000000000001	1.48434102174213
0.490000000000001	1.64609083394919
0.510000000000001	1.83035597662599
0.530000000000001	2.04123111905408
0.550000000000001	2.28376185085733
0.570000000000001	2.56421918368576
0.590000000000001	2.89047048429889
0.610000000000001	3.27248741419406
0.630000000000001	3.72305165940339
0.650000000000001	4.25875125269087
0.670000000000001	4.90141216740453
0.690000000000001	5.68019601442525
0.710000000000001	6.63474172276936
0.730000000000001	7.81998788348069
0.750000000000001	9.31378388601895
0.770000000000001	11.2292910600877
0.790000000000001	13.7359443081635
0.810000000000001	17.0964362079026
0.830000000000001	21.7353700549375
0.850000000000001	28.3747354243281
0.870000000000001	38.3221199697534
0.890000000000001	54.1449016390342
0.910000000000001	81.4557793984743
0.930000000000001	134.521244733404
0.950000000000001	258.949500634732
0.970000000000001	672.704070290976
0.990000000000001	4193.36694163283
