# Program settings for SigmaNu
# Electroweak scheme and input parameters
# Scheme = Complex mass scheme
# alpha_GF = 0.00755898078237864
# Pole masses/widths for particles [GeV]
# mw = 80.35797361
# gw = 2.084298894
# mz = 91.15348062
# gz = 2.494266379
# s^2_thetaw (derived) = (0.222868505240788,-0.00110716741475141)
# charged leptons
# m_e = 0.0005109989461
# m_m = 0.10565837
# m_t = 1.77686
# quarks
# m_d = 0.05
# m_u = 0.05
# m_s = 0.2
# m_c = 1.51
# m_b = 4.92
# m_t = 173
# Ecms (default) = 194.952

# channel_id = 14
# process  = nu_e nu_t~ -> e- t+
-0.99	0.000346673080672551
-0.97	0.00313973410609439
-0.95	0.0088549455331723
-0.93	0.0176461706816191
-0.91	0.0296754925356569
-0.89	0.0451137067272116
-0.87	0.0641408481031509
-0.85	0.0869467534632008
-0.83	0.113731663278618
-0.81	0.144706865446609
-0.79	0.180095384404153
-0.77	0.220132719219823
-0.75	0.26506763460633
-0.73	0.315163009152858
-0.71	0.370696745468625
-0.69	0.431962747361135
-0.67	0.499271969649193
-0.65	0.572953546736507
-0.63	0.653356006652649
-0.61	0.740848577910385
-0.59	0.83582259723924
-0.57	0.938693027042671
-0.55	1.04990009229952
-0.53	1.16991104759996
-0.51	1.29922208608334
-0.49	1.43836040324414
-0.47	1.58788642990667
-0.45	1.74839625015759
-0.429999999999999	1.92052422168619
-0.409999999999999	2.10494581783896
-0.389999999999999	2.30238071277132
-0.369999999999999	2.51359613340648
-0.349999999999999	2.73941050452032
-0.329999999999999	2.98069741620183
-0.309999999999999	3.23838994623382
-0.289999999999999	3.51348537364914
-0.269999999999999	3.80705032390108
-0.249999999999999	4.12022639081069
-0.229999999999999	4.4542362857951
-0.209999999999999	4.81039057092943
-0.189999999999999	5.19009503925469
-0.169999999999999	5.59485881353591
-0.149999999999999	6.02630324353874
-0.129999999999999	6.48617169199388
-0.109999999999999	6.97634031094771
-0.0899999999999994	7.49882992337974
-0.0699999999999994	8.05581914006538
-0.0499999999999994	8.6496588589871
-0.0299999999999994	9.28288831451229
-0.00999999999999938	9.95825286649388
0.0100000000000006	10.6787237459202
0.0300000000000006	11.4475200043495
0.0500000000000006	12.2681329498333
0.0700000000000006	13.1443533932183
0.0900000000000006	14.0803020766494
0.110000000000001	15.0804637120068
0.130000000000001	16.1497251223744
0.150000000000001	17.2934180562483
0.170000000000001	18.5173673342008
0.190000000000001	19.8279450937349
0.210000000000001	21.232132023287
0.230000000000001	22.7375866246248
0.250000000000001	24.3527237190164
0.270000000000001	26.0868036223375
0.290000000000001	27.9500336649378
0.310000000000001	29.9536840325145
0.330000000000001	32.1102202654891
0.350000000000001	34.4334551902538
0.370000000000001	36.9387235833992
0.390000000000001	39.6430835113723
0.410000000000001	42.5655490703466
0.430000000000001	45.7273602091945
0.450000000000001	49.1522964966668
0.470000000000001	52.8670431489841
0.490000000000001	56.9016194391635
0.510000000000001	61.2898818592
0.530000000000001	66.0701172239506
0.550000000000001	71.28574445264
0.570000000000001	76.9861482530214
0.590000000000001	83.2276736464501
0.610000000000001	90.074817586124
0.630000000000001	97.6016633419735
0.650000000000001	105.893615540328
0.670000000000001	115.049509691491
0.690000000000001	125.184191003706
0.710000000000001	136.431685059271
0.730000000000001	148.949120029171
0.750000000000001	162.921610081204
0.770000000000001	178.568377577258
0.790000000000001	196.150484909713
0.810000000000001	215.980676150407
0.830000000000001	238.436010011886
0.850000000000001	263.974222870745
0.870000000000001	293.155130207205
0.890000000000001	326.668913112943
0.910000000000001	365.373932093064
0.930000000000001	410.347905027229
0.950000000000001	462.95811125494
0.970000000000001	524.959124982941
0.990000000000001	598.631096352577
