# Program settings for SigmaNu
# Electroweak scheme and input parameters
# Scheme = Complex mass scheme
# alpha_GF = 0.00755898078237864
# Pole masses/widths for particles [GeV]
# mw = 80.35797361
# gw = 2.084298894
# mz = 91.15348062
# gz = 2.494266379
# s^2_thetaw (derived) = (0.222868505240788,-0.00110716741475141)
# charged leptons
# m_e = 0.0005109989461
# m_m = 0.10565837
# m_t = 1.77686
# quarks
# m_d = 0.05
# m_u = 0.05
# m_s = 0.2
# m_c = 1.51
# m_b = 4.92
# m_t = 173
# Ecms (default) = 62138.4

# channel_id = 14
# process  = nu_e nu_t~ -> e- t+
-0.99	4.60133472976871e-09
-0.97	4.22571278485739e-08
-0.95	1.19801065219537e-07
-0.93	2.39701822568451e-07
-0.91	4.04583475263535e-07
-0.89	6.17236500921328e-07
-0.87	8.80629668396171e-07
-0.85	1.19792289402236e-06
-0.83	1.57248115426326e-06
-0.81	2.00788955317291e-06
-0.79	2.50796965337263e-06
-0.77	3.07679719074146e-06
-0.75	3.71872130590549e-06
-0.73	4.43838543999426e-06
-0.71	5.24075005827491e-06
-0.69	6.13111738339473e-06
-0.67	7.11515834030153e-06
-0.65	8.19894193780175e-06
-0.63	9.38896733752942e-06
-0.61	1.06921988901458e-05
-0.59	1.21161044515137e-05
-0.57	1.36686973287064e-05
-0.55	1.53585822478864e-05
-0.53	1.71950057838426e-05
-0.51	1.91879117452954e-05
-0.49	2.13480020719044e-05
-0.47	2.36868038693652e-05
-0.45	2.6216743289452e-05
-0.429999999999999	2.89512270539326e-05
-0.409999999999999	3.19047325267327e-05
-0.389999999999999	3.5092907359824e-05
-0.369999999999999	3.85326798775585e-05
-0.349999999999999	4.22423815246377e-05
-0.329999999999999	4.6241882888153e-05
-0.309999999999999	5.05527450184531e-05
-0.289999999999999	5.51983880220293e-05
-0.269999999999999	6.02042791882561e-05
-0.249999999999999	6.55981432478488e-05
-0.229999999999999	7.14101977530733e-05
-0.209999999999999	7.76734170283888e-05
-0.189999999999999	8.44238286780359e-05
-0.169999999999999	9.17008472691864e-05
-0.149999999999999	9.95476505542002e-05
-0.129999999999999	0.000108011604475712
-0.109999999999999	0.000117144744241079
-0.0899999999999994	0.000127004319991809
-0.0699999999999994	0.0001376534170701
-0.0499999999999994	0.00014916166264955
-0.0299999999999994	0.000161606032613289
-0.00999999999999938	0.000175071775108563
0.0100000000000006	0.000189653470279694
0.0300000000000006	0.000205456249403565
0.0500000000000006	0.000222597201177073
0.0700000000000006	0.000241206998428442
0.0900000000000006	0.000261431785290508
0.110000000000001	0.00028343537319804
0.130000000000001	0.000307401804355794
0.150000000000001	0.000333538354087902
0.170000000000001	0.000362079059394057
0.190000000000001	0.000393288880979013
0.210000000000001	0.000427468631135065
0.230000000000001	0.000464960831653714
0.250000000000001	0.000506156706427198
0.270000000000001	0.000551504565250729
0.290000000000001	0.000601519902154406
0.310000000000001	0.000656797618261966
0.330000000000001	0.000718026892360969
0.350000000000001	0.000786009371261643
0.370000000000001	0.000861681549382465
0.390000000000001	0.000946142470728416
0.410000000000001	0.00104068824186872
0.430000000000001	0.00114685532794224
0.450000000000001	0.00126647526758876
0.470000000000001	0.00140174436382584
0.490000000000001	0.00155531320009943
0.510000000000001	0.0017304026650331
0.530000000000001	0.00193095580635985
0.550000000000001	0.00216183867737922
0.570000000000001	0.00242910902247683
0.590000000000001	0.00274038018803403
0.610000000000001	0.00310532070126966
0.630000000000001	0.00353635030109939
0.650000000000001	0.00404962555901061
0.670000000000001	0.00466646087140756
0.690000000000001	0.00541541844232715
0.710000000000001	0.00633545158947023
0.730000000000001	0.00748075252099246
0.750000000000001	0.0089284450249593
0.770000000000001	0.0107911964562213
0.790000000000001	0.0132386898508512
0.810000000000001	0.0165358310726459
0.830000000000001	0.0211143937865546
0.850000000000001	0.0277161523799089
0.870000000000001	0.0377020990850262
0.890000000000001	0.0537902046833237
0.910000000000001	0.0820617559032752
0.930000000000001	0.138505941973452
0.950000000000001	0.277116561053657
0.970000000000001	0.785569252452715
0.990000000000001	7.21119180177819
