# Program settings for SigmaNu
# Electroweak scheme and input parameters
# Scheme = Complex mass scheme
# alpha_GF = 0.00755898078237864
# Pole masses/widths for particles [GeV]
# mw = 80.35797361
# gw = 2.084298894
# mz = 91.15348062
# gz = 2.494266379
# s^2_thetaw (derived) = (0.222868505240788,-0.00110716741475141)
# charged leptons
# m_e = 0.0005109989461
# m_m = 0.10565837
# m_t = 1.77686
# quarks
# m_d = 0.05
# m_u = 0.05
# m_s = 0.2
# m_c = 1.51
# m_b = 4.92
# m_t = 173
# Ecms (default) = 41.6993

# channel_id = 14
# process  = nu_e nu_t~ -> e- t+
-0.99	0.00061906727430292
-0.97	0.00460024448008027
-0.95	0.0122777553772555
-0.93	0.0236988558949094
-0.91	0.0389114082416209
-0.89	0.0579638895687317
-0.87	0.0809054007731759
-0.85	0.107785675442399
-0.83	0.138655088943942
-0.81	0.17356466766231
-0.79	0.212566098385822
-0.77	0.255711737846145
-0.75	0.303054622413339
-0.73	0.354648477949222
-0.71	0.410547729821993
-0.69	0.470807513085044
-0.67	0.535483682823013
-0.65	0.604632824668138
-0.63	0.678312265490088
-0.61	0.756580084262461
-0.59	0.839495123109243
-0.57	0.927116998534565
-0.55	1.01950611283921
-0.53	1.11672366572728
-0.51	1.21883166610671
-0.49	1.32589294408712
-0.47	1.43797116317882
-0.45	1.55513083269672
-0.429999999999999	1.67743732037306
-0.409999999999999	1.80495686518276
-0.389999999999999	1.93775659038565
-0.369999999999999	2.07590451678952
-0.349999999999999	2.21946957623828
-0.329999999999999	2.36852162532946
-0.309999999999999	2.52313145936557
-0.289999999999999	2.68337082654357
-0.269999999999999	2.84931244238734
-0.249999999999999	3.02103000442746
-0.229999999999999	3.19859820713345
-0.209999999999999	3.382092757103
-0.189999999999999	3.57159038851345
-0.169999999999999	3.7671688788404
-0.149999999999999	3.96890706484882
-0.129999999999999	4.17688485886185
-0.109999999999999	4.39118326531276
-0.0899999999999994	4.61188439758566
-0.0699999999999994	4.83907149515051
-0.0499999999999994	5.07282894099838
-0.0299999999999994	5.31324227938276
-0.00999999999999938	5.56039823387299
0.0100000000000006	5.81438472572604
0.0300000000000006	6.07529089258291
0.0500000000000006	6.3432071074961
0.0700000000000006	6.61822499829487
0.0900000000000006	6.90043746729479
0.110000000000001	7.18993871135881
0.130000000000001	7.48682424231659
0.150000000000001	7.79119090774955
0.170000000000001	8.10313691214879
0.190000000000001	8.42276183845366
0.210000000000001	8.75016666997845
0.230000000000001	9.08545381273527
0.250000000000001	9.4287271181611
0.270000000000001	9.78009190625722
0.290000000000001	10.1396549891496
0.310000000000001	10.5075246950786
0.330000000000001	10.8838108928271
0.350000000000001	11.2686250165962
0.370000000000001	11.6620800913369
0.390000000000001	12.0642907585482
0.410000000000001	12.4753733025508
0.430000000000001	12.8954456772468
0.450000000000001	13.3246275333738
0.470000000000001	13.7630402462666
0.490000000000001	14.2108069441346
0.510000000000001	14.6680525368668
0.530000000000001	15.1349037453751
0.550000000000001	15.6114891314888
0.570000000000001	16.0979391284088
0.590000000000001	16.5943860717363
0.610000000000001	17.1009642310873
0.630000000000001	17.6178098423046
0.650000000000001	18.145061140281
0.670000000000001	18.682858392406
0.690000000000001	19.2313439326505
0.710000000000001	19.7906621963019
0.730000000000001	20.3609597553646
0.750000000000001	20.9423853546396
0.770000000000001	21.5350899484983
0.790000000000001	22.1392267383658
0.810000000000001	22.7549512109284
0.830000000000001	23.3824211770819
0.850000000000001	24.021796811636
0.870000000000001	24.6732406937925
0.890000000000001	25.3369178484139
0.910000000000001	26.0129957880984
0.930000000000001	26.7016445560819
0.950000000000001	27.4030367699831
0.970000000000001	28.1173476664108
0.990000000000001	28.8447551464537
