# Program settings for SigmaNu
# Electroweak scheme and input parameters
# Scheme = Complex mass scheme
# alpha_GF = 0.00755898078237864
# Pole masses/widths for particles [GeV]
# mw = 80.35797361
# gw = 2.084298894
# mz = 91.15348062
# gz = 2.494266379
# s^2_thetaw (derived) = (0.222868505240788,-0.00110716741475141)
# charged leptons
# m_e = 0.0005109989461
# m_m = 0.10565837
# m_t = 1.77686
# quarks
# m_d = 0.05
# m_u = 0.05
# m_s = 0.2
# m_c = 1.51
# m_b = 4.92
# m_t = 173
# Ecms (default) = 17.382

# channel_id = 14
# process  = nu_e nu_t~ -> e- t+
-0.99	0.000350998098221139
-0.97	0.00173125141791726
-0.95	0.00401784932861167
-0.93	0.00721319938637399
-0.91	0.0113197155469477
-0.89	0.0163398181846587
-0.87	0.0222759341113858
-0.85	0.0291304965955952
-0.83	0.0369059453814378
-0.81	0.0456047267079102
-0.79	0.0552292933280795
-0.77	0.0657821045283723
-0.75	0.0772656261479277
-0.73	0.0896823305980148
-0.71	0.103034696881515
-0.69	0.117325210612472
-0.67	0.132556364035698
-0.65	0.14873065604646
-0.63	0.165850592210219
-0.61	0.18391868478244
-0.59	0.202937452728469
-0.57	0.222909421743476
-0.55	0.243837124272464
-0.53	0.265723099530345
-0.51	0.288569893522084
-0.49	0.312380059062911
-0.47	0.337156155798596
-0.45	0.362900750225803
-0.429999999999999	0.389616415712495
-0.409999999999999	0.417305732518429
-0.389999999999999	0.445971287815697
-0.369999999999999	0.475615675709357
-0.349999999999999	0.506241497258117
-0.329999999999999	0.537851360495098
-0.309999999999999	0.570447880448665
-0.289999999999999	0.604033679163324
-0.269999999999999	0.638611385720692
-0.249999999999999	0.674183636260545
-0.229999999999999	0.710753074001921
-0.209999999999999	0.748322349264307
-0.189999999999999	0.786894119488893
-0.169999999999999	0.826471049259899
-0.149999999999999	0.86705581032597
-0.129999999999999	0.90865108162165
-0.109999999999999	0.951259549288921
-0.0899999999999994	0.994883906698823
-0.0699999999999994	1.03952685447314
-0.0499999999999994	1.08519110050615
-0.0299999999999994	1.13187935998648
-0.00999999999999938	1.17959435541902
0.0100000000000006	1.22833881664688
0.0300000000000006	1.27811548087345
0.0500000000000006	1.32892709268455
0.0700000000000006	1.38077640407066
0.0900000000000006	1.43366617444913
0.110000000000001	1.4875991706866
0.130000000000001	1.54257816712143
0.150000000000001	1.59860594558618
0.170000000000001	1.65568529543022
0.190000000000001	1.71381901354238
0.210000000000001	1.7730099043737
0.230000000000001	1.83326077996026
0.250000000000001	1.89457445994603
0.270000000000001	1.9569537716059
0.290000000000001	2.02040154986869
0.310000000000001	2.08492063734031
0.330000000000001	2.15051388432695
0.350000000000001	2.21718414885835
0.370000000000001	2.28493429671123
0.390000000000001	2.35376720143265
0.410000000000001	2.42368574436363
0.430000000000001	2.49469281466266
0.450000000000001	2.56679130932949
0.470000000000001	2.63998413322881
0.490000000000001	2.71427419911416
0.510000000000001	2.78966442765182
0.530000000000001	2.86615774744485
0.550000000000001	2.94375709505719
0.570000000000001	3.0224654150378
0.590000000000001	3.10228565994498
0.610000000000001	3.18322079037066
0.630000000000001	3.26527377496485
0.650000000000001	3.34844759046015
0.670000000000001	3.43274522169636
0.690000000000001	3.51816966164513
0.710000000000001	3.60472391143475
0.730000000000001	3.69241098037497
0.750000000000001	3.78123388598198
0.770000000000001	3.87119565400339
0.790000000000001	3.96229931844336
0.810000000000001	4.05454792158777
0.830000000000001	4.14794451402955
0.850000000000001	4.24249215469397
0.870000000000001	4.33819391086415
0.890000000000001	4.43505285820661
0.910000000000001	4.53307208079685
0.930000000000001	4.63225467114512
0.950000000000001	4.73260373022217
0.970000000000001	4.83412236748523
0.990000000000001	4.93681370090389
