# Program settings for SigmaNu
# Electroweak scheme and input parameters
# Scheme = Complex mass scheme
# alpha_GF = 0.00755898078237864
# Pole masses/widths for particles [GeV]
# mw = 80.35797361
# gw = 2.084298894
# mz = 91.15348062
# gz = 2.494266379
# s^2_thetaw (derived) = (0.222868505240788,-0.00110716741475141)
# charged leptons
# m_e = 0.0005109989461
# m_m = 0.10565837
# m_t = 1.77686
# quarks
# m_d = 0.05
# m_u = 0.05
# m_s = 0.2
# m_c = 1.51
# m_b = 4.92
# m_t = 173
# Ecms (default) = 32.0716

# channel_id = 14
# process  = nu_e nu_t~ -> e- t+
-0.99	0.000517745998965525
-0.97	0.00348536367011734
-0.95	0.00904685467680538
-0.93	0.0172236194778414
-0.91	0.0280372354932579
-0.89	0.0415094587325928
-0.87	0.0576622254400497
-0.85	0.0765176537567328
-0.83	0.0980980454001552
-0.81	0.122425887361218
-0.79	0.14952385361887
-0.77	0.17941480687265
-0.75	0.212121800293319
-0.73	0.247668079291808
-0.71	0.286077083306673
-0.69	0.327372447610292
-0.67	0.371578005134028
-0.65	0.41871778831256
-0.63	0.468816030947631
-0.61	0.521897170091424
-0.59	0.577985847949816
-0.57	0.637106913805731
-0.55	0.699285425962831
-0.53	0.764546653709798
-0.51	0.832916079305438
-0.49	0.904419399984867
-0.47	0.979082529987017
-0.45	1.05693160260373
-0.429999999999999	1.13799297225068
-0.409999999999999	1.22229321656044
-0.389999999999999	1.3098591384978
-0.369999999999999	1.40071776849791
-0.349999999999999	1.49489636662711
-0.329999999999999	1.59242242476711
-0.309999999999999	1.69332366882256
-0.289999999999999	1.79762806095236
-0.269999999999999	1.905363801825
-0.249999999999999	2.01655933289828
-0.229999999999999	2.13124333872355
-0.209999999999999	2.24944474927493
-0.189999999999999	2.37119274230372
-0.169999999999999	2.49651674571838
-0.149999999999999	2.62544643999025
-0.129999999999999	2.75801176058552
-0.109999999999999	2.89424290042356
-0.0899999999999994	3.03417031236221
-0.0699999999999994	3.17782471170996
-0.0499999999999994	3.32523707876579
-0.0299999999999994	3.47643866138671
-0.00999999999999938	3.63146097758337
0.0100000000000006	3.79033581814428
0.0300000000000006	3.95309524928879
0.0500000000000006	4.11977161534918
0.0700000000000006	4.29039754148247
0.0900000000000006	4.46500593641196
0.110000000000001	4.64362999519919
0.130000000000001	4.82630320204644
0.150000000000001	5.01305933313037
0.170000000000001	5.20393245946704
0.190000000000001	5.39895694980873
0.210000000000001	5.59816747357298
0.230000000000001	5.80159900380429
0.250000000000001	6.0092868201688
0.270000000000001	6.2212665119824
0.290000000000001	6.43757398127276
0.310000000000001	6.65824544587555
0.330000000000001	6.88331744256549
0.350000000000001	7.11282683022241
0.370000000000001	7.3468107930331
0.390000000000001	7.58530684372898
0.410000000000001	7.82835282686046
0.430000000000001	8.07598692210818
0.450000000000001	8.32824764763171
0.470000000000001	8.58517386345612
0.490000000000001	8.84680477489702
0.510000000000001	9.11317993602441
0.530000000000001	9.38433925316596
0.550000000000001	9.66032298845017
0.570000000000001	9.94117176338985
0.590000000000001	10.2269265625067
0.610000000000001	10.517628736997
0.630000000000001	10.8133200084397
0.650000000000001	11.1140424725468
0.670000000000001	11.4198386029564
0.690000000000001	11.7307512550703
0.710000000000001	12.0468236699349
0.730000000000001	12.3680994781672
0.750000000000001	12.6946227039265
0.770000000000001	13.026437768931
0.790000000000001	13.3635894965222
0.810000000000001	13.7061231157754
0.830000000000001	14.0540842656585
0.850000000000001	14.4075189992391
0.870000000000001	14.7664737879403
0.890000000000001	15.1309955258465
0.910000000000001	15.5011315340594
0.930000000000001	15.8769295651048
0.950000000000001	16.2584378073912
0.970000000000001	16.6457048897205
0.990000000000001	17.038779885852
