# Program settings for SigmaNu
# Electroweak scheme and input parameters
# Scheme = Complex mass scheme
# alpha_GF = 0.00755898078237864
# Pole masses/widths for particles [GeV]
# mw = 80.35797361
# gw = 2.084298894
# mz = 91.15348062
# gz = 2.494266379
# s^2_thetaw (derived) = (0.222868505240788,-0.00110716741475141)
# charged leptons
# m_e = 0.0005109989461
# m_m = 0.10565837
# m_t = 1.77686
# quarks
# m_d = 0.05
# m_u = 0.05
# m_s = 0.2
# m_c = 1.51
# m_b = 4.92
# m_t = 173
# Ecms (default) = 6113.45

# channel_id = 14
# process  = nu_e nu_t~ -> e- t+
-0.99	4.75213870554674e-07
-0.97	4.36414222578669e-06
-0.95	1.23724892111195e-05
-0.93	2.475516046528e-05
-0.91	4.17831046952109e-05
-0.89	6.37444493514465e-05
-0.87	9.09457277776185e-05
-0.85	0.000123713206178435
-0.83	0.0001623943196057
-0.81	0.000207359227114807
-0.79	0.000259002497306994
-0.77	0.000317744936659694
-0.75	0.000384035574374243
-0.73	0.000458353818955757
-0.71	0.000541211803404681
-0.69	0.000633156937767594
-0.67	0.000734774689893717
-0.65	0.000846691617604693
-0.63	0.000969578678145245
-0.61	0.0011041548437827
-0.59	0.00125119105581285
-0.57	0.00141151455306392
-0.55	0.00158601361533409
-0.53	0.00177564276712669
-0.51	0.00198142849264756
-0.49	0.00220447551940338
-0.47	0.00244597373500627
-0.45	0.00270720581008759
-0.429999999999999	0.00298955560971524
-0.409999999999999	0.00329451748658384
-0.389999999999999	0.00362370656173191
-0.369999999999999	0.00397887011289694
-0.349999999999999	0.00436190020716263
-0.329999999999999	0.00477484773365109
-0.309999999999999	0.00521993801410662
-0.289999999999999	0.00569958819482921
-0.269999999999999	0.00621642665316836
-0.249999999999999	0.00677331468642749
-0.229999999999999	0.00737337079144946
-0.209999999999999	0.00801999789043037
-0.189999999999999	0.0087169139139371
-0.169999999999999	0.00946818621725284
-0.149999999999999	0.010278270382944
-0.129999999999999	0.0111520540532456
-0.109999999999999	0.0120949065433227
-0.0899999999999994	0.0131127351141413
-0.0699999999999994	0.0142120489358207
-0.0499999999999994	0.0154000319541786
-0.0299999999999994	0.0166846260912052
-0.00999999999999938	0.0180746264724674
0.0100000000000006	0.0195797906909946
0.0300000000000006	0.0212109645006122
0.0500000000000006	0.0229802267978005
0.0700000000000006	0.0249010573199333
0.0900000000000006	0.0269885311845797
0.110000000000001	0.029259545251749
0.130000000000001	0.0317330823499845
0.150000000000001	0.034430520721419
0.170000000000001	0.0373759976794307
0.190000000000001	0.0405968385253803
0.210000000000001	0.0441240643559871
0.230000000000001	0.0479929956656294
0.250000000000001	0.0522439728143941
0.270000000000001	0.0569232197684212
0.290000000000001	0.0620838843943461
0.310000000000001	0.0677872975063733
0.330000000000001	0.0741045045082198
0.350000000000001	0.0811181387869495
0.370000000000001	0.0889247263131246
0.390000000000001	0.097637538020676
0.410000000000001	0.107390143084156
0.430000000000001	0.118340865905466
0.450000000000001	0.130678417854589
0.470000000000001	0.144629069464195
0.490000000000001	0.160465861540786
0.510000000000001	0.178520542072982
0.530000000000001	0.199199186623724
0.550000000000001	0.22300285444523
0.570000000000001	0.250555215904804
0.590000000000001	0.282639963124169
0.610000000000001	0.320252155090293
0.630000000000001	0.3646697345028
0.650000000000001	0.417554770258233
0.670000000000001	0.481099373805708
0.690000000000001	0.558240234167809
0.710000000000001	0.652981145185691
0.730000000000001	0.770890197167963
0.750000000000001	0.919888334276292
0.770000000000001	1.11154140251199
0.790000000000001	1.36325835234958
0.810000000000001	1.70219948173689
0.830000000000001	2.17259788140749
0.850000000000001	2.85036879744544
0.870000000000001	3.87462383690241
0.890000000000001	5.52271594469883
0.910000000000001	8.41379525986416
0.930000000000001	14.1703338987904
0.950000000000001	28.2413689199389
0.970000000000001	79.3379660498203
0.990000000000001	696.525693285196
