# Program settings for SigmaNu
# Electroweak scheme and input parameters
# Scheme = Complex mass scheme
# alpha_GF = 0.00755898078237864
# Pole masses/widths for particles [GeV]
# mw = 80.35797361
# gw = 2.084298894
# mz = 91.15348062
# gz = 2.494266379
# s^2_thetaw (derived) = (0.222868505240788,-0.00110716741475141)
# charged leptons
# m_e = 0.0005109989461
# m_m = 0.10565837
# m_t = 1.77686
# quarks
# m_d = 0.05
# m_u = 0.05
# m_s = 0.2
# m_c = 1.51
# m_b = 4.92
# m_t = 173
# Ecms (default) = 8.35271

# channel_id = 14
# process  = nu_e nu_t~ -> e- t+
-0.99	0.000262813207424175
-0.97	0.000939100965015462
-0.95	0.00181637352623269
-0.93	0.00289475394181829
-0.91	0.00417436533785962
-0.89	0.00565533091584011
-0.87	0.00733777395269054
-0.85	0.00922181780084053
-0.83	0.0113075858882697
-0.81	0.0135952017185592
-0.79	0.0160847888709433
-0.77	0.0187764710003604
-0.75	0.0216703718375054
-0.73	0.0247666151888802
-0.71	0.0280653249368464
-0.69	0.0315666250396761
-0.67	0.035270639531604
-0.65	0.0391774925228791
-0.63	0.0432873081998165
-0.61	0.0476002108248489
-0.59	0.052116324736579
-0.57	0.0568357743498307
-0.55	0.0617586841557017
-0.53	0.066885178721615
-0.51	0.0722153826913711
-0.49	0.0777494207852001
-0.47	0.0834874177998137
-0.45	0.0894294986084573
-0.429999999999999	0.0955757881609621
-0.409999999999999	0.101926411483798
-0.389999999999999	0.108481493680124
-0.369999999999999	0.115241159929843
-0.349999999999999	0.122205535489652
-0.329999999999999	0.129374745693096
-0.309999999999999	0.13674891595062
-0.289999999999999	0.14432817174962
-0.269999999999999	0.152112638654499
-0.249999999999999	0.160102442306713
-0.229999999999999	0.168297708424832
-0.209999999999999	0.176698562804587
-0.189999999999999	0.185305131318924
-0.169999999999999	0.194117539918055
-0.149999999999999	0.203135914629516
-0.129999999999999	0.212360381558213
-0.109999999999999	0.221791066886481
-0.0899999999999994	0.23142809687413
-0.0699999999999994	0.241271597858506
-0.0499999999999994	0.251321696254538
-0.0299999999999994	0.26157851855479
-0.00999999999999938	0.272042191329523
0.0100000000000006	0.282712841226735
0.0300000000000006	0.293590594972225
0.0500000000000006	0.304675579369641
0.0700000000000006	0.315967921300534
0.0900000000000006	0.327467747724412
0.110000000000001	0.339175185678792
0.130000000000001	0.351090362279254
0.150000000000001	0.363213404719495
0.170000000000001	0.375544440271381
0.190000000000001	0.388083596285
0.210000000000001	0.400831000188721
0.230000000000001	0.413786779489237
0.250000000000001	0.426951061771629
0.270000000000001	0.440323974699414
0.290000000000001	0.4539056460146
0.310000000000001	0.467696203537738
0.330000000000001	0.481695775167981
0.350000000000001	0.495904488883129
0.370000000000001	0.510322472739691
0.390000000000001	0.524949854872936
0.410000000000001	0.539786763496945
0.430000000000001	0.554833326904666
0.450000000000001	0.57008967346797
0.470000000000001	0.585555931637704
0.490000000000001	0.60123222994374
0.510000000000001	0.61711869699504
0.530000000000001	0.633215461479699
0.550000000000001	0.649522652165005
0.570000000000001	0.666040397897491
0.590000000000001	0.682768827602994
0.610000000000001	0.699708070286701
0.630000000000001	0.71685825503321
0.650000000000001	0.734219511006584
0.670000000000001	0.7517919674504
0.690000000000001	0.769575753687809
0.710000000000001	0.787570999121591
0.730000000000001	0.805777833234203
0.750000000000001	0.824196385587841
0.770000000000001	0.842826785824489
0.790000000000001	0.861669163665979
0.810000000000001	0.88072364891404
0.830000000000001	0.899990371450357
0.850000000000001	0.919469461236625
0.870000000000001	0.939161048314601
0.890000000000001	0.959065262806164
0.910000000000001	0.979182234913364
0.930000000000001	0.999512094918482
0.950000000000001	1.02005497318408
0.970000000000001	1.04081100015307
0.990000000000001	1.06178030634874
