# Program settings for SigmaNu
# Electroweak scheme and input parameters
# Scheme = Complex mass scheme
# alpha_GF = 0.00755898078237864
# Pole masses/widths for particles [GeV]
# mw = 80.35797361
# gw = 2.084298894
# mz = 91.15348062
# gz = 2.494266379
# s^2_thetaw (derived) = (0.222868505240788,-0.00110716741475141)
# charged leptons
# m_e = 0.0005109989461
# m_m = 0.10565837
# m_t = 1.77686
# quarks
# m_d = 0.05
# m_u = 0.05
# m_s = 0.2
# m_c = 1.51
# m_b = 4.92
# m_t = 173
# Ecms (default) = 2.45351

# channel_id = 14
# process  = nu_e nu_t~ -> e- t+
-0.99	6.04103679527323e-05
-0.97	0.000182863746367311
-0.95	0.000307500185100726
-0.93	0.000434319742138127
-0.91	0.000563322475466203
-0.89	0.000694508443073188
-0.87	0.000827877702948851
-0.85	0.000963430313084502
-0.83	0.00110116633147299
-0.81	0.00124108581610871
-0.79	0.00138318882498759
-0.77	0.0015274754161071
-0.75	0.00167394564746626
-0.73	0.00182259957706561
-0.71	0.00197343726290726
-0.69	0.00212645876299484
-0.67	0.00228166413533351
-0.65	0.00243905343793
-0.63	0.00259862672879257
-0.61	0.002760384065931
-0.59	0.00292432550735664
-0.57	0.00309045111108236
-0.55	0.00325876093512259
-0.53	0.00342925503749328
-0.51	0.00360193347621193
-0.49	0.0037767963092976
-0.47	0.00395384359477085
-0.45	0.00413307539065382
-0.429999999999999	0.00431449175497018
-0.409999999999999	0.00449809274574512
-0.389999999999999	0.0046838784210054
-0.369999999999999	0.0048718488387793
-0.349999999999999	0.00506200405709666
-0.329999999999999	0.00525434413398885
-0.309999999999999	0.00544886912748879
-0.289999999999999	0.00564557909563092
-0.269999999999999	0.00584447409645125
-0.249999999999999	0.00604555418798731
-0.229999999999999	0.00624881942827818
-0.209999999999999	0.00645426987536449
-0.189999999999999	0.0066619055872884
-0.169999999999999	0.00687172662209361
-0.149999999999999	0.00708373303782537
-0.129999999999999	0.00729792489253047
-0.109999999999999	0.00751430224425725
-0.0899999999999994	0.00773286515105556
-0.0699999999999994	0.00795361367097683
-0.0499999999999994	0.00817654786207402
-0.0299999999999994	0.00840166778240161
-0.00999999999999938	0.00862897349001566
0.0100000000000006	0.00885846504297375
0.0300000000000006	0.009090142499335
0.0500000000000006	0.00932400591716008
0.0700000000000006	0.0095600553545112
0.0900000000000006	0.00979829086945211
0.110000000000001	0.0100387125200481
0.130000000000001	0.010281320364366
0.150000000000001	0.0105261144604742
0.170000000000001	0.0107730948664427
0.190000000000001	0.0110222616403428
0.210000000000001	0.0112736148402477
0.230000000000001	0.0115271545242317
0.250000000000001	0.0117828807503712
0.270000000000001	0.0120407935767436
0.290000000000001	0.0123008930614281
0.310000000000001	0.0125631792625055
0.330000000000001	0.0128276522380581
0.350000000000001	0.0130943120461696
0.370000000000001	0.0133631587449254
0.390000000000001	0.0136341923924124
0.410000000000001	0.013907413046719
0.430000000000001	0.0141828207659352
0.450000000000001	0.0144604156081526
0.470000000000001	0.0147401976314641
0.490000000000001	0.0150221668939645
0.510000000000001	0.0153063234537498
0.530000000000001	0.0155926673689177
0.550000000000001	0.0158811986975676
0.570000000000001	0.0161719174978001
0.590000000000001	0.0164648238277176
0.610000000000001	0.0167599177454239
0.630000000000001	0.0170571993090246
0.650000000000001	0.0173566685766265
0.670000000000001	0.0176583256063381
0.690000000000001	0.0179621704562695
0.710000000000001	0.0182682031845323
0.730000000000001	0.0185764238492396
0.750000000000001	0.018886832508506
0.770000000000001	0.0191994292204478
0.790000000000001	0.0195142140431828
0.810000000000001	0.0198311870348303
0.830000000000001	0.0201503482535111
0.850000000000001	0.0204716977573476
0.870000000000001	0.0207952356044637
0.890000000000001	0.021120961852985
0.910000000000001	0.0214488765610385
0.930000000000001	0.0217789797867527
0.950000000000001	0.0221112715882577
0.970000000000001	0.0224457520236853
0.990000000000001	0.0227824211511686
