# Program settings for SigmaNu
# Electroweak scheme and input parameters
# Scheme = Complex mass scheme
# alpha_GF = 0.00755898078237864
# Pole masses/widths for particles [GeV]
# mw = 80.35797361
# gw = 2.084298894
# mz = 91.15348062
# gz = 2.494266379
# s^2_thetaw (derived) = (0.222868505240788,-0.00110716741475141)
# charged leptons
# m_e = 0.0005109989461
# m_m = 0.10565837
# m_t = 1.77686
# quarks
# m_d = 0.05
# m_u = 0.05
# m_s = 0.2
# m_c = 1.51
# m_b = 4.92
# m_t = 173
# Ecms (default) = 11.1003

# channel_id = 14
# process  = nu_e nu_t~ -> e- t+
-0.99	0.000289946927218067
-0.97	0.00114818824399642
-0.95	0.00237789838989943
-0.93	0.00397948405492972
-0.91	0.00595335237445065
-0.89	0.00829991092972829
-0.87	0.0110195677484741
-0.85	0.0141127313053883
-0.83	0.017579810522704
-0.81	0.0214212147707321
-0.79	0.025637353868407
-0.77	0.0302286380838329
-0.75	0.035195478134831
-0.73	0.0405382851894873
-0.71	0.0462574708667012
-0.69	0.0523534472367351
-0.67	0.0588266268217644
-0.65	0.0656774225964285
-0.63	0.072906247988382
-0.61	0.080513516878848
-0.59	0.0884996436031702
-0.57	0.0968650429513678
-0.55	0.105610130168689
-0.53	0.114735320956169
-0.51	0.124241031471182
-0.49	0.134127678328002
-0.47	0.144395678598359
-0.45	0.155045449811997
-0.429999999999999	0.166077409957235
-0.409999999999999	0.177491977481525
-0.389999999999999	0.189289571292013
-0.369999999999999	0.201470610756104
-0.349999999999999	0.214035515702019
-0.329999999999999	0.226984706419362
-0.309999999999999	0.240318603659682
-0.289999999999999	0.254037628637039
-0.269999999999999	0.268142203028569
-0.249999999999999	0.28263274897505
-0.229999999999999	0.297509689081467
-0.209999999999999	0.312773446417586
-0.189999999999999	0.328424444518515
-0.169999999999999	0.344463107385277
-0.149999999999999	0.360889859485382
-0.129999999999999	0.377705125753393
-0.109999999999999	0.394909331591504
-0.0899999999999994	0.412502902870106
-0.0699999999999994	0.430486265928365
-0.0499999999999994	0.448859847574794
-0.0299999999999994	0.467624075087828
-0.00999999999999938	0.486779376216399
0.0100000000000006	0.506326179180516
0.0300000000000006	0.526264912671838
0.0500000000000006	0.546596005854254
0.0700000000000006	0.567319888364461
0.0900000000000006	0.588436990312544
0.110000000000001	0.609947742282558
0.130000000000001	0.631852575333107
0.150000000000001	0.654151920997927
0.170000000000001	0.676846211286468
0.190000000000001	0.69993587868448
0.210000000000001	0.723421356154595
0.230000000000001	0.747303077136913
0.250000000000001	0.771581475549587
0.270000000000001	0.796256985789414
0.290000000000001	0.821330042732418
0.310000000000001	0.84680108173444
0.330000000000001	0.872670538631729
0.350000000000001	0.898938849741528
0.370000000000001	0.925606451862673
0.390000000000001	0.952673782276173
0.410000000000001	0.980141278745813
0.430000000000001	1.00800937951874
0.450000000000001	1.03627852332607
0.470000000000001	1.06494914938347
0.490000000000001	1.09402169739174
0.510000000000001	1.12349660753745
0.530000000000001	1.15337432049351
0.550000000000001	1.18365527741977
0.570000000000001	1.21433991996362
0.590000000000001	1.24542869026059
0.610000000000001	1.27692203093497
0.630000000000001	1.30882038510037
0.650000000000001	1.34112419636038
0.670000000000001	1.3738339088091
0.690000000000001	1.40694996703182
0.710000000000001	1.44047281610558
0.730000000000001	1.47440290159977
0.750000000000001	1.50874066957677
0.770000000000001	1.54348656659254
0.790000000000001	1.57864103969721
0.810000000000001	1.61420453643574
0.830000000000001	1.65017750484848
0.850000000000001	1.68656039347178
0.870000000000001	1.72335365133865
0.890000000000001	1.76055772797934
0.910000000000001	1.79817307342193
0.930000000000001	1.836200138193
0.950000000000001	1.87463937331821
0.970000000000001	1.91349123032291
0.990000000000001	1.95275616123278
