# Program settings for SigmaNu
# Electroweak scheme and input parameters
# Scheme = Complex mass scheme
# alpha_GF = 0.00755898078237864
# Pole masses/widths for particles [GeV]
# mw = 80.35797361
# gw = 2.084298894
# mz = 91.15348062
# gz = 2.494266379
# s^2_thetaw (derived) = (0.222868505240788,-0.00110716741475141)
# charged leptons
# m_e = 0.0005109989461
# m_m = 0.10565837
# m_t = 1.77686
# quarks
# m_d = 0.05
# m_u = 0.05
# m_s = 0.2
# m_c = 1.51
# m_b = 4.92
# m_t = 173
# Ecms (default) = 9678.34

# channel_id = 14
# process  = nu_e nu_t~ -> e- t+
-0.99	1.89647156727102e-07
-0.97	1.74164638681803e-06
-0.95	4.93764313261219e-06
-0.93	9.87937727323381e-06
-0.91	1.66749926170354e-05
-0.89	2.54394902803856e-05
-0.87	3.62952185883773e-05
-0.85	4.93724028294194e-05
-0.83	6.48097185371441e-05
-0.81	8.27549123536542e-05
-0.79	0.000103365474952581
-0.77	0.000126809370974438
-0.75	0.000153265831456791
-0.73	0.000182926214834937
-0.71	0.000215994943253744
-0.69	0.000252690521677281
-0.67	0.000293246648121234
-0.65	0.000337913424276049
-0.63	0.000386958676851202
-0.61	0.000440669401169393
-0.59	0.000499353339893213
-0.57	0.000563340711298387
-0.55	0.000632986103242633
-0.53	0.000708670550947895
-0.51	0.000790803818950648
-0.49	0.000879826910121277
-0.47	0.000976214827556031
-0.45	0.00108047961845974
-0.429999999999999	0.0011931737329289
-0.409999999999999	0.00131489373488913
-0.389999999999999	0.00144628440742833
-0.369999999999999	0.00158804330050244
-0.349999999999999	0.00174092577559959
-0.329999999999999	0.00190575060957854
-0.309999999999999	0.00208340622872415
-0.289999999999999	0.00227485765429491
-0.269999999999999	0.00248115425272498
-0.249999999999999	0.00270343839748284
-0.229999999999999	0.00294295516573913
-0.209999999999999	0.00320106321188571
-0.189999999999999	0.00347924698209638
-0.169999999999999	0.00377913046015121
-0.149999999999999	0.00410249266542383
-0.129999999999999	0.00445128516017613
-0.109999999999999	0.00482765186624841
-0.0899999999999994	0.00523395154225588
-0.0699999999999994	0.00567278333320324
-0.0499999999999994	0.00614701587710273
-0.0299999999999994	0.00665982054031816
-0.00999999999999938	0.00721470945818062
0.0100000000000006	0.0078155791839453
0.0300000000000006	0.00846676090241545
0.0500000000000006	0.00917307835087535
0.0700000000000006	0.00993991481734123
0.0900000000000006	0.0107732908647022
0.110000000000001	0.0116799547720134
0.130000000000001	0.0126674881075959
0.150000000000001	0.0137444293740423
0.170000000000001	0.0149204193203624
0.190000000000001	0.0162063723373513
0.210000000000001	0.0176146793859721
0.230000000000001	0.0191594492173154
0.250000000000001	0.0208567963090001
0.270000000000001	0.0227251860768993
0.290000000000001	0.0247858506710161
0.310000000000001	0.0270632922310626
0.330000000000001	0.0295858951351666
0.350000000000001	0.0323866749020256
0.370000000000001	0.0355041995277598
0.390000000000001	0.038983729889875
0.410000000000001	0.0428786404745944
0.430000000000001	0.0472522015719014
0.450000000000001	0.052179831392575
0.470000000000001	0.0577519644513988
0.490000000000001	0.0640777357110447
0.510000000000001	0.0712897554220561
0.530000000000001	0.0795503580376109
0.550000000000001	0.0890598666017603
0.570000000000001	0.100067647681202
0.590000000000001	0.112887082995174
0.610000000000001	0.127916120594743
0.630000000000001	0.145665904503612
0.650000000000001	0.166801311321697
0.670000000000001	0.192199385336299
0.690000000000001	0.223035272156425
0.710000000000001	0.260911441175205
0.730000000000001	0.3080569436143
0.750000000000001	0.367643540185682
0.770000000000001	0.444303863057247
0.790000000000001	0.545013353591864
0.810000000000001	0.68065906262938
0.830000000000001	0.86898028603234
0.850000000000001	1.14044062645147
0.870000000000001	1.55090624013878
0.890000000000001	2.21187191404196
0.910000000000001	3.37257685001174
0.930000000000001	5.68747054133858
0.950000000000001	11.3617995644611
0.970000000000001	32.0934893806274
0.990000000000001	289.415621522452
