# Program settings for SigmaNu
# Electroweak scheme and input parameters
# Scheme = Complex mass scheme
# alpha_GF = 0.00755898078237864
# Pole masses/widths for particles [GeV]
# mw = 80.35797361
# gw = 2.084298894
# mz = 91.15348062
# gz = 2.494266379
# s^2_thetaw (derived) = (0.222868505240788,-0.00110716741475141)
# charged leptons
# m_e = 0.0005109989461
# m_m = 0.10565837
# m_t = 1.77686
# quarks
# m_d = 0.05
# m_u = 0.05
# m_s = 0.2
# m_c = 1.51
# m_b = 4.92
# m_t = 173
# Ecms (default) = 423.84

# channel_id = 14
# process  = nu_e nu_t~ -> e- t+
-0.99	9.24466013241084e-05
-0.97	0.000846417012041809
-0.95	0.00239677982084696
-0.93	0.00479106026509192
-0.91	0.00807966647977191
-0.89	0.0123160861059019
-0.87	0.0175570981489586
-0.85	0.0238630014264863
-0.83	0.0312978610760181
-0.81	0.0399297747410291
-0.79	0.0498311602154594
-0.77	0.0610790665084433
-0.75	0.0737555104925028
-0.73	0.0879478415231934
-0.71	0.103749136668955
-0.69	0.12125862947006
-0.67	0.140582175458872
-0.65	0.161832758024489
-0.63	0.185131038598203
-0.61	0.210605955577813
-0.59	0.238395376905172
-0.57	0.268646811770004
-0.55	0.30151818754265
-0.53	0.337178698748939
-0.51	0.375809735703474
-0.49	0.417605901326484
-0.47	0.462776125699669
-0.45	0.511544889085946
-0.429999999999999	0.564153565467733
-0.409999999999999	0.620861900172703
-0.389999999999999	0.681949636883186
-0.369999999999999	0.747718311298972
-0.349999999999999	0.818493230982114
-0.329999999999999	0.894625663502297
-0.309999999999999	0.976495257976411
-0.289999999999999	1.06451272851973
-0.269999999999999	1.15912283207399
-0.249999999999999	1.26080767763867
-0.229999999999999	1.37009040921214
-0.209999999999999	1.48753931087538
-0.189999999999999	1.61377238957286
-0.169999999999999	1.74946249944455
-0.149999999999999	1.89534308125528
-0.129999999999999	2.05221460181438
-0.109999999999999	2.22095179159448
-0.0899999999999994	2.40251179442416
-0.0699999999999994	2.59794336160839
-0.0499999999999994	2.80839724468634
-0.0299999999999994	3.03513796695809
-0.00999999999999938	3.27955718474449
0.0100000000000006	3.54318888612732
0.0300000000000006	3.82772671893507
0.0500000000000006	4.13504379258277
0.0700000000000006	4.46721536202428
0.0900000000000006	4.82654487900518
0.110000000000001	5.21559398911702
0.130000000000001	5.63721716675955
0.150000000000001	6.09460181896404
0.170000000000001	6.59131485940828
0.190000000000001	7.13135696390005
0.210000000000001	7.71922597843916
0.230000000000001	8.35999127401055
0.250000000000001	9.05938124580071
0.270000000000001	9.82388666113633
0.290000000000001	10.660883199756
0.310000000000001	11.5787773412096
0.330000000000001	12.5871807893357
0.350000000000001	13.6971199526824
0.370000000000001	14.9212887165547
0.390000000000001	16.2743549750962
0.410000000000001	17.7733343158409
0.430000000000001	19.4380481069358
0.450000000000001	21.2916883667767
0.470000000000001	23.3615186729988
0.490000000000001	25.6797496692342
0.510000000000001	28.2846404261276
0.530000000000001	31.221894420924
0.550000000000001	34.5464432961826
0.570000000000001	38.3247459399597
0.590000000000001	42.6377794756609
0.610000000000001	47.5849696319964
0.630000000000001	53.2894118532762
0.650000000000001	59.9048891075544
0.670000000000001	67.6254262231319
0.690000000000001	76.6984807791798
0.710000000000001	87.4434362867569
0.730000000000001	100.277971161997
0.750000000000001	115.756368514258
0.770000000000001	134.626347545179
0.790000000000001	157.915366577944
0.810000000000001	187.06518880649
0.830000000000001	224.148104852434
0.850000000000001	272.226576397788
0.870000000000001	335.975930987169
0.890000000000001	422.81465562033
0.910000000000001	545.075213533698
0.930000000000001	724.470008966521
0.950000000000001	1002.10186547301
0.970000000000001	1463.52070492308
0.990000000000001	2311.45895897347
