# Program settings for SigmaNu
# Electroweak scheme and input parameters
# Scheme = Complex mass scheme
# alpha_GF = 0.00755898078237864
# Pole masses/widths for particles [GeV]
# mw = 80.35797361
# gw = 2.084298894
# mz = 91.15348062
# gz = 2.494266379
# s^2_thetaw (derived) = (0.222868505240788,-0.00110716741475141)
# charged leptons
# m_e = 0.0005109989461
# m_m = 0.10565837
# m_t = 1.77686
# quarks
# m_d = 0.05
# m_u = 0.05
# m_s = 0.2
# m_c = 1.51
# m_b = 4.92
# m_t = 173
# Ecms (default) = 4.42902

# channel_id = 14
# process  = nu_e nu_t~ -> e- t+
-0.99	0.000191308262363266
-0.97	0.000603113171713478
-0.95	0.00105384275543504
-0.93	0.00154350294622957
-0.91	0.00207209967770292
-0.89	0.00263963888436531
-0.87	0.00324612650163147
-0.85	0.00389156846582082
-0.83	0.00457597071415758
-0.81	0.00529933918477099
-0.79	0.0060616798166954
-0.77	0.00686299854987046
-0.75	0.00770330132514123
-0.73	0.00858259408425839
-0.71	0.00950088276987842
-0.69	0.0104581733255636
-0.67	0.0114544716957823
-0.65	0.0124897838259091
-0.63	0.0135641156622251
-0.61	0.0146774731519176
-0.59	0.0158298622430807
-0.57	0.0170212888847156
-0.55	0.01825175902673
-0.53	0.019521278619939
-0.51	0.0208298536160651
-0.49	0.0221774899677379
-0.47	0.0235641936284949
-0.45	0.0249899705527811
-0.429999999999999	0.0264548266959497
-0.409999999999999	0.0279587680142616
-0.389999999999999	0.0295018004648861
-0.369999999999999	0.0310839300059009
-0.349999999999999	0.0327051625962921
-0.329999999999999	0.0343655041959546
-0.309999999999999	0.0360649607656919
-0.289999999999999	0.0378035382672167
-0.269999999999999	0.0395812426631507
-0.249999999999999	0.041398079917025
-0.229999999999999	0.0432540559932799
-0.209999999999999	0.0451491768572656
-0.189999999999999	0.047083448475242
-0.169999999999999	0.0490568768143785
-0.149999999999999	0.051069467842755
-0.129999999999999	0.0531212275293615
-0.109999999999999	0.0552121618440984
-0.0899999999999994	0.0573422767577763
-0.0699999999999994	0.0595115782421169
-0.0499999999999994	0.0617200722697525
-0.0299999999999994	0.0639677648142264
-0.00999999999999938	0.0662546618499931
0.0100000000000006	0.0685807693524182
0.0300000000000006	0.070946093297779
0.0500000000000006	0.0733506396632643
0.0700000000000006	0.0757944144269746
0.0900000000000006	0.0782774235679223
0.110000000000001	0.0807996730660319
0.130000000000001	0.0833611689021401
0.150000000000001	0.0859619170579961
0.170000000000001	0.0886019235162614
0.190000000000001	0.0912811942605103
0.210000000000001	0.09399973527523
0.230000000000001	0.0967575525458206
0.250000000000001	0.0995546520585952
0.270000000000001	0.102391039800781
0.290000000000001	0.105266721760517
0.310000000000001	0.108181703926857
0.330000000000001	0.111135992289769
0.350000000000001	0.114129592840134
0.370000000000001	0.117162511569747
0.390000000000001	0.120234754471319
0.410000000000001	0.123346327538472
0.430000000000001	0.126497236765746
0.450000000000001	0.129687488148593
0.470000000000001	0.132917087683382
0.490000000000001	0.136186041367396
0.510000000000001	0.139494355198833
0.530000000000001	0.142842035176807
0.550000000000001	0.146229087301346
0.570000000000001	0.149655517573396
0.590000000000001	0.153121331994816
0.610000000000001	0.156626536568383
0.630000000000001	0.160171137297789
0.650000000000001	0.163755140187644
0.670000000000001	0.167378551243472
0.690000000000001	0.171041376471714
0.710000000000001	0.17474362187973
0.730000000000001	0.178485293475794
0.750000000000001	0.182266397269099
0.770000000000001	0.186086939269754
0.790000000000001	0.189946925488786
0.810000000000001	0.193846361938139
0.830000000000001	0.197785254630675
0.850000000000001	0.201763609580173
0.870000000000001	0.205781432801332
0.890000000000001	0.209838730309767
0.910000000000001	0.213935508122012
0.930000000000001	0.218071772255519
0.950000000000001	0.22224752872866
0.970000000000001	0.226462783560724
0.990000000000001	0.230717542771921
