# Program settings for SigmaNu
# Electroweak scheme and input parameters
# Scheme = Complex mass scheme
# alpha_GF = 0.00755898078237864
# Pole masses/widths for particles [GeV]
# mw = 80.35797361
# gw = 2.084298894
# mz = 91.15348062
# gz = 2.494266379
# s^2_thetaw (derived) = (0.222868505240788,-0.00110716741475141)
# charged leptons
# m_e = 0.0005109989461
# m_m = 0.10565837
# m_t = 1.77686
# quarks
# m_d = 0.05
# m_u = 0.05
# m_s = 0.2
# m_c = 1.51
# m_b = 4.92
# m_t = 173
# Ecms (default) = 5480.03

# channel_id = 14
# process  = nu_e nu_t~ -> e- t+
-0.99	5.91372160589551e-07
-0.97	5.43086606815404e-06
-0.95	1.53966649682152e-05
-0.93	3.08059658216627e-05
-0.91	5.19959282192251e-05
-0.89	7.93250874559269e-05
-0.87	0.000113174881417912
-0.85	0.000153951301663198
-0.83	0.000202086680141921
-0.81	0.000258041624187051
-0.79	0.000322307113728884
-0.77	0.000395406776163286
-0.75	0.000477899355954555
-0.73	0.000570381397901802
-0.71	0.000673490165068752
-0.69	0.000787906814700804
-0.67	0.000914359858064263
-0.65	0.00105362893308002
-0.63	0.00120654892193298
-0.61	0.00137401444957117
-0.59	0.00155698480322494
-0.57	0.00175648931784655
-0.55	0.00197363327777394
-0.53	0.00220960439105363
-0.51	0.00246567989982446
-0.49	0.00274323439809334
-0.47	0.00304374843727321
-0.45	0.00336881801017553
-0.429999999999999	0.00372016501595596
-0.409999999999999	0.00409964882204013
-0.389999999999999	0.00450927905458586
-0.369999999999999	0.00495122976689742
-0.349999999999999	0.005427855155785
-0.329999999999999	0.00594170701961955
-0.309999999999999	0.00649555417931488
-0.289999999999999	0.00709240411532628
-0.269999999999999	0.00773552711076275
-0.249999999999999	0.00842848323379613
-0.229999999999999	0.00917515254282646
-0.209999999999999	0.00997976895666643
-0.189999999999999	0.0108469583009498
-0.169999999999999	0.0117817811230001
-0.149999999999999	0.0127897809628801
-0.129999999999999	0.0138770388811558
-0.109999999999999	0.0150502351775627
-0.0899999999999994	0.0163167193935588
-0.0699999999999994	0.0176845898809615
-0.0499999999999994	0.0191627844450253
-0.0299999999999994	0.0207611838414667
-0.00999999999999938	0.0224907302331158
0.0100000000000006	0.0243635631055483
0.0300000000000006	0.0263931756178828
0.0500000000000006	0.0285945949445815
0.0700000000000006	0.0309845908714258
0.0900000000000006	0.0335819177753831
0.110000000000001	0.036407596184056
0.130000000000001	0.0394852414273142
0.150000000000001	0.0428414485279366
0.170000000000001	0.0465062445155457
0.190000000000001	0.0505136219007227
0.210000000000001	0.0549021702605232
0.230000000000001	0.0597158269558947
0.250000000000001	0.0650047731820082
0.270000000000001	0.0708265081865675
0.290000000000001	0.0772471430391436
0.310000000000001	0.0843429664203861
0.330000000000001	0.092202349375701
0.350000000000001	0.100928075017071
0.370000000000001	0.110640204389269
0.390000000000001	0.1214796234283
0.410000000000001	0.133612461366337
0.430000000000001	0.147235632707774
0.450000000000001	0.162583839710598
0.470000000000001	0.179938489953921
0.490000000000001	0.199639148574801
0.510000000000001	0.222098378917803
0.530000000000001	0.247821161872193
0.550000000000001	0.277430574452955
0.570000000000001	0.311702133021031
0.590000000000001	0.351610295324328
0.610000000000001	0.398392279510136
0.630000000000001	0.453636949627291
0.650000000000001	0.519410636890258
0.670000000000001	0.598438465866773
0.690000000000001	0.694370927439901
0.710000000000001	0.812184598756302
0.730000000000001	0.958799803151333
0.750000000000001	1.14406010724174
0.770000000000001	1.38233698598926
0.790000000000001	1.69525942248917
0.810000000000001	2.11656595583488
0.830000000000001	2.70119199221929
0.850000000000001	3.54339747060298
0.870000000000001	4.81585609615164
0.890000000000001	6.8626946353354
0.910000000000001	10.4516964625968
0.930000000000001	17.593174373088
0.950000000000001	35.0296648046192
0.970000000000001	98.1912081593533
0.990000000000001	852.860979216869
