# Program settings for SigmaNu
# Electroweak scheme and input parameters
# Scheme = Complex mass scheme
# alpha_GF = 0.00755898078237864
# Pole masses/widths for particles [GeV]
# mw = 80.35797361
# gw = 2.084298894
# mz = 91.15348062
# gz = 2.494266379
# s^2_thetaw (derived) = (0.222868505240788,-0.00110716741475141)
# charged leptons
# m_e = 0.0005109989461
# m_m = 0.10565837
# m_t = 1.77686
# quarks
# m_d = 0.05
# m_u = 0.05
# m_s = 0.2
# m_c = 1.51
# m_b = 4.92
# m_t = 173
# Ecms (default) = 107.996

# channel_id = 14
# process  = nu_e nu_t~ -> e- t+
-0.99	0.000662506062584053
-0.97	0.00583342356440977
-0.95	0.0163001732134821
-0.93	0.0322712900176809
-0.91	0.0539636102465375
-0.89	0.0816026414429229
-0.87	0.115422951121219
-0.85	0.155668575216299
-0.83	0.202593447415449
-0.81	0.256461850578001
-0.79	0.317548891525216
-0.77	0.386141000566319
-0.75	0.462536457215991
-0.73	0.547045943654422
-0.71	0.639993127584016
-0.69	0.741715276247199
-0.67	0.85256390348846
-0.65	0.972905451871322
-0.63	1.10312201199795
-0.61	1.24361208132671
-0.59	1.39479136494156
-0.57	1.55709362089838
-0.55	1.7309715529572
-0.53	1.91689775370814
-0.51	2.11536570131278
-0.49	2.32689081331396
-0.47	2.55201156121648
-0.45	2.7912906498107
-0.429999999999999	3.04531626550263
-0.409999999999999	3.31470339822914
-0.389999999999999	3.6000952418782
-0.369999999999999	3.90216467850341
-0.349999999999999	4.22161585202248
-0.329999999999999	4.55918583752317
-0.309999999999999	4.91564641277124
-0.289999999999999	5.29180593902617
-0.269999999999999	5.68851135882548
-0.249999999999999	6.10665031900245
-0.229999999999999	6.54715342785843
-0.209999999999999	7.01099665612576
-0.189999999999999	7.49920389213575
-0.169999999999999	8.012849662455
-0.149999999999999	8.55306203017868
-0.129999999999999	9.12102568408028
-0.109999999999999	9.71798523292061
-0.0899999999999994	10.3452487204262
-0.0699999999999994	11.0041913777673
-0.0499999999999994	11.6962596318108
-0.0299999999999994	12.4229753890085
-0.00999999999999938	13.185940616518
0.0100000000000006	13.9868422440596
0.0300000000000006	14.8274574121082
0.0500000000000006	15.7096590943235
0.0700000000000006	16.635422124652
0.0900000000000006	17.6068296623304
0.110000000000001	18.6260801310951
0.130000000000001	19.695494672297
0.150000000000001	20.8175251553718
0.170000000000001	21.9947627932633
0.190000000000001	23.2299474149821
0.210000000000001	24.5259774525664
0.230000000000001	25.8859207053452
0.250000000000001	27.3130259506602
0.270000000000001	28.810735477153
0.290000000000001	30.3826986244539
0.310000000000001	32.0327864217217
0.330000000000001	33.76510742708
0.350000000000001	35.5840248807106
0.370000000000001	37.4941752963385
0.390000000000001	39.5004886292381
0.410000000000001	41.6082101738949
0.430000000000001	43.8229243612925
0.450000000000001	46.1505806446945
0.470000000000001	48.5975216840507
0.490000000000001	51.170514063098
0.510000000000001	53.8767818002182
0.530000000000001	56.7240429446025
0.550000000000001	59.720549583747
0.570000000000001	62.8751316273494
0.590000000000001	66.1972447769688
0.610000000000001	69.6970231411301
0.630000000000001	73.3853370128133
0.650000000000001	77.2738563915308
0.670000000000001	81.3751209067109
0.690000000000001	85.7026168843264
0.710000000000001	90.2708623963468
0.730000000000001	95.0955012446754
0.750000000000001	100.193406960115
0.770000000000001	105.582798045423
0.790000000000001	111.283365862971
0.810000000000001	117.316416765881
0.830000000000001	123.705030301478
0.850000000000001	130.474235583069
0.870000000000001	137.651208237177
0.890000000000001	145.265490696462
0.910000000000001	153.349239033366
0.930000000000001	161.937500027686
0.950000000000001	171.068522747043
0.970000000000001	180.784109609661
0.990000000000001	191.130012714977
