# Program settings for SigmaNu
# Electroweak scheme and input parameters
# Scheme = Complex mass scheme
# alpha_GF = 0.00755898078237864
# Pole masses/widths for particles [GeV]
# mw = 80.35797361
# gw = 2.084298894
# mz = 91.15348062
# gz = 2.494266379
# s^2_thetaw (derived) = (0.222868505240788,-0.00110716741475141)
# charged leptons
# m_e = 0.0005109989461
# m_m = 0.10565837
# m_t = 1.77686
# quarks
# m_d = 0.05
# m_u = 0.05
# m_s = 0.2
# m_c = 1.51
# m_b = 4.92
# m_t = 173
# Ecms (default) = 3035.74

# channel_id = 14
# process  = nu_e nu_t~ -> e- t+
-0.99	1.92528200625815e-06
-0.97	1.76800919384604e-05
-0.95	5.01227565684361e-05
-0.93	0.000100285341863906
-0.91	0.000169264833261205
-0.89	0.000258227728685189
-0.87	0.000368415001308953
-0.85	0.000501147465762039
-0.83	0.000657831584948607
-0.81	0.000839965758483797
-0.79	0.00104914713804743
-0.77	0.00128707901974525
-0.75	0.00155557886892469
-0.73	0.00185658703888703
-0.71	0.00219217625165711
-0.69	0.00256456191650977
-0.67	0.00297611337042223
-0.65	0.00342936613414821
-0.63	0.00392703528834245
-0.61	0.00447203008626868
-0.59	0.00506746993329774
-0.57	0.00571670187886881
-0.55	0.00642331978410754
-0.53	0.00719118534817142
-0.51	0.00802445119897913
-0.49	0.00892758627968355
-0.47	0.00990540379154744
-0.45	0.0109630919873347
-0.429999999999999	0.0121062481475917
-0.409999999999999	0.0133409161160328
-0.389999999999999	0.0146736278205596
-0.369999999999999	0.0161114492643095
-0.349999999999999	0.017662031537789
-0.329999999999999	0.0193336674801031
-0.309999999999999	0.0211353547063065
-0.289999999999999	0.0230768658210717
-0.269999999999999	0.0251688267587142
-0.249999999999999	0.0274228043291224
-0.229999999999999	0.029851404211911
-0.209999999999999	0.032468380831473
-0.189999999999999	0.0352887607687585
-0.169999999999999	0.0383289816278519
-0.149999999999999	0.0416070485844064
-0.129999999999999	0.0451427112080044
-0.109999999999999	0.0489576635828974
-0.0899999999999994	0.0530757712652223
-0.0699999999999994	0.0575233292267475
-0.0499999999999994	0.062329355666515
-0.0299999999999994	0.0675259274484295
-0.00999999999999938	0.073148563977233
0.0100000000000006	0.0792366675977106
0.0300000000000006	0.085834030142853
0.0500000000000006	0.0929894171295391
0.0700000000000006	0.100757243385214
0.0900000000000006	0.10919835668773
0.110000000000001	0.118380949442555
0.130000000000001	0.128381622673044
0.150000000000001	0.139286631874079
0.170000000000001	0.151193350854053
0.190000000000001	0.164211997925087
0.210000000000001	0.178467679168451
0.230000000000001	0.194102816623238
0.250000000000001	0.211280045945736
0.270000000000001	0.230185689465662
0.290000000000001	0.251033938103344
0.310000000000001	0.274071911314141
0.330000000000001	0.299585810829973
0.350000000000001	0.327908445240719
0.370000000000001	0.359428483632501
0.390000000000001	0.394601904907556
0.410000000000001	0.433966255427669
0.430000000000001	0.478158526085228
0.450000000000001	0.527937732258991
0.470000000000001	0.584213657720712
0.490000000000001	0.648083752871966
0.510000000000001	0.720880928412179
0.530000000000001	0.804236063777316
0.550000000000001	0.900160619460988
0.570000000000001	1.01115706138513
0.590000000000001	1.14036828615811
0.610000000000001	1.29178255084432
0.630000000000001	1.47051867989985
0.650000000000001	1.68322945425273
0.670000000000001	1.93868241972778
0.690000000000001	2.24861287995829
0.710000000000001	2.62900467353869
0.730000000000001	3.10206178455401
0.750000000000001	3.69933036665428
0.770000000000001	4.4668047749516
0.790000000000001	5.47359609117434
0.810000000000001	6.82730543120905
0.830000000000001	8.70273685663792
0.850000000000001	11.3989822287856
0.870000000000001	15.4619985863356
0.890000000000001	21.9747887741727
0.910000000000001	33.33829846626
0.930000000000001	55.7806456463474
0.950000000000001	109.875696836245
0.970000000000001	300.480635477897
0.990000000000001	2325.77933864384
