# Program settings for SigmaNu
# Electroweak scheme and input parameters
# Scheme = Complex mass scheme
# alpha_GF = 0.00755898078237864
# Pole masses/widths for particles [GeV]
# mw = 80.35797361
# gw = 2.084298894
# mz = 91.15348062
# gz = 2.494266379
# s^2_thetaw (derived) = (0.222868505240788,-0.00110716741475141)
# charged leptons
# m_e = 0.0005109989461
# m_m = 0.10565837
# m_t = 1.77686
# quarks
# m_d = 0.05
# m_u = 0.05
# m_s = 0.2
# m_c = 1.51
# m_b = 4.92
# m_t = 173
# Ecms (default) = 146.696

# channel_id = 14
# process  = nu_e nu_t~ -> e- t+
-0.99	0.000501512639461945
-0.97	0.00449699913690113
-0.95	0.0126391877949116
-0.93	0.0251240145481814
-0.91	0.0421567947637138
-0.89	0.0639527267752138
-0.87	0.0907374260910022
-0.85	0.12274749238584
-0.83	0.160231111549753
-0.81	0.203448695243551
-0.79	0.252673560602628
-0.77	0.308192652939191
-0.75	0.370307314519985
-0.73	0.439334102743566
-0.71	0.515605661310151
-0.69	0.599471648270408
-0.67	0.691299725159355
-0.65	0.791476611770759
-0.63	0.900409211508813
-0.61	1.01852581267091
-0.59	1.14627737147152
-0.57	1.28413888311653
-0.55	1.43261084778503
-0.53	1.5922208389752
-0.51	1.76352518233028
-0.49	1.94711075378348
-0.47	2.14359690665676
-0.45	2.35363753822306
-0.429999999999999	2.57792330720578
-0.409999999999999	2.81718401475157
-0.389999999999999	3.07219116258449
-0.369999999999999	3.34376070334427
-0.349999999999999	3.63275599954162
-0.329999999999999	3.94009100914693
-0.309999999999999	4.26673371758147
-0.289999999999999	4.6137098378238
-0.269999999999999	4.98210680250108
-0.249999999999999	5.37307807423066
-0.229999999999999	5.7878478031425
-0.209999999999999	6.22771586347911
-0.189999999999999	6.69406330447686
-0.169999999999999	7.18835825442165
-0.149999999999999	7.7121623208942
-0.129999999999999	8.26713753483022
-0.109999999999999	8.85505389118375
-0.0899999999999994	9.47779754477063
-0.0699999999999994	10.1373797263679
-0.0499999999999994	10.8359464514507
-0.0299999999999994	11.5757891021722
-0.00999999999999938	12.3593559724606
0.0100000000000006	13.1892648765716
0.0300000000000006	14.0683169332605
0.0500000000000006	14.9995116511292
0.0700000000000006	15.9860634558796
0.0900000000000006	17.0314198174452
0.110000000000001	18.1392811545724
0.130000000000001	19.3136227167548
0.150000000000001	20.5587186689041
0.170000000000001	21.8791686332628
0.190000000000001	23.2799269764125
0.210000000000001	24.7663351674791
0.230000000000001	26.3441575775944
0.250000000000001	28.0196211412853
0.270000000000001	29.7994593588469
0.290000000000001	31.6909611862502
0.310000000000001	33.7020254373156
0.330000000000001	35.841221413641
0.350000000000001	38.1178565833561
0.370000000000001	40.5420522528918
0.390000000000001	43.1248283198436
0.410000000000001	45.8781983635893
0.430000000000001	48.8152765283159
0.450000000000001	51.9503978862536
0.470000000000001	55.2992542441682
0.490000000000001	58.8790476820318
0.510000000000001	62.7086644996698
0.530000000000001	66.8088727078476
0.550000000000001	71.2025467504462
0.570000000000001	75.9149238035564
0.590000000000001	80.9738967896536
0.610000000000001	86.4103502006371
0.630000000000001	92.2585459801176
0.650000000000001	98.5565681202991
0.670000000000001	105.346836341938
0.690000000000001	112.676701323015
0.710000000000001	120.599136519573
0.730000000000001	129.173544804346
0.750000000000001	138.466702094709
0.770000000000001	148.553865056994
0.790000000000001	159.520076127785
0.810000000000001	171.461706835137
0.830000000000001	184.488290196335
0.850000000000001	198.724705426336
0.870000000000001	214.313794130208
0.890000000000001	231.419507672499
0.910000000000001	250.230712004251
0.930000000000001	270.965810914346
0.950000000000001	293.878394248964
0.970000000000001	319.264177987016
0.990000000000001	347.469583599186
