# Program settings for SigmaNu
# Electroweak scheme and input parameters
# Scheme = Complex mass scheme
# alpha_GF = 0.00755898078237864
# Pole masses/widths for particles [GeV]
# mw = 80.35797361
# gw = 2.084298894
# mz = 91.15348062
# gz = 2.494266379
# s^2_thetaw (derived) = (0.222868505240788,-0.00110716741475141)
# charged leptons
# m_e = 0.0005109989461
# m_m = 0.10565837
# m_t = 1.77686
# quarks
# m_d = 0.05
# m_u = 0.05
# m_s = 0.2
# m_c = 1.51
# m_b = 4.92
# m_t = 173
# Ecms (default) = 5.57268

# channel_id = 14
# process  = nu_e nu_t~ -> e- t+
-0.99	0.000222386403244636
-0.97	0.000723676834009208
-0.95	0.00130034148108453
-0.93	0.0019523997833152
-0.91	0.00267987118455909
-0.89	0.00348277513368885
-0.87	0.00436113108459324
-0.85	0.00531495849617865
-0.83	0.00634427683237047
-0.81	0.00744910556211463
-0.79	0.00862946415937895
-0.77	0.0098853721031546
-0.75	0.0112168488774575
-0.73	0.01262391397133
-0.71	0.0141065868788418
-0.69	0.015664887099092
-0.67	0.0172988341362101
-0.65	0.0190084474993577
-0.63	0.0207937467027298
-0.61	0.0226547512655563
-0.59	0.0245914807121034
-0.57	0.026603954571675
-0.55	0.0286921923786145
-0.53	0.0308562136723056
-0.51	0.0330960379971744
-0.49	0.0354116849026904
-0.47	0.037803173943368
-0.45	0.0402705246787684
-0.429999999999999	0.0428137566735003
-0.409999999999999	0.045432889497222
-0.389999999999999	0.0481279427246424
-0.369999999999999	0.0508989359355229
-0.349999999999999	0.0537458887146783
-0.329999999999999	0.0566688206519787
-0.309999999999999	0.0596677513423507
-0.289999999999999	0.062742700385779
-0.269999999999999	0.0658936873873078
-0.249999999999999	0.0691207319570422
-0.229999999999999	0.0724238537101497
-0.209999999999999	0.0758030722668616
-0.189999999999999	0.0792584072524745
-0.169999999999999	0.0827898782973519
-0.149999999999999	0.0863975050369254
-0.129999999999999	0.0900813071116961
-0.109999999999999	0.0938413041672364
-0.0899999999999994	0.0976775158541912
-0.0699999999999994	0.101589961828279
-0.0499999999999994	0.105578661750296
-0.0299999999999994	0.109643635286111
-0.00999999999999938	0.113784902106675
0.0100000000000006	0.118002481888018
0.0300000000000006	0.12229639431125
0.0500000000000006	0.126666659062566
0.0700000000000006	0.131113295833242
0.0900000000000006	0.135636324319643
0.110000000000001	0.140235764223219
0.130000000000001	0.144911635250509
0.150000000000001	0.149663957113143
0.170000000000001	0.154492749527843
0.190000000000001	0.15939803221642
0.210000000000001	0.164379824905785
0.230000000000001	0.169438147327941
0.250000000000001	0.174573019219989
0.270000000000001	0.179784460324131
0.290000000000001	0.185072490387667
0.310000000000001	0.190437129162999
0.330000000000001	0.195878396407634
0.350000000000001	0.201396311884181
0.370000000000001	0.206990895360357
0.390000000000001	0.212662166608987
0.410000000000001	0.218410145408003
0.430000000000001	0.22423485154045
0.450000000000001	0.230136304794484
0.470000000000001	0.236114524963373
0.490000000000001	0.242169531845503
0.510000000000001	0.248301345244374
0.530000000000001	0.254509984968605
0.550000000000001	0.260795470831934
0.570000000000001	0.267157822653219
0.590000000000001	0.273597060256443
0.610000000000001	0.28011320347071
0.630000000000001	0.28670627213025
0.650000000000001	0.293376286074421
0.670000000000001	0.300123265147708
0.690000000000001	0.306947229199725
0.710000000000001	0.313848198085219
0.730000000000001	0.320826191664069
0.750000000000001	0.327881229801286
0.770000000000001	0.335013332367021
0.790000000000001	0.342222519236557
0.810000000000001	0.349508810290319
0.830000000000001	0.356872225413872
0.850000000000001	0.36431278449792
0.870000000000001	0.371830507438312
0.890000000000001	0.379425414136041
0.910000000000001	0.387097524497245
0.930000000000001	0.394846858433212
0.950000000000001	0.402673435860375
0.970000000000001	0.410577276700321
0.990000000000001	0.418558400879785
