# Program settings for SigmaNu
# Electroweak scheme and input parameters
# Scheme = Complex mass scheme
# alpha_GF = 0.00755898078237864
# Pole masses/widths for particles [GeV]
# mw = 80.35797361
# gw = 2.084298894
# mz = 91.15348062
# gz = 2.494266379
# s^2_thetaw (derived) = (0.222868505240788,-0.00110716741475141)
# charged leptons
# m_e = 0.0005109989461
# m_m = 0.10565837
# m_t = 1.77686
# quarks
# m_d = 0.05
# m_u = 0.05
# m_s = 0.2
# m_c = 1.51
# m_b = 4.92
# m_t = 173
# Ecms (default) = 318.928

# channel_id = 14
# process  = nu_e nu_t~ -> e- t+
-0.99	0.000155298875063052
-0.97	0.00141861878660613
-0.95	0.00401354612861993
-0.93	0.00801742524013114
-0.91	0.0135121650607281
-0.89	0.0205845418964098
-0.87	0.0293265250192014
-0.85	0.0398356270494442
-0.83	0.052215281256409
-0.81	0.066575248119581
-0.79	0.0830320537219129
-0.77	0.101709462800246
-0.75	0.122738989559934
-0.73	0.14626044967386
-0.71	0.172422557234419
-0.69	0.201383570814925
-0.67	0.2333119932294
-0.65	0.268387330062322
-0.63	0.306800912579223
-0.61	0.348756791232329
-0.59	0.394472706651146
-0.57	0.444181145765679
-0.55	0.498130491560777
-0.53	0.556586275916744
-0.51	0.619832546068245
-0.49	0.688173356427533
-0.47	0.761934398888538
-0.45	0.841464786277565
-0.429999999999999	0.927139005370352
-0.409999999999999	1.0193590578839
-0.389999999999999	1.11855681010966
-0.369999999999999	1.22519657442299
-0.349999999999999	1.33977794882962
-0.329999999999999	1.46283894404794
-0.309999999999999	1.59495943144202
-0.289999999999999	1.73676494948849
-0.269999999999999	1.88893091147191
-0.249999999999999	2.05218726286112
-0.229999999999999	2.22732364344867
-0.209999999999999	2.4151951169822
-0.189999999999999	2.61672853985563
-0.169999999999999	2.83292965066469
-0.149999999999999	3.06489097431287
-0.129999999999999	3.31380064817419
-0.109999999999999	3.58095229393061
-0.0899999999999994	3.86775607752813
-0.0699999999999994	4.17575112174634
-0.0499999999999994	4.5066194617672
-0.0299999999999994	4.86220176460674
-0.00999999999999938	5.2445150692446
0.0100000000000006	5.65577284685631
0.0300000000000006	6.09840773107445
0.0500000000000006	6.57509732833571
0.0700000000000006	7.08879359015532
0.0900000000000006	7.64275631513308
0.110000000000001	8.24059145177025
0.130000000000001	8.88629499766345
0.150000000000001	9.58430344122279
0.170000000000001	10.3395518748592
0.190000000000001	11.1575411313305
0.210000000000001	12.0444155674117
0.230000000000001	13.0070534537259
0.250000000000001	14.0531723423654
0.270000000000001	15.1914522953469
0.290000000000001	16.4316804934448
0.310000000000001	17.7849215409524
0.330000000000001	19.2637187824164
0.350000000000001	20.8823332115248
0.370000000000001	22.6570281584105
0.390000000000001	24.6064099939715
0.410000000000001	26.7518377283738
0.430000000000001	29.117917794852
0.450000000000001	31.733104756907
0.470000000000001	34.6304345107966
0.490000000000001	37.8484242657881
0.510000000000001	41.4321838567309
0.530000000000001	45.4347967432825
0.550000000000001	49.9190477547245
0.570000000000001	54.9596002329831
0.590000000000001	60.6457606011503
0.610000000000001	67.0850178071287
0.630000000000001	74.4076149395984
0.650000000000001	82.7725102534768
0.670000000000001	92.3752297493913
0.690000000000001	103.458326587447
0.710000000000001	116.325480994383
0.730000000000001	131.360757968098
0.750000000000001	149.055288345848
0.770000000000001	170.044819852554
0.790000000000001	195.163490309003
0.810000000000001	225.522325152852
0.830000000000001	262.626310412379
0.850000000000001	308.553252252024
0.870000000000001	366.234574917879
0.890000000000001	439.910064443504
0.910000000000001	535.891141048849
0.930000000000001	663.896522137862
0.950000000000001	839.507446768277
0.970000000000001	1088.95549760155
0.990000000000001	1459.15921434308
