# Program settings for SigmaNu
# Electroweak scheme and input parameters
# Scheme = Complex mass scheme
# alpha_GF = 0.00755898078237864
# Pole masses/widths for particles [GeV]
# mw = 80.35797361
# gw = 2.084298894
# mz = 91.15348062
# gz = 2.494266379
# s^2_thetaw (derived) = (0.222868505240788,-0.00110716741475141)
# charged leptons
# m_e = 0.0005109989461
# m_m = 0.10565837
# m_t = 1.77686
# quarks
# m_d = 0.05
# m_u = 0.05
# m_s = 0.2
# m_c = 1.51
# m_b = 4.92
# m_t = 173
# Ecms (default) = 3.92693

# channel_id = 14
# process  = nu_e nu_t~ -> e- t+
-0.99	0.000170968822125914
-0.97	0.000532467865070124
-0.95	0.000920053642329473
-0.93	0.00133372911827754
-0.91	0.0017734972576248
-0.89	0.00223936102541857
-0.87	0.00273132338704313
-0.85	0.00324938730821973
-0.83	0.00379355575500664
-0.81	0.00436383169379917
-0.79	0.00496021809132975
-0.77	0.00558271791466796
-0.75	0.00623133413122055
-0.73	0.00690606970873154
-0.71	0.00760692761528215
-0.69	0.00833391081929098
-0.67	0.00908702228951399
-0.65	0.00986626499504448
-0.63	0.0106716419053133
-0.61	0.0115031559900886
-0.59	0.0123608102194763
-0.57	0.0132446075639196
-0.55	0.0141545509941997
-0.53	0.0150906434814351
-0.51	0.0160528879970822
-0.49	0.0170412875129351
-0.47	0.0180558450011255
-0.45	0.0190965634341233
-0.429999999999999	0.0201634457847359
-0.409999999999999	0.0212564950261088
-0.389999999999999	0.0223757141317255
-0.369999999999999	0.0235211060754075
-0.349999999999999	0.024692673831314
-0.329999999999999	0.0258904203739428
-0.309999999999999	0.0271143486781294
-0.289999999999999	0.0283644617190478
-0.269999999999999	0.02964076247221
-0.249999999999999	0.0309432539134662
-0.229999999999999	0.0322719390190052
-0.209999999999999	0.0336268207653538
-0.189999999999999	0.0350079021293773
-0.169999999999999	0.0364151860882796
-0.149999999999999	0.0378486756196028
-0.129999999999999	0.0393083737012276
-0.109999999999999	0.0407942833113735
-0.0899999999999994	0.0423064074285981
-0.0699999999999994	0.0438447490317981
-0.0499999999999994	0.0454093111002087
-0.0299999999999994	0.0470000966134037
-0.00999999999999938	0.0486171085512958
0.0100000000000006	0.0502603498941367
0.0300000000000006	0.0519298236225165
0.0500000000000006	0.0536255327173647
0.0700000000000006	0.0553474801599492
0.0900000000000006	0.0570956689318774
0.110000000000001	0.0588701020150954
0.130000000000001	0.0606707823918885
0.150000000000001	0.062497713044881
0.170000000000001	0.0643508969570364
0.190000000000001	0.0662303371116576
0.210000000000001	0.0681360364923862
0.230000000000001	0.0700679980832039
0.250000000000001	0.0720262248684309
0.270000000000001	0.0740107198327272
0.290000000000001	0.0760214859610923
0.310000000000001	0.0780585262388648
0.330000000000001	0.0801218436517231
0.350000000000001	0.082211441185685
0.370000000000001	0.0843273218271077
0.390000000000001	0.0864694885626886
0.410000000000001	0.0886379443794641
0.430000000000001	0.0908326922648107
0.450000000000001	0.0930537352064445
0.470000000000001	0.0953010761924216
0.490000000000001	0.0975747182111376
0.510000000000001	0.0998746642513284
0.530000000000001	0.102200917302069
0.550000000000001	0.104553480352776
0.570000000000001	0.106932356393204
0.590000000000001	0.10933754841345
0.610000000000001	0.111769059403948
0.630000000000001	0.114226892355474
0.650000000000001	0.116711050259146
0.670000000000001	0.119221536106418
0.690000000000001	0.121758352889088
0.710000000000001	0.124321503599292
0.730000000000001	0.126910991229507
0.750000000000001	0.129526818772552
0.770000000000001	0.132168989221584
0.790000000000001	0.134837505570102
0.810000000000001	0.137532370811944
0.830000000000001	0.140253587941291
0.850000000000001	0.143001159952663
0.870000000000001	0.14577508984092
0.890000000000001	0.148575380601264
0.910000000000001	0.151402035229238
0.930000000000001	0.154255056720724
0.950000000000001	0.157134448071947
0.970000000000001	0.160040212279471
0.990000000000001	0.162972352340203
