# Program settings for SigmaNu
# Electroweak scheme and input parameters
# Scheme = Complex mass scheme
# alpha_GF = 0.00755898078237864
# Pole masses/widths for particles [GeV]
# mw = 80.35797361
# gw = 2.084298894
# mz = 91.15348062
# gz = 2.494266379
# s^2_thetaw (derived) = (0.222868505240788,-0.00110716741475141)
# charged leptons
# m_e = 0.0005109989461
# m_m = 0.10565837
# m_t = 1.77686
# quarks
# m_d = 0.05
# m_u = 0.05
# m_s = 0.2
# m_c = 1.51
# m_b = 4.92
# m_t = 173
# Ecms (default) = 20.7065

# channel_id = 14
# process  = nu_e nu_t~ -> e- t+
-0.99	0.000386706767474378
-0.97	0.00209691595375968
-0.95	0.00506005119201278
-0.93	0.00928076568506468
-0.91	0.0147637299341547
-0.89	0.0215136318104229
-0.87	0.0295351766267356
-0.85	0.0388330872098451
-0.83	0.0494121039728844
-0.81	0.061276984988202
-0.79	0.0744325060605341
-0.77	0.0888834608005185
-0.75	0.104634660698553
-0.73	0.121690935198998
-0.71	0.140057131774723
-0.69	0.159738116002007
-0.67	0.180738771635787
-0.65	0.203064000685253
-0.63	0.226718723489811
-0.61	0.251707878795383
-0.59	0.278036423831084
-0.57	0.305709334386241
-0.55	0.33473160488779
-0.53	0.365108248478024
-0.51	0.396844297092712
-0.49	0.429944801539582
-0.47	0.46441483157718
-0.45	0.500259475994092
-0.429999999999999	0.537483842688543
-0.409999999999999	0.57609305874837
-0.389999999999999	0.616092270531378
-0.369999999999999	0.657486643746063
-0.349999999999999	0.700281363532725
-0.329999999999999	0.744481634544967
-0.309999999999999	0.790092681031566
-0.289999999999999	0.837119746918747
-0.269999999999999	0.885568095892831
-0.249999999999999	0.93544301148329
-0.229999999999999	0.98674979714618
-0.209999999999999	1.03949377634798
-0.189999999999999	1.09368029264983
-0.169999999999999	1.14931470979215
-0.149999999999999	1.20640241177969
-0.129999999999999	1.26494880296696
-0.109999999999999	1.32495930814407
-0.0899999999999994	1.386439372623
-0.0699999999999994	1.44939446232424
-0.0499999999999994	1.51383006386389
-0.0299999999999994	1.57975168464114
-0.00999999999999938	1.64716485292616
0.0100000000000006	1.71607511794845
0.0300000000000006	1.7864880499856
0.0500000000000006	1.85840924045242
0.0700000000000006	1.93184430199057
0.0900000000000006	2.00679886855858
0.110000000000001	2.08327859552231
0.130000000000001	2.16128915974583
0.150000000000001	2.24083625968275
0.170000000000001	2.32192561546799
0.190000000000001	2.40456296900997
0.210000000000001	2.48875408408326
0.230000000000001	2.57450474642168
0.250000000000001	2.66182076381182
0.270000000000001	2.75070796618704
0.290000000000001	2.8411722057219
0.310000000000001	2.93321935692704
0.330000000000001	3.02685531674457
0.350000000000001	3.12208600464383
0.370000000000001	3.2189173627177
0.390000000000001	3.31735535577931
0.410000000000001	3.41740597145923
0.430000000000001	3.51907522030319
0.450000000000001	3.62236913587017
0.470000000000001	3.72729377483104
0.490000000000001	3.83385521706765
0.510000000000001	3.94205956577242
0.530000000000001	4.05191294754835
0.550000000000001	4.16342151250962
0.570000000000001	4.27659143438255
0.590000000000001	4.39142891060719
0.610000000000001	4.50794016243927
0.630000000000001	4.62613143505273
0.650000000000001	4.74600899764275
0.670000000000001	4.86757914352918
0.690000000000001	4.99084819026064
0.710000000000001	5.11582247971895
0.730000000000001	5.24250837822422
0.750000000000001	5.37091227664036
0.770000000000001	5.5010405904811
0.790000000000001	5.6328997600166
0.810000000000001	5.76649625038051
0.830000000000001	5.90183655167762
0.850000000000001	6.03892717909194
0.870000000000001	6.17777467299539
0.890000000000001	6.31838559905703
0.910000000000001	6.46076654835273
0.930000000000001	6.6049241374755
0.950000000000001	6.75086500864626
0.970000000000001	6.89859582982519
0.990000000000001	7.04812329482367
