# Program settings for SigmaNu
# Electroweak scheme and input parameters
# Scheme = Complex mass scheme
# alpha_GF = 0.00755898078237864
# Pole masses/widths for particles [GeV]
# mw = 80.35797361
# gw = 2.084298894
# mz = 91.15348062
# gz = 2.494266379
# s^2_thetaw (derived) = (0.222868505240788,-0.00110716741475141)
# charged leptons
# m_e = 0.0005109989461
# m_m = 0.10565837
# m_t = 1.77686
# quarks
# m_d = 0.05
# m_u = 0.05
# m_s = 0.2
# m_c = 1.51
# m_b = 4.92
# m_t = 173
# Ecms (default) = 61.1491

# channel_id = 14
# process  = nu_e nu_t~ -> e- t+
-0.99	0.000740599214417669
-0.97	0.00606740877938295
-0.95	0.0166165817187113
-0.93	0.0325041980959667
-0.91	0.0538489340664071
-0.89	0.0807721266653347
-0.87	0.113397840422546
-0.85	0.151852935860747
-0.83	0.19626713993784
-0.81	0.246773118495129
-0.79	0.303506550775668
-0.77	0.366606206079313
-0.75	0.436214022623384
-0.73	0.512475188680359
-0.71	0.595538226066574
-0.69	0.685555076058595
-0.67	0.782681187816737
-0.65	0.887075609398074
-0.63	0.998901081444328
-0.61	1.11832413363316
-0.59	1.24551518398465
-0.57	1.38064864111819
-0.55	1.52390300955851
-0.53	1.67546099819322
-0.51	1.83550963198831
-0.49	2.00424036707166
-0.47	2.18184920929922
-0.45	2.36853683642243
-0.429999999999999	2.56450872398049
-0.409999999999999	2.7699752750452
-0.389999999999999	2.98515195395151
-0.369999999999999	3.21025942415192
-0.349999999999999	3.4455236903379
-0.329999999999999	3.69117624497758
-0.309999999999999	3.94745421942445
-0.289999999999999	4.21460053975785
-0.269999999999999	4.49286408752267
-0.249999999999999	4.78249986554178
-0.229999999999999	5.08376916898222
-0.209999999999999	5.39693976186289
-0.189999999999999	5.72228605919907
-0.169999999999999	6.06008931498731
-0.149999999999999	6.4106378162419
-0.129999999999999	6.7742270833031
-0.109999999999999	7.15116007664608
-0.0899999999999994	7.54174741042887
-0.0699999999999994	7.94630757302743
-0.0499999999999994	8.36516715481636
-0.0299999999999994	8.79866108346382
-0.00999999999999938	9.24713286702139
0.0100000000000006	9.71093484510036
0.0300000000000006	10.1904284484388
0.0500000000000006	10.6859844671759
0.0700000000000006	11.1979833281651
0.0900000000000006	11.726815381668
0.110000000000001	12.2728811977912
0.130000000000001	12.8365918730376
0.150000000000001	13.4183693473644
0.170000000000001	14.0186467321548
0.190000000000001	14.6378686495284
0.210000000000001	15.2764915834335
0.230000000000001	15.9349842429852
0.250000000000001	16.6138279385328
0.270000000000001	17.3135169709599
0.290000000000001	18.0345590347467
0.310000000000001	18.7774756353432
0.330000000000001	19.5428025214303
0.350000000000001	20.3310901326695
0.370000000000001	21.1429040635701
0.390000000000001	21.9788255441315
0.410000000000001	22.8394519379471
0.430000000000001	23.7253972584896
0.450000000000001	24.6372927043292
0.470000000000001	25.5757872140717
0.490000000000001	26.5415480418408
0.510000000000001	27.5352613541653
0.530000000000001	28.5576328491758
0.550000000000001	29.6093883990549
0.570000000000001	30.6912747167318
0.590000000000001	31.8040600478594
0.610000000000001	32.9485348891608
0.630000000000001	34.1255127342857
0.650000000000001	35.3358308483712
0.670000000000001	36.580351072562
0.690000000000001	37.8599606598033
0.710000000000001	39.1755731432876
0.730000000000001	40.5281292390022
0.750000000000001	41.9185977838986
0.770000000000001	43.3479767112799
0.790000000000001	44.817294065081
0.810000000000001	46.3276090548062
0.830000000000001	47.8800131529711
0.850000000000001	49.4756312369975
0.870000000000001	51.1156227776041
0.890000000000001	52.8011830758462
0.910000000000001	54.5335445510659
0.930000000000001	56.3139780821333
0.950000000000001	58.1437944044873
0.970000000000001	60.0243455656109
0.990000000000001	61.9570264417227
