# Program settings for SigmaNu
# Electroweak scheme and input parameters
# Scheme = Complex mass scheme
# alpha_GF = 0.00755898078237864
# Pole masses/widths for particles [GeV]
# mw = 80.35797361
# gw = 2.084298894
# mz = 91.15348062
# gz = 2.494266379
# s^2_thetaw (derived) = (0.222868505240788,-0.00110716741475141)
# charged leptons
# m_e = 0.0005109989461
# m_m = 0.10565837
# m_t = 1.77686
# quarks
# m_d = 0.05
# m_u = 0.05
# m_s = 0.2
# m_c = 1.51
# m_b = 4.92
# m_t = 173
# Ecms (default) = 12583.7

# channel_id = 14
# process  = nu_e nu_t~ -> e- t+
-0.99	1.12190158900324e-07
-0.97	1.03031365829043e-06
-0.95	2.9209867447206e-06
-0.93	5.84439804527979e-06
-0.91	9.86452482039281e-06
-0.89	1.50494011955967e-05
-0.87	2.14714080013944e-05
-0.85	2.92075861925502e-05
-0.83	3.83399760203177e-05
-0.81	4.89559843562011e-05
-0.79	6.11487828170341e-05
-0.77	7.50177396216324e-05
-0.75	9.06688884228666e-05
-0.73	0.00010821543771
-0.71	0.000127778324769574
-0.69	0.000149486818634528
-0.67	0.000173479176947303
-0.65	0.000199903362220591
-0.63	0.000228917823608108
-0.61	0.000260692351006797
-0.59	0.000295409009112974
-0.57	0.000333263159961078
-0.55	0.000374464583500367
-0.53	0.000419238706929725
-0.51	0.000467827954834486
-0.49	0.000520493233675775
-0.47	0.000577515565900461
-0.45	0.000639197890901096
-0.429999999999999	0.000705867052298793
-0.409999999999999	0.000777875993592669
-0.389999999999999	0.000855606187170695
-0.369999999999999	0.00093947032507072
-0.349999999999999	0.00102991530379122
-0.329999999999999	0.00112742553996645
-0.309999999999999	0.00123252665894381
-0.289999999999999	0.00134578960435645
-0.269999999999999	0.00146783522381836
-0.249999999999999	0.00159933939405912
-0.229999999999999	0.0017410387583727
-0.209999999999999	0.00189373716043286
-0.189999999999999	0.00205831287163442
-0.169999999999999	0.00223572672452494
-0.149999999999999	0.00242703128304489
-0.129999999999999	0.00263338120174458
-0.109999999999999	0.00285604495155894
-0.0899999999999994	0.00309641811991693
-0.0699999999999994	0.00335603852894396
-0.0499999999999994	0.00363660345852433
-0.0299999999999994	0.00393998931255968
-0.00999999999999938	0.00426827412879517
0.0100000000000006	0.00462376340746488
0.0300000000000006	0.00500901982470936
0.0500000000000006	0.00542689750698641
0.0700000000000006	0.00588058167726143
0.0900000000000006	0.00637363464863019
0.110000000000001	0.00691004934385008
0.130000000000001	0.00749431176984584
0.150000000000001	0.00813147418724913
0.170000000000001	0.00882724110279379
0.190000000000001	0.0095880706982336
0.210000000000001	0.0104212949213006
0.230000000000001	0.0113352622388849
0.250000000000001	0.0123395080389257
0.270000000000001	0.0134449589306782
0.290000000000001	0.014664178820807
0.310000000000001	0.0160116667540631
0.330000000000001	0.0175042192645612
0.350000000000001	0.0191613736106119
0.370000000000001	0.0210059530735111
0.390000000000001	0.0230647419245368
0.410000000000001	0.0253693263218903
0.430000000000001	0.0279571491735926
0.450000000000001	0.0308728431710263
0.470000000000001	0.0341699286309555
0.490000000000001	0.0379129942531172
0.510000000000001	0.0421805235691085
0.530000000000001	0.0470685940700037
0.550000000000001	0.0526957695710997
0.570000000000001	0.059209644745792
0.590000000000001	0.0667957086726592
0.610000000000001	0.0756895120875375
0.630000000000001	0.0861936181999004
0.650000000000001	0.0987016044468059
0.670000000000001	0.113732663811757
0.690000000000001	0.131982491931532
0.710000000000001	0.154399813539386
0.730000000000001	0.182304393349341
0.750000000000001	0.217574279200807
0.770000000000001	0.262952740837486
0.790000000000001	0.322570755016572
0.810000000000001	0.402876533046242
0.830000000000001	0.514378153766398
0.850000000000001	0.67512405739216
0.870000000000001	0.918219557022345
0.890000000000001	1.30975256360278
0.910000000000001	1.99751357284518
0.930000000000001	3.36978273800359
0.950000000000001	6.73609704827385
0.970000000000001	19.0557727097272
0.990000000000001	173.119322015512
