# Program settings for SigmaNu
# Electroweak scheme and input parameters
# Scheme = Complex mass scheme
# alpha_GF = 0.00755898078237864
# Pole masses/widths for particles [GeV]
# mw = 80.35797361
# gw = 2.084298894
# mz = 91.15348062
# gz = 2.494266379
# s^2_thetaw (derived) = (0.222868505240788,-0.00110716741475141)
# charged leptons
# m_e = 0.0005109989461
# m_m = 0.10565837
# m_t = 1.77686
# quarks
# m_d = 0.05
# m_u = 0.05
# m_s = 0.2
# m_c = 1.51
# m_b = 4.92
# m_t = 173
# Ecms (default) = 6599.92

# channel_id = 14
# process  = nu_e nu_t~ -> e- t+
-0.99	4.07760233939283e-07
-0.97	3.74468739564252e-06
-0.95	1.06163228613893e-05
-0.93	2.12413964987076e-05
-0.91	3.58524047929477e-05
-0.89	5.46965854000208e-05
-0.87	7.80369701975587e-05
-0.85	0.000106153523995363
-0.83	0.000139344376799967
-0.81	0.000177927158345888
-0.79	0.000222240444518312
-0.77	0.000272645326310584
-0.75	0.000329527113098802
-0.73	0.00039329718329058
-0.71	0.000464394996833797
-0.69	0.000543290285674309
-0.67	0.000630485440052875
-0.65	0.000726518110557971
-0.63	0.000831964048133975
-0.61	0.00094744020681925
-0.59	0.00107360813689764
-0.57	0.0012111776994375
-0.55	0.00136091113692042
-0.53	0.00152362753889158
-0.51	0.0017002077463703
-0.49	0.00189159974423006
-0.47	0.00209882459699353
-0.45	0.0023229829906098
-0.429999999999999	0.00256526245092694
-0.409999999999999	0.00282694531890667
-0.389999999999999	0.00310941757334293
-0.369999999999999	0.0034141786041684
-0.349999999999999	0.00374285205363137
-0.329999999999999	0.00409719785901741
-0.309999999999999	0.00447912564955273
-0.289999999999999	0.00489070967210824
-0.269999999999999	0.00533420544585946
-0.249999999999999	0.00581206837578811
-0.229999999999999	0.00632697458960458
-0.209999999999999	0.00688184430324707
-0.189999999999999	0.00747986806768883
-0.169999999999999	0.00812453630570215
-0.149999999999999	0.0088196726131207
-0.129999999999999	0.00956947137699467
-0.109999999999999	0.0103785403552702
-0.0899999999999994	0.0112519489722129
-0.0699999999999994	0.0121952832143829
-0.0499999999999994	0.01321470816805
-0.0299999999999994	0.0143170394260814
-0.00999999999999938	0.015509824817452
0.0100000000000006	0.0168014381842458
0.0300000000000006	0.0182011872601315
0.0500000000000006	0.0197194381043987
0.0700000000000006	0.0213677590338767
0.0900000000000006	0.0231590875932165
0.110000000000001	0.0251079248398479
0.130000000000001	0.0272305621290084
0.150000000000001	0.0295453467124012
0.170000000000001	0.0320729938706156
0.190000000000001	0.0348369550617075
0.210000000000001	0.0378638537875315
0.230000000000001	0.0411840036889661
0.250000000000001	0.0448320269580928
0.270000000000001	0.0488475957360963
0.290000000000001	0.0532763250681534
0.310000000000001	0.0581708536418193
0.330000000000001	0.0635921585320273
0.350000000000001	0.0696111633244294
0.370000000000001	0.0763107164156188
0.390000000000001	0.0837880395728865
0.410000000000001	0.0921577782134214
0.430000000000001	0.101555827531964
0.450000000000001	0.11214416719373
0.470000000000001	0.124117018587425
0.490000000000001	0.13770875263614
0.510000000000001	0.153204137962728
0.530000000000001	0.170951751761128
0.550000000000001	0.191381714558608
0.570000000000001	0.215029411041517
0.590000000000001	0.242567611737556
0.610000000000001	0.274850560700366
0.630000000000001	0.312975386069981
0.650000000000001	0.358369039281434
0.670000000000001	0.412913602550318
0.690000000000001	0.479130533015812
0.710000000000001	0.560457667402755
0.730000000000001	0.661676266326417
0.750000000000001	0.789588366886208
0.770000000000001	0.954126717217155
0.790000000000001	1.1702433319005
0.810000000000001	1.46126759901526
0.830000000000001	1.8651980202142
0.850000000000001	2.44725902773352
0.870000000000001	3.32699338791685
0.890000000000001	4.7427953003182
0.910000000000001	7.22701824811814
0.930000000000001	12.1753509262055
0.950000000000001	24.2788442786001
0.970000000000001	68.2939041582352
0.990000000000001	603.33932442902
