# Program settings for SigmaNu
# Electroweak scheme and input parameters
# Scheme = Complex mass scheme
# alpha_GF = 0.00755898078237864
# Pole masses/widths for particles [GeV]
# mw = 80.35797361
# gw = 2.084298894
# mz = 91.15348062
# gz = 2.494266379
# s^2_thetaw (derived) = (0.222868505240788,-0.00110716741475141)
# charged leptons
# m_e = 0.0005109989461
# m_m = 0.10565837
# m_t = 1.77686
# quarks
# m_d = 0.05
# m_u = 0.05
# m_s = 0.2
# m_c = 1.51
# m_b = 4.92
# m_t = 173
# Ecms (default) = 50.2209

# channel_id = 14
# process  = nu_e nu_t~ -> e- t+
-0.99	0.000687698486144618
-0.97	0.00539252064078597
-0.95	0.0145993155984809
-0.93	0.0283844913323296
-0.91	0.046825758720427
-0.89	0.070002156311169
-0.87	0.09799407561969
-0.85	0.130883286968222
-0.83	0.168752965883516
-0.81	0.211687720064823
-0.79	0.259773616936269
-0.77	0.313098211797881
-0.75	0.371750576589865
-0.73	0.435821329285145
-0.71	0.505402663925602
-0.69	0.580588381317854
-0.67	0.661473920404841
-0.65	0.748156390329971
-0.63	0.840734603211007
-0.61	0.93930910764134
-0.59	1.04398222293684
-0.57	1.15485807414692
-0.55	1.27204262784903
-0.53	1.39564372874621
-0.51	1.52577113708815
-0.49	1.66253656693638
-0.47	1.80605372529522
-0.45	1.95643835213038
-0.429999999999999	2.11380826129801
-0.409999999999999	2.27828338240739
-0.389999999999999	2.44998580364129
-0.369999999999999	2.62903981555874
-0.349999999999999	2.81557195590535
-0.329999999999999	3.00971105545766
-0.309999999999999	3.21158828492793
-0.289999999999999	3.42133720295744
-0.269999999999999	3.63909380522639
-0.249999999999999	3.86499657470994
-0.229999999999999	4.09918653311026
-0.209999999999999	4.34180729349594
-0.189999999999999	4.59300511418026
-0.169999999999999	4.85292895387159
-0.149999999999999	5.1217305281295
-0.129999999999999	5.39956436716154
-0.109999999999999	5.68658787499649
-0.0899999999999994	5.98296139007116
-0.0699999999999994	6.28884824726873
-0.0499999999999994	6.60441484144776
-0.0299999999999994	6.92983069250246
-0.00999999999999938	7.26526851199562
0.0100000000000006	7.61090427140727
0.0300000000000006	7.96691727204306
0.0500000000000006	8.33349021664814
0.0700000000000006	8.71080928277316
0.0900000000000006	9.09906419794103
0.110000000000001	9.49844831666418
0.130000000000001	9.90915869936379
0.150000000000001	10.3313961932438
0.170000000000001	10.7653655151748
0.190000000000001	11.2112753366434
0.210000000000001	11.6693383708262
0.230000000000001	12.1397714618475
0.250000000000001	12.6227956762826
0.270000000000001	13.1186363969716
0.290000000000001	13.6275234192078
0.310000000000001	14.1496910493702
0.330000000000001	14.6853782060691
0.350000000000001	15.2348285238777
0.370000000000001	15.7982904597246
0.390000000000001	16.3760174020236
0.410000000000001	16.9682677826204
0.430000000000001	17.5753051916396
0.450000000000001	18.1973984953155
0.470000000000001	18.8348219568941
0.490000000000001	19.4878553606992
0.510000000000001	20.1567841394523
0.530000000000001	20.8418995049469
0.550000000000001	21.5434985821737
0.570000000000001	22.2618845470019
0.590000000000001	22.9973667675221
0.610000000000001	23.7502609491615
0.630000000000001	24.5208892836849
0.650000000000001	25.3095806021992
0.670000000000001	26.1166705322832
0.690000000000001	26.9425016593685
0.710000000000001	27.7874236925019
0.730000000000001	28.6517936346225
0.750000000000001	29.535975957495
0.770000000000001	30.4403427814407
0.790000000000001	31.3652740600174
0.810000000000001	32.3111577698005
0.830000000000001	33.2783901054261
0.850000000000001	34.2673756800604
0.870000000000001	35.2785277314669
0.890000000000001	36.3122683338479
0.910000000000001	37.369028615644
0.930000000000001	38.4492489834801
0.950000000000001	39.5533793524569
0.970000000000001	40.6818793829877
0.990000000000001	41.8352187243951
