# Program settings for SigmaNu
# Electroweak scheme and input parameters
# Scheme = Complex mass scheme
# alpha_GF = 0.00755898078237864
# Pole masses/widths for particles [GeV]
# mw = 80.35797361
# gw = 2.084298894
# mz = 91.15348062
# gz = 2.494266379
# s^2_thetaw (derived) = (0.222868505240788,-0.00110716741475141)
# charged leptons
# m_e = 0.0005109989461
# m_m = 0.10565837
# m_t = 1.77686
# quarks
# m_d = 0.05
# m_u = 0.05
# m_s = 0.2
# m_c = 1.51
# m_b = 4.92
# m_t = 173
# Ecms (default) = 3577

# channel_id = 14
# process  = nu_e nu_t~ -> e- t+
-0.99	1.38722957771377e-06
-0.97	1.27393066347027e-05
-0.95	3.61159547454141e-05
-0.93	7.22609879298718e-05
-0.91	0.000121965017544443
-0.89	0.000186068763858896
-0.87	0.000265466634272729
-0.85	0.000361110592485121
-0.83	0.000474014345423819
-0.81	0.000605257877513789
-0.79	0.000755992364962115
-0.77	0.000927445506192697
-0.75	0.00112092730842904
-0.73	0.00133783637474941
-0.71	0.00157966674078666
-0.69	0.00184801531568463
-0.67	0.00214458998803466
-0.65	0.00247121846439089
-0.63	0.00282985791570758
-0.61	0.0032226055157775
-0.59	0.00365170996561825
-0.57	0.00411958410891532
-0.55	0.00462881875627574
-0.53	0.00518219785039267
-0.51	0.00578271512052226
-0.49	0.0064335923932273
-0.47	0.00713829974749028
-0.45	0.00790057772644679
-0.429999999999999	0.00872446184561024
-0.409999999999999	0.00961430966910513
-0.389999999999999	0.0105748307617517
-0.369999999999999	0.0116111198666175
-0.349999999999999	0.0127286937057813
-0.329999999999999	0.0139335318576139
-0.309999999999999	0.0152321222281528
-0.289999999999999	0.016631511708642
-0.269999999999999	0.0181393626978452
-0.249999999999999	0.0197640162684845
-0.229999999999999	0.0215145628747001
-0.209999999999999	0.0234009216349009
-0.189999999999999	0.0254339293855409
-0.169999999999999	0.0276254408907652
-0.149999999999999	0.0299884418160487
-0.129999999999999	0.0325371763376095
-0.109999999999999	0.035287291571723
-0.0899999999999994	0.0382560013791276
-0.0699999999999994	0.0414622725418234
-0.0499999999999994	0.0449270368379426
-0.0299999999999994	0.0486734331738153
-0.00999999999999938	0.0527270846942518
0.0100000000000006	0.0571164167115564
0.0300000000000006	0.0618730224073801
0.0500000000000006	0.0670320846151042
0.0700000000000006	0.0726328636419941
0.0900000000000006	0.0787192631134227
0.110000000000001	0.085340488309791
0.130000000000001	0.0925518145405104
0.150000000000001	0.100415486913235
0.170000000000001	0.10900177761075
0.190000000000001	0.11839023274331
0.210000000000001	0.128671148342344
0.230000000000001	0.139947324552387
0.250000000000001	0.152336159158801
0.270000000000001	0.165972157056457
0.290000000000001	0.181009952190858
0.310000000000001	0.197627964340518
0.330000000000001	0.216032846840595
0.350000000000001	0.236464925702922
0.370000000000001	0.259204889358257
0.390000000000001	0.284582066747209
0.410000000000001	0.312984737239183
0.430000000000001	0.344873059621115
0.450000000000001	0.380795404723977
0.470000000000001	0.421409149898743
0.490000000000001	0.46750737721888
0.510000000000001	0.520053461566575
0.530000000000001	0.580226316693395
0.550000000000001	0.649480206052453
0.570000000000001	0.729624707935013
0.590000000000001	0.822932950881643
0.610000000000001	0.932290094424013
0.630000000000001	1.06140003670003
0.650000000000001	1.2150778736182
0.670000000000001	1.39967114338794
0.690000000000001	1.6236787334036
0.710000000000001	1.89868060327712
0.730000000000001	2.24076973239017
0.750000000000001	2.67282093687989
0.770000000000001	3.22820401836239
0.790000000000001	3.95709257429569
0.810000000000001	4.93766285704336
0.830000000000001	6.29703330015418
0.850000000000001	8.25295137153204
0.870000000000001	11.2034585667597
0.890000000000001	15.9396191594573
0.910000000000001	24.2196640408005
0.930000000000001	40.6215856682705
0.950000000000001	80.3605355613853
0.970000000000001	221.931983548901
0.990000000000001	1796.60425617197
