# Program settings for SigmaNu
# Electroweak scheme and input parameters
# Scheme = Complex mass scheme
# alpha_GF = 0.00755898078237864
# Pole masses/widths for particles [GeV]
# mw = 80.35797361
# gw = 2.084298894
# mz = 91.15348062
# gz = 2.494266379
# s^2_thetaw (derived) = (0.222868505240788,-0.00110716741475141)
# charged leptons
# m_e = 0.0005109989461
# m_m = 0.10565837
# m_t = 1.77686
# quarks
# m_d = 0.05
# m_u = 0.05
# m_s = 0.2
# m_c = 1.51
# m_b = 4.92
# m_t = 173
# Ecms (default) = 31885.2

# channel_id = 14
# process  = nu_e nu_t~ -> e- t+
-0.99	1.74751850268681e-08
-0.97	1.60486223110374e-07
-0.95	4.54986375410851e-07
-0.93	9.1035125214309e-07
-0.91	1.53654664201115e-06
-0.89	2.34417029782467e-06
-0.87	3.34449708839932e-06
-0.85	4.54952782384477e-06
-0.83	5.97204209286297e-06
-0.81	7.62565548575276e-06
-0.79	9.52488161593074e-06
-0.77	1.16851993965062e-05
-0.75	1.41231260772666e-05
-0.73	1.68562966021651e-05
-0.71	1.99035499086559e-05
-0.69	2.32850228590148e-05
-0.67	2.70222525710892e-05
-0.65	3.11382880027968e-05
-0.63	3.56578117427171e-05
-0.61	4.06072730695275e-05
-0.59	4.60150334679021e-05
-0.57	5.19115259296421e-05
-0.55	5.83294295288041e-05
-0.53	6.5303860941057e-05
-0.51	7.28725847837586e-05
-0.49	8.10762448880092e-05
-0.47	8.99586188815257e-05
-0.45	9.95668987668048e-05
-0.429999999999999	0.000109952000528604
-0.409999999999999	0.000121168906205344
-0.389999999999999	0.000133277042318855
-0.369999999999999	0.000146340699085742
-0.349999999999999	0.000160429495443012
-0.329999999999999	0.000175618895624156
-0.309999999999999	0.000191990783835736
-0.289999999999999	0.000209634104528077
-0.269999999999999	0.000228645576849748
-0.249999999999999	0.000249130493151727
-0.229999999999999	0.000271203612896349
-0.209999999999999	0.00029499016506807
-0.189999999999999	0.000320626974225419
-0.169999999999999	0.000348263727734102
-0.149999999999999	0.000378064404550162
-0.129999999999999	0.000410208889264651
-0.109999999999999	0.000444894799081541
-0.0899999999999994	0.000482339556106067
-0.0699999999999994	0.000522782742928021
-0.0499999999999994	0.000566488786186926
-0.0299999999999994	0.000613750020842521
-0.00999999999999938	0.000664890197541787
0.0100000000000006	0.000720268507143357
0.0300000000000006	0.000780284210595541
0.0500000000000006	0.000845381979549357
0.0700000000000006	0.000916058074059912
0.0900000000000006	0.00099286750942436
0.110000000000001	0.00107643239581557
0.130000000000001	0.00116745167342686
0.150000000000001	0.00126671251431428
0.170000000000001	0.00137510372256074
0.190000000000001	0.0014936315401117
0.210000000000001	0.00162343836100075
0.230000000000001	0.00176582497742961
0.250000000000001	0.00192227713490723
0.270000000000001	0.00209449737055201
0.290000000000001	0.00228444336240088
0.310000000000001	0.00249437434668749
0.330000000000001	0.00272690758987456
0.350000000000001	0.00298508746763422
0.370000000000001	0.00327247045243156
0.390000000000001	0.00359323031284644
0.410000000000001	0.00395228917751402
0.430000000000001	0.00435548195229332
0.450000000000001	0.00480976410021954
0.470000000000001	0.00532347629159815
0.490000000000001	0.00590668433851652
0.510000000000001	0.00657161979340104
0.530000000000001	0.00733325660448253
0.550000000000001	0.00821007381328794
0.570000000000001	0.00922507585957648
0.590000000000001	0.0104071744862873
0.610000000000001	0.0117930858134858
0.630000000000001	0.0134299733894969
0.650000000000001	0.0153791908777288
0.670000000000001	0.0177216779267434
0.690000000000001	0.0205658962888571
0.710000000000001	0.0240597655040696
0.730000000000001	0.0284090705278505
0.750000000000001	0.0339066714394087
0.770000000000001	0.040980391299607
0.790000000000001	0.0502745444606538
0.810000000000001	0.0627950035162873
0.830000000000001	0.0801812174870486
0.850000000000001	0.105249634200388
0.870000000000001	0.143167634448626
0.890000000000001	0.204254271967061
0.910000000000001	0.311596333331779
0.930000000000001	0.525889062842988
0.950000000000001	1.0520630754987
0.970000000000001	2.98164160621545
0.990000000000001	27.3361083476724
