# Program settings for SigmaNu
# Electroweak scheme and input parameters
# Scheme = Complex mass scheme
# alpha_GF = 0.00755898078237864
# Pole masses/widths for particles [GeV]
# mw = 80.35797361
# gw = 2.084298894
# mz = 91.15348062
# gz = 2.494266379
# s^2_thetaw (derived) = (0.222868505240788,-0.00110716741475141)
# charged leptons
# m_e = 0.0005109989461
# m_m = 0.10565837
# m_t = 1.77686
# quarks
# m_d = 0.05
# m_u = 0.05
# m_s = 0.2
# m_c = 1.51
# m_b = 4.92
# m_t = 173
# Ecms (default) = 102.248

# channel_id = 14
# process  = nu_e nu_t~ -> e- t+
-0.99	0.000685581690921353
-0.97	0.00601016102146502
-0.95	0.0167716596463949
-0.93	0.0331755265846306
-0.91	0.0554350557474161
-0.89	0.0837717212417328
-0.87	0.118415528906785
-0.85	0.159605384969619
-0.83	0.207589482760052
-0.81	0.262625708482822
-0.79	0.324982067106598
-0.77	0.394937129495382
-0.75	0.47278050197834
-0.73	0.558813319629474
-0.71	0.653348764609181
-0.69	0.756712611006102
-0.67	0.869243797710092
-0.65	0.991295030946216
-0.63	1.12323341820579
-0.61	1.26544113542445
-0.59	1.41831612937913
-0.57	1.58227285740732
-0.55	1.75774306669227
-0.53	1.94517661550956
-0.51	2.14504233899246
-0.49	2.35782896214909
-0.47	2.5840460630517
-0.45	2.82422508932161
-0.429999999999999	3.07892043125105
-0.409999999999999	3.34871055513842
-0.389999999999999	3.63419920066706
-0.369999999999999	3.93601664643069
-0.349999999999999	4.25482104800439
-0.329999999999999	4.59129985327841
-0.309999999999999	4.94617130011669
-0.289999999999999	5.32018600177468
-0.269999999999999	5.71412862591366
-0.249999999999999	6.12881967348555
-0.229999999999999	6.56511736423441
-0.209999999999999	7.02391963607311
-0.189999999999999	7.50616626614931
-0.169999999999999	8.01284112201769
-0.149999999999999	8.54497455198992
-0.129999999999999	9.1036459244455
-0.109999999999999	9.68998632665976
-0.0899999999999994	10.3051814345477
-0.0699999999999994	10.9504745656377
-0.0499999999999994	11.6271699285893
-0.0299999999999994	12.3366360836562
-0.00999999999999938	13.0803096296855
0.0100000000000006	13.8596991345413
0.0300000000000006	14.6763893272571
0.0500000000000006	15.5320455717744
0.0700000000000006	16.4284186438202
0.0900000000000006	17.3673498343355
0.110000000000001	18.3507764049065
0.130000000000001	19.3807374228815
0.150000000000001	20.4593800063173
0.170000000000001	21.588966011592
0.190000000000001	22.7718791994914
0.210000000000001	24.010632918842
0.230000000000001	25.3078783503644
0.250000000000001	26.6664133573898
0.270000000000001	28.0891919944679
0.290000000000001	29.5793347297337
0.310000000000001	31.1401394422622
0.330000000000001	32.7750932615667
0.350000000000001	34.4878853229723
0.370000000000001	36.2824205198876
0.390000000000001	38.1628343420948
0.410000000000001	40.1335088981868
0.430000000000001	42.1990902302956
0.450000000000001	44.3645070404301
0.470000000000001	46.6349909601914
0.490000000000001	49.0160985095517
0.510000000000001	51.5137349059374
0.530000000000001	54.1341799022732
0.550000000000001	56.884115852169
0.570000000000001	59.7706582223429
0.590000000000001	62.8013887969996
0.610000000000001	65.9843918466018
0.630000000000001	69.3282935646977
0.650000000000001	72.8423051117185
0.670000000000001	76.5362696444856
0.690000000000001	80.4207137552515
0.710000000000001	84.5069037951925
0.730000000000001	88.806907615284
0.750000000000001	93.3336623234461
0.770000000000001	98.1010487319728
0.790000000000001	103.123973254955
0.810000000000001	108.418458113345
0.830000000000001	114.001740817435
0.850000000000001	119.892384025081
0.870000000000001	126.110397021771
0.890000000000001	132.677370238689
0.910000000000001	139.616624421112
0.930000000000001	146.95337628621
0.950000000000001	154.714922771902
0.970000000000001	162.930846283247
0.990000000000001	171.633243697366
