# Program settings for SigmaNu
# Electroweak scheme and input parameters
# Scheme = Complex mass scheme
# alpha_GF = 0.00755898078237864
# Pole masses/widths for particles [GeV]
# mw = 80.35797361
# gw = 2.084298894
# mz = 91.15348062
# gz = 2.494266379
# s^2_thetaw (derived) = (0.222868505240788,-0.00110716741475141)
# charged leptons
# m_e = 0.0005109989461
# m_m = 0.10565837
# m_t = 1.77686
# quarks
# m_d = 0.05
# m_u = 0.05
# m_s = 0.2
# m_c = 1.51
# m_b = 4.92
# m_t = 173
# Ecms (default) = 2.24795

# channel_id = 14
# process  = nu_e nu_t~ -> e- t+
-0.99	3.75674633082431e-05
-0.97	0.000113372302919154
-0.95	0.000190077706672422
-0.93	0.000267683690414614
-0.91	0.000346190269992588
-0.89	0.000425597461253469
-0.87	0.000505905280044667
-0.85	0.000587113742213867
-0.83	0.000669222863609036
-0.81	0.00075223266007842
-0.79	0.000836143147470541
-0.77	0.000920954341634203
-0.75	0.00100666625841849
-0.73	0.00109327891367275
-0.71	0.00118079232324663
-0.69	0.00126920650299006
-0.67	0.00135852146875322
-0.65	0.00144873723638659
-0.63	0.00153985382174093
-0.61	0.00163187124066726
-0.59	0.00172478950901691
-0.57	0.00181860864264147
-0.55	0.00191332865739279
-0.53	0.00200894956912304
-0.51	0.00210547139368464
-0.49	0.00220289414693031
-0.47	0.00230121784471301
-0.45	0.00240044250288603
-0.429999999999999	0.0025005681373029
-0.409999999999999	0.00260159476381744
-0.389999999999999	0.00270352239828376
-0.369999999999999	0.00280635105655625
-0.349999999999999	0.00291008075448955
-0.329999999999999	0.00301471150793861
-0.309999999999999	0.00312024333275865
-0.289999999999999	0.00322667624480517
-0.269999999999999	0.00333401025993392
-0.249999999999999	0.00344224539400099
-0.229999999999999	0.00355138166286269
-0.209999999999999	0.00366141908237564
-0.189999999999999	0.00377235766839673
-0.169999999999999	0.00388419743678314
-0.149999999999999	0.00399693840339231
-0.129999999999999	0.00411058058408197
-0.109999999999999	0.00422512399471013
-0.0899999999999994	0.00434056865113508
-0.0699999999999994	0.00445691456921539
-0.0499999999999994	0.00457416176480989
-0.0299999999999994	0.00469231025377772
-0.00999999999999938	0.00481136005197827
0.0100000000000006	0.00493131117527123
0.0300000000000006	0.00505216363951656
0.0500000000000006	0.0051739174605745
0.0700000000000006	0.00529657265430557
0.0900000000000006	0.00542012923657057
0.110000000000001	0.00554458722323058
0.130000000000001	0.00566994663014695
0.150000000000001	0.00579620747318132
0.170000000000001	0.00592336976819561
0.190000000000001	0.006051433531052
0.210000000000001	0.00618039877761298
0.230000000000001	0.0063102655237413
0.250000000000001	0.00644103378529998
0.270000000000001	0.00657270357815234
0.290000000000001	0.00670527491816197
0.310000000000001	0.00683874782119273
0.330000000000001	0.00697312230310879
0.350000000000001	0.00710839837977455
0.370000000000001	0.00724457606705474
0.390000000000001	0.00738165538081433
0.410000000000001	0.0075196363369186
0.430000000000001	0.00765851895123307
0.450000000000001	0.00779830323962359
0.470000000000001	0.00793898921795625
0.490000000000001	0.00808057690209743
0.510000000000001	0.00822306630791379
0.530000000000001	0.00836645745127228
0.550000000000001	0.00851075034804012
0.570000000000001	0.00865594501408479
0.590000000000001	0.00880204146527409
0.610000000000001	0.00894903971747607
0.630000000000001	0.00909693978655906
0.650000000000001	0.00924574168839168
0.670000000000001	0.00939544543884283
0.690000000000001	0.00954605105378167
0.710000000000001	0.00969755854907767
0.730000000000001	0.00984996794060055
0.750000000000001	0.0100032792442203
0.770000000000001	0.0101574924758073
0.790000000000001	0.010312607651232
0.810000000000001	0.0104686247863654
0.830000000000001	0.0106255438970785
0.850000000000001	0.0107833649992427
0.870000000000001	0.0109420881087297
0.890000000000001	0.0111017132414116
0.910000000000001	0.0112622404131605
0.930000000000001	0.011423669639849
0.950000000000001	0.0115860009373499
0.970000000000001	0.0117492343215362
0.990000000000001	0.0119133698082813
