# Program settings for SigmaNu
# Electroweak scheme and input parameters
# Scheme = Complex mass scheme
# alpha_GF = 0.00755898078237864
# Pole masses/widths for particles [GeV]
# mw = 80.35797361
# gw = 2.084298894
# mz = 91.15348062
# gz = 2.494266379
# s^2_thetaw (derived) = (0.222868505240788,-0.00110716741475141)
# charged leptons
# m_e = 0.0005109989461
# m_m = 0.10565837
# m_t = 1.77686
# quarks
# m_d = 0.05
# m_u = 0.05
# m_s = 0.2
# m_c = 1.51
# m_b = 4.92
# m_t = 173
# Ecms (default) = 2.73711

# channel_id = 14
# process  = nu_e nu_t~ -> e- t+
-0.99	8.95977952507152e-05
-0.97	0.000272458338542472
-0.95	0.000460210594204752
-0.93	0.00065285475894317
-0.91	0.000850391029471236
-0.89	0.00105281960251038
-0.87	0.00126014067478994
-0.85	0.00147235444304716
-0.83	0.00168946110402721
-0.81	0.00191146085448315
-0.79	0.00213835389117597
-0.77	0.00237014041087455
-0.75	0.00260682061035572
-0.73	0.00284839468640418
-0.71	0.00309486283581256
-0.69	0.00334622525538142
-0.67	0.0036024821419192
-0.65	0.00386363369224229
-0.63	0.00412968010317497
-0.61	0.00440062157154945
-0.59	0.00467645829420584
-0.57	0.00495719046799218
-0.55	0.00524281828976441
-0.53	0.00553334195638642
-0.51	0.00582876166472995
-0.49	0.00612907761167473
-0.47	0.00643428999410837
-0.45	0.00674439900892641
-0.429999999999999	0.0070594048530323
-0.409999999999999	0.00737930772333738
-0.389999999999999	0.00770410781676098
-0.369999999999999	0.0080338053302303
-0.349999999999999	0.00836840046068045
-0.329999999999999	0.0087078934050545
-0.309999999999999	0.0090522843603034
-0.289999999999999	0.00940157352338604
-0.269999999999999	0.00975576109126923
-0.249999999999999	0.0101148472609277
-0.229999999999999	0.0104788322293441
-0.209999999999999	0.0108477161935091
-0.189999999999999	0.011221499350421
-0.169999999999999	0.0116001818970863
-0.149999999999999	0.0119837640305195
-0.129999999999999	0.0123722459477426
-0.109999999999999	0.012765627845786
-0.0899999999999994	0.0131639099216877
-0.0699999999999994	0.0135670923724937
-0.0499999999999994	0.0139751753952581
-0.0299999999999994	0.0143881591870427
-0.00999999999999938	0.0148060439449174
0.0100000000000006	0.0152288298659598
0.0300000000000006	0.0156565171472556
0.0500000000000006	0.0160891059858984
0.0700000000000006	0.0165265965789898
0.0900000000000006	0.0169689891236392
0.110000000000001	0.0174162838169639
0.130000000000001	0.0178684808560893
0.150000000000001	0.0183255804381486
0.170000000000001	0.0187875827602829
0.190000000000001	0.0192544880196413
0.210000000000001	0.0197262964133809
0.230000000000001	0.0202030081386666
0.250000000000001	0.0206846233926712
0.270000000000001	0.0211711423725756
0.290000000000001	0.0216625652755685
0.310000000000001	0.0221588922988466
0.330000000000001	0.0226601236396145
0.350000000000001	0.0231662594950846
0.370000000000001	0.0236773000624775
0.390000000000001	0.0241932455390216
0.410000000000001	0.0247140961219532
0.430000000000001	0.0252398520085165
0.450000000000001	0.0257705133959638
0.470000000000001	0.0263060804815551
0.490000000000001	0.0268465534625586
0.510000000000001	0.0273919325362503
0.530000000000001	0.027942217899914
0.550000000000001	0.0284974097508416
0.570000000000001	0.029057508286333
0.590000000000001	0.0296225137036959
0.610000000000001	0.0301924262002459
0.630000000000001	0.0307672459733067
0.650000000000001	0.0313469732202098
0.670000000000001	0.0319316081382947
0.690000000000001	0.0325211509249089
0.710000000000001	0.0331156017774077
0.730000000000001	0.0337149608931544
0.750000000000001	0.0343192284695203
0.770000000000001	0.0349284047038844
0.790000000000001	0.035542489793634
0.810000000000001	0.0361614839361642
0.830000000000001	0.0367853873288778
0.850000000000001	0.0374142001691859
0.870000000000001	0.0380479226545074
0.890000000000001	0.038686554982269
0.910000000000001	0.0393300973499055
0.930000000000001	0.0399785499548597
0.950000000000001	0.0406319129945821
0.970000000000001	0.0412901866665315
0.990000000000001	0.0419533711681742
