# Program settings for SigmaNu
# Electroweak scheme and input parameters
# Scheme = Complex mass scheme
# alpha_GF = 0.00755898078237864
# Pole masses/widths for particles [GeV]
# mw = 80.35797361
# gw = 2.084298894
# mz = 91.15348062
# gz = 2.494266379
# s^2_thetaw (derived) = (0.222868505240788,-0.00110716741475141)
# charged leptons
# m_e = 0.0005109989461
# m_m = 0.10565837
# m_t = 1.77686
# quarks
# m_d = 0.05
# m_u = 0.05
# m_s = 0.2
# m_c = 1.51
# m_b = 4.92
# m_t = 173
# Ecms (default) = 120.479

# channel_id = 14
# process  = nu_e nu_t~ -> e- t+
-0.99	0.000609673867358983
-0.97	0.00540939975012068
-0.95	0.0151513381175018
-0.93	0.0300450836711016
-0.91	0.0503092244046876
-0.89	0.076171773945511
-0.87	0.107870627458171
-0.85	0.145654042560114
-0.83	0.189781146797607
-0.81	0.240522473338423
-0.79	0.298160526653121
-0.77	0.362990380081416
-0.75	0.435320307314535
-0.73	0.515472449969315
-0.71	0.603783523586322
-0.69	0.700605564553086
-0.67	0.806306720636151
-0.65	0.921272088002923
-0.63	1.04590459782776
-0.61	1.18062595580774
-0.59	1.3258776381639
-0.57	1.48212194797469
-0.55	1.64984313598255
-0.53	1.82954859033352
-0.51	2.0217701000562
-0.49	2.22706519746255
-0.47	2.44601858506223
-0.45	2.67924365302727
-0.429999999999999	2.92738409372816
-0.409999999999999	3.19111562039044
-0.389999999999999	3.47114779749592
-0.369999999999999	3.7682259911806
-0.349999999999999	4.0831334485663
-0.329999999999999	4.41669351571165
-0.309999999999999	4.76977200468664
-0.289999999999999	5.14327972117013
-0.269999999999999	5.53817516495062
-0.249999999999999	5.95546741678502
-0.229999999999999	6.39621922624879
-0.209999999999999	6.86155031650463
-0.189999999999999	7.35264092333807
-0.169999999999999	7.87073558737131
-0.149999999999999	8.41714722008628
-0.129999999999999	8.99326146618255
-0.109999999999999	9.60054138688376
-0.0899999999999994	10.2405324911115
-0.0699999999999994	10.9148681439906
-0.0499999999999994	11.6252753849644
-0.0299999999999994	12.3735811909126
-0.00999999999999938	13.1617192231159
0.0100000000000006	13.9917371007356
0.0300000000000006	14.8658042477242
0.0500000000000006	15.7862203648034
0.0700000000000006	16.7554245833951
0.0900000000000006	17.7760053642364
0.110000000000001	18.8507112099316
0.130000000000001	19.9824622679678
0.150000000000001	21.1743629088535
0.170000000000001	22.4297153731376
0.190000000000001	23.7520345912584
0.210000000000001	25.1450642916064
0.230000000000001	26.6127945250216
0.250000000000001	28.1594807483897
0.270000000000001	29.7896646262617
0.290000000000001	31.5081967277576
0.310000000000001	33.3202613167266
0.330000000000001	35.2314034565536
0.350000000000001	37.2475586775271
0.370000000000001	39.3750854847736
0.390000000000001	41.6208010189455
0.410000000000001	43.9920202207477
0.430000000000001	46.4965988947263
0.450000000000001	49.142981118357
0.470000000000001	51.9402515003716
0.490000000000001	54.8981928585804
0.510000000000001	58.0273499635943
0.530000000000001	61.3391000823954
0.550000000000001	64.8457311565894
0.570000000000001	68.5605285666371
0.590000000000001	72.4978715680938
0.610000000000001	76.673340642079
0.630000000000001	81.103837183666
0.650000000000001	85.8077171631699
0.670000000000001	90.804940641918
0.690000000000001	96.1172393125532
0.710000000000001	101.768304572224
0.730000000000001	107.783999034732
0.750000000000001	114.19259485651
0.770000000000001	121.025042805386
0.790000000000001	128.315276657774
0.810000000000001	136.100558290489
0.830000000000001	144.42186976391
0.850000000000001	153.324359805986
0.870000000000001	162.857853441508
0.890000000000001	173.077435117883
0.910000000000001	184.044117619294
0.930000000000001	195.825611413397
0.950000000000001	208.497211936534
0.970000000000001	222.142825818551
0.990000000000001	236.856161334065
