# Program settings for SigmaNu
# Electroweak scheme and input parameters
# Scheme = Complex mass scheme
# alpha_GF = 0.00755898078237864
# Pole masses/widths for particles [GeV]
# mw = 80.35797361
# gw = 2.084298894
# mz = 91.15348062
# gz = 2.494266379
# s^2_thetaw (derived) = (0.222868505240788,-0.00110716741475141)
# charged leptons
# m_e = 0.0005109989461
# m_m = 0.10565837
# m_t = 1.77686
# quarks
# m_d = 0.05
# m_u = 0.05
# m_s = 0.2
# m_c = 1.51
# m_b = 4.92
# m_t = 173
# Ecms (default) = 273.645

# channel_id = 14
# process  = nu_e nu_t~ -> e- t+
-0.99	0.000202609743850751
-0.97	0.00184733437861302
-0.95	0.0052227844759617
-0.93	0.0104273185282185
-0.91	0.0175649727102614
-0.89	0.026745829137035
-0.87	0.038086411272714
-0.85	0.0517101087565858
-0.83	0.0677476341228139
-0.81	0.0863375141254527
-0.79	0.107626618638945
-0.77	0.131770730390726
-0.75	0.158935159099716
-0.73	0.189295403946041
-0.71	0.22303786868746
-0.69	0.260360634171281
-0.67	0.301474293472442
-0.65	0.346602855424775
-0.63	0.395984722910228
-0.61	0.449873752937693
-0.59	0.508540406287873
-0.57	0.572272995333605
-0.55	0.641379039577466
-0.53	0.71618673949386
-0.51	0.797046580435978
-0.49	0.884333079686466
-0.47	0.97844669121433
-0.45	1.07981588437239
-0.429999999999999	1.188899414656
-0.409999999999999	1.30618880677526
-0.389999999999999	1.43221107270505
-0.369999999999999	1.56753169011054
-0.349999999999999	1.71275786964843
-0.329999999999999	1.86854214317091
-0.309999999999999	2.03558630887468
-0.289999999999999	2.21464577401682
-0.269999999999999	2.40653434105082
-0.249999999999999	2.61212948902205
-0.229999999999999	2.83237820892517
-0.209999999999999	3.06830345960669
-0.189999999999999	3.3210113198649
-0.169999999999999	3.59169892285336
-0.149999999999999	3.88166327097
-0.129999999999999	4.19231104339149
-0.109999999999999	4.52516952462452
-0.0899999999999994	4.88189880129116
-0.0699999999999994	5.2643053963199
-0.0499999999999994	5.67435753534927
-0.0299999999999994	6.11420227015622
-0.00999999999999938	6.58618471912473
0.0100000000000006	7.09286972617977
0.0300000000000006	7.63706628844479
0.0500000000000006	8.22185516062681
0.0700000000000006	8.85062011260532
0.0900000000000006	9.52708339812829
0.110000000000001	10.2553460896386
0.130000000000001	11.0399340504488
0.150000000000001	11.8858504549435
0.170000000000001	12.7986359354288
0.190000000000001	13.7844376371792
0.210000000000001	14.8500887093219
0.230000000000001	16.0032000587303
0.250000000000001	17.2522665600902
0.270000000000001	18.6067903642901
0.290000000000001	20.0774245004101
0.310000000000001	21.6761406509496
0.330000000000001	23.4164258305618
0.350000000000001	25.3135137608486
0.370000000000001	27.3846580670004
0.390000000000001	29.6494561040312
0.410000000000001	32.1302343538701
0.430000000000001	34.8525090563058
0.450000000000001	37.8455392297731
0.470000000000001	41.142993749075
0.490000000000001	44.7837600118063
0.510000000000001	48.8129294030556
0.530000000000001	53.2830048938028
0.550000000000001	58.2553895672807
0.570000000000001	63.8022329046909
0.590000000000001	70.0087360468486
0.610000000000001	76.9760505236434
0.630000000000001	84.8249508013553
0.650000000000001	93.7005248678235
0.670000000000001	103.778217041716
0.690000000000001	115.271685459856
0.710000000000001	128.443121964878
0.730000000000001	143.616953489431
0.750000000000001	161.198247594142
0.770000000000001	181.69775488296
0.790000000000001	205.766459875833
0.810000000000001	234.243985214031
0.830000000000001	268.227556014519
0.850000000000001	309.172108083392
0.870000000000001	359.038655557366
0.890000000000001	420.519363348005
0.910000000000001	497.388073508096
0.930000000000001	595.062786545002
0.950000000000001	721.53980473093
0.970000000000001	889.008234405568
0.990000000000001	1116.77434010976
