# Program settings for SigmaNu
# Electroweak scheme and input parameters
# Scheme = Complex mass scheme
# alpha_GF = 0.00755898078237864
# Pole masses/widths for particles [GeV]
# mw = 80.35797361
# gw = 2.084298894
# mz = 91.15348062
# gz = 2.494266379
# s^2_thetaw (derived) = (0.222868505240788,-0.00110716741475141)
# charged leptons
# m_e = 0.0005109989461
# m_m = 0.10565837
# m_t = 1.77686
# quarks
# m_d = 0.05
# m_u = 0.05
# m_s = 0.2
# m_c = 1.51
# m_b = 4.92
# m_t = 173
# Ecms (default) = 253.475

# channel_id = 14
# process  = nu_e nu_t~ -> e- t+
-0.99	0.000230341624179146
-0.97	0.00209774548167856
-0.95	0.00592817967122429
-0.93	0.0118317156802888
-0.91	0.0199246927153827
-0.89	0.0303301186608039
-0.87	0.0431781001909744
-0.85	0.0586063044344375
-0.83	0.0767604548089746
-0.81	0.0977948638914208
-0.79	0.121873006455227
-0.77	0.149168136106517
-0.75	0.179863949278574
-0.73	0.21415530070913
-0.71	0.252248974928534
-0.69	0.294364518734739
-0.67	0.340735140128161
-0.65	0.391608679732093
-0.63	0.447248661339101
-0.61	0.507935428908601
-0.59	0.573967378104356
-0.57	0.645662291313022
-0.55	0.723358786037458
-0.53	0.807417887624515
-0.51	0.898224738481195
-0.49	0.996190457272679
-0.47	1.10175416310022
-0.45	1.21538518134892
-0.429999999999999	1.3375854498008
-0.409999999999999	1.46889214575726
-0.389999999999999	1.60988055734102
-0.369999999999999	1.76116722489181
-0.349999999999999	1.92341338147681
-0.329999999999999	2.09732872506153
-0.309999999999999	2.28367555888999
-0.289999999999999	2.48327334117791
-0.269999999999999	2.69700369041359
-0.249999999999999	2.92581589848577
-0.229999999999999	3.17073301063342
-0.209999999999999	3.43285853897229
-0.189999999999999	3.71338388525867
-0.169999999999999	4.01359655878836
-0.149999999999999	4.33488928712104
-0.129999999999999	4.67877013092924
-0.109999999999999	5.04687373000895
-0.0899999999999994	5.4409738257254
-0.0699999999999994	5.86299722634599
-0.0499999999999994	6.31503940635955
-0.0299999999999994	6.79938195963232
-0.00999999999999938	7.31851215986589
0.0100000000000006	7.87514492122007
0.0300000000000006	8.47224749825268
0.0500000000000006	9.11306731885436
0.0700000000000006	9.80116340825586
0.0900000000000006	10.5404419384536
0.110000000000001	11.3351965279812
0.130000000000001	12.1901540248513
0.150000000000001	13.1105266344046
0.170000000000001	14.1020714083082
0.190000000000001	15.1711582967312
0.210000000000001	16.3248481898774
0.230000000000001	17.5709826464519
0.250000000000001	18.9182873364305
0.270000000000001	20.376491627784
0.290000000000001	21.9564672394454
0.310000000000001	23.6703894885819
0.330000000000001	25.5319254083092
0.350000000000001	27.5564539399347
0.370000000000001	29.7613245602514
0.390000000000001	32.1661621526173
0.410000000000001	34.7932277534235
0.430000000000001	37.6678471122514
0.450000000000001	40.8189219393283
0.470000000000001	44.2795424710593
0.490000000000001	48.0877248232824
0.510000000000001	52.2873028743755
0.530000000000001	56.9290126068693
0.550000000000001	62.0718175980396
0.570000000000001	67.7845386051989
0.590000000000001	74.1478692266581
0.610000000000001	81.2568852550722
0.630000000000001	89.2241901789209
0.650000000000001	98.1838870924064
0.670000000000001	108.296633546169
0.690000000000001	119.756128758244
0.710000000000001	132.797514332679
0.730000000000001	147.708358812497
0.750000000000001	164.843171789877
0.770000000000001	184.642800112192
0.790000000000001	207.660669268049
0.810000000000001	234.598765243964
0.830000000000001	266.357702432517
0.850000000000001	304.107526302299
0.870000000000001	349.389640570628
0.890000000000001	404.266478861803
0.910000000000001	471.546208399657
0.930000000000001	555.128593961878
0.950000000000001	660.552608899324
0.970000000000001	795.891952110514
0.990000000000001	973.27520884183
