# Program settings for SigmaNu
# Electroweak scheme and input parameters
# Scheme = Complex mass scheme
# alpha_GF = 0.00755898078237864
# Pole masses/widths for particles [GeV]
# mw = 80.35797361
# gw = 2.084298894
# mz = 91.15348062
# gz = 2.494266379
# s^2_thetaw (derived) = (0.222868505240788,-0.00110716741475141)
# charged leptons
# m_e = 0.0005109989461
# m_m = 0.10565837
# m_t = 1.77686
# quarks
# m_d = 0.05
# m_u = 0.05
# m_s = 0.2
# m_c = 1.51
# m_b = 4.92
# m_t = 173
# Ecms (default) = 4.01378

# channel_id = 14
# process  = nu_e nu_t~ -> e- t+
-0.99	0.000174908097806957
-0.97	0.000545839472521355
-0.95	0.00094492953162609
-0.93	0.00137218165453703
-0.91	0.00182759922107563
-0.89	0.00231118561146893
-0.87	0.00282294420634969
-0.85	0.00336287838675636
-0.83	0.00393099153413317
-0.81	0.00452728703033019
-0.79	0.00515176825760339
-0.77	0.00580443859861465
-0.75	0.0064853014364319
-0.73	0.00719436015452908
-0.71	0.00793161813678622
-0.69	0.00869707876748955
-0.67	0.0094907454313315
-0.65	0.0103126215134107
-0.63	0.0111627103992323
-0.61	0.0120410154747076
-0.59	0.0129475401261544
-0.57	0.013882287740297
-0.55	0.0148452617042663
-0.53	0.0158364654055997
-0.51	0.0168559022322413
-0.49	0.0179035755725418
-0.47	0.0189794888152589
-0.45	0.0200836453495567
-0.429999999999999	0.0212160485650066
-0.409999999999999	0.0223767018515867
-0.389999999999999	0.0235656085996821
-0.369999999999999	0.0247827722000849
-0.349999999999999	0.0260281960439942
-0.329999999999999	0.0273018835230165
-0.309999999999999	0.0286038380291652
-0.289999999999999	0.0299340629548612
-0.269999999999999	0.0312925616929325
-0.249999999999999	0.0326793376366145
-0.229999999999999	0.0340943941795501
-0.209999999999999	0.0355377347157895
-0.189999999999999	0.0370093626397905
-0.169999999999999	0.0385092813464186
-0.149999999999999	0.0400374942309467
-0.129999999999999	0.0415940046890555
-0.109999999999999	0.0431788161168334
-0.0899999999999994	0.0447919319107766
-0.0699999999999994	0.0464333554677892
-0.0499999999999994	0.048103090185183
-0.0299999999999994	0.049801139460678
-0.00999999999999938	0.051527506692402
0.0100000000000006	0.053282195278891
0.0300000000000006	0.0550652086190891
0.0500000000000006	0.0568765501123484
0.0700000000000006	0.0587162231584296
0.0900000000000006	0.0605842311575011
0.110000000000001	0.0624805775101402
0.130000000000001	0.0644052656173322
0.150000000000001	0.0663582988804712
0.170000000000001	0.0683396807013593
0.190000000000001	0.0703494144822077
0.210000000000001	0.0723875036256357
0.230000000000001	0.0744539515346717
0.250000000000001	0.0765487616127525
0.270000000000001	0.0786719372637237
0.290000000000001	0.0808234818918399
0.310000000000001	0.0830033989017645
0.330000000000001	0.0852116916985698
0.350000000000001	0.087448363687737
0.370000000000001	0.0897134182751566
0.390000000000001	0.0920068588671278
0.410000000000001	0.0943286888703593
0.430000000000001	0.0966789116919689
0.450000000000001	0.0990575307394836
0.470000000000001	0.10146454942084
0.490000000000001	0.103899971144383
0.510000000000001	0.106363799318869
0.530000000000001	0.108856037353461
0.550000000000001	0.111376688657735
0.570000000000001	0.113925756641674
0.590000000000001	0.116503244715671
0.610000000000001	0.119109156290529
0.630000000000001	0.121743494777461
0.650000000000001	0.12440626358809
0.670000000000001	0.127097466134448
0.690000000000001	0.129817105828978
0.710000000000001	0.132565186084532
0.730000000000001	0.135341710314373
0.750000000000001	0.138146681932172
0.770000000000001	0.140980104352013
0.790000000000001	0.143841980988389
0.810000000000001	0.146732315256202
0.830000000000001	0.149651110570765
0.850000000000001	0.152598370347803
0.870000000000001	0.15557409800345
0.890000000000001	0.158578296954249
0.910000000000001	0.161610970617157
0.930000000000001	0.164672122409539
0.950000000000001	0.167761755749171
0.970000000000001	0.17087987405424
0.990000000000001	0.174026480743344
