# Program settings for SigmaNu
# Electroweak scheme and input parameters
# Scheme = Complex mass scheme
# alpha_GF = 0.00755898078237864
# Pole masses/widths for particles [GeV]
# mw = 80.35797361
# gw = 2.084298894
# mz = 91.15348062
# gz = 2.494266379
# s^2_thetaw (derived) = (0.222868505240788,-0.00110716741475141)
# charged leptons
# m_e = 0.0005109989461
# m_m = 0.10565837
# m_t = 1.77686
# quarks
# m_d = 0.05
# m_u = 0.05
# m_s = 0.2
# m_c = 1.51
# m_b = 4.92
# m_t = 173
# Ecms (default) = 6745.89

# channel_id = 14
# process  = nu_e nu_t~ -> e- t+
-0.99	3.90309366040476e-07
-0.97	3.58442838620911e-06
-0.95	1.0161985014307e-05
-0.93	2.03323497679368e-05
-0.91	3.43180708030522e-05
-0.89	5.23558067785414e-05
-0.87	7.46973348618257e-05
-0.85	0.000101610640730139
-0.83	0.000133381098124697
-0.81	0.000170312746297761
-0.79	0.000212729674565769
-0.77	0.000260977524156794
-0.75	0.000315425118630802
-0.73	0.000376466235371466
-0.71	0.000444521532015941
-0.69	0.000520040643223665
-0.67	0.000603504464909469
-0.65	0.000695427645006125
-0.63	0.000796361302006608
-0.61	0.000906895995001413
-0.59	0.00102766497171083
-0.57	0.00115934772416203
-0.55	0.00130267388522946
-0.53	0.00145842750330626
-0.51	0.00162745173697516
-0.49	0.00181065401678456
-0.47	0.00200901172720504
-0.45	0.002223578468659
-0.429999999999999	0.00245549096731348
-0.409999999999999	0.0027059767092615
-0.389999999999999	0.00297636238597398
-0.369999999999999	0.00326808324970004
-0.349999999999999	0.00358269349108518
-0.329999999999999	0.00392187776696803
-0.309999999999999	0.00428746402446916
-0.289999999999999	0.00468143778852733
-0.269999999999999	0.00510595810448441
-0.249999999999999	0.00556337535578008
-0.229999999999999	0.0060562512100282
-0.209999999999999	0.00658738098559046
-0.189999999999999	0.007159818776305
-0.169999999999999	0.00777690572555673
-0.149999999999999	0.00844230190395338
-0.129999999999999	0.00916002231939905
-0.109999999999999	0.00993447767665299
-0.0899999999999994	0.0107705206083696
-0.0699999999999994	0.0116734982246242
-0.0499999999999994	0.0126493119773442
-0.0299999999999994	0.0137044860152171
-0.00999999999999938	0.014846245420148
0.0100000000000006	0.0160826059764549
0.0300000000000006	0.0174224774390518
0.0500000000000006	0.0188757826498828
0.0700000000000006	0.0204535953192656
0.0900000000000006	0.0221682998614165
0.110000000000001	0.0240337773778459
0.130000000000001	0.0260656227525892
0.150000000000001	0.028281398903239
0.170000000000001	0.0307009355782753
0.190000000000001	0.0333466817782426
0.210000000000001	0.0362441230027979
0.230000000000001	0.0394222772153031
0.250000000000001	0.0429142868409185
0.270000000000001	0.0467581284994057
0.290000000000001	0.0509974678245143
0.310000000000001	0.0556826940504893
0.330000000000001	0.0608721786164179
0.350000000000001	0.0666338146269225
0.370000000000001	0.0730469106913145
0.390000000000001	0.0802045349545336
0.410000000000001	0.0882164351726192
0.430000000000001	0.0972127015355138
0.450000000000001	0.107348395030474
0.470000000000001	0.118809441953377
0.490000000000001	0.131820204320309
0.510000000000001	0.14665329083721
0.530000000000001	0.163642395734224
0.550000000000001	0.183199277174616
0.570000000000001	0.205836466604337
0.590000000000001	0.232198020990711
0.610000000000001	0.263101731295193
0.630000000000001	0.299597916022552
0.650000000000001	0.343052656416795
0.670000000000001	0.395267766708167
0.690000000000001	0.458657193080261
0.710000000000001	0.536512227361097
0.730000000000001	0.633410380701887
0.750000000000001	0.755863927504482
0.770000000000001	0.913382656621391
0.790000000000001	1.12028219084892
0.810000000000001	1.39889952131267
0.830000000000001	1.78561784266565
0.850000000000001	2.34289122412303
0.870000000000001	3.1851902984961
0.890000000000001	4.54080833932511
0.910000000000001	6.9195855563876
0.930000000000001	11.6583519402921
0.950000000000001	23.251236768297
0.970000000000001	65.4251512501097
0.990000000000001	578.937711646289
