# Program settings for SigmaNu
# Electroweak scheme and input parameters
# Scheme = Complex mass scheme
# alpha_GF = 0.00755898078237864
# Pole masses/widths for particles [GeV]
# mw = 80.35797361
# gw = 2.084298894
# mz = 91.15348062
# gz = 2.494266379
# s^2_thetaw (derived) = (0.222868505240788,-0.00110716741475141)
# charged leptons
# m_e = 0.0005109989461
# m_m = 0.10565837
# m_t = 1.77686
# quarks
# m_d = 0.05
# m_u = 0.05
# m_s = 0.2
# m_c = 1.51
# m_b = 4.92
# m_t = 173
# Ecms (default) = 340.561

# channel_id = 14
# process  = nu_e nu_t~ -> e- t+
-0.99	0.000138123718260466
-0.97	0.00126254434707772
-0.95	0.00357286043201375
-0.93	0.00713847799011273
-0.91	0.0120329308652219
-0.89	0.0183341566676066
-0.87	0.0261247936889287
-0.85	0.0354925005971935
-0.83	0.0465303008905986
-0.81	0.0593369542822965
-0.79	0.074017357402148
-0.77	0.0906829764391118
-0.75	0.109452314611847
-0.73	0.130451417648634
-0.71	0.153814420784506
-0.69	0.179684141147715
-0.67	0.208212719814073
-0.65	0.239562318261717
-0.63	0.273905874466595
-0.61	0.311427924447585
-0.59	0.352325495707571
-0.57	0.39680907973242
-0.55	0.445103691514068
-0.53	0.497450024969189
-0.51	0.554105714145054
-0.49	0.615346711255573
-0.47	0.681468793891614
-0.45	0.752789215222388
-0.429999999999999	0.82964851267381
-0.409999999999999	0.912412492464628
-0.389999999999999	1.00147440953539
-0.369999999999999	1.09725736485867
-0.349999999999999	1.20021694491733
-0.329999999999999	1.31084413133487
-0.309999999999999	1.42966851230142
-0.289999999999999	1.55726183163495
-0.269999999999999	1.69424191613651
-0.249999999999999	1.8412770274457
-0.229999999999999	1.99909069099727
-0.209999999999999	2.16846706206957
-0.189999999999999	2.3502568974691
-0.169999999999999	2.54538421132004
-0.149999999999999	2.7548537049653
-0.129999999999999	2.97975907443061
-0.109999999999999	3.22129231460501
-0.0899999999999994	3.48075415767381
-0.0699999999999994	3.75956580491218
-0.0499999999999994	4.05928213632855
-0.0299999999999994	4.38160661258456
-0.00999999999999938	4.72840811902893
0.0100000000000006	5.10174004368018
0.0300000000000006	5.50386193094959
0.0500000000000006	5.93726411249405
0.0700000000000006	6.40469578791183
0.0900000000000006	6.9091971136203
0.110000000000001	7.45413596139525
0.130000000000001	8.04325013271589
0.150000000000001	8.68069596628012
0.170000000000001	9.37110446016974
0.190000000000001	10.119646255179
0.210000000000001	10.9321071019726
0.230000000000001	11.8149757750469
0.250000000000001	12.7755468176671
0.270000000000001	13.8220410256546
0.290000000000001	14.9637472321464
0.310000000000001	16.2111897768701
0.330000000000001	17.5763270801541
0.350000000000001	19.0727880574029
0.370000000000001	20.7161547886645
0.390000000000001	22.5243020134978
0.410000000000001	24.5178068064617
0.430000000000001	26.7204454110598
0.450000000000001	29.1597989547562
0.470000000000001	31.8679960285429
0.490000000000001	34.8826284407493
0.510000000000001	38.2478876196692
0.530000000000001	42.0159842430038
0.550000000000001	46.2489342949413
0.570000000000001	51.0208231921349
0.590000000000001	56.4206992593419
0.610000000000001	62.5563037138436
0.630000000000001	69.5589240504598
0.650000000000001	77.5897729848689
0.670000000000001	86.8484641092308
0.690000000000001	97.5844069846051
0.710000000000001	110.112325114994
0.730000000000001	124.833686856424
0.750000000000001	142.266761052975
0.770000000000001	163.089489020344
0.790000000000001	188.201797350999
0.810000000000001	218.818082169347
0.830000000000001	256.607731855033
0.850000000000001	303.914372639814
0.870000000000001	364.108414061296
0.890000000000001	442.173937412699
0.910000000000001	545.725860276658
0.930000000000001	686.858441516231
0.950000000000001	885.700531554357
0.970000000000001	1177.74244148862
0.990000000000001	1630.29497609596
