# Program settings for SigmaNu
# Electroweak scheme and input parameters
# Scheme = Complex mass scheme
# alpha_GF = 0.00755898078237864
# Pole masses/widths for particles [GeV]
# mw = 80.35797361
# gw = 2.084298894
# mz = 91.15348062
# gz = 2.494266379
# s^2_thetaw (derived) = (0.222868505240788,-0.00110716741475141)
# charged leptons
# m_e = 0.0005109989461
# m_m = 0.10565837
# m_t = 1.77686
# quarks
# m_d = 0.05
# m_u = 0.05
# m_s = 0.2
# m_c = 1.51
# m_b = 4.92
# m_t = 173
# Ecms (default) = 2.10515

# channel_id = 14
# process  = nu_e nu_t~ -> e- t+
-0.99	2.20517209988281e-05
-0.97	6.64156134849434e-05
-0.95	0.000111135139883584
-0.93	0.000156210304401331
-0.91	0.00020164111124481
-0.89	0.000247427564620702
-0.87	0.000293569668735736
-0.85	0.00034006742779669
-0.83	0.00038692084601039
-0.81	0.000434129927583717
-0.79	0.000481694676723596
-0.77	0.000529615097637007
-0.75	0.000577891194530974
-0.73	0.000626522971612576
-0.71	0.000675510433088939
-0.69	0.00072485358316724
-0.67	0.000774552426054704
-0.65	0.000824606965958609
-0.63	0.000875017207086276
-0.61	0.000925783153645086
-0.59	0.000976904809842462
-0.57	0.00102838217988588
-0.55	0.00108021526798286
-0.53	0.00113240407834098
-0.51	0.00118494861516787
-0.49	0.00123784888267119
-0.47	0.00129110488505868
-0.45	0.00134471662653811
-0.429999999999999	0.00139868411131729
-0.409999999999999	0.0014530073436041
-0.389999999999999	0.00150768632760647
-0.369999999999999	0.00156272106753237
-0.349999999999999	0.00161811156758982
-0.329999999999999	0.00167385783198689
-0.309999999999999	0.00172995986493171
-0.289999999999999	0.00178641767063244
-0.269999999999999	0.00184323125329731
-0.249999999999999	0.00190040061713459
-0.229999999999999	0.0019579257663526
-0.209999999999999	0.00201580670515971
-0.189999999999999	0.00207404343776434
-0.169999999999999	0.00213263596837497
-0.149999999999999	0.0021915843012001
-0.129999999999999	0.00225088844044832
-0.109999999999999	0.00231054839032824
-0.0899999999999994	0.00237056415504854
-0.0699999999999994	0.00243093573881792
-0.0499999999999994	0.00249166314584516
-0.0299999999999994	0.00255274638033909
-0.00999999999999938	0.00261418544650856
0.0100000000000006	0.0026759803485625
0.0300000000000006	0.00273813109070987
0.0500000000000006	0.00280063767715969
0.0700000000000006	0.00286350011212104
0.0900000000000006	0.00292671839980302
0.110000000000001	0.00299029254441481
0.130000000000001	0.00305422255016562
0.150000000000001	0.00311850842126472
0.170000000000001	0.00318315016192142
0.190000000000001	0.0032481477763451
0.210000000000001	0.00331350126874517
0.230000000000001	0.00337921064333109
0.250000000000001	0.00344527590431238
0.270000000000001	0.00351169705589861
0.290000000000001	0.0035784741022994
0.310000000000001	0.0036456070477244
0.330000000000001	0.00371309589638333
0.350000000000001	0.00378094065248596
0.370000000000001	0.00384914132024211
0.390000000000001	0.00391769790386163
0.410000000000001	0.00398661040755444
0.430000000000001	0.0040558788355305
0.450000000000001	0.00412550319199984
0.470000000000001	0.00419548348117251
0.490000000000001	0.00426581970725862
0.510000000000001	0.00433651187446834
0.530000000000001	0.00440755998701189
0.550000000000001	0.00447896404909952
0.570000000000001	0.00455072406494155
0.590000000000001	0.00462284003874834
0.610000000000001	0.0046953119747303
0.630000000000001	0.0047681398770979
0.650000000000001	0.00484132375006164
0.670000000000001	0.0049148635978321
0.690000000000001	0.00498875942461987
0.710000000000001	0.00506301123463562
0.730000000000001	0.00513761903209007
0.750000000000001	0.00521258282119398
0.770000000000001	0.00528790260615814
0.790000000000001	0.00536357839119343
0.810000000000001	0.00543961018051075
0.830000000000001	0.00551599797832107
0.850000000000001	0.0055927417888354
0.870000000000001	0.00566984161626479
0.890000000000001	0.00574729746482036
0.910000000000001	0.00582510933871326
0.930000000000001	0.0059032772421547
0.950000000000001	0.00598180117935595
0.970000000000001	0.0060606811545283
0.990000000000001	0.00613991717188313
