# Program settings for SigmaNu
# Electroweak scheme and input parameters
# Scheme = Complex mass scheme
# alpha_GF = 0.00755898078237864
# Pole masses/widths for particles [GeV]
# mw = 80.35797361
# gw = 2.084298894
# mz = 91.15348062
# gz = 2.494266379
# s^2_thetaw (derived) = (0.222868505240788,-0.00110716741475141)
# charged leptons
# m_e = 0.0005109989461
# m_m = 0.10565837
# m_t = 1.77686
# quarks
# m_d = 0.05
# m_u = 0.05
# m_s = 0.2
# m_c = 1.51
# m_b = 4.92
# m_t = 173
# Ecms (default) = 19704.9

# channel_id = 14
# process  = nu_e nu_t~ -> e- t+
-0.99	4.57554746013839e-08
-0.97	4.20202523374261e-07
-0.95	1.19129450986116e-06
-0.93	2.38357939508867e-06
-0.91	4.02315037520208e-06
-0.89	6.13775528550092e-06
-0.87	8.75691481802905e-06
-0.85	1.19120503567989e-05
-0.83	1.56366223172265e-05
-0.81	1.99662799681366e-05
-0.79	2.49390238171853e-05
-0.77	3.05953817549356e-05
-0.75	3.69786002807404e-05
-0.73	4.41348522767812e-05
-0.71	5.21134629570615e-05
-0.69	6.09671557982507e-05
-0.67	7.07523204615877e-05
-0.65	8.15293049426579e-05
-0.63	9.33627344423131e-05
-0.61	0.000106321859741224
-0.59	0.000120480938187341
-0.57	0.000135919650775196
-0.55	0.000152723559214747
-0.53	0.000170984607362652
-0.51	0.000190801671928845
-0.49	0.00021228116798585
-0.47	0.000235537715508936
-0.45	0.000260694873975271
-0.429999999999999	0.000287885952965483
-0.409999999999999	0.000317254907759651
-0.389999999999999	0.000348957330123722
-0.369999999999999	0.000383161545866766
-0.349999999999999	0.000420049832344943
-0.329999999999999	0.000459819770929876
-0.309999999999999	0.000502685751589921
-0.289999999999999	0.000548880649202963
-0.269999999999999	0.000598657694089031
-0.249999999999999	0.000652292562592021
-0.229999999999999	0.000710085717438736
-0.209999999999999	0.000772365032163661
-0.189999999999999	0.000839488739234788
-0.169999999999999	0.000911848747800548
-0.149999999999999	0.000989874384383916
-0.129999999999999	0.00107403661860054
-0.109999999999999	0.00116485284634549
-0.0899999999999994	0.00126289231521199
-0.0699999999999994	0.00136878229158512
-0.0499999999999994	0.00148321508639995
-0.0299999999999994	0.00160695607759259
-0.00999999999999938	0.00174085289258213
0.0100000000000006	0.00188584594467138
0.0300000000000006	0.00204298055425943
0.0500000000000006	0.00221342093074782
0.0700000000000006	0.00239846634592424
0.0900000000000006	0.00259956989687336
0.110000000000001	0.0028183603392173
0.130000000000001	0.00305666757373127
0.150000000000001	0.00331655249626961
0.170000000000001	0.00360034207915162
0.190000000000001	0.00391067075039299
0.210000000000001	0.00425052938682129
0.230000000000001	0.00462332355320309
0.250000000000001	0.00503294302196342
0.270000000000001	0.00548384512351171
0.290000000000001	0.00598115514140936
0.310000000000001	0.00653078782815141
0.330000000000001	0.00713959524247765
0.350000000000001	0.00781554758918287
0.370000000000001	0.00856795570422382
0.390000000000001	0.00940774644942074
0.410000000000001	0.0103478058141512
0.430000000000001	0.0114034093265966
0.450000000000001	0.0125927659758099
0.470000000000001	0.0139377110014501
0.490000000000001	0.0154645957518464
0.510000000000001	0.0172054410425823
0.530000000000001	0.0191994466566638
0.550000000000001	0.0214949878209031
0.570000000000001	0.0241522859762191
0.590000000000001	0.0272470260311339
0.610000000000001	0.0308753220416782
0.630000000000001	0.0351606354112067
0.650000000000001	0.0402635712200529
0.670000000000001	0.0463960014196771
0.690000000000001	0.0538418364432244
0.710000000000001	0.0629882643235073
0.730000000000001	0.0743739274253101
0.750000000000001	0.0887653681587809
0.770000000000001	0.107282353396862
0.790000000000001	0.131611228354808
0.810000000000001	0.164384527928
0.830000000000001	0.209892752156206
0.850000000000001	0.275506208241458
0.870000000000001	0.3747462841762
0.890000000000001	0.534611959502279
0.910000000000001	0.815499694245385
0.930000000000001	1.37616005591725
0.950000000000001	2.75241952473058
0.970000000000001	7.79633504123558
0.990000000000001	71.2828301524227
