# Program settings for SigmaNu
# Electroweak scheme and input parameters
# Scheme = Complex mass scheme
# alpha_GF = 0.00755898078237864
# Pole masses/widths for particles [GeV]
# mw = 80.35797361
# gw = 2.084298894
# mz = 91.15348062
# gz = 2.494266379
# s^2_thetaw (derived) = (0.222868505240788,-0.00110716741475141)
# charged leptons
# m_e = 0.0005109989461
# m_m = 0.10565837
# m_t = 1.77686
# quarks
# m_d = 0.05
# m_u = 0.05
# m_s = 0.2
# m_c = 1.51
# m_b = 4.92
# m_t = 173
# Ecms (default) = 825.986

# channel_id = 14
# process  = nu_e nu_t~ -> e- t+
-0.99	2.55762205544871e-05
-0.97	0.00023469383694926
-0.95	0.000665156820610124
-0.93	0.00133053170108254
-0.91	0.00224523060430793
-0.89	0.00342457052677513
-0.87	0.0048848373367928
-0.85	0.00664335492978711
-0.83	0.00871856000784016
-0.81	0.0111300830018912
-0.79	0.0138988357087387
-0.77	0.0170471062748997
-0.75	0.0205986622263025
-0.73	0.0245788623176055
-0.71	0.0290147780586899
-0.69	0.0339353258697456
-0.67	0.0393714109217025
-0.65	0.0453560838371274
-0.63	0.0519247115598611
-0.61	0.0591151638516953
-0.59	0.0669680170436274
-0.57	0.0755267768604168
-0.55	0.0848381223534697
-0.53	0.0949521732221325
-0.51	0.105922783081547
-0.49	0.117807861551225
-0.47	0.130669728398194
-0.45	0.144575503378652
-0.429999999999999	0.159597535890378
-0.409999999999999	0.175813879083877
-0.389999999999999	0.193308813694162
-0.369999999999999	0.212173427559867
-0.349999999999999	0.232506257607042
-0.329999999999999	0.254414002009112
-0.309999999999999	0.278012311313058
-0.289999999999999	0.303426668569773
-0.269999999999999	0.330793369953234
-0.249999999999999	0.360260619034024
-0.229999999999999	0.391989749829895
-0.209999999999999	0.426156596040231
-0.189999999999999	0.462953026543174
-0.169999999999999	0.502588670367331
-0.149999999999999	0.545292858033083
-0.129999999999999	0.591316810499266
-0.109999999999999	0.640936112080515
-0.0899999999999994	0.694453509778704
-0.0699999999999994	0.752202088694795
-0.0499999999999994	0.814548881795726
-0.0299999999999994	0.881898982601871
-0.00999999999999938	0.954700241701801
0.0100000000000006	1.03344864284951
0.0300000000000006	1.11869447232513
0.0500000000000006	1.21104941695737
0.0700000000000006	1.31119475261337
0.0900000000000006	1.41989081719388
0.110000000000001	1.53798800167033
0.130000000000001	1.66643954130286
0.150000000000001	1.80631644924116
0.170000000000001	1.95882500926786
0.190000000000001	2.12532733743039
0.210000000000001	2.30736563884367
0.230000000000001	2.50669093274802
0.250000000000001	2.72529720482495
0.270000000000001	2.96546218256
0.290000000000001	3.22979623279308
0.310000000000001	3.52130127164283
0.330000000000001	3.8434420843766
0.350000000000001	4.20023311566895
0.370000000000001	4.5963446629925
0.390000000000001	5.0372335626011
0.410000000000001	5.52930500390352
0.430000000000001	6.08011419305006
0.450000000000001	6.69861942367219
0.470000000000001	7.39550201085093
0.490000000000001	8.18357395602304
0.510000000000001	9.07830180678948
0.530000000000001	10.0984859653217
0.550000000000001	11.2671502208014
0.570000000000001	12.6127189179158
0.590000000000001	14.1705926773421
0.610000000000001	15.9852839721293
0.630000000000001	18.1133509733924
0.650000000000001	20.6274883396963
0.670000000000001	23.6223251217837
0.690000000000001	27.2227919345999
0.710000000000001	31.5964408272476
0.730000000000001	36.9719971054442
0.750000000000001	43.6680110598233
0.770000000000001	52.1383967756544
0.790000000000001	63.0472299717612
0.810000000000001	77.3963671098912
0.830000000000001	96.7531073211832
0.850000000000001	123.678402696381
0.870000000000001	162.585539236328
0.890000000000001	221.603880798565
0.910000000000001	317.052530267212
0.930000000000001	485.706106964607
0.950000000000001	825.277724737518
0.970000000000001	1671.5105292302
0.990000000000001	4878.18465023545
