# Program settings for SigmaNu
# Electroweak scheme and input parameters
# Scheme = Complex mass scheme
# alpha_GF = 0.00755898078237864
# Pole masses/widths for particles [GeV]
# mw = 80.35797361
# gw = 2.084298894
# mz = 91.15348062
# gz = 2.494266379
# s^2_thetaw (derived) = (0.222868505240788,-0.00110716741475141)
# charged leptons
# m_e = 0.0005109989461
# m_m = 0.10565837
# m_t = 1.77686
# quarks
# m_d = 0.05
# m_u = 0.05
# m_s = 0.2
# m_c = 1.51
# m_b = 4.92
# m_t = 173
# Ecms (default) = 95.7535

# channel_id = 14
# process  = nu_e nu_t~ -> e- t+
-0.99	0.000709610679528706
-0.97	0.00618463548744324
-0.95	0.0172285966738213
-0.93	0.0340410292849807
-0.91	0.0568286888319867
-0.89	0.0858058436446359
-0.87	0.121194580628544
-0.85	0.163225125117887
-0.83	0.212136175556357
-0.81	0.268175253781466
-0.79	0.331599071732636
-0.77	0.402673915451782
-0.75	0.481676047296509
-0.73	0.56889212734077
-0.71	0.664619654996313
-0.69	0.769167431950433
-0.67	0.882856047582056
-0.65	1.00601838808907
-0.63	1.13900017063552
-0.61	1.28216050390822
-0.59	1.4358724765587
-0.57	1.60052377509888
-0.55	1.77651733291764
-0.53	1.96427201219114
-0.51	2.16422332057316
-0.49	2.37682416467269
-0.47	2.60254564245594
-0.45	2.84187787684931
-0.429999999999999	3.095330892969
-0.409999999999999	3.36343554156311
-0.389999999999999	3.64674447142401
-0.369999999999999	3.94583315371355
-0.349999999999999	4.26130096134178
-0.329999999999999	4.59377230675333
-0.309999999999999	4.94389784170477
-0.289999999999999	5.31235572286319
-0.269999999999999	5.69985294732188
-0.249999999999999	6.10712676241506
-0.229999999999999	6.53494615452216
-0.209999999999999	6.98411342188489
-0.189999999999999	7.45546583681869
-0.169999999999999	7.94987740308798
-0.149999999999999	8.4682607146329
-0.129999999999999	9.01156892228705
-0.109999999999999	9.58079781561517
-0.0899999999999994	10.1769880275285
-0.0699999999999994	10.8012273699082
-0.0499999999999994	11.4546533090876
-0.0299999999999994	12.1384555907173
-0.00999999999999938	12.8538790242654
0.0100000000000006	13.6022264381981
0.0300000000000006	14.3848618177451
0.0500000000000006	15.2032136380881
0.0700000000000006	16.0587784068285
0.0900000000000006	16.9531244306953
0.110000000000001	17.8878958226572
0.130000000000001	18.8648167669178
0.150000000000001	19.8856960607025
0.170000000000001	20.9524319533065
0.190000000000001	22.0670173045812
0.210000000000001	23.2315450868985
0.230000000000001	24.4482142566736
0.250000000000001	25.7193360237567
0.270000000000001	27.0473405494505
0.290000000000001	28.4347841065923
0.310000000000001	29.8843567380791
0.330000000000001	31.3988904534467
0.350000000000001	32.9813680066647
0.370000000000001	34.634932302215
0.390000000000001	36.3628964808249
0.410000000000001	38.1687547409655
0.430000000000001	40.0561939574564
0.450000000000001	42.0291061642915
0.470000000000001	44.091601975185
0.490000000000001	46.2480250223931
0.510000000000001	48.5029675021906
0.530000000000001	50.8612869240431
0.550000000000001	53.3281241701388
0.570000000000001	55.9089229826234
0.590000000000001	58.6094510077652
0.610000000000001	61.4358225395039
0.630000000000001	64.3945231195768
0.650000000000001	67.4924361678709
0.670000000000001	70.7368718350186
0.690000000000001	74.135598289816
0.710000000000001	77.6968756770565
0.730000000000001	81.4294930071835
0.750000000000001	85.3428082681435
0.770000000000001	89.4467920823973
0.790000000000001	93.7520752687189
0.810000000000001	98.2700007097536
0.830000000000001	103.012679972972
0.850000000000001	107.993055185418
0.870000000000001	113.224966722382
0.890000000000001	118.723227337862
0.910000000000001	124.5037034416
0.930000000000001	130.583404314976
0.950000000000001	136.980580157749
0.970000000000001	143.714829971405
0.990000000000001	150.807220414956
