# Program settings for SigmaNu
# Electroweak scheme and input parameters
# Scheme = Complex mass scheme
# alpha_GF = 0.00755898078237864
# Pole masses/widths for particles [GeV]
# mw = 80.35797361
# gw = 2.084298894
# mz = 91.15348062
# gz = 2.494266379
# s^2_thetaw (derived) = (0.222868505240788,-0.00110716741475141)
# charged leptons
# m_e = 0.0005109989461
# m_m = 0.10565837
# m_t = 1.77686
# quarks
# m_d = 0.05
# m_u = 0.05
# m_s = 0.2
# m_c = 1.51
# m_b = 4.92
# m_t = 173
# Ecms (default) = 941.84

# channel_id = 14
# process  = nu_e nu_t~ -> e- t+
-0.99	1.97527232239654e-05
-0.97	0.000181289705011655
-0.95	0.000513839286415137
-0.93	0.00102790650833828
-0.91	0.0017346526769207
-0.89	0.00264594147201772
-0.87	0.00377438874140234
-0.85	0.00513341631432949
-0.83	0.00673731020203186
-0.81	0.00860128359049112
-0.79	0.0107415450729297
-0.77	0.0131753726164436
-0.75	0.0159211938096723
-0.73	0.0189986729970914
-0.71	0.0224288059712238
-0.69	0.0262340229677396
-0.67	0.0304383007911093
-0.65	0.0350672849914194
-0.63	0.0401484231175605
-0.61	0.0457111101898735
-0.59	0.0517868476683623
-0.57	0.0584094173428984
-0.55	0.0656150717419624
-0.53	0.073442742849266
-0.51	0.081934271136449
-0.49	0.0911346571688312
-0.47	0.101092338324496
-0.45	0.111859493490067
-0.429999999999999	0.123492378965655
-0.409999999999999	0.136051699233855
-0.389999999999999	0.149603016731931
-0.369999999999999	0.164217205322489
-0.349999999999999	0.179970952797881
-0.329999999999999	0.19694731849137
-0.309999999999999	0.215236352920277
-0.289999999999999	0.234935787372786
-0.269999999999999	0.256151802494197
-0.249999999999999	0.278999886258433
-0.229999999999999	0.303605793259927
-0.209999999999999	0.330106619070186
-0.189999999999999	0.358652005520689
-0.169999999999999	0.389405495258017
-0.149999999999999	0.422546056839042
-0.129999999999999	0.458269805079674
-0.109999999999999	0.496791945444862
-0.0899999999999994	0.538348976098253
-0.0699999999999994	0.583201186974014
-0.0499999999999994	0.631635502083838
-0.0299999999999994	0.683968719467243
-0.00999999999999938	0.740551213028067
0.0100000000000006	0.801771172341712
0.0300000000000006	0.868059470824376
0.0500000000000006	0.93989527000208
0.0700000000000006	1.01781248872729
0.0900000000000006	1.10240729197961
0.110000000000001	1.19434678551755
0.130000000000001	1.29437914160555
0.150000000000001	1.40334542923026
0.170000000000001	1.52219348209988
0.190000000000001	1.6519942124801
0.210000000000001	1.79396087271683
0.230000000000001	1.94947188458903
0.250000000000001	2.12009800663043
0.270000000000001	2.30763480083462
0.290000000000001	2.51414160553368
0.310000000000001	2.74198853799269
0.330000000000001	2.99391346185862
0.350000000000001	3.2730913931668
0.370000000000001	3.5832195284933
0.390000000000001	3.9286220218221
0.410000000000001	4.31437989962528
0.430000000000001	4.74649320986634
0.450000000000001	5.23208482712147
0.470000000000001	5.77965853961899
0.490000000000001	6.39942850194134
0.510000000000001	7.10374341050891
0.530000000000001	7.9076376938118
0.550000000000001	8.82955490015972
0.570000000000001	9.89230732444887
0.590000000000001	11.124363922662
0.610000000000001	12.5616008393739
0.630000000000001	14.2497138298374
0.650000000000001	16.2475936098177
0.670000000000001	18.6321279718982
0.690000000000001	21.50516115611
0.710000000000001	25.0037891317927
0.730000000000001	29.315944713737
0.750000000000001	34.7046115312463
0.770000000000001	41.546572368329
0.790000000000001	50.3965545748212
0.810000000000001	62.0976783969959
0.830000000000001	77.9806241630975
0.850000000000001	100.243126667577
0.870000000000001	132.723120587491
0.890000000000001	182.610547869606
0.910000000000001	264.66378207437
0.930000000000001	413.182869080764
0.950000000000001	723.596390221715
0.970000000000001	1550.19112040473
0.990000000000001	5206.36968969399
