# Program settings for SigmaNu
# Electroweak scheme and input parameters
# Scheme = Complex mass scheme
# alpha_GF = 0.00755898078237864
# Pole masses/widths for particles [GeV]
# mw = 80.35797361
# gw = 2.084298894
# mz = 91.15348062
# gz = 2.494266379
# s^2_thetaw (derived) = (0.222868505240788,-0.00110716741475141)
# charged leptons
# m_e = 0.0005109989461
# m_m = 0.10565837
# m_t = 1.77686
# quarks
# m_d = 0.05
# m_u = 0.05
# m_s = 0.2
# m_c = 1.51
# m_b = 4.92
# m_t = 173
# Ecms (default) = 1681.69

# channel_id = 14
# process  = nu_e nu_t~ -> e- t+
-0.99	6.25488010251103e-06
-0.97	5.74315283793685e-05
-0.95	0.000162808686109014
-0.93	0.000325732938568576
-0.91	0.00054976103063824
-0.89	0.000838674710554391
-0.87	0.00119649676656386
-0.85	0.00162750836504817
-0.83	0.00213626780978756
-0.81	0.00272763085440143
-0.79	0.00340677271379183
-0.77	0.00417921193581357
-0.75	0.00505083631160371
-0.73	0.00602793102226161
-0.71	0.00711720924114796
-0.69	0.00832584543527751
-0.67	0.00966151163646812
-0.65	0.0111324169834883
-0.63	0.012747350870882
-0.61	0.0145157300789847
-0.59	0.0164476503034996
-0.57	0.0185539425526004
-0.55	0.0208462349356919
-0.53	0.0233370204316739
-0.51	0.0260397312969175
-0.49	0.02896882085551
-0.47	0.0321398535081556
-0.45	0.0355696039032279
-0.429999999999999	0.039276166335947
-0.409999999999999	0.0432790755819289
-0.389999999999999	0.0475994405323286
-0.369999999999999	0.0522600921828396
-0.349999999999999	0.0572857477419429
-0.329999999999999	0.0627031928697487
-0.309999999999999	0.068541484343168
-0.289999999999999	0.0748321757726796
-0.269999999999999	0.0816095693785922
-0.249999999999999	0.0889109972799681
-0.229999999999999	0.0967771362686985
-0.209999999999999	0.105252360648328
-0.189999999999999	0.114385138428641
-0.169999999999999	0.124228477002748
-0.149999999999999	0.134840425417656
-0.129999999999999	0.146284641511556
-0.109999999999999	0.158631033567153
-0.0899999999999994	0.171956487764437
-0.0699999999999994	0.186345694662052
-0.0499999999999994	0.201892090260717
-0.0299999999999994	0.218698929986879
-0.00999999999999938	0.236880517282365
0.0100000000000006	0.256563612523217
0.0300000000000006	0.277889052877555
0.0500000000000006	0.301013619648092
0.0700000000000006	0.326112196882387
0.0900000000000006	0.353380273893063
0.110000000000001	0.383036855218691
0.130000000000001	0.415327854995597
0.150000000000001	0.450530069372951
0.170000000000001	0.488955841356306
0.190000000000001	0.530958558437893
0.210000000000001	0.576939156043081
0.230000000000001	0.627353841136527
0.250000000000001	0.682723302865508
0.270000000000001	0.743643744308037
0.290000000000001	0.810800155854932
0.310000000000001	0.884982362732055
0.330000000000001	0.967104525175704
0.350000000000001	1.05822896151477
0.370000000000001	1.15959541811737
0.390000000000001	1.27265724853716
0.410000000000001	1.39912641933244
0.430000000000001	1.54102987773012
0.450000000000001	1.70078066265648
0.470000000000001	1.88126831213476
0.490000000000001	2.08597475923272
0.510000000000001	2.31912422913803
0.530000000000001	2.58587897579607
0.550000000000001	2.89259752782898
0.570000000000001	3.24717923372406
0.590000000000001	3.6595295553787
0.610000000000001	4.14219678901299
0.630000000000001	4.71125606607857
0.650000000000001	5.38755633084306
0.670000000000001	6.19851047345611
0.690000000000001	7.18071574726101
0.710000000000001	8.38387388970625
0.730000000000001	9.8768006817581
0.750000000000001	11.7568971529817
0.770000000000001	14.1655557963459
0.790000000000001	17.3141515434841
0.810000000000001	21.529795826769
0.830000000000001	27.3400402657153
0.850000000000001	35.6394785454177
0.870000000000001	48.0427354835148
0.890000000000001	67.7058908657026
0.910000000000001	101.486856286002
0.930000000000001	166.664858706277
0.950000000000001	317.711123893414
0.970000000000001	808.03971333142
0.990000000000001	4642.78344219348
