# Program settings for SigmaNu
# Electroweak scheme and input parameters
# Scheme = Complex mass scheme
# alpha_GF = 0.00755898078237864
# Pole masses/widths for particles [GeV]
# mw = 80.35797361
# gw = 2.084298894
# mz = 91.15348062
# gz = 2.494266379
# s^2_thetaw (derived) = (0.222868505240788,-0.00110716741475141)
# charged leptons
# m_e = 0.0005109989461
# m_m = 0.10565837
# m_t = 1.77686
# quarks
# m_d = 0.05
# m_u = 0.05
# m_s = 0.2
# m_c = 1.51
# m_b = 4.92
# m_t = 173
# Ecms (default) = 2.03719

# channel_id = 14
# process  = nu_e nu_t~ -> e- t+
-0.99	1.52587335701739e-05
-0.97	4.59133464722522e-05
-0.95	7.67597526249942e-05
-0.93	0.000107797953795957
-0.91	0.000139027951752716
-0.89	0.000170449748262858
-0.87	0.000202063345093993
-0.85	0.000233868744013742
-0.83	0.000265865946789745
-0.81	0.000298054955189654
-0.79	0.000330435770981145
-0.77	0.000363008395931903
-0.75	0.000395772831809631
-0.73	0.000428729080382052
-0.71	0.000461877143416904
-0.69	0.000495217022681935
-0.67	0.000528748719944918
-0.65	0.000562472236973638
-0.63	0.000596387575535897
-0.61	0.000630494737399513
-0.59	0.000664793724332319
-0.57	0.000699284538102167
-0.55	0.000733967180476923
-0.53	0.000768841653224471
-0.51	0.000803907958112713
-0.49	0.000839166096909561
-0.47	0.000874616071382949
-0.45	0.000910257883300826
-0.429999999999999	0.000946091534431155
-0.409999999999999	0.000982117026541919
-0.389999999999999	0.00101833436140112
-0.369999999999999	0.00105474354077676
-0.349999999999999	0.00109134456643687
-0.329999999999999	0.00112813744014951
-0.309999999999999	0.00116512216368273
-0.289999999999999	0.00120229873880461
-0.269999999999999	0.00123966716728326
-0.249999999999999	0.00127722745088677
-0.229999999999999	0.00131497959138327
-0.209999999999999	0.00135292359054092
-0.189999999999999	0.00139105945012787
-0.169999999999999	0.0014293871719123
-0.149999999999999	0.0014679067576624
-0.129999999999999	0.00150661820914638
-0.109999999999999	0.00154552152813246
-0.0899999999999994	0.00158461671638889
-0.0699999999999994	0.00162390377568393
-0.0499999999999994	0.00166338270778585
-0.0299999999999994	0.00170305351446294
-0.00999999999999938	0.0017429161974835
0.0100000000000006	0.00178297075861586
0.0300000000000006	0.00182321719962837
0.0500000000000006	0.00186365552228937
0.0700000000000006	0.00190428572836724
0.0900000000000006	0.00194510781963036
0.110000000000001	0.00198612179784715
0.130000000000001	0.00202732766478602
0.150000000000001	0.00206872542221541
0.170000000000001	0.00211031507190377
0.190000000000001	0.00215209661561958
0.210000000000001	0.00219407005513131
0.230000000000001	0.00223623539220748
0.250000000000001	0.0022785926286166
0.270000000000001	0.0023211417661272
0.290000000000001	0.00236388280650784
0.310000000000001	0.00240681575152709
0.330000000000001	0.00244994060295352
0.350000000000001	0.00249325736255575
0.370000000000001	0.00253676603210238
0.390000000000001	0.00258046661336205
0.410000000000001	0.00262435910810341
0.430000000000001	0.00266844351809512
0.450000000000001	0.00271271984510587
0.470000000000001	0.00275718809090435
0.490000000000001	0.00280184825725928
0.510000000000001	0.00284670034593939
0.530000000000001	0.00289174435871342
0.550000000000001	0.00293698029735014
0.570000000000001	0.00298240816361833
0.590000000000001	0.00302802795928679
0.610000000000001	0.00307383968612432
0.630000000000001	0.00311984334589976
0.650000000000001	0.00316603894038196
0.670000000000001	0.00321242647133975
0.690000000000001	0.00325900594054205
0.710000000000001	0.00330577734975772
0.730000000000001	0.00335274070075568
0.750000000000001	0.00339989599530487
0.770000000000001	0.00344724323517421
0.790000000000001	0.00349478242213268
0.810000000000001	0.00354251355794924
0.830000000000001	0.00359043664439289
0.850000000000001	0.00363855168323264
0.870000000000001	0.0036868586762375
0.890000000000001	0.00373535762517653
0.910000000000001	0.00378404853181877
0.930000000000001	0.0038329313979333
0.950000000000001	0.00388200622528921
0.970000000000001	0.0039312730156556
0.990000000000001	0.0039807317708016
