# Program settings for SigmaNu
# Electroweak scheme and input parameters
# Scheme = Complex mass scheme
# alpha_GF = 0.00755898078237864
# Pole masses/widths for particles [GeV]
# mw = 80.35797361
# gw = 2.084298894
# mz = 91.15348062
# gz = 2.494266379
# s^2_thetaw (derived) = (0.222868505240788,-0.00110716741475141)
# charged leptons
# m_e = 0.0005109989461
# m_m = 0.10565837
# m_t = 1.77686
# quarks
# m_d = 0.05
# m_u = 0.05
# m_s = 0.2
# m_c = 1.51
# m_b = 4.92
# m_t = 173
# Ecms (default) = 16361.3

# channel_id = 14
# process  = nu_e nu_t~ -> e- t+
-0.99	6.63666193564804e-08
-0.97	6.09487788760392e-07
-0.95	1.7279269685205e-06
-0.93	3.45728974321459e-06
-0.91	5.83542296572855e-06
-0.89	8.90257343981604e-06
-0.87	1.2701559385946e-05
-0.85	1.72779558567282e-05
-0.83	2.26802953877686e-05
-0.81	2.89602853029876e-05
-0.79	3.61730432420638e-05
-0.77	4.4377352643556e-05
-0.75	5.36359401028262e-05
-0.73	6.40157767315209e-05
-0.71	7.55884058781424e-05
-0.69	8.84302998304035e-05
-0.67	0.000102623248413497
-0.65	0.00011825478272857
-0.63	0.000135418637647572
-0.61	0.000154215257100205
-0.59	0.000174752346662605
-0.57	0.000197145478493558
-0.55	0.000221518754271407
-0.53	0.000248005532474027
-0.51	0.00027674922712737
-0.49	0.000307904186039497
-0.47	0.000341636657553167
-0.45	0.000378125856010478
-0.429999999999999	0.000417565137450441
-0.409999999999999	0.000460163298581313
-0.389999999999999	0.000506146013815605
-0.369999999999999	0.000555757427163689
-0.349999999999999	0.000609261918095802
-0.329999999999999	0.000666946063153601
-0.309999999999999	0.0007291208181828
-0.289999999999999	0.000796123949640971
-0.269999999999999	0.00086832274759656
-0.249999999999999	0.000946117057880839
-0.229999999999999	0.00102994267650915
-0.209999999999999	0.00112027515610173
-0.189999999999999	0.00121763408178913
-0.169999999999999	0.00132258788320222
-0.149999999999999	0.00143575925988789
-0.129999999999999	0.00155783131018305
-0.109999999999999	0.00168955446861606
-0.0899999999999994	0.00183175437477098
-0.0699999999999994	0.00198534081783981
-0.0499999999999994	0.00215131792653615
-0.0299999999999994	0.00233079580455646
-0.00999999999999938	0.0025250038484816
0.0100000000000006	0.00273530602931811
0.0300000000000006	0.00296321847254692
0.0500000000000006	0.00321042973679398
0.0700000000000006	0.00347882427086145
0.0900000000000006	0.0037705096264122
0.110000000000001	0.00408784812361534
0.130000000000001	0.00443349381534097
0.150000000000001	0.0048104357795163
0.170000000000001	0.00522204899870826
0.190000000000001	0.00567215437349105
0.210000000000001	0.00616508977821725
0.230000000000001	0.00670579452621836
0.250000000000001	0.0072999101951142
0.270000000000001	0.00795390151041044
0.290000000000001	0.00867520194883492
0.310000000000001	0.00947238997228182
0.330000000000001	0.0103554034349295
0.350000000000001	0.0113358018524792
0.370000000000001	0.012427089067496
0.390000000000001	0.0136451126464992
0.410000000000001	0.0150085614680691
0.430000000000001	0.0165395899295281
0.450000000000001	0.0182646067689068
0.470000000000001	0.0202152797758206
0.490000000000001	0.0224298262901117
0.510000000000001	0.0249546858249926
0.530000000000001	0.0278467091570391
0.550000000000001	0.0311760536094534
0.570000000000001	0.0350300561595723
0.590000000000001	0.0395184790700041
0.610000000000001	0.0447807108905108
0.630000000000001	0.0509957987983715
0.650000000000001	0.0583966544405348
0.670000000000001	0.0672905339528214
0.690000000000001	0.0780891583598579
0.710000000000001	0.0913540118459125
0.730000000000001	0.107866199007333
0.750000000000001	0.128737290179697
0.770000000000001	0.155591035506372
0.790000000000001	0.190872707840475
0.810000000000001	0.238399483427684
0.830000000000001	0.304392367422343
0.850000000000001	0.399537459271072
0.870000000000001	0.543438131734961
0.890000000000001	0.775234788324659
0.910000000000001	1.18247540204345
0.930000000000001	1.99524387824123
0.950000000000001	3.98994953879732
0.970000000000001	11.2971817294141
0.990000000000001	103.086454089502
