# Program settings for SigmaNu
# Electroweak scheme and input parameters
# Scheme = Complex mass scheme
# alpha_GF = 0.00755898078237864
# Pole masses/widths for particles [GeV]
# mw = 80.35797361
# gw = 2.084298894
# mz = 91.15348062
# gz = 2.494266379
# s^2_thetaw (derived) = (0.222868505240788,-0.00110716741475141)
# charged leptons
# m_e = 0.0005109989461
# m_m = 0.10565837
# m_t = 1.77686
# quarks
# m_d = 0.05
# m_u = 0.05
# m_s = 0.2
# m_c = 1.51
# m_b = 4.92
# m_t = 173
# Ecms (default) = 19.1802

# channel_id = 14
# process  = nu_e nu_t~ -> e- t+
-0.99	0.000370023122524168
-0.97	0.00192497540761115
-0.95	0.00456937544403186
-0.93	0.00830672055523517
-0.91	0.0131405193011756
-0.89	0.0190742915184445
-0.87	0.0261115683605627
-0.85	0.0342558923384356
-0.83	0.0435108173609701
-0.81	0.0538799087758565
-0.79	0.0653667434105129
-0.77	0.0779749096131957
-0.75	0.0917080072942755
-0.73	0.10656964796768
-0.71	0.122563454792503
-0.69	0.139693062614783
-0.67	0.157962118009447
-0.65	0.177374279322429
-0.63	0.197933216712957
-0.61	0.219642612196006
-0.59	0.242506159684931
-0.57	0.266527565034266
-0.55	0.291710546082701
-0.53	0.318058832696231
-0.51	0.345576166811475
-0.49	0.374266302479186
-0.47	0.404133005907916
-0.45	0.435180055507879
-0.429999999999999	0.467411241934978
-0.409999999999999	0.500830368135017
-0.389999999999999	0.53544124938809
-0.369999999999999	0.571247713353157
-0.349999999999999	0.60825360011279
-0.329999999999999	0.646462762218116
-0.309999999999999	0.685879064733926
-0.289999999999999	0.726506385283987
-0.269999999999999	0.768348614096517
-0.249999999999999	0.81140965404987
-0.229999999999999	0.855693420718382
-0.209999999999999	0.901203842418433
-0.189999999999999	0.947944860254662
-0.169999999999999	0.995920428166408
-0.149999999999999	1.04513451297431
-0.129999999999999	1.09559109442712
-0.109999999999999	1.1472941652487
-0.0899999999999994	1.2002477311852
-0.0699999999999994	1.25445581105244
-0.0499999999999994	1.30992243678349
-0.0299999999999994	1.36665165347647
-0.00999999999999938	1.42464751944246
0.0100000000000006	1.48391410625369
0.0300000000000006	1.54445549879193
0.0500000000000006	1.60627579529702
0.0700000000000006	1.66937910741562
0.0900000000000006	1.73376956025021
0.110000000000001	1.79945129240822
0.130000000000001	1.86642845605141
0.150000000000001	1.93470521694543
0.170000000000001	2.00428575450961
0.190000000000001	2.07517426186691
0.210000000000001	2.14737494589416
0.230000000000001	2.22089202727236
0.250000000000001	2.29572974053738
0.270000000000001	2.3718923341307
0.290000000000001	2.44938407045046
0.310000000000001	2.52820922590269
0.330000000000001	2.60837209095274
0.350000000000001	2.68987697017694
0.370000000000001	2.77272818231448
0.390000000000001	2.85693006031949
0.410000000000001	2.94248695141332
0.430000000000001	3.0294032171371
0.450000000000001	3.11768323340444
0.470000000000001	3.20733139055439
0.490000000000001	3.29835209340465
0.510000000000001	3.3907497613049
0.530000000000001	3.48452882819049
0.550000000000001	3.57969374263624
0.570000000000001	3.6762489679105
0.590000000000001	3.77419898202949
0.610000000000001	3.87354827781175
0.630000000000001	3.97430136293295
0.650000000000001	4.07646275998079
0.670000000000001	4.1800370065103
0.690000000000001	4.28502865509918
0.710000000000001	4.39144227340351
0.730000000000001	4.49928244421366
0.750000000000001	4.60855376551039
0.770000000000001	4.71926085052123
0.790000000000001	4.8314083277771
0.810000000000001	4.94500084116913
0.830000000000001	5.06004305000572
0.850000000000001	5.17653962906992
0.870000000000001	5.29449526867691
0.890000000000001	5.41391467473187
0.910000000000001	5.53480256878798
0.930000000000001	5.65716368810471
0.950000000000001	5.78100278570639
0.970000000000001	5.90632463044092
0.990000000000001	6.03313400703887
