# Program settings for SigmaNu
# Electroweak scheme and input parameters
# Scheme = Complex mass scheme
# alpha_GF = 0.00755898078237864
# Pole masses/widths for particles [GeV]
# mw = 80.35797361
# gw = 2.084298894
# mz = 91.15348062
# gz = 2.494266379
# s^2_thetaw (derived) = (0.222868505240788,-0.00110716741475141)
# charged leptons
# m_e = 0.0005109989461
# m_m = 0.10565837
# m_t = 1.77686
# quarks
# m_d = 0.05
# m_u = 0.05
# m_s = 0.2
# m_c = 1.51
# m_b = 4.92
# m_t = 173
# Ecms (default) = 215.12

# channel_id = 14
# process  = nu_e nu_t~ -> e- t+
-0.99	0.00029929250713653
-0.97	0.00271714429159236
-0.95	0.00766975052686412
-0.93	0.0152942338984999
-0.91	0.0257352461102464
-0.89	0.0391454321336907
-0.87	0.0556859269820163
-0.85	0.0755268875846585
-0.83	0.098848062568672
-0.81	0.125839403004304
-0.79	0.156701717449083
-0.77	0.191647374929417
-0.75	0.230901059834439
-0.73	0.27470058306699
-0.71	0.32329775420527
-0.69	0.376959319880075
-0.67	0.435967974071719
-0.65	0.50062344658327
-0.63	0.571243676558936
-0.61	0.648166078595381
-0.59	0.73174890974765
-0.57	0.822372746569119
-0.55	0.920442082257074
-0.53	1.02638705501375
-0.51	1.14066531989035
-0.49	1.26376407767398
-0.47	1.3962022758217
-0.45	1.53853299806231
-0.429999999999999	1.69134606109719
-0.409999999999999	1.85527083886252
-0.389999999999999	2.03097933709683
-0.369999999999999	2.21918954352318
-0.349999999999999	2.42066908184494
-0.329999999999999	2.63623920101209
-0.309999999999999	2.86677913489442
-0.289999999999999	3.11323087165899
-0.269999999999999	3.37660437686168
-0.249999999999999	3.65798331960781
-0.229999999999999	3.95853135720869
-0.209999999999999	4.27949904067039
-0.189999999999999	4.62223141122408
-0.169999999999999	4.98817636709649
-0.149999999999999	5.37889388999662
-0.129999999999999	5.79606623256981
-0.109999999999999	6.24150918158163
-0.0899999999999994	6.71718452712976
-0.0699999999999994	7.22521388607716
-0.0499999999999994	7.76789404855439
-0.0299999999999994	8.34771404026684
-0.00999999999999938	8.96737412102572
0.0100000000000006	9.62980697207432
0.0300000000000006	10.3382013622045
0.0500000000000006	11.0960286263179
0.0700000000000006	11.9070723411381
0.0900000000000006	12.7754616426239
0.110000000000001	13.7057086999536
0.130000000000001	14.7027509437963
0.150000000000001	15.7719987444503
0.170000000000001	16.9193893513491
0.190000000000001	18.151448043133
0.210000000000001	19.4753576015363
0.230000000000001	20.8990374183844
0.250000000000001	22.4312337800055
0.270000000000001	24.0816231560181
0.290000000000001	25.8609306605567
0.310000000000001	27.7810662670958
0.330000000000001	29.8552818601483
0.350000000000001	32.0983528197524
0.370000000000001	34.5267885851254
0.390000000000001	37.1590775669435
0.410000000000001	40.0159729179932
0.430000000000001	43.1208270868764
0.450000000000001	46.4999848434008
0.470000000000001	50.1832466741219
0.490000000000001	54.2044172291114
0.510000000000001	58.6019570236623
0.530000000000001	63.4197600832181
0.550000000000001	68.7080859626916
0.570000000000001	74.5246819712481
0.590000000000001	80.9361410309146
0.610000000000001	88.019553130183
0.630000000000001	95.8645248188121
0.650000000000001	104.575663039962
0.670000000000001	114.27564879174
0.690000000000001	125.109065457823
0.710000000000001	137.247200160695
0.730000000000001	150.894109979837
0.750000000000001	166.29434684401
0.770000000000001	183.742877956419
0.790000000000001	203.597941680473
0.810000000000001	226.297870762298
0.830000000000001	252.383340261513
0.850000000000001	282.527126894566
0.870000000000001	317.574412280471
0.890000000000001	358.598108787574
0.910000000000001	406.975940281262
0.930000000000001	464.499595252314
0.950000000000001	533.532104675293
0.970000000000001	617.239335189809
0.990000000000001	719.938202170416
