# Program settings for SigmaNu
# Electroweak scheme and input parameters
# Scheme = Complex mass scheme
# alpha_GF = 0.00755898078237864
# Pole masses/widths for particles [GeV]
# mw = 80.35797361
# gw = 2.084298894
# mz = 91.15348062
# gz = 2.494266379
# s^2_thetaw (derived) = (0.222868505240788,-0.00110716741475141)
# charged leptons
# m_e = 0.0005109989461
# m_m = 0.10565837
# m_t = 1.77686
# quarks
# m_d = 0.05
# m_u = 0.05
# m_s = 0.2
# m_c = 1.51
# m_b = 4.92
# m_t = 173
# Ecms (default) = 28.4358

# channel_id = 14
# process  = nu_e nu_t~ -> e- t+
-0.99	0.000475677419860855
-0.97	0.00303358748013881
-0.95	0.00774547623108442
-0.93	0.0146257131723215
-0.91	0.0236887638386383
-0.89	0.0349491905139548
-0.87	0.048421652951267
-0.85	0.064120909098626
-0.83	0.0820618158312063
-0.81	0.102259329689522
-0.79	0.12472850762385
-0.77	0.149484507744913
-0.75	0.176542590080893
-0.73	0.205918117340818
-0.71	0.237626555684402
-0.69	0.27168347549838
-0.67	0.308104552179416
-0.65	0.346905566923634
-0.63	0.388102407522846
-0.61	0.431711069167522
-0.59	0.4777476552566
-0.57	0.526228378214157
-0.55	0.577169560313045
-0.53	0.630587634505535
-0.51	0.686499145261051
-0.49	0.744920749411046
-0.47	0.805869217001101
-0.45	0.869361432150315
-0.429999999999999	0.935414393918052
-0.409999999999999	1.00404521717811
-0.389999999999999	1.07527113350041
-0.369999999999999	1.14910949204021
-0.349999999999999	1.22557776043505
-0.329999999999999	1.30469352570931
-0.309999999999999	1.38647449518667
-0.289999999999999	1.47093849741033
-0.269999999999999	1.55810348307129
-0.249999999999999	1.64798752594453
-0.229999999999999	1.7406088238334
-0.209999999999999	1.83598569952214
-0.189999999999999	1.93413660173664
-0.169999999999999	2.03508010611358
-0.149999999999999	2.13883491617793
-0.129999999999999	2.24541986432905
-0.109999999999999	2.35485391283529
-0.0899999999999994	2.46715615483726
-0.0699999999999994	2.58234581535994
-0.0499999999999994	2.7004422523335
-0.0299999999999994	2.82146495762316
-0.00999999999999938	2.94543355806803
0.0100000000000006	3.072367816529
0.0300000000000006	3.2022876329459
0.0500000000000006	3.33521304540389
0.0700000000000006	3.47116423120926
0.0900000000000006	3.61016150797463
0.110000000000001	3.75222533471383
0.130000000000001	3.89737631294632
0.150000000000001	4.0456351878114
0.170000000000001	4.1970228491923
0.190000000000001	4.35156033285014
0.210000000000001	4.50926882156804
0.230000000000001	4.67016964630528
0.250000000000001	4.83428428736173
0.270000000000001	5.00163437555264
0.290000000000001	5.1722416933939
0.310000000000001	5.34612817629781
0.330000000000001	5.52331591377954
0.350000000000001	5.70382715067431
0.370000000000001	5.88768428836557
0.390000000000001	6.07490988602397
0.410000000000001	6.26552666185761
0.430000000000001	6.45955749437337
0.450000000000001	6.65702542364966
0.470000000000001	6.85795365262047
0.490000000000001	7.06236554837114
0.510000000000001	7.27028464344563
0.530000000000001	7.48173463716567
0.550000000000001	7.69673939696183
0.570000000000001	7.91532295971649
0.590000000000001	8.13750953311914
0.610000000000001	8.36332349703375
0.630000000000001	8.59278940487869
0.650000000000001	8.82593198501911
0.670000000000001	9.06277614217194
0.690000000000001	9.30334695882373
0.710000000000001	9.54766969666135
0.730000000000001	9.79576979801572
0.750000000000001	10.0476728873188
0.770000000000001	10.3034047725737
0.790000000000001	10.5629914468386
0.810000000000001	10.8264590897236
0.830000000000001	11.0938340689023
0.850000000000001	11.3651429416362
0.870000000000001	11.6404124563134
0.890000000000001	11.9196695540023
0.910000000000001	12.2029413700184
0.930000000000001	12.4902552355059
0.950000000000001	12.7816386790347
0.970000000000001	13.0771194282109
0.990000000000001	13.376725411303
