# Program settings for SigmaNu
# Electroweak scheme and input parameters
# Scheme = Complex mass scheme
# alpha_GF = 0.00755898078237864
# Pole masses/widths for particles [GeV]
# mw = 80.35797361
# gw = 2.084298894
# mz = 91.15348062
# gz = 2.494266379
# s^2_thetaw (derived) = (0.222868505240788,-0.00110716741475141)
# charged leptons
# m_e = 0.0005109989461
# m_m = 0.10565837
# m_t = 1.77686
# quarks
# m_d = 0.05
# m_u = 0.05
# m_s = 0.2
# m_c = 1.51
# m_b = 4.92
# m_t = 173
# Ecms (default) = 5725.12

# channel_id = 14
# process  = nu_e nu_t~ -> e- t+
-0.99	5.41841821638558e-07
-0.97	4.97601188736188e-06
-0.95	1.41071485975835e-05
-0.93	2.82258884341118e-05
-0.91	4.76411592840613e-05
-0.89	7.26814752398068e-05
-0.87	0.000103696335687204
-0.85	0.000141057738195092
-0.83	0.00018516181569405
-0.81	0.000236430609518682
-0.79	0.000295313991099412
-0.77	0.000362291746442905
-0.75	0.000437875839053122
-0.73	0.000522612868638372
-0.71	0.000617086744847625
-0.69	0.00072192159740887
-0.67	0.000837784946435037
-0.65	0.000965391159354692
-0.63	0.00110550522395707
-0.61	0.00125894687046141
-0.59	0.00142659507938468
-0.57	0.00160939301635233
-0.55	0.00180835343994913
-0.53	0.00202456463432488
-0.51	0.00225919692465458
-0.49	0.00251350984081894
-0.47	0.00278886000295438
-0.45	0.00308670981198109
-0.429999999999999	0.00340863703903661
-0.409999999999999	0.00375634542014014
-0.389999999999999	0.00413167637664406
-0.369999999999999	0.00453662199839497
-0.349999999999999	0.00497333944538499
-0.329999999999999	0.00544416694544456
-0.309999999999999	0.00595164159071331
-0.289999999999999	0.00649851916482001
-0.269999999999999	0.00708779626661794
-0.249999999999999	0.00772273503580727
-0.229999999999999	0.00840689083185079
-0.209999999999999	0.0091441432714792
-0.189999999999999	0.00993873109326353
-0.169999999999999	0.0107952913919933
-0.149999999999999	0.0117189038531053
-0.129999999999999	0.0127151407207965
-0.109999999999999	0.0137901233559442
-0.0899999999999994	0.0149505863854841
-0.0699999999999994	0.0162039506183119
-0.0499999999999994	0.0175584061100357
-0.0299999999999994	0.019023007007416
-0.00999999999999938	0.0206077801022594
0.0100000000000006	0.0223238493853341
0.0300000000000006	0.0241835793278861
0.0500000000000006	0.0262007401495937
0.0700000000000006	0.0283906989800736
0.0900000000000006	0.0307706416152561
0.110000000000001	0.0333598305469354
0.130000000000001	0.036179906150796
0.150000000000001	0.0392552394160409
0.170000000000001	0.0426133464671747
0.190000000000001	0.0462853774680977
0.210000000000001	0.050306695444805
0.230000000000001	0.0547175642927788
0.250000000000001	0.0595639699835243
0.270000000000001	0.0648986050654221
0.290000000000001	0.0707820543891696
0.310000000000001	0.0772842301494928
0.330000000000001	0.0844861176036281
0.350000000000001	0.0924819102790246
0.370000000000001	0.101381636612172
0.390000000000001	0.111314410862659
0.410000000000001	0.122432482788036
0.430000000000001	0.134916317189591
0.450000000000001	0.148981012184999
0.470000000000001	0.164884472913895
0.490000000000001	0.182937908647754
0.510000000000001	0.203519435946146
0.530000000000001	0.227091879029738
0.550000000000001	0.254226308036598
0.570000000000001	0.285633520388309
0.590000000000001	0.322206668762659
0.610000000000001	0.36507976485476
0.630000000000001	0.415709164205099
0.650000000000001	0.475988915036586
0.670000000000001	0.54841699786003
0.690000000000001	0.636339728482884
0.710000000000001	0.74431916709652
0.730000000000001	0.878699460873986
0.750000000000001	1.04850501020661
0.770000000000001	1.26691198575131
0.790000000000001	1.55375162116838
0.810000000000001	1.9399603681878
0.830000000000001	2.47591536875562
0.850000000000001	3.24806441645167
0.870000000000001	4.41479127125435
0.890000000000001	6.29179872073351
0.910000000000001	9.58362119248977
0.930000000000001	16.1356098532668
0.950000000000001	32.1405647825102
0.970000000000001	90.1775464036549
0.990000000000001	786.830000915631
