# Program settings for SigmaNu
# Electroweak scheme and input parameters
# Scheme = Complex mass scheme
# alpha_GF = 0.00755898078237864
# Pole masses/widths for particles [GeV]
# mw = 80.35797361
# gw = 2.084298894
# mz = 91.15348062
# gz = 2.494266379
# s^2_thetaw (derived) = (0.222868505240788,-0.00110716741475141)
# charged leptons
# m_e = 0.0005109989461
# m_m = 0.10565837
# m_t = 1.77686
# quarks
# m_d = 0.05
# m_u = 0.05
# m_s = 0.2
# m_c = 1.51
# m_b = 4.92
# m_t = 173
# Ecms (default) = 1855.66

# channel_id = 14
# process  = nu_e nu_t~ -> e- t+
-0.99	5.14105552770632e-06
-0.97	4.72061770006047e-05
-0.95	0.000133823385724937
-0.93	0.000267744686133807
-0.91	0.000451894977503893
-0.89	0.000689384270948912
-0.87	0.000983520888647228
-0.85	0.00133782573473856
-0.83	0.00175604773647378
-0.81	0.00224218056439344
-0.79	0.00280048075167748
-0.77	0.00343548734549861
-0.75	0.00415204323739767
-0.73	0.00495531833557454
-0.71	0.00585083475977573
-0.69	0.00684449425941591
-0.67	0.00794260807798617
-0.65	0.00915192951201445
-0.63	0.0104796894412389
-0.61	0.0119336351386774
-0.59	0.0135220727054438
-0.57	0.0152539135160598
-0.55	0.0171387251063393
-0.53	0.0191867869884678
-0.51	0.0214091519375936
-0.49	0.023817713362173
-0.47	0.0264252794477192
-0.45	0.0292456548519769
-0.429999999999999	0.0322937308305887
-0.409999999999999	0.0355855847880748
-0.389999999999999	0.0391385903817791
-0.369999999999999	0.0429715394591441
-0.349999999999999	0.0471047772845821
-0.329999999999999	0.0515603527152163
-0.309999999999999	0.0563621852195248
-0.289999999999999	0.0615362509049608
-0.269999999999999	0.0671107900365305
-0.249999999999999	0.0731165388959621
-0.229999999999999	0.0795869892599452
-0.209999999999999	0.0865586792772937
-0.189999999999999	0.0940715201124707
-0.169999999999999	0.10216916341324
-0.149999999999999	0.110899415473301
-0.129999999999999	0.120314704920994
-0.109999999999999	0.130472611902274
-0.0899999999999994	0.141436468076439
-0.0699999999999994	0.153276038351364
-0.0499999999999994	0.166068297206146
-0.0299999999999994	0.179898314751279
-0.00999999999999938	0.194860270444278
0.0100000000000006	0.211058615717379
0.0300000000000006	0.228609410815428
0.0500000000000006	0.24764186605207
0.0700000000000006	0.268300123679964
0.0900000000000006	0.290745323901188
0.110000000000001	0.315158007555181
0.130000000000001	0.341740919145971
0.150000000000001	0.370722287664775
0.170000000000001	0.402359679848427
0.190000000000001	0.4369445420255
0.210000000000001	0.47480757376647
0.230000000000001	0.516325110786239
0.250000000000001	0.561926738085855
0.270000000000001	0.612104410019076
0.290000000000001	0.667423425662031
0.310000000000001	0.728535700739108
0.330000000000001	0.796195898492041
0.350000000000001	0.871281141003781
0.370000000000001	0.954815233103279
0.390000000000001	1.04799861197879
0.410000000000001	1.15224561372544
0.430000000000001	1.26923116139045
0.450000000000001	1.40094968272
0.470000000000001	1.54979004017721
0.490000000000001	1.71863161980125
0.510000000000001	1.91096865727942
0.530000000000001	2.13107264994941
0.550000000000001	2.38420673006262
0.570000000000001	2.67691181264987
0.590000000000001	3.01739322650372
0.610000000000001	3.41605009071724
0.630000000000001	3.8862107388373
0.650000000000001	4.44517082246718
0.670000000000001	5.11568471737952
0.690000000000001	5.92815049974063
0.710000000000001	6.92388173454841
0.730000000000001	8.16012847572628
0.750000000000001	9.71800005210993
0.770000000000001	11.7153704580182
0.790000000000001	14.3286853867921
0.810000000000001	17.8314235737435
0.830000000000001	22.6654602332983
0.850000000000001	29.5818149621807
0.870000000000001	39.9398785415344
0.890000000000001	56.4067683920241
0.910000000000001	84.8073711240355
0.930000000000001	139.925989969628
0.950000000000001	268.916316133972
0.970000000000001	696.117565228297
0.990000000000001	4279.18278711623
