# Program settings for SigmaNu
# Electroweak scheme and input parameters
# Scheme = Complex mass scheme
# alpha_GF = 0.00755898078237864
# Pole masses/widths for particles [GeV]
# mw = 80.35797361
# gw = 2.084298894
# mz = 91.15348062
# gz = 2.494266379
# s^2_thetaw (derived) = (0.222868505240788,-0.00110716741475141)
# charged leptons
# m_e = 0.0005109989461
# m_m = 0.10565837
# m_t = 1.77686
# quarks
# m_d = 0.05
# m_u = 0.05
# m_s = 0.2
# m_c = 1.51
# m_b = 4.92
# m_t = 173
# Ecms (default) = 87220.9

# channel_id = 14
# process  = nu_e nu_t~ -> e- t+
-0.99	2.335412053036e-09
-0.97	2.14476490992449e-08
-0.95	6.08051566931909e-08
-0.93	1.21660914921133e-07
-0.91	2.05346777262452e-07
-0.89	3.1327905498218e-07
-0.87	4.46964551426286e-07
-0.85	6.08007087229942e-07
-0.83	7.98114561720716e-07
-0.81	1.0191066004485e-06
-0.79	1.2729228440102e-06
-0.77	1.56163193919283e-06
-0.75	1.88744129996099e-06
-0.73	2.25270771315746e-06
-0.71	2.65994887194473e-06
-0.69	3.11185592922904e-06
-0.67	3.61130717363277e-06
-0.65	4.16138294218449e-06
-0.63	4.76538189701942e-06
-0.61	5.42683880810376e-06
-0.59	6.14954400072322e-06
-0.57	6.93756464530401e-06
-0.55	7.79526808855622e-06
-0.53	8.72734744913686e-06
-0.51	9.73884972863799e-06
-0.49	1.08352067200595e-05
-0.47	1.20222690316933e-05
-0.45	1.33063435851777e-05
-0.429999999999999	1.4694234993242e-05
-0.409999999999999	1.6193291276139e-05
-0.389999999999999	1.78114544372629e-05
-0.369999999999999	1.95573164891079e-05
-0.349999999999999	2.14401816021814e-05
-0.329999999999999	2.34701351434821e-05
-0.309999999999999	2.56581204799788e-05
-0.289999999999999	2.80160245485611e-05
-0.269999999999999	3.05567733404989e-05
-0.249999999999999	3.329443861895e-05
-0.229999999999999	3.62443573871237e-05
-0.209999999999999	3.94232658575147e-05
-0.189999999999999	4.28494499455505e-05
-0.169999999999999	4.65429146319013e-05
-0.149999999999999	5.05255749157004e-05
-0.129999999999999	5.48214715277486e-05
-0.109999999999999	5.9457015102013e-05
-0.0899999999999994	6.44612631326446e-05
-0.0699999999999994	6.98662347931531e-05
-0.0499999999999994	7.57072695902016e-05
-0.0299999999999994	8.20234368985233e-05
-0.00999999999999938	8.8858004715653e-05
0.0100000000000006	9.62589775347687e-05
0.0300000000000006	0.000104279715123244
0.0500000000000006	0.00011297964629131
0.0700000000000006	0.000122425094538218
0.0900000000000006	0.000132690235897532
0.110000000000001	0.000143858213528058
0.130000000000001	0.000156022438816994
0.150000000000001	0.000169288115240289
0.170000000000001	0.000183774029302925
0.190000000000001	0.000199614663003116
0.210000000000001	0.000216962695010799
0.230000000000001	0.000235991973889441
0.250000000000001	0.000256901067238445
0.270000000000001	0.000279917516950537
0.290000000000001	0.000305302964692667
0.310000000000001	0.000333359355708349
0.330000000000001	0.000364436486488841
0.350000000000001	0.000398941237432607
0.370000000000001	0.000437348931785298
0.390000000000001	0.000480217396010564
0.410000000000001	0.000528204477150353
0.430000000000001	0.000582090018099763
0.450000000000001	0.000642803628677386
0.470000000000001	0.000711460057899346
0.490000000000001	0.000789404628743525
0.510000000000001	0.000878272127713764
0.530000000000001	0.000980063879941486
0.550000000000001	0.00109724969106425
0.570000000000001	0.00123290422171706
0.590000000000001	0.00139089169498586
0.610000000000001	0.00157611946408206
0.630000000000001	0.00179489129222
0.650000000000001	0.00205540761852827
0.670000000000001	0.00236848680407649
0.690000000000001	0.00274862593586612
0.710000000000001	0.0032155962649453
0.730000000000001	0.00379690378289237
0.750000000000001	0.00453169379479268
0.770000000000001	0.00547715239501479
0.790000000000001	0.00671940512122985
0.810000000000001	0.00839290992649965
0.830000000000001	0.0107168225105154
0.850000000000001	0.0140676476984378
0.870000000000001	0.0191361929357149
0.890000000000001	0.0273020468945617
0.910000000000001	0.0416519853541492
0.930000000000001	0.0703020272025453
0.950000000000001	0.140659833379601
0.970000000000001	0.398759614622594
0.990000000000001	3.66124747314597
