# Program settings for SigmaNu
# Electroweak scheme and input parameters
# Scheme = Complex mass scheme
# alpha_GF = 0.00755898078237864
# Pole masses/widths for particles [GeV]
# mw = 80.35797361
# gw = 2.084298894
# mz = 91.15348062
# gz = 2.494266379
# s^2_thetaw (derived) = (0.222868505240788,-0.00110716741475141)
# charged leptons
# m_e = 0.0005109989461
# m_m = 0.10565837
# m_t = 1.77686
# quarks
# m_d = 0.05
# m_u = 0.05
# m_s = 0.2
# m_c = 1.51
# m_b = 4.92
# m_t = 173
# Ecms (default) = 7203.47

# channel_id = 14
# process  = nu_e nu_t~ -> e- t+
-0.99	3.42309125835025e-07
-0.97	3.14362013147644e-06
-0.95	8.91228282556864e-06
-0.93	1.78319232192363e-05
-0.91	3.0097724831852e-05
-0.89	4.59172468793688e-05
-0.87	6.55113083678876e-05
-0.85	8.91149441047031e-05
-0.83	0.000116978439255304
-0.81	0.000149368449761413
-0.79	0.000186569216700989
-0.77	0.000228883883526474
-0.75	0.000276635926073705
-0.73	0.000330170706304372
-0.71	0.000389857161944454
-0.69	0.000456089645527136
-0.67	0.000529289927861185
-0.65	0.000609909382647145
-0.63	0.000698431370880526
-0.61	0.000795373845843248
-0.59	0.000901292201927158
-0.57	0.00101678239329634
-0.55	0.00114248435152526
-0.53	0.00127908573490142
-0.51	0.00142732604611689
-0.49	0.00158800115966693
-0.47	0.00176196830551016
-0.45	0.00195015156152454
-0.429999999999999	0.00215354791413344
-0.409999999999999	0.00237323395431338
-0.389999999999999	0.00261037328519207
-0.369999999999999	0.00286622472779231
-0.349999999999999	0.00314215142339951
-0.329999999999999	0.00343963094479485
-0.309999999999999	0.00376026654451889
-0.289999999999999	0.00410579968678871
-0.269999999999999	0.00447812403113468
-0.249999999999999	0.00487930106078819
-0.229999999999999	0.00531157757798384
-0.209999999999999	0.00577740532241311
-0.189999999999999	0.00627946300901658
-0.169999999999999	0.00682068112825743
-0.149999999999999	0.00740426990735133
-0.129999999999999	0.00803375089630437
-0.109999999999999	0.0087129927200661
-0.0899999999999994	0.00944625163013236
-0.0699999999999994	0.0102382175985936
-0.0499999999999994	0.0110940668286973
-0.0299999999999994	0.0120195217131499
-0.00999999999999938	0.0130209194604328
0.0100000000000006	0.0141052908375924
0.0300000000000006	0.0152804507543521
0.0500000000000006	0.0165551027493987
0.0700000000000006	0.0179389598497236
0.0900000000000006	0.019442884776238
0.110000000000001	0.0210790530868517
0.130000000000001	0.0228611436116845
0.150000000000001	0.0248045614825564
0.170000000000001	0.0269267002402144
0.190000000000001	0.0292472509828169
0.210000000000001	0.0317885683830305
0.230000000000001	0.0345761057607899
0.250000000000001	0.0376389344030065
0.270000000000001	0.0410103661688743
0.290000000000001	0.0447287033770491
0.310000000000001	0.0488381464008592
0.330000000000001	0.0533898977943291
0.350000000000001	0.0584435128161204
0.370000000000001	0.0640685608566275
0.390000000000001	0.0703466818319766
0.410000000000001	0.0773741479659363
0.430000000000001	0.0852650772240957
0.450000000000001	0.09415549388137
0.470000000000001	0.104208499983246
0.490000000000001	0.115620917234464
0.510000000000001	0.12863189477905
0.530000000000001	0.143534173715507
0.550000000000001	0.160688983869901
0.570000000000001	0.180545969281426
0.590000000000001	0.203670171234831
0.610000000000001	0.230779064284936
0.630000000000001	0.262794146330407
0.650000000000001	0.300913977883639
0.670000000000001	0.346719459994858
0.690000000000001	0.402328635970903
0.710000000000001	0.470629443471229
0.730000000000001	0.555638559637066
0.750000000000001	0.663070621353365
0.770000000000001	0.801271047850659
0.790000000000001	0.98280339338186
0.810000000000001	1.22727219660656
0.830000000000001	1.56661258417266
0.850000000000001	2.05564881605665
0.870000000000001	2.79487997734822
0.890000000000001	3.98476917786635
0.910000000000001	6.07310808782223
0.930000000000001	10.2344310051724
0.950000000000001	20.4194621890312
0.970000000000001	57.5097653521118
0.990000000000001	511.187776250256
