# Program settings for SigmaNu
# Electroweak scheme and input parameters
# Scheme = Complex mass scheme
# alpha_GF = 0.00755898078237864
# Pole masses/widths for particles [GeV]
# mw = 80.35797361
# gw = 2.084298894
# mz = 91.15348062
# gz = 2.494266379
# s^2_thetaw (derived) = (0.222868505240788,-0.00110716741475141)
# charged leptons
# m_e = 0.0005109989461
# m_m = 0.10565837
# m_t = 1.77686
# quarks
# m_d = 0.05
# m_u = 0.05
# m_s = 0.2
# m_c = 1.51
# m_b = 4.92
# m_t = 173
# Ecms (default) = 3.75882

# channel_id = 14
# process  = nu_e nu_t~ -> e- t+
-0.99	0.000162750809603743
-0.97	0.000504944662636664
-0.95	0.000869399332815213
-0.93	0.00125611708367882
-0.91	0.00166510017899711
-0.89	0.00209635088276984
-0.87	0.00254987145922699
-0.85	0.0030256641728288
-0.83	0.00352373128826574
-0.81	0.00404407507045856
-0.79	0.00458669778455834
-0.77	0.0051516016959465
-0.75	0.0057387890702348
-0.73	0.00634826217326543
-0.71	0.00698002327111093
-0.69	0.00763407463007436
-0.67	0.00831041851668918
-0.65	0.00900905719771939
-0.63	0.00972999294015948
-0.61	0.0104732280112345
-0.59	0.0112387646784001
-0.57	0.0120266052093424
-0.55	0.0128367518719783
-0.53	0.0136692069344553
-0.51	0.0145239726651516
-0.49	0.015401051332676
-0.47	0.0163004452058681
-0.45	0.0172221565537983
-0.429999999999999	0.0181661876457676
-0.409999999999999	0.0191325407513081
-0.389999999999999	0.0201212181401825
-0.369999999999999	0.0211322220823844
-0.349999999999999	0.0221655548481383
-0.329999999999999	0.0232212187078997
-0.309999999999999	0.0242992159323549
-0.289999999999999	0.0253995487924212
-0.269999999999999	0.0265222195592469
-0.249999999999999	0.0276672305042114
-0.229999999999999	0.028834583898925
-0.209999999999999	0.0300242820152292
-0.189999999999999	0.0312363271251964
-0.169999999999999	0.0324707215011304
-0.149999999999999	0.0337274674155658
-0.129999999999999	0.0350065671412687
-0.109999999999999	0.0363080229512362
-0.0899999999999994	0.0376318371186968
-0.0699999999999994	0.03897801191711
-0.0499999999999994	0.0403465496201667
-0.0299999999999994	0.0417374525017891
-0.00999999999999938	0.0431507228361309
0.0100000000000006	0.0445863628975769
0.0300000000000006	0.0460443749607433
0.0500000000000006	0.0475247613004778
0.0700000000000006	0.0490275241918596
0.0900000000000006	0.0505526659101993
0.110000000000001	0.0521001887310388
0.130000000000001	0.0536700949301517
0.150000000000001	0.0552623867835432
0.170000000000001	0.05687706656745
0.190000000000001	0.0585141365583402
0.210000000000001	0.0601735990329138
0.230000000000001	0.0618554562681024
0.250000000000001	0.063559710541069
0.270000000000001	0.0652863641292085
0.290000000000001	0.0670354193101476
0.310000000000001	0.0688068783617446
0.330000000000001	0.0706007435620896
0.350000000000001	0.0724170171895046
0.370000000000001	0.0742557015225434
0.390000000000001	0.0761167988399914
0.410000000000001	0.0780003114208662
0.430000000000001	0.0799062415444172
0.450000000000001	0.0818345914901257
0.470000000000001	0.083785363537705
0.490000000000001	0.0857585599671002
0.510000000000001	0.0877541830584888
0.530000000000001	0.0897722350922799
0.550000000000001	0.0918127183491149
0.570000000000001	0.0938756351098673
0.590000000000001	0.0959609876556427
0.610000000000001	0.0980687782677788
0.630000000000001	0.100199009227845
0.650000000000001	0.102351682817644
0.670000000000001	0.10452680131921
0.690000000000001	0.10672436701481
0.710000000000001	0.108944382186942
0.730000000000001	0.111186849118336
0.750000000000001	0.113451770091958
0.770000000000001	0.115739147391002
0.790000000000001	0.118048983298897
0.810000000000001	0.120381280099303
0.830000000000001	0.122736040076113
0.850000000000001	0.125113265513453
0.870000000000001	0.12751295869568
0.890000000000001	0.129935121907385
0.910000000000001	0.132379757433391
0.930000000000001	0.134846867558754
0.950000000000001	0.137336454568761
0.970000000000001	0.139848520748934
0.990000000000001	0.142383068385025
