# Program settings for SigmaNu
# Electroweak scheme and input parameters
# Scheme = Complex mass scheme
# alpha_GF = 0.00755898078237864
# Pole masses/widths for particles [GeV]
# mw = 80.35797361
# gw = 2.084298894
# mz = 91.15348062
# gz = 2.494266379
# s^2_thetaw (derived) = (0.222868505240788,-0.00110716741475141)
# charged leptons
# m_e = 0.0005109989461
# m_m = 0.10565837
# m_t = 1.77686
# quarks
# m_d = 0.05
# m_u = 0.05
# m_s = 0.2
# m_c = 1.51
# m_b = 4.92
# m_t = 173
# Ecms (default) = 1959.97

# channel_id = 14
# process  = nu_e nu_t~ -> e- t+
-0.99	4.61011072781573e-06
-0.97	4.23316413247605e-05
-0.95	0.000120005497441557
-0.93	0.000240100048066401
-0.91	0.0004052387691801
-0.89	0.000618211206092685
-0.87	0.000881984817324608
-0.85	0.00119971778031637
-0.83	0.00157477284746499
-0.81	0.00201073235013684
-0.79	0.00251141445851256
-0.77	0.00308089081651457
-0.75	0.00372350568380623
-0.73	0.0044438967311064
-0.71	0.00524701765103746
-0.69	0.00613816276464459
-0.67	0.00712299382385509
-0.65	0.00820756923278878
-0.63	0.00939837593633141
-0.61	0.0107023642531443
-0.59	0.0121269859627642
-0.57	0.0136802359931841
-0.55	0.0153706980969138
-0.53	0.0172075949507176
-0.51	0.019200843167848
-0.49	0.0213611137726074
-0.47	0.0236998987566066
-0.45	0.0262295844154756
-0.429999999999999	0.0289635322555573
-0.409999999999999	0.0319161683641097
-0.389999999999999	0.0351030822558764
-0.369999999999999	0.0385411363460956
-0.349999999999999	0.0422485873580623
-0.329999999999999	0.0462452211557653
-0.309999999999999	0.0505525027030712
-0.289999999999999	0.0551937430953763
-0.269999999999999	0.0601942858935429
-0.249999999999999	0.0655817153203306
-0.229999999999999	0.0713860892649504
-0.209999999999999	0.07764020049198
-0.189999999999999	0.0843798699790076
-0.169999999999999	0.0916442769278661
-0.149999999999999	0.0994763307252049
-0.129999999999999	0.107923090991342
-0.109999999999999	0.117036242878578
-0.0899999999999994	0.126872635994134
-0.0699999999999994	0.137494896768852
-0.0499999999999994	0.148972125820183
-0.0299999999999994	0.161380693928173
-0.00999999999999938	0.174805152732111
0.0100000000000006	0.189339279258092
0.0300000000000006	0.205087277022599
0.0500000000000006	0.222165160873506
0.0700000000000006	0.240702358115855
0.0900000000000006	0.260843565064171
0.110000000000001	0.282750906270066
0.130000000000001	0.306606453682936
0.150000000000001	0.33261517541396
0.170000000000001	0.361008399237817
0.190000000000001	0.392047895326587
0.210000000000001	0.426030707070431
0.230000000000001	0.463294889654412
0.250000000000001	0.504226355257449
0.270000000000001	0.549267073889392
0.290000000000001	0.5989249434407
0.310000000000001	0.653785726162812
0.330000000000001	0.714527557905907
0.350000000000001	0.781938679789292
0.370000000000001	0.856939231741915
0.390000000000001	0.94060820057157
0.410000000000001	1.03421695599783
0.430000000000001	1.13927127083365
0.450000000000001	1.25756435592235
0.470000000000001	1.39124431913038
0.490000000000001	1.54290068803802
0.510000000000001	1.71567637888256
0.530000000000001	1.91341399440283
0.550000000000001	2.1408489680338
0.570000000000001	2.4038674336788
0.590000000000001	2.70985473481627
0.610000000000001	3.0681727334644
0.630000000000001	3.49082309723624
0.650000000000001	3.99338388198118
0.670000000000001	4.59635557267202
0.690000000000001	5.32713388643634
0.710000000000001	6.2229651835603
0.730000000000001	7.33548424948097
0.750000000000001	8.73787873622897
0.770000000000001	10.5365670336498
0.790000000000001	12.8909462821634
0.810000000000001	16.0482537092491
0.830000000000001	20.4083202296778
0.850000000000001	26.6514495335694
0.870000000000001	36.0107298137791
0.890000000000001	50.9098148330999
0.910000000000001	76.6547952917122
0.930000000000001	126.760838441705
0.950000000000001	244.578101475982
0.970000000000001	638.615789877623
0.990000000000001	4062.20213976109
