# Program settings for SigmaNu
# Electroweak scheme and input parameters
# Scheme = Complex mass scheme
# alpha_GF = 0.00755898078237864
# Pole masses/widths for particles [GeV]
# mw = 80.35797361
# gw = 2.084298894
# mz = 91.15348062
# gz = 2.494266379
# s^2_thetaw (derived) = (0.222868505240788,-0.00110716741475141)
# charged leptons
# m_e = 0.0005109989461
# m_m = 0.10565837
# m_t = 1.77686
# quarks
# m_d = 0.05
# m_u = 0.05
# m_s = 0.2
# m_c = 1.51
# m_b = 4.92
# m_t = 173
# Ecms (default) = 2.59143

# channel_id = 14
# process  = nu_e nu_t~ -> e- t+
-0.99	7.50720548921002e-05
-0.97	0.00022773848181761
-0.95	0.000383773607911947
-0.93	0.000543177544390653
-0.91	0.000705950402472927
-0.89	0.000872092293381649
-0.87	0.00104160332834337
-0.85	0.00121448361858831
-0.83	0.00139073327535036
-0.81	0.00157035240986709
-0.79	0.00175334113337974
-0.77	0.00193969955713321
-0.75	0.00212942779237609
-0.73	0.00232252595036064
-0.71	0.00251899414234279
-0.69	0.00271883247958212
-0.67	0.00292204107334193
-0.65	0.00312862003488916
-0.63	0.00333856947549443
-0.61	0.00355188950643203
-0.59	0.00376858023897993
-0.57	0.00398864178441979
-0.55	0.0042120742540369
-0.53	0.00443887775912027
-0.51	0.00466905241096255
-0.49	0.0049025983208601
-0.47	0.00513951560011291
-0.45	0.00537980436002468
-0.429999999999999	0.00562346471190277
-0.409999999999999	0.00587049676705823
-0.389999999999999	0.00612090063680575
-0.369999999999999	0.00637467643246374
-0.349999999999999	0.00663182426535424
-0.329999999999999	0.00689234424680302
-0.309999999999999	0.00715623648813946
-0.289999999999999	0.00742350110069668
-0.269999999999999	0.00769413819581143
-0.249999999999999	0.00796814788482415
-0.229999999999999	0.00824553027907896
-0.209999999999999	0.00852628548992366
-0.189999999999999	0.00881041362870971
-0.169999999999999	0.00909791480679228
-0.149999999999999	0.00938878913553017
-0.129999999999999	0.00968303672628588
-0.109999999999999	0.00998065769042559
-0.0899999999999994	0.0102816521393192
-0.0699999999999994	0.0105860201843401
-0.0499999999999994	0.0108937619368657
-0.0299999999999994	0.0112048775082768
-0.00999999999999938	0.0115193670099579
0.0100000000000006	0.0118372305532973
0.0300000000000006	0.0121584682496869
0.0500000000000006	0.0124830802105223
0.0700000000000006	0.0128110665472028
0.0900000000000006	0.0131424273711314
0.110000000000001	0.0134771627937146
0.130000000000001	0.0138152729263628
0.150000000000001	0.0141567578804899
0.170000000000001	0.0145016177675137
0.190000000000001	0.0148498526988555
0.210000000000001	0.0152014627859403
0.230000000000001	0.0155564481401968
0.250000000000001	0.0159148088730575
0.270000000000001	0.0162765450959582
0.290000000000001	0.0166416569203389
0.310000000000001	0.017010144457643
0.330000000000001	0.0173820078193175
0.350000000000001	0.0177572471168132
0.370000000000001	0.0181358624615845
0.390000000000001	0.0185178539650897
0.410000000000001	0.0189032217387906
0.430000000000001	0.0192919658941526
0.450000000000001	0.019684086542645
0.470000000000001	0.0200795837957406
0.490000000000001	0.0204784577649159
0.510000000000001	0.0208807085616512
0.530000000000001	0.0212863362974304
0.550000000000001	0.0216953410837411
0.570000000000001	0.0221077230320746
0.590000000000001	0.0225234822539258
0.610000000000001	0.0229426188607933
0.630000000000001	0.0233651329641795
0.650000000000001	0.0237910246755904
0.670000000000001	0.0242202941065356
0.690000000000001	0.0246529413685285
0.710000000000001	0.0250889665730862
0.730000000000001	0.0255283698317294
0.750000000000001	0.0259711512559825
0.770000000000001	0.0264173109573736
0.790000000000001	0.0268668490474344
0.810000000000001	0.0273197656377005
0.830000000000001	0.027776060839711
0.850000000000001	0.0282357347650087
0.870000000000001	0.0286987875251401
0.890000000000001	0.0291652192316554
0.910000000000001	0.0296350299961085
0.930000000000001	0.030108219930057
0.950000000000001	0.0305847891450621
0.970000000000001	0.0310647377526887
0.990000000000001	0.0315480658645055
