# Program settings for SigmaNu
# Electroweak scheme and input parameters
# Scheme = Complex mass scheme
# alpha_GF = 0.00755898078237864
# Pole masses/widths for particles [GeV]
# mw = 80.35797361
# gw = 2.084298894
# mz = 91.15348062
# gz = 2.494266379
# s^2_thetaw (derived) = (0.222868505240788,-0.00110716741475141)
# charged leptons
# m_e = 0.0005109989461
# m_m = 0.10565837
# m_t = 1.77686
# quarks
# m_d = 0.05
# m_u = 0.05
# m_s = 0.2
# m_c = 1.51
# m_b = 4.92
# m_t = 173
# Ecms (default) = 5851.74

# channel_id = 14
# process  = nu_e nu_t~ -> e- t+
-0.99	5.18655122764378e-07
-0.97	4.76307995457369e-06
-0.95	1.35034837953354e-05
-0.93	2.70180689389915e-05
-0.91	4.56025466856184e-05
-0.89	6.95713767685251e-05
-0.87	9.92591066105718e-05
-0.85	0.000135021819516066
-0.83	0.000177238701837876
-0.81	0.000226313740199268
-0.79	0.000282677561009914
-0.77	0.000346789425810815
-0.75	0.000419139397431105
-0.73	0.000500250693560721
-0.71	0.000590682246159713
-0.69	0.000691031487163464
-0.67	0.000801937383233615
-0.65	0.000924083744881146
-0.63	0.00105820283819083
-0.61	0.00120507933065059
-0.59	0.00136555460628825
-0.57	0.001540531489502
-0.55	0.00173097942171174
-0.53	0.00193794014033619
-0.51	0.00216253391571272
-0.49	0.00240596640853253
-0.47	0.00266953621829364
-0.45	0.00295464320232891
-0.429999999999999	0.00326279765532365
-0.409999999999999	0.00359563045110517
-0.389999999999999	0.00395490426210997
-0.369999999999999	0.00434252598760159
-0.349999999999999	0.00476056053976451
-0.329999999999999	0.00521124615764056
-0.309999999999999	0.00569701144298389
-0.289999999999999	0.00622049434005852
-0.269999999999999	0.00678456331386887
-0.249999999999999	0.00739234101911373
-0.229999999999999	0.00804723079626066
-0.209999999999999	0.00875294638272721
-0.189999999999999	0.00951354528763898
-0.169999999999999	0.0103334663497251
-0.149999999999999	0.0112175720816821
-0.129999999999999	0.0121711965033122
-0.109999999999999	0.0132001992830031
-0.0899999999999994	0.0143110271464325
-0.0699999999999994	0.0155107836773913
-0.0499999999999994	0.0168073088340394
-0.0299999999999994	0.0182092697418088
-0.00999999999999938	0.0197262646103407
0.0100000000000006	0.021368941967252
0.0300000000000006	0.0231491378198897
0.0500000000000006	0.0250800338648215
0.0700000000000006	0.0271763404854324
0.0900000000000006	0.0294545090383204
0.110000000000001	0.0319329788644966
0.130000000000001	0.034632465616911
0.150000000000001	0.0375762989297685
0.170000000000001	0.040790819242891
0.190000000000001	0.0443058458342215
0.210000000000001	0.0481552309340927
0.230000000000001	0.0523775183656632
0.250000000000001	0.0570167297018819
0.270000000000001	0.0621233067508811
0.290000000000001	0.0677552466828919
0.310000000000001	0.0739794758401789
0.330000000000001	0.0808735209749799
0.350000000000001	0.0885275533689208
0.370000000000001	0.0970469034316566
0.390000000000001	0.106555172962648
0.410000000000001	0.117198112128344
0.430000000000001	0.129148482420926
0.450000000000001	0.142612201301409
0.470000000000001	0.1578361674903
0.490000000000001	0.175118310698535
0.510000000000001	0.194820615130623
0.530000000000001	0.217386161499763
0.550000000000001	0.243361662680492
0.570000000000001	0.273427604439043
0.590000000000001	0.308439058536146
0.610000000000001	0.349481696379373
0.630000000000001	0.397949806613011
0.650000000000001	0.455656737368702
0.670000000000001	0.524994067085224
0.690000000000001	0.609165619250823
0.710000000000001	0.712539261901482
0.730000000000001	0.841189201026129
0.750000000000001	1.00375602907821
0.770000000000001	1.21285583308796
0.790000000000001	1.48747740161495
0.810000000000001	1.85724396078191
0.830000000000001	2.37039610858357
0.850000000000001	3.10971937067935
0.870000000000001	4.22689718257784
0.890000000000001	6.02430134787193
0.910000000000001	9.17679171514422
0.930000000000001	15.4522838750447
0.950000000000001	30.7853021498034
0.970000000000001	86.4131268964221
0.990000000000001	755.597928833903
