# Program settings for SigmaNu
# Electroweak scheme and input parameters
# Scheme = Complex mass scheme
# alpha_GF = 0.00755898078237864
# Pole masses/widths for particles [GeV]
# mw = 80.35797361
# gw = 2.084298894
# mz = 91.15348062
# gz = 2.494266379
# s^2_thetaw (derived) = (0.222868505240788,-0.00110716741475141)
# charged leptons
# m_e = 0.0005109989461
# m_m = 0.10565837
# m_t = 1.77686
# quarks
# m_d = 0.05
# m_u = 0.05
# m_s = 0.2
# m_c = 1.51
# m_b = 4.92
# m_t = 173
# Ecms (default) = 14666.1

# channel_id = 14
# process  = nu_e nu_t~ -> e- t+
-0.99	8.25944998874551e-08
-0.97	7.5851857712209e-07
-0.95	2.15043593637932e-06
-0.93	4.30265807786214e-06
-0.91	7.2622857649591e-06
-0.89	1.10794065037952e-05
-0.87	1.5807307931403e-05
-0.85	2.15027085639528e-05
-0.83	2.82260075052398e-05
-0.81	3.60415548814022e-05
-0.79	4.50179449527644e-05
-0.77	5.52283340601931e-05
-0.75	6.67507857942474e-05
-0.73	7.96686460338288e-05
-0.71	9.40709507906975e-05
-0.69	0.000110052870121231
-0.67	0.000127716191731999
-0.65	0.000147169848316537
-0.63	0.000168530493123579
-0.61	0.000191923128779039
-0.59	0.000217481794973864
-0.57	0.000245350321297067
-0.55	0.000275683152249106
-0.53	0.000308646252328483
-0.51	0.000344418100058959
-0.49	0.000383190780934166
-0.47	0.000425171190520899
-0.45	0.000470582360406494
-0.429999999999999	0.000519664921327543
-0.409999999999999	0.000572678719709965
-0.389999999999999	0.000629904606023304
-0.369999999999999	0.000691646415851084
-0.349999999999999	0.000758233167458426
-0.329999999999999	0.000830021502962568
-0.309999999999999	0.000907398404057654
-0.289999999999999	0.000990784217703504
-0.269999999999999	0.0010806360323673
-0.249999999999999	0.00117745145143733
-0.229999999999999	0.00128177281746463
-0.209999999999999	0.00139419194911927
-0.189999999999999	0.0015153554623977
-0.169999999999999	0.00164597075896112
-0.149999999999999	0.00178681277785098
-0.129999999999999	0.00193873162262144
-0.109999999999999	0.00210266119464051
-0.0899999999999994	0.00227962898554447
-0.0699999999999994	0.00247076720832406
-0.0499999999999994	0.00267732547818858
-0.0299999999999994	0.00290068529232489
-0.00999999999999938	0.00314237660334635
0.0100000000000006	0.00340409683636214
0.0300000000000006	0.00368773276638289
0.0500000000000006	0.00399538575397168
0.0700000000000006	0.00432940093613372
0.0900000000000006	0.00469240109083453
0.110000000000001	0.00508732604288205
0.130000000000001	0.00551747866342702
0.150000000000001	0.00598657874433377
0.170000000000001	0.0064988263142004
0.190000000000001	0.00705897632055937
0.210000000000001	0.00767242705332833
0.230000000000001	0.00834532525501082
0.250000000000001	0.00908469158942659
0.270000000000001	0.00989857107091382
0.290000000000001	0.0107962142546008
0.310000000000001	0.011788296543065
0.330000000000001	0.0128871849950987
0.350000000000001	0.0141072646931359
0.370000000000001	0.015465340266083
0.390000000000001	0.0169811328948269
0.410000000000001	0.0186778995031514
0.430000000000001	0.0205832095075608
0.450000000000001	0.0227299264065257
0.470000000000001	0.0251574580101682
0.490000000000001	0.0279133622866998
0.510000000000001	0.0310554286982069
0.530000000000001	0.0346544021878841
0.550000000000001	0.0387975858933374
0.570000000000001	0.0435936605707364
0.590000000000001	0.0491792118415732
0.610000000000001	0.0557276904727516
0.630000000000001	0.0634618956058166
0.650000000000001	0.0726716508912527
0.670000000000001	0.0837392872104027
0.690000000000001	0.097177120190118
0.710000000000001	0.113683812100678
0.730000000000001	0.134231289637907
0.750000000000001	0.160202657405252
0.770000000000001	0.193618281439081
0.790000000000001	0.237520655691262
0.810000000000001	0.296659134359559
0.830000000000001	0.37877371395454
0.850000000000001	0.497159274866918
0.870000000000001	0.676203865626426
0.890000000000001	0.964598262173208
0.910000000000001	1.47124384316726
0.930000000000001	2.48231015585422
0.950000000000001	4.9632827109143
0.970000000000001	14.0486790163388
0.990000000000001	127.993740598678
