# Program settings for SigmaNu
# Electroweak scheme and input parameters
# Scheme = Complex mass scheme
# alpha_GF = 0.00755898078237864
# Pole masses/widths for particles [GeV]
# mw = 80.35797361
# gw = 2.084298894
# mz = 91.15348062
# gz = 2.494266379
# s^2_thetaw (derived) = (0.222868505240788,-0.00110716741475141)
# charged leptons
# m_e = 0.0005109989461
# m_m = 0.10565837
# m_t = 1.77686
# quarks
# m_d = 0.05
# m_u = 0.05
# m_s = 0.2
# m_c = 1.51
# m_b = 4.92
# m_t = 173
# Ecms (default) = 42.6215

# channel_id = 14
# process  = nu_e nu_t~ -> e- t+
-0.99	0.000627586433987742
-0.97	0.00469633239586773
-0.95	0.0125578600495858
-0.93	0.0242623662337014
-0.91	0.0398607145642337
-0.89	0.0594044453001068
-0.87	0.0829457853731789
-0.85	0.110537658585931
-0.83	0.142233695979963
-0.81	0.178088246378517
-0.79	0.218156387106284
-0.77	0.262493934889875
-0.75	0.311157456942343
-0.73	0.364204282235267
-0.71	0.421692512961953
-0.69	0.483681036195393
-0.67	0.550229535744698
-0.65	0.621398504213805
-0.63	0.697249255266325
-0.61	0.777843936100501
-0.59	0.863245540138316
-0.57	0.95351791993288
-0.55	1.04872580029832
-0.53	1.14893479166646
-0.51	1.25421140367477
-0.49	1.36462305898994
-0.47	1.48023810737186
-0.45	1.60112583998251
-0.429999999999999	1.72735650394474
-0.409999999999999	1.85900131715567
-0.389999999999999	1.99613248335989
-0.369999999999999	2.13882320748741
-0.349999999999999	2.28714771126178
-0.329999999999999	2.44118124908351
-0.309999999999999	2.60100012419447
-0.289999999999999	2.7666817051287
-0.269999999999999	2.93830444245544
-0.249999999999999	3.11594788582012
-0.229999999999999	3.29969270128943
-0.209999999999999	3.48962068900637
-0.189999999999999	3.68581480116167
-0.169999999999999	3.88835916028796
-0.149999999999999	4.09733907788308
-0.129999999999999	4.31284107336931
-0.109999999999999	4.53495289339535
-0.0899999999999994	4.76376353148788
-0.0699999999999994	4.99936324806009
-0.0499999999999994	5.24184359078411
-0.0299999999999994	5.4912974153352
-0.00999999999999938	5.74781890651503
0.0100000000000006	6.01150359976194
0.0300000000000006	6.28244840305629
0.0500000000000006	6.5607516192288
0.0700000000000006	6.84651296868061
0.0900000000000006	7.13983361252314
0.110000000000001	7.44081617614702
0.130000000000001	7.74956477322854
0.150000000000001	8.06618503018318
0.170000000000001	8.39078411107534
0.190000000000001	8.723470742994
0.210000000000001	9.06435524190399
0.230000000000001	9.41354953898319
0.250000000000001	9.7711672074555
0.270000000000001	10.1373234899306
0.290000000000001	10.512135326261
0.310000000000001	10.8957213819272
0.330000000000001	11.288202076963
0.350000000000001	11.6896996154318
0.370000000000001	12.1003380154657
0.390000000000001	12.5202431398803
0.410000000000001	12.9495427273767
0.430000000000001	13.3883664243443
0.450000000000001	13.8368458172765
0.470000000000001	14.2951144658134
0.490000000000001	14.7633079364248
0.510000000000001	15.2415638367474
0.530000000000001	15.7300218505913
0.550000000000001	16.228823773629
0.570000000000001	16.7381135497834
0.590000000000001	17.2580373083301
0.610000000000001	17.7887434017283
0.630000000000001	18.3303824441983
0.650000000000001	18.8831073510616
0.670000000000001	19.4470733788599
0.690000000000001	20.0224381662715
0.710000000000001	20.609361775842
0.730000000000001	21.2080067365486
0.750000000000001	21.8185380872157
0.770000000000001	22.4411234208021
0.790000000000001	23.0759329295789
0.810000000000001	23.7231394512179
0.830000000000001	24.3829185158128
0.850000000000001	25.0554483938527
0.870000000000001	25.7409101451705
0.890000000000001	26.4394876688893
0.910000000000001	27.1513677543881
0.930000000000001	27.8767401333116
0.950000000000001	28.6157975326483
0.970000000000001	29.3687357289005
0.990000000000001	30.1357536033729
