# Program settings for SigmaNu
# Electroweak scheme and input parameters
# Scheme = Complex mass scheme
# alpha_GF = 0.00755898078237864
# Pole masses/widths for particles [GeV]
# mw = 80.35797361
# gw = 2.084298894
# mz = 91.15348062
# gz = 2.494266379
# s^2_thetaw (derived) = (0.222868505240788,-0.00110716741475141)
# charged leptons
# m_e = 0.0005109989461
# m_m = 0.10565837
# m_t = 1.77686
# quarks
# m_d = 0.05
# m_u = 0.05
# m_s = 0.2
# m_c = 1.51
# m_b = 4.92
# m_t = 173
# Ecms (default) = 7.08879

# channel_id = 14
# process  = nu_e nu_t~ -> e- t+
-0.99	0.000247617267365451
-0.97	0.000846088041610652
-0.95	0.00158225766255592
-0.93	0.00245618590688028
-0.91	0.00346793257721405
-0.89	0.00461755750215144
-0.87	0.00590512053626297
-0.85	0.00733068156010816
-0.83	0.0088943004802479
-0.81	0.0105960372292571
-0.79	0.0124359517657372
-0.77	0.0144141040743288
-0.75	0.0165305541657241
-0.73	0.0187853620766795
-0.71	0.0211785878700282
-0.69	0.023710291634693
-0.67	0.0263805334856984
-0.65	0.0291893735641838
-0.63	0.0321368720374155
-0.61	0.0352230890987998
-0.59	0.0384480849678953
-0.57	0.0418119198904258
-0.55	0.0453146541382926
-0.53	0.0489563480095875
-0.51	0.0527370618286053
-0.49	0.0566568559458561
-0.47	0.0607157907380786
-0.45	0.0649139266082525
-0.429999999999999	0.0692513239856108
-0.409999999999999	0.0737280433256532
-0.389999999999999	0.0783441451101581
-0.369999999999999	0.0830996898471956
-0.349999999999999	0.0879947380711405
-0.329999999999999	0.0930293503426843
-0.309999999999999	0.0982035872488487
-0.289999999999999	0.103517509402998
-0.269999999999999	0.108971177444851
-0.249999999999999	0.114564652040495
-0.229999999999999	0.120297993882398
-0.209999999999999	0.126171263689423
-0.189999999999999	0.132184522206836
-0.169999999999999	0.138337830206325
-0.149999999999999	0.144631248486008
-0.129999999999999	0.151064837870449
-0.109999999999999	0.157638659210668
-0.0899999999999994	0.164352773384155
-0.0699999999999994	0.171207241294886
-0.0499999999999994	0.178202123873329
-0.0299999999999994	0.185337482076461
-0.00999999999999938	0.192613376887783
0.0100000000000006	0.200029869317329
0.0300000000000006	0.207587020401678
0.0500000000000006	0.215284891203971
0.0700000000000006	0.223123542813922
0.0900000000000006	0.23110303634783
0.110000000000001	0.239223432948592
0.130000000000001	0.247484793785716
0.150000000000001	0.255887180055335
0.170000000000001	0.26443065298022
0.190000000000001	0.27311527380979
0.210000000000001	0.281941103820128
0.230000000000001	0.290908204313992
0.250000000000001	0.300016636620831
0.270000000000001	0.309266462096791
0.290000000000001	0.318657742124738
0.310000000000001	0.328190538114262
0.330000000000001	0.337864911501693
0.350000000000001	0.347680923750117
0.370000000000001	0.357638636349385
0.390000000000001	0.367738110816125
0.410000000000001	0.377979408693762
0.430000000000001	0.388362591552521
0.450000000000001	0.39888772098945
0.470000000000001	0.409554858628424
0.490000000000001	0.420364066120165
0.510000000000001	0.431315405142251
0.530000000000001	0.44240893739913
0.550000000000001	0.453644724622134
0.570000000000001	0.46502282856949
0.590000000000001	0.476543311026336
0.610000000000001	0.488206233804732
0.630000000000001	0.50001165874367
0.650000000000001	0.511959647709095
0.670000000000001	0.52405026259391
0.690000000000001	0.536283565317996
0.710000000000001	0.548659617828217
0.730000000000001	0.561178482098442
0.750000000000001	0.573840220129552
0.770000000000001	0.586644893949454
0.790000000000001	0.599592565613095
0.810000000000001	0.612683297202478
0.830000000000001	0.625917150826667
0.850000000000001	0.639294188621811
0.870000000000001	0.652814472751147
0.890000000000001	0.66647806540502
0.910000000000001	0.680285028800892
0.930000000000001	0.694235425183359
0.950000000000001	0.70832931682416
0.970000000000001	0.722566766022194
0.990000000000001	0.736947835103529
