# Program settings for SigmaNu
# Electroweak scheme and input parameters
# Scheme = Complex mass scheme
# alpha_GF = 0.00755898078237864
# Pole masses/widths for particles [GeV]
# mw = 80.35797361
# gw = 2.084298894
# mz = 91.15348062
# gz = 2.494266379
# s^2_thetaw (derived) = (0.222868505240788,-0.00110716741475141)
# charged leptons
# m_e = 0.0005109989461
# m_m = 0.10565837
# m_t = 1.77686
# quarks
# m_d = 0.05
# m_u = 0.05
# m_s = 0.2
# m_c = 1.51
# m_b = 4.92
# m_t = 173
# Ecms (default) = 69320.8

# channel_id = 14
# process  = nu_e nu_t~ -> e- t+
-0.99	3.69723538915897e-09
-0.97	3.39541811464332e-08
-0.95	9.62617982418451e-08
-0.93	1.92603702177459e-07
-0.91	3.25088374279936e-07
-0.89	4.95958002465101e-07
-0.87	7.07598034209998e-07
-0.85	9.62547506728997e-07
-0.83	1.26351022599338e-06
-0.81	1.61336687365752e-06
-0.79	2.01518812923704e-06
-0.77	2.47224890412227e-06
-0.75	2.98804379436556e-06
-0.73	3.56630387072384e-06
-0.71	4.21101493744209e-06
-0.69	4.92643740577237e-06
-0.67	5.71712794462021e-06
-0.65	6.58796308905967e-06
-0.63	7.54416500823145e-06
-0.61	8.59132965744646e-06
-0.59	9.73545756580367e-06
-0.57	1.09829875404398e-05
-0.55	1.23408336024024e-05
-0.53	1.38164255075465e-05
-0.51	1.54177532494544e-05
-0.49	1.7153415991103e-05
-0.47	1.90326759285748e-05
-0.45	2.10655176547924e-05
-0.429999999999999	2.32627136652185e-05
-0.409999999999999	2.56358967322139e-05
-0.389999999999999	2.81976399720229e-05
-0.369999999999999	3.09615455402766e-05
-0.349999999999999	3.39423430208108e-05
-0.329999999999999	3.71559987214653e-05
-0.309999999999999	4.06198372627306e-05
-0.289999999999999	4.43526770447324e-05
-0.269999999999999	4.83749814099889e-05
-0.249999999999999	5.27090275893366e-05
-0.229999999999999	5.73790958336023e-05
-0.209999999999999	6.24116815020621e-05
-0.189999999999999	6.78357333109408e-05
-0.169999999999999	7.36829214530645e-05
-0.149999999999999	7.99879398983779e-05
-0.129999999999999	8.67888478922561e-05
-0.109999999999999	9.41274565064691e-05
-0.0899999999999994	0.000102049767093252
-0.0699999999999994	0.000110606469679404
-0.0499999999999994	0.000119853510755402
-0.0299999999999994	0.000129852741614989
-0.00999999999999938	0.000140672660446232
0.0100000000000006	0.000152389263844178
0.0300000000000006	0.000165087026406122
0.0500000000000006	0.000178860030706633
0.0700000000000006	0.000193813274386899
0.0900000000000006	0.000210064186529699
0.110000000000001	0.000227744392179792
0.130000000000001	0.000247001772133365
0.150000000000001	0.000268002875376262
0.170000000000001	0.000290935754338544
0.190000000000001	0.000316013309155977
0.210000000000001	0.000343477247307938
0.230000000000001	0.000373602790550333
0.250000000000001	0.000406704293592125
0.270000000000001	0.000443141980626795
0.290000000000001	0.000483330059519582
0.310000000000001	0.000527746543091007
0.330000000000001	0.000576945197885559
0.350000000000001	0.000631570160452524
0.370000000000001	0.00069237391974946
0.390000000000001	0.000760239576189464
0.410000000000001	0.000836208573457497
0.430000000000001	0.000921515487660143
0.450000000000001	0.00101763199180685
0.470000000000001	0.00112632285376141
0.490000000000001	0.00124971786412029
0.510000000000001	0.00139040506437169
0.530000000000001	0.00155155276454571
0.550000000000001	0.00173707092738951
0.570000000000001	0.00195182706268061
0.590000000000001	0.00220193863721397
0.610000000000001	0.00249517449698185
0.630000000000001	0.00284151414299537
0.650000000000001	0.00325393969938039
0.670000000000001	0.00374957771275617
0.690000000000001	0.00435137850162093
0.710000000000001	0.00509064187731566
0.730000000000001	0.00601091245110137
0.750000000000001	0.00717416090424739
0.770000000000001	0.00867091804939139
0.790000000000001	0.0106375282592485
0.810000000000001	0.0132868499977318
0.830000000000001	0.0169658247065761
0.850000000000001	0.0222704886683981
0.870000000000001	0.0302944395321622
0.890000000000001	0.0432216544503948
0.910000000000001	0.0659386647769403
0.930000000000001	0.111293438498857
0.950000000000001	0.222672660309201
0.970000000000001	0.631242895810773
0.990000000000001	5.79504902894869
