# Program settings for SigmaNu
# Electroweak scheme and input parameters
# Scheme = Complex mass scheme
# alpha_GF = 0.00755898078237864
# Pole masses/widths for particles [GeV]
# mw = 80.35797361
# gw = 2.084298894
# mz = 91.15348062
# gz = 2.494266379
# s^2_thetaw (derived) = (0.222868505240788,-0.00110716741475141)
# charged leptons
# m_e = 0.0005109989461
# m_m = 0.10565837
# m_t = 1.77686
# quarks
# m_d = 0.05
# m_u = 0.05
# m_s = 0.2
# m_c = 1.51
# m_b = 4.92
# m_t = 173
# Ecms (default) = 34422.4

# channel_id = 14
# process  = nu_e nu_t~ -> e- t+
-0.99	1.49940352950936e-08
-0.97	1.37700188927005e-07
-0.95	3.90386854101861e-07
-0.93	7.81098488355156e-07
-0.91	1.31838593442479e-06
-0.89	2.01134227319947e-06
-0.87	2.86964156501061e-06
-0.85	3.90358074277553e-06
-0.83	5.12412494753087e-06
-0.81	6.54295662700168e-06
-0.79	8.17252875140621e-06
-0.77	1.002612253821e-05
-0.75	1.211791011945e-05
-0.73	1.44630226321835e-05
-0.71	1.70776242652083e-05
-0.69	1.99789928541935e-05
-0.67	2.3185607683716e-05
-0.65	2.67172452292244e-05
-0.63	3.05950836560687e-05
-0.61	3.48418169874546e-05
-0.59	3.9481779960332e-05
-0.57	4.45410847093435e-05
-0.55	5.00477705562043e-05
-0.53	5.60319683376419e-05
-0.51	6.25260808819518e-05
-0.49	6.95649814456894e-05
-0.47	7.71862321515944e-05
-0.45	8.54303247311039e-05
-0.429999999999999	9.43409461747129e-05
-0.409999999999999	0.000103965272237165
-0.389999999999999	0.000114354292138984
-0.369999999999999	0.000125563168259635
-0.349999999999999	0.000137651635140436
-0.329999999999999	0.000150684442719043
-0.309999999999999	0.000164731849415598
-0.289999999999999	0.000179870171500256
-0.269999999999999	0.000196182396112278
-0.249999999999999	0.000213758866395843
-0.229999999999999	0.00023269804849561
-0.209999999999999	0.000253107391649596
-0.189999999999999	0.000275104294369364
-0.169999999999999	0.000298817191757297
-0.149999999999999	0.000324386781438013
-0.129999999999999	0.000351967408449015
-0.109999999999999	0.000381728632833665
-0.0899999999999994	0.000413857007717036
-0.0699999999999994	0.000448558100456396
-0.0499999999999994	0.000486058795208984
-0.0299999999999994	0.000526609922155291
-0.00999999999999938	0.000570489266911289
0.0100000000000006	0.000618005023675969
0.0300000000000006	0.000669499767789122
0.0500000000000006	0.000725355038119715
0.0700000000000006	0.000785996637699753
0.0900000000000006	0.000851900783065615
0.110000000000001	0.000923601259891941
0.130000000000001	0.00100169777601464
0.150000000000001	0.00108686574452954
0.170000000000001	0.00117986778151046
0.190000000000001	0.001281567267866
0.210000000000001	0.00139294440668312
0.230000000000001	0.00151511531101056
0.250000000000001	0.00164935478894911
0.270000000000001	0.00179712366186232
0.290000000000001	0.00196010166923919
0.310000000000001	0.00214022729613544
0.330000000000001	0.00233974622792399
0.350000000000001	0.00256127062222696
0.370000000000001	0.00280785203096728
0.390000000000001	0.00308307166478653
0.410000000000001	0.00339115285020981
0.430000000000001	0.00373710210506635
0.450000000000001	0.00412688742074945
0.470000000000001	0.00456766534115774
0.490000000000001	0.005068072638503
0.510000000000001	0.00563860436274248
0.530000000000001	0.00629210863319163
0.550000000000001	0.00704444106168999
0.570000000000001	0.00791534021359273
0.590000000000001	0.00892961333690418
0.610000000000001	0.0101187641288753
0.630000000000001	0.0115232605845387
0.650000000000001	0.0131957463836587
0.670000000000001	0.0152056707882224
0.690000000000001	0.0176460981995781
0.710000000000001	0.0206439495496371
0.730000000000001	0.0243757969694561
0.750000000000001	0.0290929272539146
0.770000000000001	0.0351624322901233
0.790000000000001	0.0431371651093603
0.810000000000001	0.05388021634242
0.830000000000001	0.0687983239294848
0.850000000000001	0.0903081686392227
0.870000000000001	0.12284370202711
0.890000000000001	0.175259426360967
0.910000000000001	0.267365729886601
0.930000000000001	0.451245113492225
0.950000000000001	0.902753332003053
0.970000000000001	2.55860731184337
0.990000000000001	23.4633036014933
