# Program settings for SigmaNu
# Electroweak scheme and input parameters
# Scheme = Complex mass scheme
# alpha_GF = 0.00755898078237864
# Pole masses/widths for particles [GeV]
# mw = 80.35797361
# gw = 2.084298894
# mz = 91.15348062
# gz = 2.494266379
# s^2_thetaw (derived) = (0.222868505240788,-0.00110716741475141)
# charged leptons
# m_e = 0.0005109989461
# m_m = 0.10565837
# m_t = 1.77686
# quarks
# m_d = 0.05
# m_u = 0.05
# m_s = 0.2
# m_c = 1.51
# m_b = 4.92
# m_t = 173
# Ecms (default) = 141.96

# channel_id = 14
# process  = nu_e nu_t~ -> e- t+
-0.99	0.000520079904068967
-0.97	0.00465642336069173
-0.95	0.0130806434417187
-0.93	0.0259921465436503
-0.91	0.0435997319506823
-0.89	0.0661220879521523
-0.87	0.0937883176897153
-0.85	0.126838496746129
-0.83	0.165524264640067
-0.81	0.210109452556719
-0.79	0.260870749823397
-0.77	0.318098411834091
-0.75	0.38209701233854
-0.73	0.453186243241337
-0.71	0.531701765306764
-0.69	0.617996113437337
-0.67	0.712439660490629
-0.65	0.815421643922138
-0.63	0.927351259894649
-0.61	1.04865882987926
-0.59	1.17979704519374
-0.57	1.32124229538326
-0.55	1.47349608685144
-0.53	1.63708655869978
-0.51	1.81257010333668
-0.49	2.00053310007843
-0.47	2.20159377069032
-0.45	2.4164041666126
-0.429999999999999	2.64565229849284
-0.409999999999999	2.89006441960941
-0.389999999999999	3.15040747583295
-0.369999999999999	3.42749173594205
-0.349999999999999	3.72217361740047
-0.329999999999999	4.0353587241281
-0.309999999999999	4.36800511437299
-0.289999999999999	4.72112681853454
-0.269999999999999	5.09579762871769
-0.249999999999999	5.49315518393698
-0.229999999999999	5.91440537726355
-0.209999999999999	6.36082711384477
-0.189999999999999	6.83377745165878
-0.169999999999999	7.33469716013042
-0.149999999999999	7.86511673537345
-0.129999999999999	8.42666291488283
-0.109999999999999	9.02106573903572
-0.0899999999999994	9.65016621183083
-0.0699999999999994	10.3159246189744
-0.0499999999999994	11.0204295677876
-0.0299999999999994	11.7659078205573
-0.00999999999999938	12.5547350009851
0.0100000000000006	13.3894472624321
0.0300000000000006	14.2727540168469
0.0500000000000006	15.2075518347683
0.0700000000000006	16.1969396397929
0.0900000000000006	17.244235335614
0.110000000000001	18.3529940204223
0.130000000000001	19.5270279623976
0.150000000000001	20.7704285315615
0.170000000000001	22.087590307794
0.190000000000001	23.4832376128095
0.210000000000001	24.9624537458771
0.230000000000001	26.5307132396943
0.250000000000001	28.1939174948338
0.270000000000001	29.9584341994464
0.290000000000001	31.8311409964777
0.310000000000001	33.8194739247524
0.330000000000001	35.93148123437
0.350000000000001	38.1758832626678
0.370000000000001	40.5621391566047
0.390000000000001	43.1005213432832
0.410000000000001	45.8021987854056
0.430000000000001	48.679330216312
0.450000000000001	51.7451687341686
0.470000000000001	55.0141793520179
0.490000000000001	58.5021713560695
0.510000000000001	62.2264476264043
0.530000000000001	66.2059734315081
0.550000000000001	70.4615676321085
0.570000000000001	75.0161197346493
0.590000000000001	79.8948368376107
0.610000000000001	85.1255252360657
0.630000000000001	90.7389123177847
0.650000000000001	96.7690154307953
0.670000000000001	103.253565668789
0.690000000000001	110.234496058919
0.710000000000001	117.758505511709
0.730000000000001	125.87771218786
0.750000000000001	134.650412757209
0.770000000000001	144.141967506133
0.790000000000001	154.425835565089
0.810000000000001	165.584789902714
0.830000000000001	177.712348459485
0.850000000000001	190.914466255313
0.870000000000001	205.311544005625
0.890000000000001	221.040822387436
0.910000000000001	238.259248501622
0.930000000000001	257.146923477068
0.950000000000001	277.911269176607
0.970000000000001	300.792089803327
0.990000000000001	326.067753907724
