# Program settings for SigmaNu
# Electroweak scheme and input parameters
# Scheme = Complex mass scheme
# alpha_GF = 0.00755898078237864
# Pole masses/widths for particles [GeV]
# mw = 80.35797361
# gw = 2.084298894
# mz = 91.15348062
# gz = 2.494266379
# s^2_thetaw (derived) = (0.222868505240788,-0.00110716741475141)
# charged leptons
# m_e = 0.0005109989461
# m_m = 0.10565837
# m_t = 1.77686
# quarks
# m_d = 0.05
# m_u = 0.05
# m_s = 0.2
# m_c = 1.51
# m_b = 4.92
# m_t = 173
# Ecms (default) = 4.38083

# channel_id = 14
# process  = nu_e nu_t~ -> e- t+
-0.99	0.000189588556097194
-0.97	0.000596963890486554
-0.95	0.00104194343393576
-0.93	0.00152453277040441
-0.91	0.00204473748468121
-0.89	0.00260256316238422
-0.87	0.00319801538996089
-0.85	0.00383109975468826
-0.83	0.00450182184467311
-0.81	0.00521018724885202
-0.79	0.00595620155699157
-0.77	0.00673987035968847
-0.75	0.00756119924836966
-0.73	0.00842019381529252
-0.71	0.00931685965354493
-0.69	0.0102512023570455
-0.67	0.0112232275205434
-0.65	0.0122329407396191
-0.63	0.013280347610684
-0.61	0.0143654537309806
-0.59	0.0154882646985829
-0.57	0.0166487861123963
-0.55	0.0178470235721579
-0.53	0.0190829826784366
-0.51	0.0203566690326331
-0.49	0.0216680882369801
-0.47	0.0230172458945426
-0.45	0.0244041476092179
-0.429999999999999	0.0258287989857357
-0.409999999999999	0.0272912056296583
-0.389999999999999	0.0287913731473808
-0.369999999999999	0.030329307146131
-0.349999999999999	0.0319050132339699
-0.329999999999999	0.0335184970197916
-0.309999999999999	0.0351697641133232
-0.289999999999999	0.0368588201251257
-0.269999999999999	0.0385856706665931
-0.249999999999999	0.0403503213499537
-0.229999999999999	0.042152777788269
-0.209999999999999	0.043993045595435
-0.189999999999999	0.0458711303861814
-0.169999999999999	0.0477870377760725
-0.149999999999999	0.0497407733815066
-0.129999999999999	0.0517323428197169
-0.109999999999999	0.0537617517087708
-0.0899999999999994	0.055829005667571
-0.0699999999999994	0.0579341103158547
-0.0499999999999994	0.0600770712741945
-0.0299999999999994	0.0622578941639979
-0.00999999999999938	0.064476584607508
0.0100000000000006	0.0667331482278032
0.0300000000000006	0.0690275906487977
0.0500000000000006	0.0713599174952413
0.0700000000000006	0.0737301343927197
0.0900000000000006	0.0761382469676546
0.110000000000001	0.0785842608473041
0.130000000000001	0.0810681816597625
0.150000000000001	0.0835900150339603
0.170000000000001	0.086149766599665
0.190000000000001	0.0887474419874804
0.210000000000001	0.0913830468288475
0.230000000000001	0.0940565867560442
0.250000000000001	0.0967680674021854
0.270000000000001	0.0995174944012234
0.290000000000001	0.102304873387948
0.310000000000001	0.105130209997986
0.330000000000001	0.107993509867803
0.350000000000001	0.110894778634702
0.370000000000001	0.113834021936823
0.390000000000001	0.116811245413145
0.410000000000001	0.119826454703485
0.430000000000001	0.122879655448499
0.450000000000001	0.12597085328968
0.470000000000001	0.129100053869362
0.490000000000001	0.132267262830716
0.510000000000001	0.135472485817751
0.530000000000001	0.138715728475318
0.550000000000001	0.141996996449106
0.570000000000001	0.145316295385642
0.590000000000001	0.148673630932294
0.610000000000001	0.152069008737268
0.630000000000001	0.155502434449613
0.650000000000001	0.158973913719214
0.670000000000001	0.1624834521968
0.690000000000001	0.166031055533935
0.710000000000001	0.169616729383029
0.730000000000001	0.173240479397329
0.750000000000001	0.176902311230924
0.770000000000001	0.180602230538741
0.790000000000001	0.184340242976553
0.810000000000001	0.188116354200969
0.830000000000001	0.191930569869443
0.850000000000001	0.195782895640267
0.870000000000001	0.199673337172576
0.890000000000001	0.203601900126348
0.910000000000001	0.2075685901624
0.930000000000001	0.211573412942392
0.950000000000001	0.215616374128827
0.970000000000001	0.219697479385049
0.990000000000001	0.223816734375245
