# Program settings for SigmaNu
# Electroweak scheme and input parameters
# Scheme = Complex mass scheme
# alpha_GF = 0.00755898078237864
# Pole masses/widths for particles [GeV]
# mw = 80.35797361
# gw = 2.084298894
# mz = 91.15348062
# gz = 2.494266379
# s^2_thetaw (derived) = (0.222868505240788,-0.00110716741475141)
# charged leptons
# m_e = 0.0005109989461
# m_m = 0.10565837
# m_t = 1.77686
# quarks
# m_d = 0.05
# m_u = 0.05
# m_s = 0.2
# m_c = 1.51
# m_b = 4.92
# m_t = 173
# Ecms (default) = 99454.6

# channel_id = 14
# process  = nu_e nu_t~ -> e- t+
-0.99	1.79620151130354e-09
-0.97	1.64957187389867e-08
-0.95	4.67661870383828e-08
-0.93	9.35712929926012e-08
-0.91	1.57935385954251e-07
-0.89	2.40947773098452e-07
-0.87	3.43767360485728e-07
-0.85	4.67627671712953e-07
-0.83	6.13842278948173e-07
-0.81	7.83810684768402e-07
-0.79	9.79024697226219e-07
-0.77	1.20107534508284e-06
-0.75	1.45166038514239e-06
-0.73	1.73259245926363e-06
-0.71	2.04580796491828e-06
-0.69	2.39337671022634e-06
-0.67	2.77751243237169e-06
-0.65	3.20058426719204e-06
-0.63	3.66512926784813e-06
-0.61	4.17386608180844e-06
-0.59	4.72970990822346e-06
-0.57	5.33578887227727e-06
-0.55	5.9954619695384e-06
-0.53	6.71233875201039e-06
-0.51	7.49030094873988e-06
-0.49	8.33352623803194e-06
-0.47	9.246514415769e-06
-0.45	1.0234116235778e-05
-0.429999999999999	1.13015652341287e-05
-0.409999999999999	1.24545128903831e-05
-0.389999999999999	1.36990675261409e-05
-0.369999999999999	1.50418373955122e-05
-0.349999999999999	1.64899784848668e-05
-0.329999999999999	1.80512476114696e-05
-0.309999999999999	1.97340614942868e-05
-0.289999999999999	2.15475625672514e-05
-0.269999999999999	2.3501692417937e-05
-0.249999999999999	2.56072738657488e-05
-0.229999999999999	2.78761028468697e-05
-0.209999999999999	3.03210514522153e-05
-0.189999999999999	3.29561836745985e-05
-0.169999999999999	3.57968856680912e-05
-0.149999999999999	3.88600126133338e-05
-0.129999999999999	4.21640546261571e-05
-0.109999999999999	4.57293245539591e-05
-0.0899999999999994	4.95781709879923e-05
-0.0699999999999994	5.37352203960686e-05
-0.0499999999999994	5.82276529692292e-05
-0.0299999999999994	6.3085517601949e-05
-0.00999999999999938	6.83420924193134e-05
0.0100000000000006	7.40342984641341e-05
0.0300000000000006	8.02031756100284e-05
0.0500000000000006	8.68944315330439e-05
0.0700000000000006	9.41590767301994e-05
0.0900000000000006	0.000102054161214682
0.110000000000001	0.000110643631766843
0.130000000000001	0.000119999332635008
0.150000000000001	0.000130202177562765
0.170000000000001	0.000141343527232124
0.190000000000001	0.000153526813996402
0.210000000000001	0.000166869465580175
0.230000000000001	0.000181505191836141
0.250000000000001	0.000197586714452825
0.270000000000001	0.000215289039747984
0.290000000000001	0.000234813400766629
0.310000000000001	0.000256392028735602
0.330000000000001	0.000280293958112159
0.350000000000001	0.000306832127587887
0.370000000000001	0.000336372116454108
0.390000000000001	0.000369342958687758
0.410000000000001	0.000406250615872263
0.430000000000001	0.000447694878784077
0.450000000000001	0.000494390726634916
0.470000000000001	0.000547195532544266
0.490000000000001	0.000607144008265851
0.510000000000001	0.000675493497260629
0.530000000000001	0.000753783254620927
0.550000000000001	0.000843912852521712
0.570000000000001	0.000948247068478282
0.590000000000001	0.00106975794745555
0.610000000000001	0.00121221982577209
0.630000000000001	0.00138048104571033
0.650000000000001	0.00158084872015039
0.670000000000001	0.00182164345768746
0.690000000000001	0.00211401524908388
0.710000000000001	0.00247317055253487
0.730000000000001	0.0029202647761803
0.750000000000001	0.00348540537129655
0.770000000000001	0.00421257535188066
0.790000000000001	0.00516801570227149
0.810000000000001	0.00645514097586237
0.830000000000001	0.00824250877267979
0.850000000000001	0.0108196977922076
0.870000000000001	0.0147180250290454
0.890000000000001	0.0209985680769288
0.910000000000001	0.0320354528168568
0.930000000000001	0.0540709611036879
0.950000000000001	0.108185307738595
0.970000000000001	0.306700082475698
0.990000000000001	2.81614169329991
