# Program settings for SigmaNu
# Electroweak scheme and input parameters
# Scheme = Complex mass scheme
# alpha_GF = 0.00755898078237864
# Pole masses/widths for particles [GeV]
# mw = 80.35797361
# gw = 2.084298894
# mz = 91.15348062
# gz = 2.494266379
# s^2_thetaw (derived) = (0.222868505240788,-0.00110716741475141)
# charged leptons
# m_e = 0.0005109989461
# m_m = 0.10565837
# m_t = 1.77686
# quarks
# m_d = 0.05
# m_u = 0.05
# m_s = 0.2
# m_c = 1.51
# m_b = 4.92
# m_t = 173
# Ecms (default) = 41005.9

# channel_id = 14
# process  = nu_e nu_t~ -> e- t+
-0.99	1.05659721885981e-08
-0.97	9.70343565383278e-08
-0.95	2.75097220621109e-07
-0.93	5.50423330609152e-07
-0.91	9.29038292664004e-07
-0.89	1.41734981787349e-06
-0.87	2.02217502254458e-06
-0.85	2.75076994956261e-06
-0.83	3.61086151554942e-06
-0.81	4.61068210975611e-06
-0.79	5.75900709432098e-06
-0.77	7.06519548190474e-06
-0.75	8.53923409627313e-06
-0.73	1.01917855544759e-05
-0.71	1.2034240446308e-05
-0.69	1.40787741283427e-05
-0.67	1.633840859655e-05
-0.65	1.88270799540674e-05
-0.63	2.15597120499364e-05
-0.61	2.45522969313847e-05
-0.59	2.78219828277375e-05
-0.57	3.13871704693832e-05
-0.55	3.52676186419475e-05
-0.53	3.94845599855778e-05
-0.51	4.40608281739219e-05
-0.49	4.90209977493586e-05
-0.47	5.43915380528208e-05
-0.45	6.02009828713453e-05
-0.429999999999999	6.64801176378347e-05
-0.409999999999999	7.3262186259756e-05
-0.389999999999999	8.05831199314573e-05
-0.369999999999999	8.8481790604644e-05
-0.349999999999999	9.70002921599083e-05
-0.329999999999999	0.000106184252747685
-0.309999999999999	0.000116083182259036
-0.289999999999999	0.000126750859457228
-0.269999999999999	0.000138245763963776
-0.249999999999999	0.000150631559064274
-0.229999999999999	0.000163977632199827
-0.209999999999999	0.000178359701063065
-0.189999999999999	0.000193860494452682
-0.169999999999999	0.000210570518491939
-0.149999999999999	0.000228588920527014
-0.129999999999999	0.000248024465042263
-0.109999999999999	0.000268996638323891
-0.0899999999999994	0.000291636901448777
-0.0699999999999994	0.000316090114565614
-0.0499999999999994	0.000342516159488133
-0.0299999999999994	0.00037109179247943
-0.00999999999999938	0.000402012764952073
0.0100000000000006	0.000435496256864657
0.0300000000000006	0.000471783676142493
0.0500000000000006	0.000511143887841078
0.0700000000000006	0.000553876949451786
0.0900000000000006	0.000600318444285623
0.110000000000001	0.000650844523984585
0.130000000000001	0.00070587779482554
0.150000000000001	0.000765894211790009
0.170000000000001	0.000831431180916908
0.190000000000001	0.000903097116243629
0.210000000000001	0.000981582755305492
0.230000000000001	0.00106767461017426
0.250000000000001	0.00116227102397615
0.270000000000001	0.00126640142188716
0.290000000000001	0.00138124949902955
0.310000000000001	0.00150818128669857
0.330000000000001	0.00164877929824624
0.350000000000001	0.00180488429783072
0.370000000000001	0.00197864668841271
0.390000000000001	0.0021725901209407
0.410000000000001	0.00238969074281397
0.430000000000001	0.00263347661371924
0.450000000000001	0.00290815334127796
0.470000000000001	0.00321876410396363
0.490000000000001	0.0035713951958304
0.510000000000001	0.00397344243937172
0.530000000000001	0.00443395986760224
0.550000000000001	0.00496412090009382
0.570000000000001	0.00557783528690956
0.590000000000001	0.00629258470256768
0.610000000000001	0.0071305698503846
0.630000000000001	0.00812030864332181
0.650000000000001	0.00929889931422531
0.670000000000001	0.0107152831806472
0.690000000000001	0.0124350434679329
0.710000000000001	0.0145476226378696
0.730000000000001	0.017177453279253
0.750000000000001	0.0205016210331234
0.770000000000001	0.0247788223312743
0.790000000000001	0.0303986649855837
0.810000000000001	0.0379693919776626
0.830000000000001	0.0484823766108335
0.850000000000001	0.0636407472988388
0.870000000000001	0.0865693184690163
0.890000000000001	0.123508372277948
0.910000000000001	0.188419739683346
0.930000000000001	0.318010928749808
0.950000000000001	0.636230675627552
0.970000000000001	1.80337647979047
0.990000000000001	16.5446691239336
