# Program settings for SigmaNu
# Electroweak scheme and input parameters
# Scheme = Complex mass scheme
# alpha_GF = 0.00755898078237864
# Pole masses/widths for particles [GeV]
# mw = 80.35797361
# gw = 2.084298894
# mz = 91.15348062
# gz = 2.494266379
# s^2_thetaw (derived) = (0.222868505240788,-0.00110716741475141)
# charged leptons
# m_e = 0.0005109989461
# m_m = 0.10565837
# m_t = 1.77686
# quarks
# m_d = 0.05
# m_u = 0.05
# m_s = 0.2
# m_c = 1.51
# m_b = 4.92
# m_t = 173
# Ecms (default) = 4214.78

# channel_id = 14
# process  = nu_e nu_t~ -> e- t+
-0.99	9.99432861398083e-07
-0.97	9.17817476896918e-06
-0.95	2.60202645242514e-05
-0.93	5.20616762037712e-05
-0.91	8.7872109886959e-05
-0.89	0.000134057378608224
-0.87	0.000191261987529122
-0.85	0.000260171922861489
-0.83	0.000341517669868758
-0.81	0.000436077481274096
-0.79	0.00054468091963651
-0.77	0.000668212699749087
-0.75	0.000807616859900733
-0.73	0.000963901293962542
-0.71	0.0011381426797563
-0.69	0.00133149184308578
-0.67	0.00154517960121922
-0.65	0.00178052313457009
-0.63	0.00203893294090892
-0.61	0.00232192043273976
-0.59	0.00263110624559244
-0.57	0.00296822933303261
-0.55	0.00333515693331288
-0.53	0.00373389550293629
-0.51	0.00416660272416257
-0.49	0.00463560070687067
-0.47	0.00514339052044681
-0.45	0.00569266820878805
-0.429999999999999	0.00628634246143616
-0.409999999999999	0.00692755413668764
-0.389999999999999	0.0076196978587325
-0.369999999999999	0.00836644594101198
-0.349999999999999	0.00917177492271032
-0.329999999999999	0.010039995045383
-0.309999999999999	0.0109757830430967
-0.289999999999999	0.011984218673208
-0.269999999999999	0.0130708254773528
-0.249999999999999	0.0142416163349107
-0.229999999999999	0.0155031444560334
-0.209999999999999	0.0168625605605326
-0.189999999999999	0.0183276771052309
-0.169999999999999	0.0199070405590733
-0.149999999999999	0.0216100128863732
-0.129999999999999	0.0234468635888585
-0.109999999999999	0.0254288738826313
-0.0899999999999994	0.0275684548539866
-0.0699999999999994	0.0298792817571738
-0.0499999999999994	0.032376446998599
-0.0299999999999994	0.0350766348092573
-0.00999999999999938	0.0379983211572217
0.0100000000000006	0.0411620031158691
0.0300000000000006	0.0445904627075442
0.0500000000000006	0.0483090712197175
0.0700000000000006	0.0523461411832549
0.0900000000000006	0.0567333346633228
0.110000000000001	0.0615061383104584
0.130000000000001	0.0667044178392318
0.150000000000001	0.0723730673565168
0.170000000000001	0.0785627723954136
0.190000000000001	0.0853309098128185
0.210000000000001	0.0927426131254075
0.230000000000001	0.100872038715737
0.250000000000001	0.109803877068865
0.270000000000001	0.119635164376656
0.290000000000001	0.130477464246849
0.310000000000001	0.142459507927258
0.330000000000001	0.155730405836292
0.350000000000001	0.170463575254133
0.370000000000001	0.186861571517352
0.390000000000001	0.205162066818737
0.410000000000001	0.225645297186978
0.430000000000001	0.248643402193316
0.450000000000001	0.274552224663351
0.470000000000001	0.303846335635588
0.490000000000001	0.337098327409583
0.510000000000001	0.375003811408747
0.530000000000001	0.418414123553543
0.550000000000001	0.46837956421144
0.570000000000001	0.526207218275279
0.590000000000001	0.593539230766859
0.610000000000001	0.672460209127944
0.630000000000001	0.765646776047952
0.650000000000001	0.876579214354581
0.670000000000001	1.00984639162004
0.690000000000001	1.17159389874468
0.710000000000001	1.37019746846318
0.730000000000001	1.61730055552853
0.750000000000001	1.92945901031324
0.770000000000001	2.33083407683766
0.790000000000001	2.85777053399933
0.810000000000001	3.56692888463483
0.830000000000001	4.55050307748358
0.850000000000001	5.96654596387847
0.870000000000001	8.10427667068389
0.890000000000001	11.5392654749374
0.910000000000001	17.5531570576349
0.930000000000001	29.4921014400493
0.950000000000001	58.5264766076127
0.970000000000001	162.799651540152
0.990000000000001	1363.0425615608
