# Program settings for SigmaNu
# Electroweak scheme and input parameters
# Scheme = Complex mass scheme
# alpha_GF = 0.00755898078237864
# Pole masses/widths for particles [GeV]
# mw = 80.35797361
# gw = 2.084298894
# mz = 91.15348062
# gz = 2.494266379
# s^2_thetaw (derived) = (0.222868505240788,-0.00110716741475141)
# charged leptons
# m_e = 0.0005109989461
# m_m = 0.10565837
# m_t = 1.77686
# quarks
# m_d = 0.05
# m_u = 0.05
# m_s = 0.2
# m_c = 1.51
# m_b = 4.92
# m_t = 173
# Ecms (default) = 203.671

# channel_id = 14
# process  = nu_e nu_t~ -> e- t+
-0.99	0.000325092726820616
-0.97	0.00294759472445254
-0.95	0.00831640147599426
-0.93	0.0165779484287528
-0.91	0.0278865943713099
-0.89	0.0424051028127854
-0.87	0.0603051565854698
-0.85	0.0817679082635458
-0.83	0.106984569217579
-0.81	0.136157040373515
-0.79	0.169498588018472
-0.77	0.20723456829629
-0.75	0.249603204366605
-0.73	0.296856420565445
-0.71	0.349260738306772
-0.69	0.407098238907197
-0.67	0.470667599004954
-0.65	0.540285204784554
-0.63	0.616286351816105
-0.61	0.699026537980136
-0.59	0.788882857682095
-0.57	0.886255506374608
-0.55	0.991569405309221
-0.53	1.10527595744434
-0.51	1.22785494655439
-0.49	1.35981659283153
-0.47	1.50170377966124
-0.45	1.6540944678057
-0.429999999999999	1.81760431496472
-0.409999999999999	1.99288952062701
-0.389999999999999	2.18064991830271
-0.369999999999999	2.38163233967228
-0.349999999999999	2.5966342779332
-0.329999999999999	2.82650788071644
-0.309999999999999	3.07216430642635
-0.289999999999999	3.33457848178567
-0.269999999999999	3.61479430280623
-0.249999999999999	3.91393032642711
-0.229999999999999	4.23318600575303
-0.209999999999999	4.57384852828367
-0.189999999999999	4.93730032386522
-0.169999999999999	5.32502731745243
-0.149999999999999	5.73862801129968
-0.129999999999999	6.17982349208482
-0.109999999999999	6.65046847092589
-0.0899999999999994	7.15256347852839
-0.0699999999999994	7.68826835409708
-0.0499999999999994	8.25991718551103
-0.0299999999999994	8.87003488000595
-0.00999999999999938	9.52135556972542
0.0100000000000006	10.216843085573
0.0300000000000006	10.9597137665143
0.0500000000000006	11.7534619106673
0.0700000000000006	12.6018882201758
0.0900000000000006	13.5091316451645
0.110000000000001	14.479705094465
0.130000000000001	15.5185355539987
0.150000000000001	16.6310092397976
0.170000000000001	17.8230225141764
0.190000000000001	19.101039413621
0.210000000000001	20.4721567793178
0.230000000000001	21.9441781505315
0.250000000000001	23.525697782947
0.270000000000001	25.2261963956598
0.290000000000001	27.0561505404304
0.310000000000001	29.0271578359667
0.330000000000001	31.1520807318988
0.350000000000001	33.4452119787432
0.370000000000001	35.9224656029259
0.390000000000001	38.6015979469032
0.410000000000001	41.5024642680084
0.430000000000001	44.6473175398169
0.450000000000001	48.0611575230024
0.470000000000001	51.7721399416905
0.490000000000001	55.8120578107306
0.510000000000001	60.2169097324847
0.530000000000001	65.0275734806632
0.550000000000001	70.2906076274895
0.570000000000001	76.0592096337351
0.590000000000001	82.3943660902243
0.610000000000001	89.3662401886085
0.630000000000001	97.0558537076905
0.650000000000001	105.557136787361
0.670000000000001	114.979439849134
0.690000000000001	125.450630056202
0.710000000000001	137.12093228487
0.730000000000001	150.167725396902
0.750000000000001	164.801573965721
0.770000000000001	181.273871230976
0.790000000000001	199.886602278516
0.810000000000001	221.004924164467
0.830000000000001	245.073527445799
0.850000000000001	272.638130466888
0.870000000000001	304.374024705997
0.890000000000001	341.124433020334
0.910000000000001	383.952718489226
0.930000000000001	434.214446172855
0.950000000000001	493.658385023534
0.970000000000001	564.570486245757
0.990000000000001	649.983003903157
