# Program settings for SigmaNu
# Electroweak scheme and input parameters
# Scheme = Complex mass scheme
# alpha_GF = 0.00755898078237864
# Pole masses/widths for particles [GeV]
# mw = 80.35797361
# gw = 2.084298894
# mz = 91.15348062
# gz = 2.494266379
# s^2_thetaw (derived) = (0.222868505240788,-0.00110716741475141)
# charged leptons
# m_e = 0.0005109989461
# m_m = 0.10565837
# m_t = 1.77686
# quarks
# m_d = 0.05
# m_u = 0.05
# m_s = 0.2
# m_c = 1.51
# m_b = 4.92
# m_t = 173
# Ecms (default) = 27658.9

# channel_id = 14
# process  = nu_e nu_t~ -> e- t+
-0.99	2.32235458353657e-08
-0.97	2.13277197703237e-07
-0.95	6.04651355078948e-07
-0.93	1.2098056493154e-06
-0.91	2.04198402234306e-06
-0.89	3.11527025704332e-06
-0.87	4.444647981172e-06
-0.85	6.04606555297455e-06
-0.83	7.93650627848075e-06
-0.81	1.01340644571094e-05
-0.79	1.26580278041636e-05
-0.77	1.55289668569249e-05
-0.75	1.8768832035949e-05
-0.73	2.2401059105843e-05
-0.71	2.64506838612912e-05
-0.69	3.09444669554477e-05
-0.67	3.59110298905604e-05
-0.65	4.13810033061933e-05
-0.63	4.73871888306004e-05
-0.61	5.39647359075935e-05
-0.59	6.11513351771443e-05
-0.57	6.8987430175572e-05
-0.55	7.75164493337553e-05
-0.53	8.678506049298e-05
-0.51	9.68434504321601e-05
-0.49	0.000107745632212088
-0.47	0.000119549783498048
-0.45	0.000132318619428226
-0.429999999999999	0.000146119804059905
-0.409999999999999	0.000161026404957757
-0.389999999999999	0.000177117396099629
-0.369999999999999	0.000194478214977969
-0.349999999999999	0.000213201380584916
-0.329999999999999	0.000233387179903929
-0.309999999999999	0.000255144431612504
-0.289999999999999	0.000278591336954307
-0.269999999999999	0.000303856429195742
-0.249999999999999	0.000331079634777866
-0.229999999999999	0.000360413461253678
-0.209999999999999	0.000392024329415595
-0.189999999999999	0.000426094069732063
-0.169999999999999	0.000462821606402426
-0.149999999999999	0.000502424856098557
-0.129999999999999	0.000545142872903719
-0.109999999999999	0.000591238276221949
-0.0899999999999994	0.000641000004684395
-0.0699999999999994	0.000694746446530653
-0.0499999999999994	0.000752829005849985
-0.0299999999999994	0.000815636174747096
-0.00999999999999938	0.000883598194344696
0.0100000000000006	0.000957192403042802
0.0300000000000006	0.00103694938923942
0.0500000000000006	0.00112346008855443
0.0700000000000006	0.00121738399346827
0.0900000000000006	0.00131945867743278
0.110000000000001	0.00143051087751947
0.130000000000001	0.00155146943157153
0.150000000000001	0.00168338043024001
0.170000000000001	0.0018274250245985
0.190000000000001	0.00198494043066329
0.210000000000001	0.00215744479887871
0.230000000000001	0.00234666677708728
0.250000000000001	0.00255458079980615
0.270000000000001	0.00278344939828932
0.290000000000001	0.003035874163045
0.310000000000001	0.00331485742783739
0.330000000000001	0.0036238773153854
0.350000000000001	0.00396697953632987
0.370000000000001	0.0043488903289823
0.390000000000001	0.00477515625820799
0.410000000000001	0.00525231838543491
0.430000000000001	0.00578813076122098
0.450000000000001	0.006391836541813
0.470000000000001	0.0070745196792292
0.490000000000001	0.00784955665500292
0.510000000000001	0.00873320198367668
0.530000000000001	0.00974535451824926
0.550000000000001	0.0109105709806782
0.570000000000001	0.0122594218174011
0.590000000000001	0.0138303275703263
0.610000000000001	0.0156720798326175
0.630000000000001	0.01784735349631
0.650000000000001	0.0204376802451596
0.670000000000001	0.0235506188620302
0.690000000000001	0.02733030110159
0.710000000000001	0.0319732922875327
0.730000000000001	0.0377530519417732
0.750000000000001	0.0450587483076484
0.770000000000001	0.0544588923565553
0.790000000000001	0.0668096727414556
0.810000000000001	0.0834477190696623
0.830000000000001	0.106551552162896
0.850000000000001	0.139863658161833
0.870000000000001	0.190250328518332
0.890000000000001	0.271422995809576
0.910000000000001	0.414057351080363
0.930000000000001	0.698796597173704
0.950000000000001	1.39790510647379
0.970000000000001	3.96134800647621
0.990000000000001	36.2980044986994
