# Program settings for SigmaNu
# Electroweak scheme and input parameters
# Scheme = Complex mass scheme
# alpha_GF = 0.00755898078237864
# Pole masses/widths for particles [GeV]
# mw = 80.35797361
# gw = 2.084298894
# mz = 91.15348062
# gz = 2.494266379
# s^2_thetaw (derived) = (0.222868505240788,-0.00110716741475141)
# charged leptons
# m_e = 0.0005109989461
# m_m = 0.10565837
# m_t = 1.77686
# quarks
# m_d = 0.05
# m_u = 0.05
# m_s = 0.2
# m_c = 1.51
# m_b = 4.92
# m_t = 173
# Ecms (default) = 15155.3

# channel_id = 14
# process  = nu_e nu_t~ -> e- t+
-0.99	7.73486824258903e-08
-0.97	7.103429670505e-07
-0.95	2.01385593999377e-06
-0.93	4.02938484462543e-06
-0.91	6.80103904451962e-06
-0.89	1.037572496167e-05
-0.87	1.48033459130553e-05
-0.85	2.01370182048106e-05
-0.83	2.64333049825904e-05
-0.81	3.37524694919544e-05
-0.79	4.21587495757763e-05
-0.77	5.17206554290759e-05
-0.75	6.25112928478821e-05
-0.73	7.46087144507664e-05
-0.71	8.80963016229589e-05
-0.69	0.000103063180237298
-0.67	0.000119604673548318
-0.65	0.000137822796040471
-0.63	0.00015782679244496
-0.61	0.000179733726628576
-0.59	0.000203669125610278
-0.57	0.000229767684586079
-0.55	0.000258174039550697
-0.53	0.000289043614907613
-0.51	0.000322543554371902
-0.49	0.000358853744509053
-0.47	0.000398167941437293
-0.45	0.000440695012573293
-0.429999999999999	0.000486660306848121
-0.409999999999999	0.000536307168592883
-0.389999999999999	0.000589898612328396
-0.369999999999999	0.000647719178033499
-0.349999999999999	0.000710076989163167
-0.329999999999999	0.000777306038800953
-0.309999999999999	0.000849768732931851
-0.289999999999999	0.000927858723996849
-0.269999999999999	0.00101200407274095
-0.249999999999999	0.00110267078201366
-0.229999999999999	0.00120036675277099
-0.209999999999999	0.00130564622023603
-0.189999999999999	0.00141911473721273
-0.169999999999999	0.00154143478217008
-0.149999999999999	0.00167333208223217
-0.129999999999999	0.00181560275599997
-0.109999999999999	0.00196912139865495
-0.0899999999999994	0.00213485025261584
-0.0699999999999994	0.00231384963183162
-0.0499999999999994	0.00250728979745104
-0.0299999999999994	0.00271646451816914
-0.00999999999999938	0.00294280659132935
0.0100000000000006	0.00318790565249469
0.0300000000000006	0.00345352866374732
0.0500000000000006	0.00374164354701421
0.0700000000000006	0.00405444652151066
0.0900000000000006	0.00439439381808327
0.110000000000001	0.0047642385830986
0.130000000000001	0.00516707395732922
0.150000000000001	0.00560638352974951
0.170000000000001	0.00608610063355499
0.190000000000001	0.00661067828676132
0.210000000000001	0.00718517200167841
0.230000000000001	0.00781533822177504
0.250000000000001	0.00850775182462865
0.270000000000001	0.00926994700077405
0.290000000000001	0.0101105869408374
0.310000000000001	0.0110396692193788
0.330000000000001	0.0120687756653946
0.350000000000001	0.0132113780107481
0.370000000000001	0.014483213923292
0.390000000000001	0.0159027524617414
0.410000000000001	0.0174917739601909
0.430000000000001	0.0192760974706504
0.450000000000001	0.021286500043344
0.470000000000001	0.0235598875966176
0.490000000000001	0.0261407988329213
0.510000000000001	0.029083354466146
0.530000000000001	0.0324538083143771
0.550000000000001	0.0363339213520581
0.570000000000001	0.0408254752596368
0.590000000000001	0.046056385420483
0.610000000000001	0.0521890925619955
0.630000000000001	0.0594322538063657
0.650000000000001	0.0680572971416405
0.670000000000001	0.0784222871889271
0.690000000000001	0.0910070247982109
0.710000000000001	0.106465833066411
0.730000000000001	0.125708961036974
0.750000000000001	0.150031748671424
0.770000000000001	0.18132637023111
0.790000000000001	0.222442292046138
0.810000000000001	0.277827584128597
0.830000000000001	0.354731307322436
0.850000000000001	0.465605207742349
0.870000000000001	0.633291015998994
0.890000000000001	0.903393125621982
0.910000000000001	1.37791252827805
0.930000000000001	2.324896025102
0.950000000000001	4.64874148010954
0.970000000000001	13.1596973740541
0.990000000000001	119.954978829143
