# Program settings for SigmaNu
# Electroweak scheme and input parameters
# Scheme = Complex mass scheme
# alpha_GF = 0.00755898078237864
# Pole masses/widths for particles [GeV]
# mw = 80.35797361
# gw = 2.084298894
# mz = 91.15348062
# gz = 2.494266379
# s^2_thetaw (derived) = (0.222868505240788,-0.00110716741475141)
# charged leptons
# m_e = 0.0005109989461
# m_m = 0.10565837
# m_t = 1.77686
# quarks
# m_d = 0.05
# m_u = 0.05
# m_s = 0.2
# m_c = 1.51
# m_b = 4.92
# m_t = 173
# Ecms (default) = 14.1203

# channel_id = 14
# process  = nu_e nu_t~ -> e- t+
-0.99	0.000318406068089833
-0.97	0.00140897745862777
-0.95	0.00310545345222679
-0.93	0.00540890620684972
-0.91	0.00832040977849014
-0.89	0.0118410401249063
-0.87	0.0159718751093635
-0.85	0.0207139945043847
-0.83	0.0260684799955091
-0.81	0.0320364151850599
-0.79	0.0386188855959198
-0.77	0.0458169786753144
-0.75	0.0536317837986051
-0.73	0.0620643922730895
-0.71	0.0711158973418112
-0.69	0.0807873941873763
-0.67	0.0910799799357805
-0.65	0.101994753660244
-0.63	0.113532816385052
-0.61	0.125695271089411
-0.59	0.138483222711304
-0.57	0.151897778151362
-0.55	0.165940046276743
-0.53	0.180611137925014
-0.51	0.195912165908048
-0.49	0.211844245015928
-0.47	0.228408492020855
-0.45	0.245606025681074
-0.429999999999999	0.263437966744803
-0.409999999999999	0.281905437954165
-0.389999999999999	0.301009564049142
-0.369999999999999	0.320751471771526
-0.349999999999999	0.341132289868889
-0.329999999999999	0.362153149098549
-0.309999999999999	0.383815182231559
-0.289999999999999	0.406119524056693
-0.269999999999999	0.429067311384451
-0.249999999999999	0.452659683051064
-0.229999999999999	0.476897779922513
-0.209999999999999	0.501782744898558
-0.189999999999999	0.52731572291677
-0.169999999999999	0.55349786095658
-0.149999999999999	0.58033030804333
-0.129999999999999	0.607814215252336
-0.109999999999999	0.635950735712965
-0.0899999999999994	0.664741024612708
-0.0699999999999994	0.694186239201278
-0.0499999999999994	0.724287538794704
-0.0299999999999994	0.755046084779444
-0.00999999999999938	0.786463040616499
0.0100000000000006	0.818539571845543
0.0300000000000006	0.851276846089057
0.0500000000000006	0.884676033056478
0.0700000000000006	0.918738304548351
0.0900000000000006	0.953464834460491
0.110000000000001	0.988856798788166
0.130000000000001	1.02491537563027
0.150000000000001	1.06164174519351
0.170000000000001	1.09903708979664
0.190000000000001	1.13710259387462
0.210000000000001	1.17583944398289
0.230000000000001	1.21524882880155
0.250000000000001	1.25533193913966
0.270000000000001	1.29608996793942
0.290000000000001	1.33752411028047
0.310000000000001	1.37963556338418
0.330000000000001	1.42242552661785
0.350000000000001	1.4658952014991
0.370000000000001	1.51004579170006
0.390000000000001	1.55487850305178
0.410000000000001	1.60039454354846
0.430000000000001	1.64659512335182
0.450000000000001	1.69348145479546
0.470000000000001	1.74105475238913
0.490000000000001	1.78931623282316
0.510000000000001	1.83826711497278
0.530000000000001	1.88790861990252
0.550000000000001	1.93824197087059
0.570000000000001	1.98926839333326
0.590000000000001	2.04098911494928
0.610000000000001	2.09340536558429
0.630000000000001	2.14651837731524
0.650000000000001	2.20032938443486
0.670000000000001	2.25483962345603
0.690000000000001	2.31005033311631
0.710000000000001	2.36596275438236
0.730000000000001	2.42257813045445
0.750000000000001	2.47989770677091
0.770000000000001	2.53792273101263
0.790000000000001	2.59665445310761
0.810000000000001	2.6560941252354
0.830000000000001	2.7162430018317
0.850000000000001	2.77710233959286
0.870000000000001	2.83867339748041
0.890000000000001	2.90095743672565
0.910000000000001	2.96395572083421
0.930000000000001	3.02766951559062
0.950000000000001	3.09210008906288
0.970000000000001	3.15724871160711
0.990000000000001	3.22311665587209
