# Program settings for SigmaNu
# Electroweak scheme and input parameters
# Scheme = Complex mass scheme
# alpha_GF = 0.00755898078237864
# Pole masses/widths for particles [GeV]
# mw = 80.35797361
# gw = 2.084298894
# mz = 91.15348062
# gz = 2.494266379
# s^2_thetaw (derived) = (0.222868505240788,-0.00110716741475141)
# charged leptons
# m_e = 0.0005109989461
# m_m = 0.10565837
# m_t = 1.77686
# quarks
# m_d = 0.05
# m_u = 0.05
# m_s = 0.2
# m_c = 1.51
# m_b = 4.92
# m_t = 173
# Ecms (default) = 23.3539

# channel_id = 14
# process  = nu_e nu_t~ -> e- t+
-0.99	0.000416580127582817
-0.97	0.00240823136369853
-0.95	0.00595052833501868
-0.93	0.011050689582241
-0.91	0.0177159672917024
-0.89	0.0259536474697559
-0.87	0.0357710501181671
-0.85	0.047175529410533
-0.83	0.0601744738697321
-0.81	0.0747753065464131
-0.79	0.0909854851985259
-0.77	0.108812502471905
-0.75	0.12826388608191
-0.73	0.149347198996133
-0.71	0.172070039618178
-0.69	0.196440041972515
-0.67	0.222464875890424
-0.65	0.250152247197033
-0.63	0.279509897899456
-0.61	0.310545606376034
-0.59	0.3432671875667
-0.57	0.377682493164459
-0.55	0.413799411807997
-0.53	0.451625869275437
-0.51	0.491169828679231
-0.49	0.532439290662203
-0.47	0.575442293594762
-0.45	0.620186913773272
-0.429999999999999	0.666681265619608
-0.409999999999999	0.714933501881884
-0.389999999999999	0.76495181383638
-0.369999999999999	0.816744431490667
-0.349999999999999	0.870319623787936
-0.329999999999999	0.925685698812549
-0.309999999999999	0.982851003996803
-0.289999999999999	1.04182392632893
-0.269999999999999	1.10261289256236
-0.249999999999999	1.16522636942616
-0.229999999999999	1.22967286383684
-0.209999999999999	1.29596092311131
-0.189999999999999	1.36409913518121
-0.169999999999999	1.43409612880843
-0.149999999999999	1.50596057380199
-0.129999999999999	1.5797011812362
-0.109999999999999	1.65532670367011
-0.0899999999999994	1.73284593536827
-0.0699999999999994	1.81226771252288
-0.0499999999999994	1.89360091347719
-0.0299999999999994	1.9768544589503
-0.00999999999999938	2.06203731226326
0.0100000000000006	2.14915847956663
0.0300000000000006	2.23822701006928
0.0500000000000006	2.32925199626867
0.0700000000000006	2.42224257418248
0.0900000000000006	2.51720792358164
0.110000000000001	2.61415726822478
0.130000000000001	2.71309987609407
0.150000000000001	2.81404505963252
0.170000000000001	2.91700217598272
0.190000000000001	3.02198062722698
0.210000000000001	3.12898986062898
0.230000000000001	3.23803936887684
0.250000000000001	3.34913869032772
0.270000000000001	3.46229740925386
0.290000000000001	3.57752515609013
0.310000000000001	3.69483160768311
0.330000000000001	3.81422648754164
0.350000000000001	3.93571956608895
0.370000000000001	4.05932066091628
0.390000000000001	4.18503963703811
0.410000000000001	4.31288640714887
0.430000000000001	4.44287093188127
0.450000000000001	4.57500322006624
0.470000000000001	4.70929332899437
0.490000000000001	4.84575136467904
0.510000000000001	4.98438748212112
0.530000000000001	5.12521188557529
0.550000000000001	5.26823482881806
0.570000000000001	5.41346661541732
0.590000000000001	5.56091759900364
0.610000000000001	5.71059818354327
0.630000000000001	5.86251882361266
0.650000000000001	6.01669002467488
0.670000000000001	6.1731223433576
0.690000000000001	6.33182638773281
0.710000000000001	6.49281281759836
0.730000000000001	6.65609234476109
0.750000000000001	6.82167573332184
0.770000000000001	6.98957379996218
0.790000000000001	7.1597974142329
0.810000000000001	7.33235749884428
0.830000000000001	7.50726502995825
0.850000000000001	7.68453103748225
0.870000000000001	7.86416660536499
0.890000000000001	8.046182871894
0.910000000000001	8.2305910299951
0.930000000000001	8.41740232753367
0.950000000000001	8.60662806761784
0.970000000000001	8.79827960890354
0.990000000000001	8.99236836590148
