# Program settings for SigmaNu
# Electroweak scheme and input parameters
# Scheme = Complex mass scheme
# alpha_GF = 0.00755898078237864
# Pole masses/widths for particles [GeV]
# mw = 80.35797361
# gw = 2.084298894
# mz = 91.15348062
# gz = 2.494266379
# s^2_thetaw (derived) = (0.222868505240788,-0.00110716741475141)
# charged leptons
# m_e = 0.0005109989461
# m_m = 0.10565837
# m_t = 1.77686
# quarks
# m_d = 0.05
# m_u = 0.05
# m_s = 0.2
# m_c = 1.51
# m_b = 4.92
# m_t = 173
# Ecms (default) = 54.2171

# channel_id = 14
# process  = nu_e nu_t~ -> e- t+
-0.99	0.000711638629983613
-0.97	0.0056845755367525
-0.95	0.0154649685272686
-0.93	0.0301437955563426
-0.91	0.0498137653152778
-0.89	0.0745693539476386
-0.87	0.104506842644163
-0.85	0.139724356140461
-0.83	0.180321902141873
-0.81	0.226401411700571
-0.79	0.278066780570763
-0.77	0.335423911568624
-0.75	0.398580757964411
-0.73	0.467647367935022
-0.71	0.542735930106155
-0.69	0.623960820214093
-0.67	0.711438648918088
-0.65	0.805288310795226
-0.63	0.90563103455071
-0.61	1.01259043447747
-0.59	1.12629256320003
-0.57	1.24686596573884
-0.55	1.37444173493205
-0.53	1.50915356825333
-0.51	1.65113782606515
-0.49	1.80053359134846
-0.47	1.95748273095079
-0.45	2.12212995839632
-0.429999999999999	2.2946228983028
-0.409999999999999	2.47511215245154
-0.389999999999999	2.66375136755823
-0.369999999999999	2.86069730479412
-0.349999999999999	3.06610991110821
-0.329999999999999	3.28015239240321
-0.309999999999999	3.50299128861953
-0.289999999999999	3.73479655078333
-0.269999999999999	3.97574162007659
-0.249999999999999	4.22600350898893
-0.229999999999999	4.48576288461309
-0.209999999999999	4.75520415414784
-0.189999999999999	5.03451555267423
-0.169999999999999	5.32388923327349
-0.149999999999999	5.62352135955691
-0.129999999999999	5.93361220068057
-0.109999999999999	6.25436622892014
-0.0899999999999994	6.58599221988364
-0.0699999999999994	6.92870335544263
-0.0499999999999994	7.28271732946493
-0.0299999999999994	7.64825645643504
-0.00999999999999938	8.02554778305123
0.0100000000000006	8.41482320289135
0.0300000000000006	8.81631957424265
0.0500000000000006	9.23027884119414
0.0700000000000006	9.65694815809357
0.0900000000000006	10.0965800174745
0.110000000000001	10.5494323815626
0.130000000000001	11.0157688174748
0.150000000000001	11.4958586362278
0.170000000000001	11.9899770356773
0.190000000000001	12.4984052475143
0.210000000000001	13.0214306884468
0.230000000000001	13.5593471157043
0.250000000000001	14.1124547870013
0.270000000000001	14.6810606251083
0.290000000000001	15.265478387176
0.310000000000001	15.8660288389719
0.330000000000001	16.4830399341876
0.350000000000001	17.1168469989849
0.370000000000001	17.7677929219535
0.390000000000001	18.43622834966
0.410000000000001	19.122511887974
0.430000000000001	19.8270103093638
0.450000000000001	20.5500987663639
0.470000000000001	21.2921610114197
0.490000000000001	22.0535896233266
0.510000000000001	22.8347862404866
0.530000000000001	23.6361618012155
0.550000000000001	24.4581367913402
0.570000000000001	25.3011414993387
0.590000000000001	26.1656162792807
0.610000000000001	27.0520118218403
0.630000000000001	27.9607894336607
0.650000000000001	28.8924213253628
0.670000000000001	29.8473909084993
0.690000000000001	30.8261931017711
0.710000000000001	31.8293346468311
0.730000000000001	32.8573344340163
0.750000000000001	33.9107238383626
0.770000000000001	34.9900470662681
0.790000000000001	36.095861513189
0.810000000000001	37.2287381327656
0.830000000000001	38.3892618177908
0.850000000000001	39.5780317934543
0.870000000000001	40.7956620233084
0.890000000000001	42.0427816284237
0.910000000000001	43.3200353202191
0.930000000000001	44.6280838474728
0.950000000000001	45.9676044580409
0.970000000000001	47.3392913758324
0.990000000000001	48.7438562936115
