# Program settings for SigmaNu
# Electroweak scheme and input parameters
# Scheme = Complex mass scheme
# alpha_GF = 0.00755898078237864
# Pole masses/widths for particles [GeV]
# mw = 80.35797361
# gw = 2.084298894
# mz = 91.15348062
# gz = 2.494266379
# s^2_thetaw (derived) = (0.222868505240788,-0.00110716741475141)
# charged leptons
# m_e = 0.0005109989461
# m_m = 0.10565837
# m_t = 1.77686
# quarks
# m_d = 0.05
# m_u = 0.05
# m_s = 0.2
# m_c = 1.51
# m_b = 4.92
# m_t = 173
# Ecms (default) = 1062.26

# channel_id = 14
# process  = nu_e nu_t~ -> e- t+
-0.99	1.55741419824342e-05
-0.97	0.000142957832277024
-0.95	0.000405214359407324
-0.93	0.000810641991477116
-0.91	0.00136805824344353
-0.89	0.00208683641879988
-0.87	0.00297694507710539
-0.85	0.00404899069266178
-0.83	0.00531426379666135
-0.81	0.00678478892522479
-0.79	0.00847337872929321
-0.77	0.0103936926397754
-0.75	0.0125603005231804
-0.73	0.0149887518097526
-0.71	0.0176956506285283
-0.69	0.020698737542487
-0.67	0.0240169785429431
-0.65	0.0276706620364767
-0.63	0.0316815046411855
-0.61	0.0360727667031266
-0.59	0.040869378550026
-0.57	0.0460980786193719
-0.55	0.0517875647338972
-0.53	0.057968659951495
-0.51	0.064674494591503
-0.49	0.0719407062381703
-0.47	0.0798056597486212
-0.45	0.0883106895510366
-0.429999999999999	0.0975003668140537
-0.409999999999999	0.1074227944064
-0.389999999999999	0.118129932953395
-0.369999999999999	0.129677961742247
-0.349999999999999	0.142127678740643
-0.329999999999999	0.155544944584152
-0.309999999999999	0.170001176070995
-0.289999999999999	0.185573895493481
-0.269999999999999	0.202347343052978
-0.249999999999999	0.220413160672211
-0.229999999999999	0.239871156762045
-0.209999999999999	0.260830162952309
-0.189999999999999	0.283408995496659
-0.169999999999999	0.307737536057393
-0.149999999999999	0.333957948924576
-0.129999999999999	0.362226054494422
-0.109999999999999	0.392712882109245
-0.0899999999999994	0.425606429248952
-0.0699999999999994	0.461113658688859
-0.0499999999999994	0.499462770756952
-0.0299999999999994	0.540905794428306
-0.00999999999999938	0.585721548924576
0.0100000000000006	0.634219037039847
0.0300000000000006	0.686741342962611
0.0500000000000006	0.743670121373864
0.0700000000000006	0.805430781661216
0.0900000000000006	0.872498491942773
0.110000000000001	0.945405153188679
0.130000000000001	1.02474752527191
0.150000000000001	1.11119672582627
0.170000000000001	1.20550937134359
0.190000000000001	1.30854069060682
0.210000000000001	1.42126001672953
0.230000000000001	1.54476916021933
0.250000000000001	1.68032428750284
0.270000000000001	1.829362085094
0.290000000000001	1.99353118957267
0.310000000000001	2.1747301219595
0.330000000000001	2.3751533012258
0.350000000000001	2.59734715201882
0.370000000000001	2.84427890278551
0.390000000000001	3.11942144335535
0.410000000000001	3.42685864752583
0.430000000000001	3.77141696844856
0.450000000000001	4.1588310295006
0.470000000000001	4.59595357435892
0.490000000000001	5.09102382135421
0.510000000000001	5.65401345715541
0.530000000000001	6.29707691110366
0.550000000000001	7.03514325942349
0.570000000000001	7.8867028093271
0.590000000000001	8.87486478762787
0.610000000000001	10.0287979362538
0.630000000000001	11.3857203316383
0.650000000000001	12.9936904116618
0.670000000000001	14.9155887423936
0.690000000000001	17.2349062095316
0.710000000000001	20.0643360556292
0.730000000000001	23.5588306994273
0.750000000000001	27.9359761167494
0.770000000000001	33.5087585126522
0.790000000000001	40.7401198321923
0.810000000000001	50.3375257615889
0.830000000000001	63.4248558062889
0.850000000000001	81.8730697349065
0.870000000000001	108.981839869475
0.890000000000001	151.011299411417
0.910000000000001	221.028859873625
0.930000000000001	350.127797499538
0.950000000000001	627.959309353136
0.970000000000001	1408.67004648748
0.990000000000001	5367.94664401922
