# Program settings for SigmaNu
# Electroweak scheme and input parameters
# Scheme = Complex mass scheme
# alpha_GF = 0.00755898078237864
# Pole masses/widths for particles [GeV]
# mw = 80.35797361
# gw = 2.084298894
# mz = 91.15348062
# gz = 2.494266379
# s^2_thetaw (derived) = (0.222868505240788,-0.00110716741475141)
# charged leptons
# m_e = 0.0005109989461
# m_m = 0.10565837
# m_t = 1.77686
# quarks
# m_d = 0.05
# m_u = 0.05
# m_s = 0.2
# m_c = 1.51
# m_b = 4.92
# m_t = 173
# Ecms (default) = 3.22513

# channel_id = 14
# process  = nu_e nu_t~ -> e- t+
-0.99	0.000130306446258927
-0.97	0.000399793394283731
-0.95	0.000681116638776948
-0.93	0.000974276974856816
-0.91	0.00127927519769499
-0.89	0.00159611210251652
-0.87	0.0019247884845999
-0.85	0.00226530513927703
-0.83	0.00261766286193323
-0.81	0.00298186244800727
-0.79	0.00335790469299135
-0.77	0.0037457903924311
-0.75	0.0041455203419256
-0.73	0.00455709533712736
-0.71	0.00498051617374237
-0.69	0.00541578364753006
-0.67	0.00586289855430331
-0.65	0.00632186168992847
-0.63	0.00679267385032537
-0.61	0.00727533583146728
-0.59	0.00776984842938097
-0.57	0.00827621244014669
-0.55	0.00879442865989815
-0.53	0.00932449788482257
-0.51	0.00986642091116065
-0.49	0.0104201985352066
-0.47	0.0109858315533081
-0.45	0.0115633207618663
-0.429999999999999	0.0121526669573359
-0.409999999999999	0.0127538709362253
-0.389999999999999	0.013366933495096
-0.369999999999999	0.0139918554305633
-0.349999999999999	0.0146286375392961
-0.329999999999999	0.0152772806180165
-0.309999999999999	0.0159377854635005
-0.289999999999999	0.0166101528725774
-0.269999999999999	0.01729438364213
-0.249999999999999	0.0179904785690949
-0.229999999999999	0.018698438450462
-0.209999999999999	0.0194182640832749
-0.189999999999999	0.0201499562646306
-0.169999999999999	0.0208935157916798
-0.149999999999999	0.0216489434616267
-0.129999999999999	0.0224162400717292
-0.109999999999999	0.0231954064192984
-0.0899999999999994	0.0239864433016995
-0.0699999999999994	0.0247893515163508
-0.0499999999999994	0.0256041318607245
-0.0299999999999994	0.0264307851323462
-0.00999999999999938	0.0272693121287952
0.0100000000000006	0.0281197136477044
0.0300000000000006	0.0289819904867602
0.0500000000000006	0.0298561434437027
0.0700000000000006	0.0307421733163255
0.0900000000000006	0.0316400809024759
0.110000000000001	0.0325498670000549
0.130000000000001	0.0334715324070169
0.150000000000001	0.03440507792137
0.170000000000001	0.035350504341176
0.190000000000001	0.0363078124645503
0.210000000000001	0.037277003089662
0.230000000000001	0.0382580770147336
0.250000000000001	0.0392510350380415
0.270000000000001	0.0402558779579157
0.290000000000001	0.0412726065727397
0.310000000000001	0.0423012216809508
0.330000000000001	0.0433417240810399
0.350000000000001	0.0443941145715516
0.370000000000001	0.0454583939510841
0.390000000000001	0.0465345630182894
0.410000000000001	0.047622622571873
0.430000000000001	0.0487225734105942
0.450000000000001	0.049834416333266
0.470000000000001	0.0509581521387549
0.490000000000001	0.0520937816259814
0.510000000000001	0.0532413055939194
0.530000000000001	0.0544007248415966
0.550000000000001	0.0555720401680946
0.570000000000001	0.0567552523725484
0.590000000000001	0.0579503622541467
0.610000000000001	0.0591573706121324
0.630000000000001	0.0603762782458015
0.650000000000001	0.061607085954504
0.670000000000001	0.0628497945376438
0.690000000000001	0.0641044047946783
0.710000000000001	0.0653709175251185
0.730000000000001	0.0666493335285295
0.750000000000001	0.0679396536045301
0.770000000000001	0.0692418785527924
0.790000000000001	0.0705560091730428
0.810000000000001	0.0718820462650611
0.830000000000001	0.0732199906286811
0.850000000000001	0.0745698430637901
0.870000000000001	0.0759316043703295
0.890000000000001	0.077305275348294
0.910000000000001	0.0786908567977326
0.930000000000001	0.0800883495187478
0.950000000000001	0.0814977543114959
0.970000000000001	0.0829190719761869
0.990000000000001	0.0843523033130848
