# Program settings for SigmaNu
# Electroweak scheme and input parameters
# Scheme = Complex mass scheme
# alpha_GF = 0.00755898078237864
# Pole masses/widths for particles [GeV]
# mw = 80.35797361
# gw = 2.084298894
# mz = 91.15348062
# gz = 2.494266379
# s^2_thetaw (derived) = (0.222868505240788,-0.00110716741475141)
# charged leptons
# m_e = 0.0005109989461
# m_m = 0.10565837
# m_t = 1.77686
# quarks
# m_d = 0.05
# m_u = 0.05
# m_s = 0.2
# m_c = 1.51
# m_b = 4.92
# m_t = 173
# Ecms (default) = 6457.11

# channel_id = 14
# process  = nu_e nu_t~ -> e- t+
-0.99	4.25990913976488e-07
-0.97	3.91210757754585e-06
-0.95	1.10909625827225e-05
-0.93	2.21910632267927e-05
-0.91	3.7455298705515e-05
-0.89	5.71419582150354e-05
-0.87	8.15258310594283e-05
-0.85	0.000110899396244647
-0.83	0.000145574109806356
-0.81	0.000185881798973419
-0.79	0.000232176173221699
-0.77	0.000284834463337009
-0.75	0.000344259200795742
-0.73	0.000410880151103507
-0.71	0.000485156416224593
-0.69	0.000567578722909855
-0.67	0.000658671915612367
-0.65	0.00075899767479699
-0.63	0.000869157483834901
-0.61	0.000989795870364056
-0.59	0.00112160395103548
-0.57	0.00126532331200277
-0.55	0.00142175026140678
-0.53	0.00159174049452606
-0.51	0.00177621421728477
-0.49	0.00197616177952492
-0.47	0.00219264987596428
-0.45	0.00242682838020125
-0.429999999999999	0.00267993788563693
-0.409999999999999	0.00295331803693585
-0.389999999999999	0.0032484167468394
-0.369999999999999	0.00356680040601869
-0.349999999999999	0.00391016520848576
-0.329999999999999	0.00428034973220549
-0.309999999999999	0.00467934893435988
-0.289999999999999	0.00510932974367922
-0.269999999999999	0.00557264845893069
-0.249999999999999	0.00607187019371294
-0.229999999999999	0.00660979064394608
-0.209999999999999	0.00718946049683481
-0.189999999999999	0.00781421284978077
-0.169999999999999	0.00848769406613271
-0.149999999999999	0.00921389856349645
-0.129999999999999	0.0099972081116534
-0.109999999999999	0.0108424363134887
-0.0899999999999994	0.0117548790568083
-0.0699999999999994	0.0127403718613374
-0.0499999999999994	0.0138053552082384
-0.0299999999999994	0.0149569491349763
-0.00999999999999938	0.0162030386135235
0.0100000000000006	0.0175523715137291
0.0300000000000006	0.0190146712974781
0.0500000000000006	0.0206007670072073
0.0700000000000006	0.0223227436223626
0.0900000000000006	0.0241941164822082
0.110000000000001	0.0262300342420468
0.130000000000001	0.0284475157795296
0.150000000000001	0.0308657276461936
0.170000000000001	0.0335063101286508
0.190000000000001	0.0363937618246775
0.210000000000001	0.0395558949575696
0.230000000000001	0.043024376586904
0.250000000000001	0.0468353746101823
0.270000000000001	0.0510303322346745
0.290000000000001	0.0556569007642888
0.310000000000001	0.0607700685426124
0.330000000000001	0.0664335343352238
0.350000000000001	0.0727213871686846
0.370000000000001	0.0797201728466126
0.390000000000001	0.087531451684266
0.410000000000001	0.096274984777471
0.430000000000001	0.106092730690488
0.450000000000001	0.11715389564319
0.470000000000001	0.129661365173313
0.490000000000001	0.143859964325513
0.510000000000001	0.160047162416173
0.530000000000001	0.178587081322093
0.550000000000001	0.199929020143015
0.570000000000001	0.224632232349779
0.590000000000001	0.253399477603652
0.610000000000001	0.287123071903001
0.630000000000001	0.326949031035024
0.650000000000001	0.374367877722938
0.670000000000001	0.431345522419102
0.690000000000001	0.500515699395344
0.710000000000001	0.585469283179411
0.730000000000001	0.691200305415777
0.750000000000001	0.824813386354348
0.770000000000001	0.996682930909072
0.790000000000001	1.22242544947209
0.810000000000001	1.52640649993252
0.830000000000001	1.94831103519131
0.850000000000001	2.55625564757845
0.870000000000001	3.47507771901686
0.890000000000001	4.95371410485316
0.910000000000001	7.54801202287139
0.930000000000001	12.7150665109505
0.950000000000001	25.3512876567139
0.970000000000001	71.2857692589375
0.990000000000001	628.701846211855
