# Program settings for SigmaNu
# Electroweak scheme and input parameters
# Scheme = Complex mass scheme
# alpha_GF = 0.00755898078237864
# Pole masses/widths for particles [GeV]
# mw = 80.35797361
# gw = 2.084298894
# mz = 91.15348062
# gz = 2.494266379
# s^2_thetaw (derived) = (0.222868505240788,-0.00110716741475141)
# charged leptons
# m_e = 0.0005109989461
# m_m = 0.10565837
# m_t = 1.77686
# quarks
# m_d = 0.05
# m_u = 0.05
# m_s = 0.2
# m_c = 1.51
# m_b = 4.92
# m_t = 173
# Ecms (default) = 10.0597

# channel_id = 14
# process  = nu_e nu_t~ -> e- t+
-0.99	0.00028010171151373
-0.97	0.0010664913979372
-0.95	0.0021546885374206
-0.93	0.00354496383147723
-0.91	0.00523758822446832
-0.89	0.0072328329038452
-0.87	0.00953096930039157
-0.85	0.0121322690884663
-0.83	0.0150370041862459
-0.81	0.0182454467559682
-0.79	0.0217578692041752
-0.77	0.0255745441819575
-0.75	0.0296957445851975
-0.73	0.0341217435548141
-0.71	0.0388528144770072
-0.69	0.0438892309835024
-0.67	0.0492312669517959
-0.65	0.0548791965054004
-0.63	0.06083329401409
-0.61	0.0670938340941467
-0.59	0.073661091608606
-0.57	0.0805353416675043
-0.55	0.0877168596281243
-0.53	0.0952059210952431
-0.51	0.103002801921379
-0.49	0.111107778207039
-0.47	0.119521126300968
-0.45	0.128243122800393
-0.429999999999999	0.137274044551278
-0.409999999999999	0.146614168648564
-0.389999999999999	0.156263772436428
-0.369999999999999	0.166223133508524
-0.349999999999999	0.176492529708236
-0.329999999999999	0.187072239128927
-0.309999999999999	0.197962540114191
-0.289999999999999	0.209163711258102
-0.269999999999999	0.220676031405461
-0.249999999999999	0.232499779652055
-0.229999999999999	0.2446352353449
-0.209999999999999	0.257082678082497
-0.189999999999999	0.269842387715086
-0.169999999999999	0.282914644344889
-0.149999999999999	0.296299728326374
-0.129999999999999	0.309997920266498
-0.109999999999999	0.324009501024965
-0.0899999999999994	0.33833475171448
-0.0699999999999994	0.352973953700996
-0.0499999999999994	0.367927388603977
-0.0299999999999994	0.383195338296644
-0.00999999999999938	0.398778084906235
0.0100000000000006	0.414675910814254
0.0300000000000006	0.430889098656732
0.0500000000000006	0.447417931324479
0.0700000000000006	0.46426269196334
0.0900000000000006	0.481423663974448
0.110000000000001	0.498901131014486
0.130000000000001	0.516695376995938
0.150000000000001	0.534806686087348
0.170000000000001	0.553235342713579
0.190000000000001	0.571981631556064
0.210000000000001	0.59104583755307
0.230000000000001	0.610428245899952
0.250000000000001	0.630129142049412
0.270000000000001	0.650148811711759
0.290000000000001	0.670487540855166
0.310000000000001	0.691145615705928
0.330000000000001	0.712123322748724
0.350000000000001	0.733420948726874
0.370000000000001	0.755038780642601
0.390000000000001	0.776977105757289
0.410000000000001	0.799236211591746
0.430000000000001	0.821816385926462
0.450000000000001	0.844717916801871
0.470000000000001	0.867941092518616
0.490000000000001	0.891486201637803
0.510000000000001	0.915353532981268
0.530000000000001	0.939543375631841
0.550000000000001	0.964056018933603
0.570000000000001	0.988891752492154
0.590000000000001	1.01405086617487
0.610000000000001	1.03953365011118
0.630000000000001	1.0653403946928
0.650000000000001	1.09147139057405
0.670000000000001	1.11792692867204
0.690000000000001	1.14470730016703
0.710000000000001	1.1718127965026
0.730000000000001	1.19924370938599
0.750000000000001	1.22700033078832
0.770000000000001	1.25508295294488
0.790000000000001	1.28349186835538
0.810000000000001	1.31222736978422
0.830000000000001	1.34128975026079
0.850000000000001	1.37067930307966
0.870000000000001	1.40039632180094
0.890000000000001	1.43044110025047
0.910000000000001	1.46081393252014
0.930000000000001	1.49151511296812
0.950000000000001	1.52254493621917
0.970000000000001	1.55390369716486
0.990000000000001	1.5855916909639
