# Program settings for SigmaNu
# Electroweak scheme and input parameters
# Scheme = Complex mass scheme
# alpha_GF = 0.00755898078237864
# Pole masses/widths for particles [GeV]
# mw = 80.35797361
# gw = 2.084298894
# mz = 91.15348062
# gz = 2.494266379
# s^2_thetaw (derived) = (0.222868505240788,-0.00110716741475141)
# charged leptons
# m_e = 0.0005109989461
# m_m = 0.10565837
# m_t = 1.77686
# quarks
# m_d = 0.05
# m_u = 0.05
# m_s = 0.2
# m_c = 1.51
# m_b = 4.92
# m_t = 173
# Ecms (default) = 447.665

# channel_id = 14
# process  = nu_e nu_t~ -> e- t+
-0.99	8.34402069155921e-05
-0.97	0.000764195781365302
-0.95	0.00216421749854549
-0.93	0.00432658775033131
-0.91	0.00729701220244821
-0.89	0.0111239993813347
-0.87	0.0158590542446553
-0.85	0.0215568869681597
-0.83	0.0282756383036234
-0.81	0.0360771229981124
-0.79	0.0450270929154082
-0.77	0.0551955216680032
-0.75	0.06665691275471
-0.73	0.0794906334070514
-0.71	0.0937812765799233
-0.69	0.10961905378169
-0.67	0.127100221729419
-0.65	0.146327546140466
-0.63	0.167410806336766
-0.61	0.190467344748238
-0.59	0.215622665862915
-0.57	0.2430110896907
-0.55	0.272776465393254
-0.53	0.305072951393741
-0.51	0.340065869027856
-0.49	0.377932637644313
-0.47	0.418863800023265
-0.45	0.463064148071914
-0.429999999999999	0.510753959997536
-0.409999999999999	0.562170361572168
-0.389999999999999	0.617568825717207
-0.369999999999999	0.677224826481485
-0.349999999999999	0.741435665599791
-0.329999999999999	0.810522492243834
-0.309999999999999	0.884832539364985
-0.289999999999999	0.964741603238403
-0.269999999999999	1.05065679652239
-0.249999999999999	1.14301960942983
-0.229999999999999	1.24230931857074
-0.209999999999999	1.3490467887867
-0.189999999999999	1.46379872000191
-0.169999999999999	1.58718239893425
-0.149999999999999	1.71987102464933
-0.129999999999999	1.8625996876495
-0.109999999999999	2.01617209476905
-0.0899999999999994	2.18146814696093
-0.0699999999999994	2.35945249455158
-0.0499999999999994	2.55118421524994
-0.0299999999999994	2.75782778478461
-0.00999999999999938	2.98066553932215
0.0100000000000006	3.22111186378886
0.0300000000000006	3.48072938211535
0.0500000000000006	3.76124747578274
0.0700000000000006	4.06458351778447
0.0900000000000006	4.39286728262194
0.110000000000001	4.74846908223268
0.130000000000001	5.13403228660206
0.150000000000001	5.55251102104388
0.170000000000001	6.00721399587996
0.190000000000001	6.50185562634681
0.210000000000001	7.04061585109963
0.230000000000001	7.62821036972113
0.250000000000001	8.26997341015137
0.270000000000001	8.97195562814317
0.290000000000001	9.74104036194843
0.310000000000001	10.5850822551785
0.330000000000001	11.5130732707994
0.350000000000001	12.5353424188749
0.370000000000001	13.6637972037951
0.390000000000001	14.9122169912629
0.410000000000001	16.2966113771374
0.430000000000001	17.8356604532332
0.450000000000001	19.5512589505896
0.470000000000001	21.4691930807231
0.490000000000001	23.6199881781594
0.510000000000001	26.039977966224
0.530000000000001	28.7726638723199
0.550000000000001	31.8704574512127
0.570000000000001	35.3969338434135
0.590000000000001	39.4297741731067
0.610000000000001	44.0646473892356
0.630000000000001	49.4203890493228
0.650000000000001	55.6459947210354
0.670000000000001	62.930189569507
0.690000000000001	71.5147140009131
0.710000000000001	81.7130640185292
0.730000000000001	93.9373940414052
0.750000000000001	108.737897359555
0.770000000000001	126.861719349644
0.790000000000001	149.343273518979
0.810000000000001	177.646586942693
0.830000000000001	213.896857629053
0.850000000000001	261.271132998199
0.870000000000001	324.686126763512
0.890000000000001	412.07174095182
0.910000000000001	536.876386513106
0.930000000000001	723.376402730907
0.950000000000001	1019.03510331988
0.970000000000001	1527.02025573197
0.990000000000001	2507.39459401728
