# Program settings for SigmaNu
# Electroweak scheme and input parameters
# Scheme = Complex mass scheme
# alpha_GF = 0.00755898078237864
# Pole masses/widths for particles [GeV]
# mw = 80.35797361
# gw = 2.084298894
# mz = 91.15348062
# gz = 2.494266379
# s^2_thetaw (derived) = (0.222868505240788,-0.00110716741475141)
# charged leptons
# m_e = 0.0005109989461
# m_m = 0.10565837
# m_t = 1.77686
# quarks
# m_d = 0.05
# m_u = 0.05
# m_s = 0.2
# m_c = 1.51
# m_b = 4.92
# m_t = 173
# Ecms (default) = 21041.4

# channel_id = 14
# process  = nu_e nu_t~ -> e- t+
-0.99	4.01276723976663e-08
-0.97	3.68518790319442e-07
-0.95	1.0447686952765e-06
-0.93	2.09040606737119e-06
-0.91	3.52831476825737e-06
-0.89	5.38282978942778e-06
-0.87	7.67984093006649e-06
-0.85	1.04469049096844e-05
-0.83	1.37133666930506e-05
-0.81	1.7510490885473e-05
-0.79	2.18716041463283e-05
-0.77	2.68322496690973e-05
-0.75	3.24303548883101e-05
-0.73	3.870641369942e-05
-0.71	4.57036846183386e-05
-0.69	5.34684064652845e-05
-0.67	6.20500333350681e-05
-0.65	7.15014908155247e-05
-0.63	8.18794556407273e-05
-0.61	9.32446612192713e-05
-0.59	0.000105662231764505
-0.57	0.000119202048077788
-0.55	0.000133939148403123
-0.53	0.000149954168188258
-0.51	0.000167333823060905
-0.49	0.000186171439867763
-0.47	0.000206567541238461
-0.45	0.00022863048983827
-0.429999999999999	0.000252477199276051
-0.409999999999999	0.000278233919553638
-0.389999999999999	0.000306037105998695
-0.369999999999999	0.000336034381837322
-0.349999999999999	0.000368385605961843
-0.329999999999999	0.000403264059064619
-0.309999999999999	0.000440857763177423
-0.289999999999999	0.000481370951822303
-0.269999999999999	0.000525025710496617
-0.249999999999999	0.000572063810145049
-0.229999999999999	0.000622748759690851
-0.209999999999999	0.000677368107697997
-0.189999999999999	0.000736236027925256
-0.169999999999999	0.000799696229045081
-0.149999999999999	0.000868125235295476
-0.129999999999999	0.000941936092507645
-0.109999999999999	0.00102158256304501
-0.0899999999999994	0.00110756388399313
-0.0699999999999994	0.0012004301758143
-0.0499999999999994	0.00130078860406971
-0.0299999999999994	0.00140931041526339
-0.00999999999999938	0.00152673899005969
0.0100000000000006	0.0016538990839191
0.0300000000000006	0.00179170745765184
0.0500000000000006	0.0019411851398451
0.0700000000000006	0.00210347161127084
0.0900000000000006	0.0022798412603751
0.110000000000001	0.00247172253152693
0.130000000000001	0.00268072027737549
0.150000000000001	0.00290864193795072
0.170000000000001	0.00315752830790206
0.190000000000001	0.00342968982713072
0.210000000000001	0.00372774954902522
0.230000000000001	0.00405469421773255
0.250000000000001	0.00441393523886416
0.270000000000001	0.00480938178009224
0.290000000000001	0.00524552882064106
0.310000000000001	0.00572756372428296
0.330000000000001	0.00626149589724866
0.350000000000001	0.00685431539053653
0.370000000000001	0.00751418802671918
0.390000000000001	0.0082506969305295
0.410000000000001	0.00907514344121142
0.430000000000001	0.0100009245989967
0.450000000000001	0.0110440101854877
0.470000000000001	0.0122235503276721
0.490000000000001	0.0135626559400604
0.510000000000001	0.0150894102695675
0.530000000000001	0.0168381927945665
0.550000000000001	0.0188514302277564
0.570000000000001	0.021181938911928
0.590000000000001	0.0238960973360372
0.610000000000001	0.0270782013027079
0.630000000000001	0.0308365315796296
0.650000000000001	0.0353119458631917
0.670000000000001	0.0406902657075695
0.690000000000001	0.0472204946116027
0.710000000000001	0.055242216940018
0.730000000000001	0.0652278525643651
0.750000000000001	0.077849705957901
0.770000000000001	0.0940898866682963
0.790000000000001	0.115427440884652
0.810000000000001	0.1441713098144
0.830000000000001	0.184084637657507
0.850000000000001	0.241631906502914
0.870000000000001	0.32867287912012
0.890000000000001	0.46888913685193
0.910000000000001	0.715257595214721
0.930000000000001	1.20703231081101
0.950000000000001	2.41426457546394
0.970000000000001	6.83924290019628
0.990000000000001	62.5659998184577
