# Program settings for SigmaNu
# Electroweak scheme and input parameters
# Scheme = Complex mass scheme
# alpha_GF = 0.00755898078237864
# Pole masses/widths for particles [GeV]
# mw = 80.35797361
# gw = 2.084298894
# mz = 91.15348062
# gz = 2.494266379
# s^2_thetaw (derived) = (0.222868505240788,-0.00110716741475141)
# charged leptons
# m_e = 0.0005109989461
# m_m = 0.10565837
# m_t = 1.77686
# quarks
# m_d = 0.05
# m_u = 0.05
# m_s = 0.2
# m_c = 1.51
# m_b = 4.92
# m_t = 173
# Ecms (default) = 3656.12

# channel_id = 14
# process  = nu_e nu_t~ -> e- t+
-0.99	1.32789359653473e-06
-0.97	1.21944307230653e-05
-0.95	3.45712559410583e-05
-0.93	6.91703867089332e-05
-0.91	0.000116748638344155
-0.89	0.000178110794181542
-0.87	0.00025411303099013
-0.85	0.000345666622925666
-0.83	0.000453741949680624
-0.81	0.000579372837150765
-0.79	0.00072366126190098
-0.77	0.00088778245402283
-0.75	0.00107299043667621
-0.73	0.00128062404474915
-0.71	0.00151211346971111
-0.69	0.001768987382943
-0.67	0.00205288069567823
-0.65	0.00236554302027129
-0.63	0.00270884790492501
-0.61	0.00308480292237102
-0.59	0.00349556070244555
-0.57	0.00394343100918901
-0.55	0.00443089397520437
-0.53	0.00496061461974417
-0.51	0.0055354587926037
-0.49	0.00615851070365979
-0.47	0.00683309221814287
-0.45	0.00756278412084998
-0.429999999999999	0.00835144957894979
-0.409999999999999	0.00920326006333056
-0.389999999999999	0.0101227240232203
-0.369999999999999	0.0111147186488038
-0.349999999999999	0.0121845251026409
-0.329999999999999	0.0133378676538884
-0.309999999999999	0.0145809572108603
-0.289999999999999	0.0159205398187909
-0.269999999999999	0.0173639507725164
-0.249999999999999	0.0189191750902514
-0.229999999999999	0.020594915207179
-0.209999999999999	0.0224006668792003
-0.189999999999999	0.024346804441503
-0.169999999999999	0.0264446767479599
-0.149999999999999	0.0287067153310619
-0.129999999999999	0.0311465565745407
-0.109999999999999	0.033779179989904
-0.0899999999999994	0.0366210650433997
-0.0699999999999994	0.0396903694032551
-0.0499999999999994	0.0430071319829615
-0.0299999999999994	0.0465935047629135
-0.00999999999999938	0.0504740181022519
0.0100000000000006	0.0546758851332077
0.0300000000000006	0.0592293518965535
0.0500000000000006	0.0641681011729014
0.0700000000000006	0.0695297195460359
0.0900000000000006	0.0753562391716867
0.110000000000001	0.081694768107915
0.130000000000001	0.0885982260066452
0.150000000000001	0.096126205617978
0.170000000000001	0.104345985111576
0.190000000000001	0.113333721922391
0.210000000000001	0.123175866008384
0.230000000000001	0.133970839496781
0.250000000000001	0.145831041264491
0.270000000000001	0.158885249811007
0.290000000000001	0.173281516865095
0.310000000000001	0.18919066891063
0.330000000000001	0.20681056612145
0.350000000000001	0.226371310674808
0.370000000000001	0.248141652699732
0.390000000000001	0.272436917300725
0.410000000000001	0.299628877384227
0.430000000000001	0.330158134709361
0.450000000000001	0.364549760585565
0.470000000000001	0.403433209744476
0.490000000000001	0.447567888409463
0.510000000000001	0.497876278941859
0.530000000000001	0.55548727246328
0.550000000000001	0.621793451662783
0.570000000000001	0.698527678006148
0.590000000000001	0.787866757899348
0.610000000000001	0.892573659518398
0.630000000000001	1.0161955067192
0.650000000000001	1.16334371996275
0.670000000000001	1.34009753466212
0.690000000000001	1.55459689104886
0.710000000000001	1.81793311969541
0.730000000000001	2.14552084278182
0.750000000000001	2.55927179423449
0.770000000000001	3.0911527638538
0.790000000000001	3.78923123581655
0.810000000000001	4.72840819074632
0.830000000000001	6.03048866902484
0.850000000000001	7.90414465754549
0.870000000000001	10.7308880379827
0.890000000000001	15.2690891036605
0.910000000000001	23.2047899643762
0.930000000000001	38.9298406635917
0.950000000000001	77.0505928494373
0.970000000000001	213.023835369653
0.990000000000001	1733.26784721489
