# Program settings for SigmaNu
# Electroweak scheme and input parameters
# Scheme = Complex mass scheme
# alpha_GF = 0.00755898078237864
# Pole masses/widths for particles [GeV]
# mw = 80.35797361
# gw = 2.084298894
# mz = 91.15348062
# gz = 2.494266379
# s^2_thetaw (derived) = (0.222868505240788,-0.00110716741475141)
# charged leptons
# m_e = 0.0005109989461
# m_m = 0.10565837
# m_t = 1.77686
# quarks
# m_d = 0.05
# m_u = 0.05
# m_s = 0.2
# m_c = 1.51
# m_b = 4.92
# m_t = 173
# Ecms (default) = 34.6236

# channel_id = 14
# process  = nu_e nu_t~ -> e- t+
-0.99	0.000546413743204784
-0.97	0.00379652531804141
-0.95	0.00994556603751789
-0.93	0.0190208194611577
-0.91	0.0310498265946343
-0.89	0.0460603885935436
-0.87	0.0640805694991696
-0.85	0.085138699006667
-0.83	0.109263375266098
-0.81	0.136483467716751
-0.79	0.166828119955193
-0.77	0.200326752637505
-0.75	0.23700906641615
-0.73	0.276905044911949
-0.71	0.320044957721624
-0.69	0.3664593634614
-0.67	0.416179112847132
-0.65	0.469235351811469
-0.63	0.525659524658537
-0.61	0.585483377256668
-0.59	0.648738960269664
-0.57	0.715458632427141
-0.55	0.785675063834475
-0.53	0.859421239322887
-0.51	0.936730461840212
-0.49	1.01763635588291
-0.47	1.1021728709699
-0.45	1.19037428515871
-0.429999999999999	1.28227520860469
-0.409999999999999	1.37791058716366
-0.389999999999999	1.47731570603877
-0.369999999999999	1.58052619347211
-0.349999999999999	1.68757802448162
-0.329999999999999	1.79850752464411
-0.309999999999999	1.91335137392482
-0.289999999999999	2.03214661055428
-0.269999999999999	2.15493063495312
-0.249999999999999	2.28174121370547
-0.229999999999999	2.4126164835816
-0.209999999999999	2.54759495561059
-0.189999999999999	2.68671551920359
-0.169999999999999	2.83001744632851
-0.149999999999999	2.9775403957367
-0.129999999999999	3.12932441724258
-0.109999999999999	3.28540995605667
-0.0899999999999994	3.44583785717309
-0.0699999999999994	3.61064936981202
-0.0499999999999994	3.77988615191801
-0.0299999999999994	3.95359027471507
-0.00999999999999938	4.13180422731901
0.0100000000000006	4.31457092140817
0.0300000000000006	4.5019336959532
0.0500000000000006	4.69393632200677
0.0700000000000006	4.89062300755402
0.0900000000000006	5.09203840242473
0.110000000000001	5.29822760326791
0.130000000000001	5.50923615858995
0.150000000000001	5.72511007385699
0.170000000000001	5.94589581666257
0.190000000000001	6.17164032196153
0.210000000000001	6.40239099737093
0.230000000000001	6.6381957285393
0.250000000000001	6.87910288458472
0.270000000000001	7.12516132360325
0.290000000000001	7.37642039824829
0.310000000000001	7.63292996138225
0.330000000000001	7.89474037180126
0.350000000000001	8.16190250003427
0.370000000000001	8.43446773421748
0.390000000000001	8.71248798604513
0.410000000000001	8.99601569679803
0.430000000000001	9.28510384345059
0.450000000000001	9.57980594485796
0.470000000000001	9.88017606802394
0.490000000000001	10.1862688344514
0.510000000000001	10.498139426576
0.530000000000001	10.8158435942845
0.550000000000001	11.1394376615192
0.570000000000001	11.4689785329697
0.590000000000001	11.8045237008527
0.610000000000001	12.146131251782
0.630000000000001	12.4938598737298
0.650000000000001	12.8477688630802
0.670000000000001	13.2079181317766
0.690000000000001	13.5743682145649
0.710000000000001	13.9471802763329
0.730000000000001	14.326416119548
0.750000000000001	14.7121381917952
0.770000000000001	15.1044095934155
0.790000000000001	15.5032940852473
0.810000000000001	15.9088560964727
0.830000000000001	16.3211607325682
0.850000000000001	16.7402737833646
0.870000000000001	17.166261731215
0.890000000000001	17.5991917592736
0.910000000000001	18.0391317598871
0.930000000000001	18.4861503431008
0.950000000000001	18.9403168452797
0.970000000000001	19.4017013378481
0.990000000000001	19.8703746361482
