# Program settings for SigmaNu
# Electroweak scheme and input parameters
# Scheme = Complex mass scheme
# alpha_GF = 0.00755898078237864
# Pole masses/widths for particles [GeV]
# mw = 80.35797361
# gw = 2.084298894
# mz = 91.15348062
# gz = 2.494266379
# s^2_thetaw (derived) = (0.222868505240788,-0.00110716741475141)
# charged leptons
# m_e = 0.0005109989461
# m_m = 0.10565837
# m_t = 1.77686
# quarks
# m_d = 0.05
# m_u = 0.05
# m_s = 0.2
# m_c = 1.51
# m_b = 4.92
# m_t = 173
# Ecms (default) = 428.501

# channel_id = 14
# process  = nu_e nu_t~ -> e- t+
-0.99	9.05761707455665e-05
-0.97	0.000829345958957001
-0.95	0.00234849930279545
-0.93	0.00469464218247752
-0.91	0.00791720993891179
-0.89	0.0120686603846299
-0.87	0.0172046819055611
-0.85	0.0233844178710582
-0.83	0.0306707087996041
-0.81	0.0391303538719469
-0.79	0.0488343935437585
-0.77	0.0598584151882637
-0.75	0.0722828838978758
-0.73	0.0861935007952405
-0.71	0.101681591451121
-0.69	0.118844527282566
-0.67	0.137786183113495
-0.65	0.158617434425611
-0.63	0.181456698215175
-0.61	0.206430521806424
-0.59	0.2336742244617
-0.57	0.263332597179026
-0.55	0.295560666688665
-0.53	0.330524530360798
-0.51	0.36840226952838
-0.49	0.409384949625668
-0.47	0.453677716559073
-0.45	0.501500999880714
-0.429999999999999	0.553091834646971
-0.409999999999999	0.608705315338553
-0.389999999999999	0.668616196923124
-0.369999999999999	0.733120660089532
-0.349999999999999	0.802538259912387
-0.329999999999999	0.87721407976285
-0.309999999999999	0.957521115219064
-0.289999999999999	1.04386291611096
-0.269999999999999	1.13667651873353
-0.249999999999999	1.23643570476839
-0.229999999999999	1.34365462867088
-0.209999999999999	1.45889186133331
-0.189999999999999	1.58275490487464
-0.169999999999999	1.71590524161094
-0.149999999999999	1.85906398984399
-0.129999999999999	2.01301825032689
-0.109999999999999	2.17862824043594
-0.0899999999999994	2.35683532857728
-0.0699999999999994	2.54867109964158
-0.0499999999999994	2.75526760395223
-0.0299999999999994	2.97786896781349
-0.00999999999999938	3.21784457429538
0.0100000000000006	3.47670405932279
0.0300000000000006	3.75611441174298
0.0500000000000006	4.05791951840949
0.0700000000000006	4.38416255840878
0.0900000000000006	4.7371117268278
0.110000000000001	5.11928986100286
0.130000000000001	5.53350865489017
0.150000000000001	5.98290828498087
0.170000000000001	6.47100344030993
0.190000000000001	7.00173695758193
0.210000000000001	7.57954252053825
0.230000000000001	8.2094182036966
0.250000000000001	8.89701304174182
0.270000000000001	9.64872930965289
0.290000000000001	10.4718438346922
0.310000000000001	11.3746524687697
0.330000000000001	12.3666428804775
0.350000000000001	13.4587021500264
0.370000000000001	14.6633673615688
0.390000000000001	15.9951296140663
0.410000000000001	17.4708047896007
0.430000000000001	19.1099882697873
0.450000000000001	20.9356159157179
0.470000000000001	22.9746605022436
0.490000000000001	25.2590021029816
0.510000000000001	27.8265236356726
0.530000000000001	30.7225003202798
0.550000000000001	34.0013762680683
0.570000000000001	37.7290559313785
0.590000000000001	41.9858874230526
0.610000000000001	46.870586009353
0.630000000000001	52.5054506940929
0.650000000000001	59.0433826788757
0.670000000000001	66.677450594962
0.690000000000001	75.6541115760459
0.710000000000001	86.2917701167722
0.730000000000001	99.0072775446431
0.750000000000001	114.354490953641
0.770000000000001	133.081573080368
0.790000000000001	156.218175984032
0.810000000000001	185.211679682402
0.830000000000001	222.146654869943
0.850000000000001	270.110959804733
0.870000000000001	333.831768771711
0.890000000000001	420.834735597172
0.910000000000001	543.681117642776
0.930000000000001	724.597830517045
0.950000000000001	1005.93480838238
0.970000000000001	1476.60229050336
0.990000000000001	2349.87660336018
